#!ascii label  , from subject sub-v2s0x30144_ses-1 vox2ras=TkReg
1094
37312  -9.390  -32.371  43.330 0.0000000000
48393  -35.832  -20.893  33.900 0.0000000000
54469  -32.183  -14.347  30.978 0.0000000000
47384  -29.371  -21.306  39.381 0.0000000000
59361  -40.783  -9.354  19.665 0.0000000000
59312  -34.899  -8.844  23.136 0.0000000000
48326  -36.156  -21.060  39.563 0.0000000000
112725  -31.803  -22.452  37.363 0.0000000000
63636  -44.607  -4.662  23.090 0.0000000000
64595  -47.770  -2.438  19.654 0.0000000000
68200  -50.478  0.282  17.565 0.0000000000
58174  -36.132  -9.869  31.948 0.0000000000
58221  -32.984  -10.885  26.828 0.0000000000
122290  -38.034  -6.302  28.577 0.0000000000
126564  -41.083  -7.224  26.993 0.0000000000
47382  -21.781  -21.767  39.430 0.0000000000
36390  -5.925  -33.155  44.912 0.0000000000
51987  -34.759  -17.795  33.527 0.0000000000
117145  -35.425  -12.715  35.369 0.0000000000
49339  -24.537  -19.949  35.315 0.0000000000
120258  -28.311  -23.198  33.330 0.0000000000
68223  -47.896  0.716  12.438 0.0000000000
70113  -52.862  3.450  15.052 0.0000000000
58281  -39.629  -11.067  22.433 0.0000000000
59280  -44.368  -9.308  25.260 0.0000000000
39986  -11.813  -29.663  40.525 0.0000000000
32958  -4.082  -38.583  42.905 0.0000000000
64579  -46.579  -3.185  21.107 0.0000000000
60160  -37.132  -8.212  30.344 0.0000000000
45438  -19.847  -23.966  37.212 0.0000000000
133400  -7.805  -32.836  44.900 0.0000000000
50248  -36.370  -19.215  31.290 0.0000000000
129074  -36.297  -19.362  33.409 0.0000000000
48345  -27.384  -20.358  36.993 0.0000000000
47437  -26.817  -21.838  33.934 0.0000000000
46464  -28.614  -22.570  35.919 0.0000000000
47426  -33.719  -21.628  34.998 0.0000000000
46515  -31.664  -22.357  34.194 0.0000000000
48391  -33.295  -21.647  32.506 0.0000000000
48303  -28.450  -20.566  41.534 0.0000000000
49293  -25.452  -19.583  39.686 0.0000000000
64629  -44.097  -3.204  16.106 0.0000000000
67342  -47.210  -0.430  13.398 0.0000000000
69149  -51.545  1.818  16.254 0.0000000000
59292  -33.732  -9.646  24.876 0.0000000000
59334  -37.561  -9.433  22.724 0.0000000000
60193  -42.721  -8.698  26.663 0.0000000000
43586  -17.063  -25.889  40.279 0.0000000000
41767  -14.997  -26.583  41.005 0.0000000000
40828  -13.206  -27.705  42.334 0.0000000000
40876  -13.161  -28.570  39.557 0.0000000000
32968  -6.002  -38.547  41.875 0.0000000000
48355  -35.582  -20.564  36.778 0.0000000000
51132  -35.557  -19.257  36.515 0.0000000000
51116  -35.924  -19.166  39.490 0.0000000000
45396  -30.582  -21.874  40.995 0.0000000000
45440  -30.168  -22.613  37.714 0.0000000000
44501  -32.625  -22.565  39.631 0.0000000000
46456  -34.635  -21.569  38.553 0.0000000000
61142  -43.344  -7.149  21.785 0.0000000000
62805  -43.020  -4.753  20.826 0.0000000000
128629  -45.167  -3.198  18.625 0.0000000000
65591  -46.384  -2.546  17.387 0.0000000000
67320  -47.429  -0.878  16.014 0.0000000000
66454  -48.999  -1.487  18.682 0.0000000000
56248  -33.998  -12.109  31.776 0.0000000000
125848  -32.641  -12.488  29.279 0.0000000000
58200  -34.099  -10.559  29.496 0.0000000000
118360  -35.570  -8.688  28.003 0.0000000000
60203  -35.988  -7.720  26.043 0.0000000000
127130  -38.499  -7.614  24.485 0.0000000000
61888  -38.653  -5.899  26.900 0.0000000000
45395  -19.980  -23.342  40.734 0.0000000000
44499  -18.052  -25.682  38.454 0.0000000000
134439  -51.798  5.108  10.740 0.0000000000
36387  -4.394  -33.211  44.748 0.0000000000
117031  -34.650  -18.007  30.762 0.0000000000
52816  -33.162  -16.248  32.849 0.0000000000
52785  -34.731  -17.429  35.777 0.0000000000
53576  -33.869  -14.721  35.160 0.0000000000
55317  -33.475  -13.608  33.182 0.0000000000
57206  -36.019  -11.154  33.618 0.0000000000
45479  -29.752  -23.016  34.922 0.0000000000
48299  -23.230  -20.703  41.202 0.0000000000
48344  -23.014  -20.790  37.305 0.0000000000
134344  -48.555  0.761  15.136 0.0000000000
70109  -49.767  2.466  14.120 0.0000000000
70967  -50.935  4.151  11.856 0.0000000000
71742  -54.090  5.113  13.472 0.0000000000
37354  -9.882  -33.241  40.634 0.0000000000
36437  -8.435  -34.848  41.459 0.0000000000
57354  -40.359  -11.383  20.668 0.0000000000
59295  -39.946  -9.494  24.408 0.0000000000
58259  -41.811  -10.770  23.505 0.0000000000
59337  -43.389  -9.948  22.404 0.0000000000
61912  -44.938  -6.812  24.267 0.0000000000
131303  -10.800  -30.973  41.957 0.0000000000
34669  -6.412  -35.862  43.556 0.0000000000
34640  -4.991  -35.208  43.818 0.0000000000
34652  -3.734  -35.637  43.235 0.0000000000
37294  -8.671  -32.707  44.328 0.0000000000
49360  -35.744  -21.019  33.005 0.0000000000
49367  -36.429  -19.999  32.244 0.0000000000
113978  -36.298  -19.853  33.752 0.0000000000
48336  -28.221  -20.539  38.609 0.0000000000
48354  -27.789  -21.280  36.590 0.0000000000
47405  -28.913  -22.073  37.843 0.0000000000
47442  -34.855  -21.357  34.336 0.0000000000
112530  -33.738  -21.790  33.783 0.0000000000
111564  -34.802  -21.526  33.029 0.0000000000
115410  -34.320  -21.283  31.720 0.0000000000
46417  -29.848  -21.283  40.942 0.0000000000
47349  -29.579  -21.301  42.319 0.0000000000
47383  -29.143  -21.058  39.988 0.0000000000
48324  -27.525  -19.883  39.423 0.0000000000
66492  -46.216  -1.540  14.132 0.0000000000
53633  -31.962  -15.866  30.615 0.0000000000
54468  -31.767  -14.778  29.578 0.0000000000
59293  -34.210  -9.098  24.471 0.0000000000
58255  -34.404  -9.676  22.824 0.0000000000
59333  -36.695  -8.970  22.718 0.0000000000
42635  -15.723  -26.744  39.424 0.0000000000
42621  -15.662  -26.395  40.454 0.0000000000
41766  -14.888  -27.091  39.873 0.0000000000
41765  -14.292  -27.247  40.665 0.0000000000
41793  -13.881  -28.326  38.526 0.0000000000
48337  -36.047  -20.862  38.816 0.0000000000
49321  -35.768  -19.868  37.943 0.0000000000
122916  -36.169  -20.251  39.530 0.0000000000
114925  -32.156  -22.789  41.886 0.0000000000
116193  -31.472  -22.399  40.065 0.0000000000
44481  -32.924  -22.839  41.288 0.0000000000
47385  -35.773  -21.342  40.194 0.0000000000
125755  -34.810  -21.763  39.912 0.0000000000
126711  -35.701  -21.370  39.591 0.0000000000
47417  -35.350  -21.148  37.800 0.0000000000
61937  -44.160  -6.072  22.762 0.0000000000
61961  -42.672  -5.688  21.214 0.0000000000
62798  -43.964  -4.787  21.836 0.0000000000
120093  -47.264  -2.660  20.086 0.0000000000
63666  -45.894  -3.349  20.513 0.0000000000
64593  -46.395  -2.902  19.084 0.0000000000
64618  -46.022  -2.896  17.715 0.0000000000
65583  -47.381  -2.325  18.513 0.0000000000
65593  -47.718  -1.921  18.137 0.0000000000
65584  -48.539  -1.891  19.004 0.0000000000
58172  -34.946  -10.795  31.689 0.0000000000
57229  -34.101  -10.987  30.282 0.0000000000
58187  -35.190  -10.184  31.026 0.0000000000
60170  -37.270  -7.750  29.631 0.0000000000
60169  -36.032  -8.785  29.316 0.0000000000
61056  -36.559  -7.948  28.284 0.0000000000
60190  -36.044  -7.935  26.803 0.0000000000
119540  -37.069  -7.048  27.252 0.0000000000
61072  -37.317  -6.662  26.243 0.0000000000
61879  -38.233  -5.977  27.779 0.0000000000
130517  -21.571  -22.015  41.025 0.0000000000
115386  -20.842  -22.667  41.267 0.0000000000
46415  -20.609  -22.794  40.402 0.0000000000
117566  -19.152  -24.714  37.892 0.0000000000
72521  -53.470  5.794  11.530 0.0000000000
119500  -54.467  6.382  10.032 0.0000000000
36388  -4.817  -33.284  44.742 0.0000000000
51995  -35.849  -18.512  32.475 0.0000000000
51173  -36.046  -18.758  31.043 0.0000000000
111987  -35.364  -18.302  32.152 0.0000000000
127457  -33.945  -17.685  31.998 0.0000000000
52817  -33.820  -16.904  33.357 0.0000000000
51964  -35.164  -18.120  37.540 0.0000000000
51976  -35.284  -18.567  35.730 0.0000000000
51969  -34.980  -17.741  36.993 0.0000000000
55292  -35.296  -13.509  36.533 0.0000000000
54413  -34.389  -14.805  36.483 0.0000000000
55297  -34.358  -13.845  35.300 0.0000000000
54430  -33.953  -14.123  34.665 0.0000000000
55306  -34.871  -13.064  34.940 0.0000000000
56234  -35.062  -12.068  33.759 0.0000000000
56218  -35.409  -12.292  34.637 0.0000000000
47438  -27.571  -22.500  34.109 0.0000000000
45441  -30.554  -22.809  37.300 0.0000000000
45454  -29.953  -22.927  36.720 0.0000000000
45471  -30.876  -22.900  36.143 0.0000000000
47455  -30.788  -22.545  32.788 0.0000000000
48301  -25.374  -19.893  42.163 0.0000000000
49318  -24.466  -19.743  37.306 0.0000000000
49304  -24.236  -19.782  38.368 0.0000000000
49317  -23.663  -20.184  36.782 0.0000000000
48364  -22.514  -21.333  35.245 0.0000000000
128916  -48.565  -0.436  16.909 0.0000000000
68213  -48.237  0.235  15.331 0.0000000000
134402  -49.723  1.029  16.016 0.0000000000
70105  -52.482  2.864  15.504 0.0000000000
70103  -50.980  2.380  15.252 0.0000000000
70111  -51.430  3.014  14.660 0.0000000000
70955  -50.767  3.560  13.096 0.0000000000
70956  -51.571  3.887  13.387 0.0000000000
71740  -52.553  4.754  13.046 0.0000000000
70958  -52.949  4.342  14.044 0.0000000000
57252  -32.564  -11.982  28.101 0.0000000000
120261  -32.101  -12.877  28.162 0.0000000000
123586  -39.631  -11.742  20.355 0.0000000000
57337  -40.517  -11.327  21.642 0.0000000000
61083  -39.463  -7.269  25.505 0.0000000000
60225  -38.778  -8.343  24.220 0.0000000000
60205  -40.597  -8.675  25.641 0.0000000000
59268  -43.933  -9.100  26.112 0.0000000000
59297  -42.178  -10.140  25.014 0.0000000000
58243  -43.228  -10.342  23.989 0.0000000000
58284  -42.754  -10.523  22.495 0.0000000000
59319  -44.235  -9.513  23.324 0.0000000000
133162  -44.336  -8.906  22.929 0.0000000000
61102  -45.007  -7.726  24.408 0.0000000000
40842  -12.412  -28.421  41.661 0.0000000000
40841  -11.676  -29.019  42.288 0.0000000000
39958  -11.147  -29.642  42.897 0.0000000000
39149  -11.038  -30.929  41.065 0.0000000000
120112  -10.837  -31.772  40.753 0.0000000000
39158  -11.509  -30.489  40.257 0.0000000000
34684  -7.813  -36.320  40.402 0.0000000000
35549  -7.742  -34.995  42.858 0.0000000000
33817  -6.874  -36.772  42.052 0.0000000000
133619  -4.514  -38.087  43.100 0.0000000000
34667  -5.091  -36.578  43.790 0.0000000000
33790  -4.612  -36.652  43.585 0.0000000000
34639  -4.584  -35.120  43.635 0.0000000000
33801  -3.729  -37.324  43.072 0.0000000000
45385  -34.060  -22.405  41.630 0.0000000000
64564  -46.145  -3.073  23.538 0.0000000000
63642  -45.564  -3.790  22.033 0.0000000000
64570  -46.800  -3.100  22.302 0.0000000000
131044  -36.144  -9.252  30.784 0.0000000000
47402  -21.198  -22.338  37.875 0.0000000000
46443  -20.613  -22.838  38.369 0.0000000000
122380  -7.653  -31.987  45.896 0.0000000000
133527  -6.490  -33.179  44.836 0.0000000000
49373  -36.312  -19.879  31.559 0.0000000000
50242  -36.470  -19.315  32.124 0.0000000000
51989  -35.753  -18.589  33.685 0.0000000000
56206  -36.822  -11.760  35.719 0.0000000000
49340  -25.498  -19.782  35.779 0.0000000000
133642  -25.971  -20.522  34.349 0.0000000000
48365  -27.235  -20.869  35.666 0.0000000000
122293  -27.746  -21.704  35.805 0.0000000000
46478  -28.445  -22.689  34.806 0.0000000000
46467  -33.045  -21.788  36.745 0.0000000000
129502  -31.784  -22.375  35.679 0.0000000000
47440  -33.016  -21.747  34.732 0.0000000000
127896  -32.481  -21.935  33.438 0.0000000000
48411  -32.849  -21.131  30.937 0.0000000000
116778  -27.530  -20.139  42.086 0.0000000000
49272  -25.443  -19.741  41.298 0.0000000000
49294  -26.508  -19.641  40.006 0.0000000000
120594  -26.439  -19.612  38.294 0.0000000000
64614  -42.786  -3.737  16.441 0.0000000000
68222  -47.542  0.201  12.913 0.0000000000
68202  -52.072  0.828  17.701 0.0000000000
68209  -51.637  1.219  16.969 0.0000000000
58222  -33.388  -10.215  26.215 0.0000000000
58293  -37.354  -10.690  21.696 0.0000000000
58280  -38.707  -10.735  22.375 0.0000000000
61891  -42.015  -6.645  27.772 0.0000000000
60192  -41.860  -8.646  26.567 0.0000000000
60183  -43.091  -8.038  27.088 0.0000000000
131332  -17.573  -25.476  41.343 0.0000000000
132140  -17.023  -25.594  41.941 0.0000000000
41738  -15.317  -26.293  42.780 0.0000000000
41736  -13.894  -27.200  41.991 0.0000000000
40843  -13.255  -27.799  41.422 0.0000000000
39987  -12.365  -29.147  40.053 0.0000000000
119307  -12.100  -30.332  38.588 0.0000000000
40008  -12.718  -29.968  37.921 0.0000000000
48380  -35.674  -20.691  34.818 0.0000000000
49353  -36.067  -19.906  34.716 0.0000000000
50220  -35.810  -19.879  36.727 0.0000000000
128402  -35.326  -18.822  37.869 0.0000000000
46418  -30.183  -21.606  40.250 0.0000000000
45422  -29.609  -21.843  38.544 0.0000000000
45409  -30.765  -22.081  39.482 0.0000000000
45425  -31.291  -22.455  38.620 0.0000000000
45443  -31.893  -22.452  38.254 0.0000000000
45410  -34.183  -22.128  40.800 0.0000000000
45427  -33.581  -22.246  39.372 0.0000000000
45458  -33.218  -21.984  37.828 0.0000000000
46484  -34.459  -21.246  36.741 0.0000000000
127046  -34.844  -20.995  35.904 0.0000000000
45383  -30.705  -22.004  41.856 0.0000000000
60274  -42.352  -8.198  20.900 0.0000000000
60283  -40.679  -8.051  19.699 0.0000000000
127487  -42.039  -6.293  20.832 0.0000000000
62804  -42.187  -5.259  20.381 0.0000000000
62813  -42.819  -4.416  19.973 0.0000000000
127677  -45.254  -3.877  21.311 0.0000000000
63676  -44.541  -3.607  20.054 0.0000000000
63688  -43.557  -3.662  18.660 0.0000000000
64616  -44.325  -3.295  17.180 0.0000000000
129538  -44.943  -3.043  16.503 0.0000000000
65613  -45.821  -2.036  15.545 0.0000000000
66483  -46.849  -1.141  15.479 0.0000000000
66469  -47.218  -1.451  16.776 0.0000000000
66471  -48.478  -0.926  17.451 0.0000000000
67317  -50.091  -0.393  18.116 0.0000000000
66447  -50.136  -1.300  20.027 0.0000000000
67313  -51.593  -0.075  18.879 0.0000000000
55342  -33.115  -12.881  31.180 0.0000000000
55349  -32.257  -13.482  29.824 0.0000000000
56254  -33.080  -12.548  30.516 0.0000000000
57241  -33.472  -11.329  29.501 0.0000000000
115887  -33.464  -10.639  28.255 0.0000000000
59242  -35.291  -9.429  29.581 0.0000000000
59241  -34.767  -9.554  28.786 0.0000000000
59257  -33.621  -10.117  27.078 0.0000000000
60188  -34.652  -9.053  26.594 0.0000000000
60201  -34.766  -8.707  25.807 0.0000000000
60222  -35.460  -7.974  24.609 0.0000000000
60224  -37.278  -7.729  23.864 0.0000000000
125194  -37.089  -6.871  24.924 0.0000000000
61903  -38.755  -6.587  25.619 0.0000000000
61898  -40.347  -6.638  26.733 0.0000000000
62743  -40.405  -4.918  28.072 0.0000000000
62752  -41.480  -5.990  27.799 0.0000000000
44478  -19.384  -23.977  40.834 0.0000000000
46442  -20.085  -23.373  38.826 0.0000000000
45406  -19.128  -24.457  40.039 0.0000000000
44476  -18.494  -24.992  40.702 0.0000000000
43594  -17.654  -25.793  39.442 0.0000000000
52832  -32.390  -16.385  31.365 0.0000000000
54451  -32.513  -14.989  32.216 0.0000000000
50225  -35.862  -19.317  35.059 0.0000000000
51981  -35.515  -18.588  34.781 0.0000000000
52796  -34.825  -17.674  34.932 0.0000000000
52784  -34.387  -16.513  36.225 0.0000000000
115260  -34.249  -17.019  34.338 0.0000000000
121409  -33.442  -15.408  33.847 0.0000000000
54438  -33.295  -14.551  33.558 0.0000000000
55330  -33.138  -13.507  32.358 0.0000000000
56242  -34.106  -12.395  32.554 0.0000000000
57216  -35.163  -11.141  32.577 0.0000000000
58165  -36.323  -10.170  32.719 0.0000000000
57194  -37.091  -10.918  34.776 0.0000000000
58148  -37.263  -10.175  33.832 0.0000000000
46454  -29.192  -22.518  37.364 0.0000000000
46479  -29.005  -22.838  35.507 0.0000000000
127591  -29.267  -22.953  34.433 0.0000000000
46497  -31.084  -22.831  34.713 0.0000000000
111471  -29.514  -23.066  33.994 0.0000000000
47357  -22.627  -21.352  41.667 0.0000000000
48310  -22.384  -21.240  39.894 0.0000000000
49281  -24.552  -19.749  40.176 0.0000000000
48322  -23.018  -20.677  39.427 0.0000000000
48321  -22.422  -21.242  38.929 0.0000000000
47413  -21.837  -21.997  36.355 0.0000000000
67328  -47.237  -0.595  15.064 0.0000000000
68219  -47.585  0.340  13.802 0.0000000000
68220  -48.100  1.113  13.913 0.0000000000
69155  -50.389  1.743  15.650 0.0000000000
69160  -49.250  1.797  14.611 0.0000000000
70115  -48.667  2.319  12.871 0.0000000000
70121  -49.169  2.883  12.393 0.0000000000
70960  -49.653  3.372  11.848 0.0000000000
120079  -50.242  3.940  10.181 0.0000000000
71750  -51.074  4.436  11.230 0.0000000000
71747  -53.158  5.440  12.266 0.0000000000
37340  -9.805  -32.925  41.645 0.0000000000
36425  -8.670  -33.773  42.761 0.0000000000
36451  -8.895  -34.418  40.849 0.0000000000
54476  -31.913  -13.961  29.289 0.0000000000
58301  -41.079  -10.379  20.226 0.0000000000
60243  -38.098  -8.353  23.681 0.0000000000
59315  -38.872  -9.592  23.455 0.0000000000
58256  -39.244  -10.403  23.044 0.0000000000
59277  -41.414  -9.159  25.882 0.0000000000
59317  -40.488  -10.224  24.054 0.0000000000
57316  -40.493  -11.184  22.389 0.0000000000
57317  -41.233  -11.151  22.143 0.0000000000
58295  -41.756  -10.698  21.192 0.0000000000
117667  -42.559  -9.110  21.055 0.0000000000
60267  -43.509  -8.100  21.731 0.0000000000
118508  -44.317  -7.035  22.855 0.0000000000
62774  -44.477  -5.533  23.335 0.0000000000
39122  -10.065  -31.195  44.150 0.0000000000
39131  -10.489  -30.595  43.749 0.0000000000
38239  -9.852  -31.908  42.873 0.0000000000
38266  -10.376  -32.430  40.994 0.0000000000
38293  -10.529  -32.967  39.286 0.0000000000
36414  -8.026  -34.175  43.253 0.0000000000
35537  -6.866  -34.037  44.234 0.0000000000
35536  -5.890  -34.470  44.262 0.0000000000
34676  -6.334  -36.686  43.022 0.0000000000
34656  -5.776  -35.444  43.981 0.0000000000
35530  -5.148  -34.487  44.108 0.0000000000
36397  -4.594  -33.875  44.327 0.0000000000
36403  -3.991  -34.275  43.927 0.0000000000
32956  -3.342  -37.935  42.749 0.0000000000
33800  -3.308  -37.107  42.908 0.0000000000
128878  -9.254  -32.268  44.098 0.0000000000
128292  -8.973  -32.731  43.708 0.0000000000
49361  -36.237  -20.407  33.420 0.0000000000
49352  -36.076  -20.396  34.225 0.0000000000
47394  -28.942  -21.238  39.026 0.0000000000
47404  -28.682  -21.511  38.128 0.0000000000
129999  -29.099  -21.625  38.548 0.0000000000
48379  -35.423  -21.094  34.314 0.0000000000
47458  -34.485  -21.646  33.686 0.0000000000
47459  -35.245  -21.321  33.703 0.0000000000
47372  -29.535  -21.187  40.440 0.0000000000
53620  -32.146  -15.270  31.359 0.0000000000
122743  -31.912  -14.990  30.442 0.0000000000
128001  -34.694  -8.590  23.974 0.0000000000
59311  -34.231  -9.260  23.637 0.0000000000
59332  -35.256  -9.418  22.461 0.0000000000
122921  -36.069  -9.338  22.367 0.0000000000
60242  -35.785  -8.694  22.835 0.0000000000
42634  -15.148  -27.295  38.738 0.0000000000
41780  -14.480  -27.654  38.991 0.0000000000
49295  -36.153  -20.655  39.180 0.0000000000
49284  -36.222  -20.699  39.858 0.0000000000
44466  -32.734  -22.822  41.718 0.0000000000
44480  -32.295  -22.749  41.242 0.0000000000
44467  -33.249  -22.744  41.638 0.0000000000
47386  -36.053  -21.226  39.974 0.0000000000
47395  -35.924  -21.304  39.776 0.0000000000
47396  -35.989  -21.143  39.196 0.0000000000
44457  -32.548  -22.786  42.184 0.0000000000
62785  -44.189  -5.136  22.580 0.0000000000
62784  -43.693  -5.645  22.175 0.0000000000
64594  -47.075  -2.630  19.349 0.0000000000
64606  -46.869  -2.643  18.681 0.0000000000
64607  -47.460  -2.451  19.041 0.0000000000
65576  -48.073  -2.202  19.194 0.0000000000
131766  -35.531  -10.188  31.643 0.0000000000
59216  -35.869  -9.724  31.219 0.0000000000
61053  -37.681  -6.972  29.057 0.0000000000
61052  -37.103  -7.504  28.689 0.0000000000
61057  -36.931  -7.407  27.967 0.0000000000
61878  -37.502  -6.745  28.070 0.0000000000
61887  -37.776  -6.343  27.069 0.0000000000
47369  -21.764  -21.787  40.442 0.0000000000
46416  -21.221  -22.304  40.772 0.0000000000
47381  -21.161  -22.269  39.908 0.0000000000
72522  -54.347  6.045  11.568 0.0000000000
72532  -54.010  6.170  10.846 0.0000000000
36383  -6.271  -32.432  45.500 0.0000000000
36382  -5.629  -32.634  45.336 0.0000000000
36381  -5.077  -32.656  45.253 0.0000000000
36389  -5.298  -33.280  44.783 0.0000000000
118202  -35.417  -18.277  32.912 0.0000000000
51994  -34.504  -17.797  32.622 0.0000000000
51959  -34.958  -17.336  37.881 0.0000000000
56194  -35.762  -12.830  36.062 0.0000000000
55291  -34.640  -14.004  36.159 0.0000000000
55298  -35.015  -13.292  35.750 0.0000000000
49338  -23.753  -20.404  34.803 0.0000000000
49350  -24.526  -20.296  34.497 0.0000000000
45456  -31.037  -22.824  36.938 0.0000000000
45472  -31.476  -22.595  36.360 0.0000000000
49331  -24.546  -19.777  36.304 0.0000000000
49330  -23.695  -20.198  35.781 0.0000000000
132505  -23.085  -20.700  35.243 0.0000000000
68227  -48.246  0.714  11.615 0.0000000000
67323  -49.648  -0.093  17.445 0.0000000000
68207  -49.144  0.164  16.680 0.0000000000
68208  -50.096  0.596  16.870 0.0000000000
70112  -52.164  3.262  14.850 0.0000000000
70950  -51.873  3.606  14.142 0.0000000000
70951  -52.560  3.830  14.384 0.0000000000
70957  -52.363  4.258  13.631 0.0000000000
70952  -53.225  4.040  14.598 0.0000000000
57267  -32.961  -11.156  27.757 0.0000000000
56282  -32.069  -12.565  27.320 0.0000000000
57266  -32.443  -11.721  27.126 0.0000000000
57315  -38.958  -11.420  21.548 0.0000000000
57352  -38.270  -11.919  20.635 0.0000000000
113446  -39.742  -11.551  21.167 0.0000000000
112323  -39.907  -11.369  21.880 0.0000000000
61073  -40.050  -7.116  26.136 0.0000000000
61084  -40.279  -7.885  25.912 0.0000000000
61074  -40.714  -7.536  26.501 0.0000000000
59279  -43.547  -9.671  25.463 0.0000000000
59298  -43.838  -10.016  24.617 0.0000000000
59318  -43.893  -10.058  23.712 0.0000000000
59299  -44.347  -9.496  24.196 0.0000000000
60244  -44.575  -8.836  23.619 0.0000000000
60228  -44.839  -8.673  24.564 0.0000000000
39972  -12.115  -28.910  40.838 0.0000000000
39971  -11.667  -29.309  41.358 0.0000000000
39140  -11.144  -30.079  41.910 0.0000000000
39150  -11.402  -30.092  41.020 0.0000000000
34683  -7.397  -36.464  41.154 0.0000000000
33802  -4.176  -37.530  43.237 0.0000000000
33789  -4.186  -36.662  43.348 0.0000000000
60145  -38.070  -8.182  31.824 0.0000000000
46453  -20.685  -22.945  37.286 0.0000000000
37278  -8.006  -32.575  45.252 0.0000000000
37264  -7.952  -32.262  45.656 0.0000000000
36391  -7.523  -32.737  45.067 0.0000000000
37263  -7.175  -32.561  45.270 0.0000000000
127575  -6.953  -33.086  44.845 0.0000000000
49372  -35.669  -20.317  31.034 0.0000000000
50237  -36.437  -19.728  32.936 0.0000000000
121629  -36.318  -19.086  32.888 0.0000000000
51996  -35.957  -18.623  33.045 0.0000000000
51152  -36.065  -18.924  33.594 0.0000000000
49320  -26.509  -19.723  37.336 0.0000000000
48353  -26.639  -19.963  36.270 0.0000000000
132070  -27.333  -20.589  36.372 0.0000000000
123674  -28.187  -22.101  36.335 0.0000000000
47425  -27.980  -22.301  35.363 0.0000000000
46483  -33.773  -21.552  36.061 0.0000000000
46482  -33.025  -21.746  35.640 0.0000000000
48392  -33.963  -21.777  33.104 0.0000000000
47457  -33.156  -21.835  33.242 0.0000000000
47470  -32.330  -21.791  32.630 0.0000000000
113931  -32.620  -21.405  31.786 0.0000000000
114008  -33.512  -21.337  31.720 0.0000000000
112570  -33.920  -21.077  30.773 0.0000000000
47358  -29.082  -20.979  41.920 0.0000000000
132293  -28.374  -20.574  42.333 0.0000000000
48302  -27.557  -20.082  41.193 0.0000000000
48335  -27.463  -20.004  37.883 0.0000000000
49306  -27.299  -19.801  38.689 0.0000000000
64615  -43.523  -3.415  16.580 0.0000000000
59274  -33.793  -9.656  25.707 0.0000000000
58227  -32.860  -10.916  25.783 0.0000000000
58228  -33.302  -10.271  25.304 0.0000000000
58278  -36.830  -9.866  22.156 0.0000000000
58279  -37.837  -10.265  22.278 0.0000000000
61881  -42.830  -6.463  28.104 0.0000000000
61065  -42.718  -7.273  27.549 0.0000000000
60185  -44.237  -7.654  26.750 0.0000000000
43575  -17.118  -25.655  41.309 0.0000000000
42606  -15.741  -26.096  41.458 0.0000000000
41752  -15.177  -26.382  41.942 0.0000000000
41737  -14.637  -26.676  42.386 0.0000000000
41751  -14.469  -26.852  41.549 0.0000000000
40877  -14.020  -27.783  39.712 0.0000000000
40859  -13.555  -27.858  40.560 0.0000000000
40858  -12.803  -28.430  40.692 0.0000000000
40000  -12.474  -29.445  38.979 0.0000000000
40893  -13.154  -29.097  38.281 0.0000000000
48367  -35.746  -20.411  35.814 0.0000000000
48356  -35.889  -20.263  37.089 0.0000000000
50210  -35.977  -19.724  39.123 0.0000000000
50215  -35.695  -19.628  38.305 0.0000000000
51121  -35.635  -19.171  38.675 0.0000000000
45408  -30.081  -21.696  39.377 0.0000000000
122979  -30.480  -21.813  40.170 0.0000000000
44490  -32.267  -22.647  39.929 0.0000000000
44488  -31.336  -22.370  39.277 0.0000000000
120437  -31.775  -22.510  39.271 0.0000000000
128208  -31.775  -22.481  38.730 0.0000000000
133569  -32.152  -22.555  39.306 0.0000000000
45386  -34.442  -22.042  41.277 0.0000000000
45398  -34.150  -22.220  41.239 0.0000000000
45428  -34.384  -21.883  39.362 0.0000000000
118165  -34.088  -22.084  40.109 0.0000000000
116446  -33.039  -22.292  38.738 0.0000000000
45444  -33.831  -21.993  38.640 0.0000000000
46468  -33.706  -21.565  37.068 0.0000000000
46455  -34.112  -21.584  37.802 0.0000000000
47416  -34.976  -21.064  37.071 0.0000000000
127366  -35.260  -20.855  36.892 0.0000000000
47427  -35.438  -20.660  35.843 0.0000000000
130352  -31.197  -22.389  41.879 0.0000000000
46403  -30.236  -21.570  41.423 0.0000000000
61141  -42.889  -7.667  21.317 0.0000000000
61151  -42.121  -7.279  20.934 0.0000000000
61952  -42.684  -6.715  21.383 0.0000000000
62797  -43.310  -5.201  21.554 0.0000000000
129260  -42.128  -4.803  19.552 0.0000000000
119052  -46.373  -3.394  21.847 0.0000000000
63656  -45.930  -3.561  21.361 0.0000000000
63677  -45.310  -3.339  19.838 0.0000000000
130511  -44.903  -3.314  19.290 0.0000000000
120636  -44.104  -3.551  19.457 0.0000000000
63689  -44.493  -3.341  18.713 0.0000000000
63702  -44.153  -3.412  18.045 0.0000000000
64603  -44.897  -3.234  18.041 0.0000000000
64617  -45.307  -3.111  17.426 0.0000000000
64631  -45.752  -2.825  16.931 0.0000000000
64630  -45.411  -2.607  16.002 0.0000000000
65601  -46.104  -2.280  16.567 0.0000000000
66468  -46.577  -1.686  16.103 0.0000000000
65602  -46.722  -2.047  17.091 0.0000000000
65594  -48.327  -1.780  18.554 0.0000000000
66461  -48.435  -1.457  18.064 0.0000000000
66462  -49.199  -0.881  17.952 0.0000000000
112303  -49.693  -0.974  18.607 0.0000000000
66456  -50.540  -0.633  18.915 0.0000000000
57221  -33.581  -12.257  31.158 0.0000000000
58199  -33.625  -10.771  28.923 0.0000000000
58209  -34.098  -10.165  28.706 0.0000000000
60159  -36.663  -8.746  30.617 0.0000000000
59233  -36.040  -9.034  30.117 0.0000000000
60176  -35.455  -9.039  28.722 0.0000000000
59250  -34.920  -9.201  28.081 0.0000000000
59249  -34.384  -9.686  28.179 0.0000000000
59258  -34.341  -9.494  27.390 0.0000000000
60180  -35.120  -8.869  27.325 0.0000000000
60189  -35.387  -8.381  26.504 0.0000000000
60202  -35.385  -8.121  25.514 0.0000000000
61079  -36.028  -7.522  25.097 0.0000000000
61080  -36.659  -7.057  25.567 0.0000000000
61896  -38.281  -6.302  26.238 0.0000000000
61897  -39.335  -6.390  26.194 0.0000000000
61889  -39.595  -5.857  26.954 0.0000000000
63615  -41.088  -4.445  28.640 0.0000000000
62751  -40.767  -5.614  27.617 0.0000000000
61880  -42.111  -5.900  28.183 0.0000000000
132049  -20.400  -22.933  41.002 0.0000000000
45382  -20.249  -23.116  41.673 0.0000000000
117534  -19.638  -23.609  41.462 0.0000000000
46452  -20.155  -23.438  37.781 0.0000000000
45421  -19.640  -24.076  38.161 0.0000000000
44500  -18.648  -25.155  38.233 0.0000000000
45420  -19.110  -24.577  38.861 0.0000000000
44487  -18.434  -25.192  39.484 0.0000000000
37277  -3.999  -33.129  44.797 0.0000000000
52005  -33.520  -17.062  32.479 0.0000000000
52833  -33.185  -17.240  31.645 0.0000000000
52815  -32.835  -16.437  32.163 0.0000000000
129285  -32.466  -15.774  31.946 0.0000000000
128242  -32.742  -15.752  32.466 0.0000000000
51139  -35.759  -19.472  35.912 0.0000000000
51138  -35.569  -19.005  35.771 0.0000000000
51975  -34.959  -18.007  36.172 0.0000000000
51980  -35.112  -18.175  35.272 0.0000000000
112839  -35.385  -18.353  34.350 0.0000000000
53577  -34.068  -15.515  35.828 0.0000000000
52795  -34.276  -16.679  35.349 0.0000000000
53587  -33.734  -15.767  34.747 0.0000000000
52794  -33.663  -16.216  33.972 0.0000000000
55304  -33.734  -13.924  34.014 0.0000000000
54452  -32.923  -14.319  32.765 0.0000000000
56241  -33.619  -13.035  32.619 0.0000000000
56232  -33.949  -12.942  33.092 0.0000000000
57204  -34.759  -11.836  32.969 0.0000000000
57205  -35.417  -11.434  33.333 0.0000000000
58146  -35.836  -10.809  33.014 0.0000000000
57177  -37.271  -11.224  35.485 0.0000000000
57176  -36.633  -11.496  35.063 0.0000000000
59176  -37.055  -9.903  33.128 0.0000000000
116041  -26.718  -21.012  34.599 0.0000000000
48378  -26.054  -21.253  33.730 0.0000000000
48390  -26.097  -22.180  33.355 0.0000000000
114134  -29.612  -22.376  37.848 0.0000000000
118294  -29.302  -22.142  38.010 0.0000000000
45469  -29.845  -22.966  35.800 0.0000000000
45453  -29.483  -22.900  36.117 0.0000000000
46480  -29.365  -22.901  35.213 0.0000000000
46498  -31.722  -22.409  34.956 0.0000000000
47370  -22.464  -21.258  40.799 0.0000000000
48311  -23.052  -20.675  40.314 0.0000000000
49282  -25.499  -19.639  40.495 0.0000000000
49271  -24.673  -19.790  40.869 0.0000000000
48333  -23.144  -20.555  38.403 0.0000000000
48334  -23.647  -20.121  39.105 0.0000000000
48332  -22.408  -21.285  37.889 0.0000000000
47403  -21.819  -21.890  37.379 0.0000000000
48343  -22.373  -21.406  36.860 0.0000000000
131352  -47.043  -1.325  16.109 0.0000000000
68216  -47.661  -0.003  14.727 0.0000000000
68217  -48.067  0.642  14.592 0.0000000000
69159  -48.579  1.209  14.616 0.0000000000
69148  -50.756  1.314  16.397 0.0000000000
117810  -51.032  1.912  15.876 0.0000000000
70110  -50.616  2.748  14.425 0.0000000000
69161  -50.100  2.171  14.940 0.0000000000
69165  -48.965  2.151  13.745 0.0000000000
70116  -49.438  2.739  13.277 0.0000000000
70961  -50.460  3.735  12.234 0.0000000000
70966  -50.199  3.898  11.127 0.0000000000
71746  -52.446  5.010  12.367 0.0000000000
117926  -52.945  5.122  12.818 0.0000000000
71748  -53.575  5.343  12.839 0.0000000000
37339  -9.341  -33.670  41.229 0.0000000000
37353  -9.417  -34.074  40.074 0.0000000000
56253  -32.620  -12.849  29.861 0.0000000000
55354  -32.213  -13.095  29.082 0.0000000000
58300  -40.438  -10.858  19.860 0.0000000000
57355  -41.031  -11.016  20.665 0.0000000000
117528  -38.123  -7.765  24.120 0.0000000000
60226  -39.520  -8.705  24.653 0.0000000000
129875  -38.623  -8.917  23.743 0.0000000000
59294  -39.213  -9.185  24.060 0.0000000000
59316  -39.648  -9.981  23.737 0.0000000000
59266  -42.313  -9.270  26.139 0.0000000000
58242  -42.402  -10.432  24.178 0.0000000000
58241  -41.435  -10.319  24.357 0.0000000000
58258  -41.056  -10.686  23.615 0.0000000000
57298  -41.183  -11.056  22.928 0.0000000000
58282  -42.002  -11.001  22.608 0.0000000000
58283  -42.256  -10.783  21.942 0.0000000000
59336  -42.650  -10.079  21.599 0.0000000000
59349  -43.376  -9.129  21.800 0.0000000000
61116  -44.701  -7.363  23.623 0.0000000000
60254  -44.481  -8.070  23.001 0.0000000000
61923  -44.559  -6.445  23.487 0.0000000000
39139  -10.679  -30.577  42.782 0.0000000000
39957  -10.868  -30.034  43.458 0.0000000000
38240  -10.176  -31.253  43.266 0.0000000000
38255  -10.372  -31.404  42.396 0.0000000000
38254  -10.093  -32.130  42.004 0.0000000000
38267  -10.620  -31.622  41.552 0.0000000000
38294  -10.948  -32.305  39.046 0.0000000000
38281  -10.687  -32.284  40.030 0.0000000000
36438  -8.854  -34.127  41.846 0.0000000000
36424  -8.319  -34.539  42.390 0.0000000000
35543  -7.100  -35.433  43.268 0.0000000000
35544  -7.278  -34.540  43.644 0.0000000000
34657  -6.478  -34.852  43.942 0.0000000000
132867  -6.357  -34.219  44.286 0.0000000000
33825  -6.580  -37.980  41.260 0.0000000000
133716  -6.647  -37.386  41.644 0.0000000000
33816  -6.201  -37.551  42.285 0.0000000000
34655  -5.204  -36.086  43.795 0.0000000000
129794  -5.281  -35.903  43.963 0.0000000000
34641  -5.302  -35.121  43.990 0.0000000000
35522  -4.998  -33.933  44.394 0.0000000000
35529  -4.797  -34.495  43.985 0.0000000000
35535  -3.945  -34.828  43.523 0.0000000000
36395  -3.820  -33.621  44.285 0.0000000000
36405  -7.999  -33.071  44.465 0.0000000000
49366  -35.894  -20.622  32.018 0.0000000000
122745  -36.283  -20.383  32.729 0.0000000000
48346  -28.076  -20.977  37.565 0.0000000000
47414  -28.362  -21.862  37.253 0.0000000000
47415  -28.711  -22.428  36.901 0.0000000000
112327  -34.483  -21.336  35.301 0.0000000000
47441  -34.158  -21.620  34.355 0.0000000000
48402  -34.152  -21.549  32.395 0.0000000000
48403  -35.025  -21.258  32.249 0.0000000000
46402  -29.972  -21.424  41.836 0.0000000000
47359  -29.618  -21.218  41.387 0.0000000000
47371  -29.021  -20.862  41.082 0.0000000000
48314  -28.490  -20.553  40.613 0.0000000000
48325  -28.446  -20.556  39.658 0.0000000000
65600  -44.710  -2.959  15.544 0.0000000000
67341  -46.765  -1.029  13.768 0.0000000000
52851  -32.261  -16.676  30.459 0.0000000000
58240  -33.344  -10.325  24.316 0.0000000000
59310  -33.807  -9.634  24.147 0.0000000000
58254  -33.757  -10.010  23.464 0.0000000000
42636  -16.351  -26.241  39.932 0.0000000000
42622  -16.396  -25.937  40.914 0.0000000000
40894  -13.787  -29.017  37.694 0.0000000000
47418  -35.636  -20.776  37.501 0.0000000000
127022  -36.017  -20.100  37.470 0.0000000000
49307  -35.969  -20.453  38.415 0.0000000000
123565  -36.015  -20.146  38.778 0.0000000000
45384  -31.137  -22.289  41.324 0.0000000000
45397  -31.026  -22.167  40.513 0.0000000000
44479  -31.651  -22.495  40.885 0.0000000000
44489  -32.038  -22.656  40.445 0.0000000000
124261  -32.608  -22.759  40.711 0.0000000000
46433  -34.810  -21.759  40.393 0.0000000000
46434  -35.533  -21.470  40.060 0.0000000000
120998  -35.183  -21.590  39.885 0.0000000000
46445  -35.191  -21.489  39.289 0.0000000000
46457  -35.277  -21.222  38.238 0.0000000000
47406  -35.708  -21.158  38.789 0.0000000000
47407  -35.839  -20.896  38.368 0.0000000000
44465  -31.545  -22.591  42.136 0.0000000000
61936  -43.785  -6.625  22.256 0.0000000000
61953  -43.190  -6.166  21.782 0.0000000000
63654  -43.792  -4.481  21.085 0.0000000000
129266  -46.710  -2.942  20.472 0.0000000000
63678  -45.945  -3.110  19.619 0.0000000000
63690  -45.672  -3.138  18.958 0.0000000000
64604  -45.598  -3.090  18.164 0.0000000000
64605  -46.205  -2.890  18.383 0.0000000000
64619  -46.631  -2.617  18.054 0.0000000000
65592  -46.988  -2.289  17.796 0.0000000000
126981  -48.004  -2.044  18.703 0.0000000000
57222  -34.189  -11.457  31.190 0.0000000000
58186  -34.608  -10.697  30.886 0.0000000000
116199  -34.761  -10.190  30.169 0.0000000000
119798  -36.618  -8.435  29.860 0.0000000000
61051  -36.627  -8.171  29.059 0.0000000000
60177  -36.072  -8.497  28.555 0.0000000000
130982  -36.090  -8.247  27.937 0.0000000000
60181  -35.779  -8.319  27.349 0.0000000000
61063  -36.434  -7.758  27.467 0.0000000000
61071  -36.543  -7.336  26.589 0.0000000000
62749  -39.046  -5.500  27.596 0.0000000000
120101  -21.626  -22.294  42.325 0.0000000000
46401  -21.467  -22.244  41.575 0.0000000000
72520  -52.914  5.624  11.142 0.0000000000
71756  -51.991  5.241  10.164 0.0000000000
72530  -52.761  5.683  10.513 0.0000000000
124880  -53.462  6.124  10.089 0.0000000000
72542  -53.974  6.327  9.239 0.0000000000
37262  -4.637  -32.612  45.239 0.0000000000
51164  -36.314  -18.865  31.700 0.0000000000
51157  -35.930  -18.566  31.848 0.0000000000
52006  -34.699  -18.005  31.699 0.0000000000
51125  -35.266  -18.608  37.230 0.0000000000
51131  -35.317  -18.757  36.465 0.0000000000
51970  -35.142  -18.329  36.674 0.0000000000
54401  -34.638  -15.048  37.233 0.0000000000
54414  -34.921  -14.262  36.912 0.0000000000
131798  -34.217  -14.542  35.807 0.0000000000
127668  -34.277  -13.472  34.469 0.0000000000
55318  -34.096  -13.197  33.716 0.0000000000
56233  -34.436  -12.518  33.381 0.0000000000
55305  -34.687  -12.759  34.154 0.0000000000
57192  -35.735  -11.647  34.048 0.0000000000
58113  -37.747  -10.633  35.161 0.0000000000
129033  -30.797  -22.598  38.019 0.0000000000
45455  -30.390  -22.955  36.394 0.0000000000
45470  -30.457  -23.024  35.447 0.0000000000
47456  -31.692  -22.201  33.309 0.0000000000
46514  -30.937  -22.704  33.777 0.0000000000
48300  -24.278  -20.103  41.592 0.0000000000
49305  -25.387  -19.571  38.798 0.0000000000
49292  -24.450  -19.743  39.352 0.0000000000
49303  -23.629  -20.142  37.652 0.0000000000
123597  -22.896  -20.843  36.184 0.0000000000
131305  -47.906  -0.531  16.140 0.0000000000
67321  -48.370  -0.171  16.174 0.0000000000
68214  -48.860  0.526  15.783 0.0000000000
69156  -51.483  2.236  15.741 0.0000000000
70104  -51.774  2.692  15.332 0.0000000000
70117  -50.271  3.036  13.613 0.0000000000
70118  -51.084  3.345  13.910 0.0000000000
70962  -51.243  4.054  12.585 0.0000000000
70963  -51.972  4.461  12.867 0.0000000000
71741  -53.122  4.822  13.435 0.0000000000
37371  -10.029  -33.521  39.595 0.0000000000
56266  -32.477  -12.466  28.719 0.0000000000
57353  -39.055  -11.941  20.582 0.0000000000
60204  -39.144  -7.875  24.825 0.0000000000
114597  -39.877  -8.240  25.262 0.0000000000
60227  -40.221  -9.046  25.042 0.0000000000
59267  -43.148  -9.229  26.136 0.0000000000
59278  -42.727  -9.750  25.564 0.0000000000
58229  -43.025  -10.133  24.835 0.0000000000
58260  -42.586  -10.588  23.336 0.0000000000
58261  -43.321  -10.294  23.154 0.0000000000
115158  -43.846  -9.936  23.010 0.0000000000
59338  -43.951  -9.387  22.592 0.0000000000
121488  -44.794  -8.142  23.818 0.0000000000
40827  -12.435  -28.216  42.739 0.0000000000
39157  -11.148  -31.447  39.897 0.0000000000
39166  -11.384  -31.643  38.706 0.0000000000
35554  -7.958  -35.646  41.089 0.0000000000
118771  -8.013  -35.192  42.021 0.0000000000
117524  -7.446  -35.821  42.201 0.0000000000
34677  -6.911  -36.172  42.879 0.0000000000
33815  -5.279  -38.135  42.766 0.0000000000
33804  -5.565  -37.141  43.266 0.0000000000
33803  -4.797  -37.374  43.418 0.0000000000
34654  -4.662  -35.927  43.578 0.0000000000
34653  -4.184  -35.838  43.388 0.0000000000
34666  -3.733  -36.519  43.169 0.0000000000
44459  -33.606  -22.649  41.868 0.0000000000
47373  -35.676  -21.195  40.958 0.0000000000
118034  -45.469  -3.655  23.755 0.0000000000
117660  -45.152  -3.975  22.885 0.0000000000
126952  -46.016  -3.398  22.735 0.0000000000
64587  -48.047  -2.537  20.524 0.0000000000
65573  -48.837  -2.262  20.779 0.0000000000
65572  -48.462  -2.242  19.968 0.0000000000
59195  -36.850  -9.523  32.359 0.0000000000
59217  -36.657  -9.202  31.435 0.0000000000
60144  -37.403  -8.388  31.116 0.0000000000
61041  -37.647  -7.727  30.469 0.0000000000
61042  -37.896  -7.103  29.924 0.0000000000
47392  -21.148  -22.260  38.920 0.0000000000
119014  -6.577  -32.696  45.200 0.0000000000
51158  -36.193  -18.780  32.348 0.0000000000
51988  -35.469  -18.341  33.599 0.0000000000
56205  -36.096  -12.141  35.434 0.0000000000
49351  -25.342  -20.097  34.787 0.0000000000
49341  -26.312  -20.226  35.216 0.0000000000
48366  -27.391  -21.725  34.925 0.0000000000
46494  -28.039  -23.028  33.645 0.0000000000
46466  -32.258  -22.152  36.364 0.0000000000
46499  -32.328  -22.001  35.271 0.0000000000
47439  -32.294  -21.977  34.488 0.0000000000
122020  -33.566  -21.720  34.329 0.0000000000
113974  -32.951  -21.819  33.995 0.0000000000
129735  -32.218  -22.000  33.907 0.0000000000
48293  -26.465  -19.900  42.602 0.0000000000
49267  -26.481  -19.810  41.712 0.0000000000
49283  -26.509  -19.743  40.848 0.0000000000
126063  -26.441  -19.611  39.169 0.0000000000
49319  -25.420  -19.576  37.824 0.0000000000
49332  -25.522  -19.629  36.800 0.0000000000
63700  -42.263  -4.021  17.221 0.0000000000
68201  -51.289  0.604  17.608 0.0000000000
115968  -50.855  0.799  17.066 0.0000000000
70945  -53.579  3.693  15.286 0.0000000000
57273  -32.413  -11.620  26.190 0.0000000000
61064  -41.786  -7.324  27.317 0.0000000000
61075  -41.451  -7.908  26.846 0.0000000000
60182  -42.281  -8.045  27.066 0.0000000000
60194  -43.464  -8.585  26.591 0.0000000000
60195  -44.087  -8.337  26.502 0.0000000000
60206  -44.516  -8.629  25.997 0.0000000000
60207  -45.045  -8.124  25.925 0.0000000000
42607  -16.511  -25.737  41.918 0.0000000000
41750  -13.887  -27.377  41.252 0.0000000000
39999  -11.976  -29.995  39.627 0.0000000000
49342  -35.900  -20.335  34.977 0.0000000000
50226  -35.950  -19.853  35.633 0.0000000000
119825  -35.582  -19.482  37.382 0.0000000000
131194  -35.392  -18.979  37.047 0.0000000000
50202  -36.137  -19.704  40.008 0.0000000000
46444  -29.300  -21.675  38.550 0.0000000000
46432  -29.630  -21.399  39.344 0.0000000000
45423  -30.123  -22.132  38.543 0.0000000000
45424  -30.751  -22.354  38.567 0.0000000000
45442  -31.278  -22.611  37.917 0.0000000000
44468  -33.711  -22.533  41.503 0.0000000000
127584  -33.193  -22.753  40.926 0.0000000000
44491  -32.905  -22.670  40.297 0.0000000000
45411  -34.722  -21.791  40.400 0.0000000000
44502  -33.265  -22.454  39.909 0.0000000000
44508  -32.378  -22.462  38.908 0.0000000000
45457  -32.433  -22.311  38.127 0.0000000000
130957  -32.508  -22.136  37.335 0.0000000000
46469  -34.787  -21.310  37.716 0.0000000000
47443  -35.185  -21.004  35.023 0.0000000000
46394  -30.306  -21.685  42.216 0.0000000000
121729  -29.643  -21.225  40.101 0.0000000000
131361  -41.634  -8.751  20.406 0.0000000000
118554  -41.580  -7.862  20.481 0.0000000000
61150  -41.219  -6.964  20.232 0.0000000000
61972  -41.476  -5.978  20.204 0.0000000000
63641  -44.723  -4.346  22.134 0.0000000000
63655  -44.494  -4.233  21.264 0.0000000000
63664  -44.309  -4.031  20.662 0.0000000000
63665  -44.954  -3.742  20.608 0.0000000000
63663  -43.703  -4.033  20.277 0.0000000000
63675  -43.379  -3.922  19.499 0.0000000000
117473  -42.696  -3.906  18.102 0.0000000000
63701  -43.288  -3.538  17.489 0.0000000000
66482  -46.233  -1.491  15.039 0.0000000000
66459  -47.254  -1.878  17.505 0.0000000000
66460  -47.825  -1.434  17.490 0.0000000000
66470  -47.937  -0.807  16.766 0.0000000000
67322  -48.990  -0.445  17.314 0.0000000000
65577  -48.754  -1.942  19.581 0.0000000000
65578  -49.422  -1.641  19.811 0.0000000000
66455  -49.754  -1.279  19.281 0.0000000000
67318  -50.933  0.051  18.227 0.0000000000
129088  -51.657  0.392  18.164 0.0000000000
126491  -32.474  -13.919  31.416 0.0000000000
55341  -32.561  -13.423  30.704 0.0000000000
56260  -33.052  -12.150  29.753 0.0000000000
57228  -33.568  -11.773  30.404 0.0000000000
57240  -32.880  -11.935  28.993 0.0000000000
57253  -33.117  -11.266  28.604 0.0000000000
59232  -35.532  -9.615  30.495 0.0000000000
127291  -34.594  -9.967  29.355 0.0000000000
58216  -33.873  -10.107  27.870 0.0000000000
131512  -33.349  -10.557  27.570 0.0000000000
59264  -33.994  -9.612  26.507 0.0000000000
59265  -34.277  -9.219  25.991 0.0000000000
59275  -34.237  -9.120  25.294 0.0000000000
60221  -34.769  -8.493  24.868 0.0000000000
132774  -35.062  -8.236  24.273 0.0000000000
127973  -35.487  -8.201  23.690 0.0000000000
60223  -36.236  -7.672  24.149 0.0000000000
61100  -36.779  -7.198  24.617 0.0000000000
61101  -37.708  -7.180  24.511 0.0000000000
61902  -38.024  -6.469  25.581 0.0000000000
61082  -38.494  -7.023  24.975 0.0000000000
62741  -38.649  -5.557  28.558 0.0000000000
63614  -40.030  -4.427  28.731 0.0000000000
62750  -39.918  -5.388  27.540 0.0000000000
120874  -40.341  -5.941  27.193 0.0000000000
61890  -41.130  -6.497  27.343 0.0000000000
62745  -42.879  -5.718  28.617 0.0000000000
46431  -20.586  -22.796  39.385 0.0000000000
46430  -20.086  -23.338  39.805 0.0000000000
45407  -19.616  -23.924  39.306 0.0000000000
115859  -19.651  -23.810  40.126 0.0000000000
127377  -18.917  -24.475  40.983 0.0000000000
43587  -17.801  -25.520  40.570 0.0000000000
43605  -17.394  -26.136  38.471 0.0000000000
43593  -16.934  -26.177  39.288 0.0000000000
72533  -55.045  6.303  10.818 0.0000000000
52852  -32.761  -17.135  30.916 0.0000000000
54462  -32.333  -14.496  31.634 0.0000000000
50231  -36.128  -19.366  34.091 0.0000000000
113687  -35.633  -18.839  35.113 0.0000000000
122883  -35.746  -18.671  34.108 0.0000000000
128231  -34.962  -17.960  34.187 0.0000000000
52777  -34.728  -17.208  36.561 0.0000000000
111982  -33.354  -16.013  33.439 0.0000000000
54429  -33.607  -14.743  34.353 0.0000000000
53607  -33.012  -15.319  33.039 0.0000000000
54463  -32.648  -14.076  32.017 0.0000000000
55336  -32.887  -13.405  31.604 0.0000000000
56247  -33.478  -12.786  31.897 0.0000000000
57215  -34.513  -11.605  32.133 0.0000000000
58173  -35.626  -10.467  32.280 0.0000000000
56219  -36.054  -11.739  34.697 0.0000000000
57193  -36.441  -11.174  34.268 0.0000000000
58129  -37.507  -10.375  34.475 0.0000000000
129364  -36.959  -10.630  34.184 0.0000000000
58147  -36.550  -10.567  33.538 0.0000000000
45439  -29.576  -22.779  37.039 0.0000000000
46465  -29.114  -22.771  36.489 0.0000000000
46495  -28.813  -22.888  34.367 0.0000000000
46481  -31.229  -22.763  35.559 0.0000000000
46496  -30.288  -23.023  34.367 0.0000000000
115486  -28.891  -23.115  33.646 0.0000000000
47356  -22.100  -21.915  42.033 0.0000000000
119987  -21.972  -21.755  41.268 0.0000000000
48312  -23.831  -20.122  40.686 0.0000000000
48323  -23.685  -20.123  39.860 0.0000000000
47393  -21.795  -21.794  38.414 0.0000000000
48352  -22.268  -21.499  35.995 0.0000000000
67335  -46.692  -1.015  14.547 0.0000000000
67336  -47.137  -0.419  14.173 0.0000000000
67329  -47.826  -0.319  15.557 0.0000000000
69163  -47.880  0.969  13.130 0.0000000000
69154  -49.109  1.163  15.269 0.0000000000
111622  -49.709  1.597  15.320 0.0000000000
113366  -48.614  1.615  14.063 0.0000000000
69164  -48.336  1.658  13.356 0.0000000000
69167  -48.178  1.536  12.393 0.0000000000
70120  -48.590  2.326  11.932 0.0000000000
70124  -49.019  2.874  11.582 0.0000000000
70122  -49.946  3.263  12.769 0.0000000000
69170  -48.844  2.167  10.930 0.0000000000
71755  -51.294  4.722  10.473 0.0000000000
115925  -51.682  4.947  11.230 0.0000000000
71745  -51.653  4.621  12.006 0.0000000000
116820  -52.159  5.099  11.699 0.0000000000
71751  -52.282  5.342  11.049 0.0000000000
71752  -52.726  5.411  11.698 0.0000000000
72511  -53.901  5.730  12.209 0.0000000000
119482  -54.614  5.840  12.161 0.0000000000
37326  -9.585  -32.612  42.535 0.0000000000
37311  -9.076  -33.042  43.053 0.0000000000
37325  -9.228  -33.349  42.202 0.0000000000
129721  -8.927  -34.725  40.055 0.0000000000
36450  -8.519  -35.129  40.508 0.0000000000
54477  -32.048  -14.143  30.159 0.0000000000
56296  -32.087  -12.387  26.487 0.0000000000
59313  -36.489  -8.179  23.315 0.0000000000
59314  -37.402  -8.567  23.199 0.0000000000
115319  -38.165  -9.106  23.256 0.0000000000
59335  -38.382  -9.955  22.886 0.0000000000
60191  -41.028  -8.345  26.281 0.0000000000
123621  -40.696  -9.747  24.775 0.0000000000
118124  -42.015  -9.689  25.605 0.0000000000
58257  -40.251  -10.756  23.212 0.0000000000
57338  -41.153  -11.147  21.397 0.0000000000
57318  -41.742  -11.042  21.872 0.0000000000
59355  -41.791  -9.777  20.677 0.0000000000
60266  -43.014  -8.451  21.296 0.0000000000
60253  -44.030  -8.555  22.319 0.0000000000
61128  -44.003  -7.599  22.244 0.0000000000
60229  -45.136  -8.053  25.197 0.0000000000
119680  -9.721  -31.809  43.722 0.0000000000
38280  -10.286  -32.873  40.109 0.0000000000
39167  -11.631  -30.806  39.243 0.0000000000
36415  -8.417  -33.306  43.669 0.0000000000
36404  -7.605  -33.718  44.004 0.0000000000
112775  -7.276  -33.277  44.597 0.0000000000
36398  -6.484  -33.709  44.562 0.0000000000
35524  -5.915  -33.792  44.556 0.0000000000
33826  -6.991  -37.244  41.111 0.0000000000
34668  -5.728  -36.311  43.709 0.0000000000
129296  -5.472  -34.328  44.264 0.0000000000
35523  -5.420  -33.854  44.470 0.0000000000
35528  -4.395  -34.400  43.930 0.0000000000
36396  -4.198  -33.761  44.332 0.0000000000
32154  -3.723  -39.214  42.637 0.0000000000
32957  -3.707  -38.204  42.848 0.0000000000
44492  -33.569  -22.474  40.580 0.0000000000
45426  -32.944  -22.442  39.334 0.0000000000
48313  -27.585  -19.982  40.307 0.0000000000
48347  -35.941  -20.514  38.154 0.0000000000
49333  -35.972  -20.055  35.922 0.0000000000
49343  -35.962  -20.165  35.430 0.0000000000
51146  -35.873  -18.915  34.408 0.0000000000
59276  -40.853  -9.307  25.333 0.0000000000
59296  -41.423  -9.793  25.201 0.0000000000
61081  -37.485  -6.711  25.245 0.0000000000
64585  -46.534  -2.879  19.830 0.0000000000
64586  -47.299  -2.834  20.831 0.0000000000
65585  -49.068  -1.685  19.269 0.0000000000
72531  -53.334  5.893  10.844 0.0000000000
113265  -31.691  -22.601  41.586 0.0000000000
114205  -41.313  -5.268  28.098 0.0000000000
119552  -44.857  -8.643  25.434 0.0000000000
126783  -31.795  -22.553  39.791 0.0000000000
128071  -33.718  -22.484  41.132 0.0000000000
132576  -33.364  -22.692  41.343 0.0000000000
