#!ascii label  , from subject sub-v2s0x30144_ses-1 vox2ras=TkReg
876
89556  38.232  32.386  19.588 0.0000000000
114112  41.380  22.683  7.975 0.0000000000
87153  47.453  28.890  3.328 0.0000000000
122462  46.765  21.018  -0.574 0.0000000000
115841  39.411  28.797  15.331 0.0000000000
87102  49.498  27.524  11.633 0.0000000000
83595  45.622  23.419  1.502 0.0000000000
87177  39.252  28.943  1.625 0.0000000000
87773  44.669  29.163  11.598 0.0000000000
87765  40.162  29.732  12.179 0.0000000000
79652  40.487  19.264  11.659 0.0000000000
109284  45.249  31.202  3.183 0.0000000000
86463  41.495  28.572  -2.449 0.0000000000
85628  43.837  26.230  6.274 0.0000000000
85679  45.424  27.006  -3.357 0.0000000000
88510  40.421  30.530  3.029 0.0000000000
90782  40.838  34.207  14.731 0.0000000000
90164  38.431  33.398  15.485 0.0000000000
84214  39.836  24.318  14.236 0.0000000000
87144  50.009  28.703  5.367 0.0000000000
88461  49.324  29.630  6.004 0.0000000000
87847  47.467  30.238  2.045 0.0000000000
88527  43.878  31.445  0.363 0.0000000000
87856  45.014  30.607  -0.311 0.0000000000
117961  44.074  24.139  10.272 0.0000000000
84237  45.239  24.489  9.736 0.0000000000
84252  42.147  24.625  6.784 0.0000000000
83612  49.374  24.143  -1.144 0.0000000000
110236  46.037  24.991  -0.555 0.0000000000
84316  48.177  25.326  -3.556 0.0000000000
115299  44.492  24.700  -3.878 0.0000000000
82932  45.309  22.480  -0.889 0.0000000000
80583  44.290  19.471  1.089 0.0000000000
88347  37.759  29.785  19.759 0.0000000000
127775  37.550  31.398  16.379 0.0000000000
86393  48.568  27.193  7.126 0.0000000000
81358  42.650  20.707  5.786 0.0000000000
82875  42.916  22.191  4.062 0.0000000000
82146  45.828  21.647  3.477 0.0000000000
82911  49.379  22.658  1.359 0.0000000000
89597  45.684  32.834  13.050 0.0000000000
90797  42.991  34.032  13.893 0.0000000000
88410  42.276  30.013  11.892 0.0000000000
84920  41.334  24.904  11.050 0.0000000000
87089  38.519  28.420  13.368 0.0000000000
84227  39.472  25.030  11.850 0.0000000000
82103  40.765  21.186  9.483 0.0000000000
130482  43.250  18.723  8.041 0.0000000000
87027  37.247  28.016  21.447 0.0000000000
130394  46.995  30.497  6.930 0.0000000000
109288  43.915  30.659  4.718 0.0000000000
88520  41.513  30.977  1.550 0.0000000000
87184  40.336  29.203  -0.067 0.0000000000
127959  40.471  24.744  -0.684 0.0000000000
87104  47.054  28.159  11.725 0.0000000000
85609  47.013  25.881  8.685 0.0000000000
108709  45.052  27.789  4.554 0.0000000000
84277  42.370  24.636  2.392 0.0000000000
120078  42.465  26.836  1.706 0.0000000000
87183  43.720  28.616  -0.095 0.0000000000
86466  43.573  28.160  -3.968 0.0000000000
84322  41.898  25.345  -2.670 0.0000000000
88496  40.291  30.321  3.970 0.0000000000
109285  41.010  30.312  4.802 0.0000000000
90752  39.402  34.341  17.517 0.0000000000
90150  38.394  33.491  18.278 0.0000000000
87152  48.448  28.992  3.597 0.0000000000
111529  49.181  29.495  4.016 0.0000000000
87839  47.633  29.899  2.158 0.0000000000
87854  46.283  30.649  1.031 0.0000000000
87849  46.257  30.210  0.951 0.0000000000
83541  43.010  23.288  9.851 0.0000000000
84239  43.689  23.878  9.102 0.0000000000
84245  41.827  23.917  7.224 0.0000000000
82929  49.006  22.741  -1.119 0.0000000000
83630  49.094  24.749  -2.140 0.0000000000
82943  47.667  23.212  -1.867 0.0000000000
118774  46.549  23.349  -2.122 0.0000000000
82931  46.450  22.508  -1.338 0.0000000000
81401  45.568  20.550  -0.002 0.0000000000
81409  46.323  20.368  -0.485 0.0000000000
114956  37.660  29.958  18.396 0.0000000000
119491  50.838  27.488  8.091 0.0000000000
85607  48.910  26.580  8.977 0.0000000000
80550  44.901  19.810  5.729 0.0000000000
82134  44.487  21.260  4.209 0.0000000000
81367  45.901  20.707  4.512 0.0000000000
82898  50.459  22.069  2.108 0.0000000000
81386  50.220  21.464  1.552 0.0000000000
82166  49.594  22.083  0.120 0.0000000000
123223  40.086  31.754  13.091 0.0000000000
89614  41.654  31.982  12.829 0.0000000000
87764  41.281  30.053  12.055 0.0000000000
109127  41.949  26.785  11.113 0.0000000000
85586  40.809  26.788  11.336 0.0000000000
87748  38.306  29.957  15.365 0.0000000000
88376  37.826  30.781  14.904 0.0000000000
87088  38.552  28.245  14.111 0.0000000000
82090  39.571  21.777  13.322 0.0000000000
119051  39.184  23.982  12.724 0.0000000000
82098  39.700  21.529  11.842 0.0000000000
82845  40.249  22.626  11.289 0.0000000000
81316  40.322  20.368  10.556 0.0000000000
125047  41.393  19.546  8.606 0.0000000000
79679  41.532  18.752  9.887 0.0000000000
78887  45.812  17.692  9.478 0.0000000000
88476  47.860  30.508  4.731 0.0000000000
88462  48.003  30.200  6.567 0.0000000000
88477  46.600  30.654  5.156 0.0000000000
88464  45.862  30.586  6.125 0.0000000000
109289  45.096  30.874  4.355 0.0000000000
88493  43.495  30.822  3.916 0.0000000000
109283  44.271  31.189  3.064 0.0000000000
88543  42.410  31.038  -1.231 0.0000000000
88537  41.891  31.059  -0.420 0.0000000000
87190  41.266  29.307  -1.807 0.0000000000
86457  40.326  27.670  -0.708 0.0000000000
85674  41.124  27.657  -2.144 0.0000000000
118550  45.173  30.938  12.194 0.0000000000
88395  45.883  30.692  12.196 0.0000000000
87105  45.512  28.533  11.535 0.0000000000
125863  44.589  25.265  7.930 0.0000000000
84925  46.530  25.305  9.375 0.0000000000
85627  44.663  26.396  6.586 0.0000000000
85625  46.352  26.748  6.917 0.0000000000
85637  44.457  26.815  5.802 0.0000000000
82904  44.087  22.971  2.638 0.0000000000
83576  42.352  23.481  3.354 0.0000000000
83596  44.713  23.688  1.504 0.0000000000
84995  45.992  26.423  -2.679 0.0000000000
84989  44.037  25.768  -0.202 0.0000000000
84981  43.485  26.463  0.064 0.0000000000
86443  43.195  27.548  0.754 0.0000000000
85673  43.650  27.417  -0.703 0.0000000000
86455  43.749  28.507  -1.563 0.0000000000
85689  44.152  28.087  -4.067 0.0000000000
83635  43.845  24.198  -2.775 0.0000000000
84320  43.463  24.879  -3.606 0.0000000000
83625  42.377  23.850  -1.691 0.0000000000
83626  41.546  23.935  -1.415 0.0000000000
88392  48.671  30.048  12.661 0.0000000000
88523  38.895  30.026  2.872 0.0000000000
87850  39.278  29.697  2.143 0.0000000000
91387  41.678  35.275  16.334 0.0000000000
90751  40.164  34.717  17.079 0.0000000000
90163  39.187  33.764  15.203 0.0000000000
129535  39.157  32.158  13.682 0.0000000000
85569  39.679  26.029  14.439 0.0000000000
87818  50.255  28.952  5.779 0.0000000000
88475  48.925  30.048  4.175 0.0000000000
88490  47.315  30.829  3.293 0.0000000000
88506  45.314  31.352  2.130 0.0000000000
109592  46.196  31.078  1.184 0.0000000000
87863  45.024  31.083  -0.194 0.0000000000
87873  43.019  30.775  -2.013 0.0000000000
85584  43.914  26.725  10.995 0.0000000000
85583  45.006  26.485  11.110 0.0000000000
126040  44.687  24.467  10.350 0.0000000000
84928  44.176  24.557  8.512 0.0000000000
84941  42.542  25.309  6.391 0.0000000000
83604  48.590  23.927  0.018 0.0000000000
83606  46.202  23.912  0.684 0.0000000000
84302  48.271  25.080  -1.122 0.0000000000
84994  48.176  26.004  -2.957 0.0000000000
85001  47.435  26.348  -3.796 0.0000000000
85016  45.499  26.653  -5.137 0.0000000000
84318  46.847  24.893  -4.160 0.0000000000
130542  45.018  23.427  -1.936 0.0000000000
114006  44.396  22.551  -0.577 0.0000000000
80594  44.923  19.248  0.333 0.0000000000
88994  37.997  31.432  19.975 0.0000000000
89563  37.523  32.204  18.248 0.0000000000
88357  37.489  30.856  18.039 0.0000000000
114427  37.786  30.510  17.549 0.0000000000
87743  39.922  29.836  16.710 0.0000000000
86385  51.274  27.942  7.496 0.0000000000
86405  49.450  27.727  6.068 0.0000000000
109491  47.881  27.903  5.267 0.0000000000
82115  41.592  21.663  6.246 0.0000000000
82870  41.602  22.360  5.631 0.0000000000
82136  42.715  21.654  4.752 0.0000000000
82148  43.988  21.854  3.734 0.0000000000
82902  45.846  22.529  2.474 0.0000000000
82144  47.713  21.645  3.442 0.0000000000
82900  48.655  22.460  2.264 0.0000000000
82912  48.361  22.920  1.463 0.0000000000
83602  49.494  23.197  -0.109 0.0000000000
82176  49.222  22.428  -0.569 0.0000000000
81407  47.686  20.629  -0.534 0.0000000000
80598  46.450  19.579  -0.739 0.0000000000
90195  44.344  33.487  13.424 0.0000000000
89030  43.957  31.462  12.401 0.0000000000
90174  42.115  33.924  13.957 0.0000000000
89613  42.608  32.043  12.758 0.0000000000
87774  43.602  29.260  11.576 0.0000000000
115543  42.928  27.394  11.117 0.0000000000
84909  42.706  25.686  10.878 0.0000000000
82848  42.478  22.957  9.998 0.0000000000
130360  37.530  32.397  16.212 0.0000000000
89014  38.033  31.096  14.207 0.0000000000
88402  38.682  29.871  12.972 0.0000000000
85573  38.789  26.638  13.603 0.0000000000
85575  38.977  26.431  12.396 0.0000000000
86369  39.465  27.194  11.821 0.0000000000
110189  40.318  24.954  11.366 0.0000000000
83538  41.502  23.215  10.749 0.0000000000
111418  41.011  21.525  8.112 0.0000000000
81334  41.693  20.259  7.314 0.0000000000
80538  43.164  19.719  6.649 0.0000000000
79704  45.154  18.861  6.935 0.0000000000
78889  43.407  18.079  9.494 0.0000000000
79685  45.452  18.197  8.177 0.0000000000
88337  38.675  29.537  21.349 0.0000000000
87709  37.873  28.187  21.242 0.0000000000
86290  36.154  27.710  20.193 0.0000000000
88423  47.886  30.559  8.372 0.0000000000
89078  45.705  31.067  7.641 0.0000000000
88494  42.495  30.646  3.896 0.0000000000
88509  41.309  30.752  2.601 0.0000000000
88531  40.066  30.183  1.659 0.0000000000
111652  42.634  31.353  1.026 0.0000000000
88538  41.126  30.694  0.183 0.0000000000
87185  39.762  28.763  0.767 0.0000000000
87103  47.934  27.901  11.826 0.0000000000
112111  46.497  26.581  11.282 0.0000000000
112344  47.498  26.095  10.899 0.0000000000
121557  48.291  26.169  9.752 0.0000000000
85613  47.657  26.519  7.958 0.0000000000
86407  47.014  27.341  6.156 0.0000000000
86423  46.216  28.218  4.257 0.0000000000
118143  41.491  23.859  5.298 0.0000000000
84266  41.557  24.521  4.644 0.0000000000
85646  41.823  26.035  3.767 0.0000000000
84285  43.669  24.635  1.213 0.0000000000
84970  42.144  25.570  2.249 0.0000000000
85650  42.110  26.692  3.529 0.0000000000
86431  42.735  27.414  3.059 0.0000000000
86430  43.685  28.059  2.749 0.0000000000
87169  45.442  29.325  1.497 0.0000000000
126037  44.382  29.429  0.079 0.0000000000
87188  43.667  29.723  -2.046 0.0000000000
86462  42.368  28.852  -3.067 0.0000000000
85696  43.795  26.960  -4.771 0.0000000000
85690  42.434  27.231  -3.798 0.0000000000
85004  41.771  26.434  -2.921 0.0000000000
84997  41.312  25.640  -2.004 0.0000000000
80584  43.452  19.775  1.535 0.0000000000
88482  41.522  30.312  5.691 0.0000000000
90140  38.890  32.853  20.035 0.0000000000
110046  38.584  33.179  19.178 0.0000000000
87159  48.043  29.530  2.840 0.0000000000
87160  47.456  29.435  2.552 0.0000000000
87840  47.145  29.659  2.057 0.0000000000
87168  46.414  29.532  1.781 0.0000000000
83546  41.905  22.976  8.686 0.0000000000
83548  42.246  23.615  8.134 0.0000000000
83549  41.606  23.222  7.683 0.0000000000
82930  47.843  22.370  -1.251 0.0000000000
82942  48.756  23.298  -1.595 0.0000000000
82178  46.746  21.706  -0.832 0.0000000000
121999  46.121  21.161  -0.404 0.0000000000
87094  49.894  28.184  12.176 0.0000000000
86359  50.107  27.183  10.908 0.0000000000
85602  50.031  26.984  9.996 0.0000000000
85594  49.066  26.743  10.678 0.0000000000
80549  45.962  19.759  5.636 0.0000000000
81355  45.481  20.270  5.138 0.0000000000
81354  46.475  20.307  5.035 0.0000000000
81387  49.459  20.840  0.907 0.0000000000
86444  39.272  27.996  1.370 0.0000000000
89034  39.793  31.078  12.820 0.0000000000
89033  40.809  31.435  12.719 0.0000000000
87777  40.788  29.154  11.780 0.0000000000
87109  40.406  28.296  11.619 0.0000000000
114663  38.930  29.753  15.973 0.0000000000
87086  38.636  29.152  14.972 0.0000000000
87085  39.017  28.165  14.699 0.0000000000
81306  39.662  20.892  12.440 0.0000000000
82095  39.469  21.661  12.617 0.0000000000
81311  39.855  20.657  11.814 0.0000000000
82097  40.126  20.975  11.177 0.0000000000
80501  40.437  19.535  10.764 0.0000000000
80507  40.887  19.126  10.251 0.0000000000
79671  40.778  18.959  10.958 0.0000000000
110338  47.295  30.751  4.206 0.0000000000
109290  46.319  30.890  4.302 0.0000000000
88478  45.468  30.661  5.314 0.0000000000
88492  44.359  30.949  3.896 0.0000000000
130854  41.847  29.878  -2.198 0.0000000000
87874  41.838  30.324  -1.705 0.0000000000
86456  40.807  28.169  -1.597 0.0000000000
87763  45.136  30.140  11.884 0.0000000000
84931  44.186  25.790  7.088 0.0000000000
85616  45.008  25.948  7.363 0.0000000000
85638  43.478  26.663  5.389 0.0000000000
83584  44.820  23.175  2.042 0.0000000000
84996  45.031  26.531  -2.100 0.0000000000
127867  44.723  25.901  -1.079 0.0000000000
85671  44.132  26.778  -1.231 0.0000000000
85680  44.458  27.618  -2.987 0.0000000000
85672  43.873  27.996  -2.158 0.0000000000
82946  43.794  23.180  -1.111 0.0000000000
83624  43.282  23.730  -1.850 0.0000000000
83613  42.827  23.294  -1.034 0.0000000000
82934  42.332  22.839  -0.442 0.0000000000
88511  39.535  30.318  3.209 0.0000000000
88522  39.635  30.251  2.427 0.0000000000
125145  39.955  30.424  2.668 0.0000000000
91378  40.789  35.011  17.589 0.0000000000
116386  40.125  34.671  17.805 0.0000000000
90761  38.724  33.979  16.884 0.0000000000
90760  39.516  34.360  16.567 0.0000000000
90158  38.901  33.951  16.001 0.0000000000
89603  39.131  32.699  14.084 0.0000000000
90178  38.749  33.173  14.766 0.0000000000
87817  50.502  28.405  6.093 0.0000000000
109810  50.716  28.517  6.738 0.0000000000
88503  48.490  30.048  2.985 0.0000000000
88488  48.834  29.937  3.479 0.0000000000
88504  47.922  30.335  2.644 0.0000000000
88489  48.233  30.384  3.518 0.0000000000
109589  47.173  30.754  2.326 0.0000000000
88517  46.826  30.635  1.566 0.0000000000
87855  45.697  30.708  0.432 0.0000000000
87864  44.309  30.840  -0.950 0.0000000000
87872  43.745  30.540  -1.732 0.0000000000
85598  44.591  25.632  10.865 0.0000000000
84919  44.293  24.818  10.613 0.0000000000
84244  42.530  24.271  7.648 0.0000000000
84243  43.338  24.449  8.091 0.0000000000
84933  42.921  24.935  7.220 0.0000000000
84932  43.741  25.143  7.614 0.0000000000
125473  49.000  24.464  -0.784 0.0000000000
84293  48.128  24.432  -0.348 0.0000000000
83631  48.505  24.734  -2.976 0.0000000000
84308  48.694  25.409  -2.144 0.0000000000
84315  48.642  25.448  -2.992 0.0000000000
111610  47.115  26.231  -2.800 0.0000000000
84326  48.031  25.890  -3.758 0.0000000000
85009  47.125  26.143  -4.406 0.0000000000
82944  45.590  23.046  -1.585 0.0000000000
83622  45.680  23.535  -2.294 0.0000000000
82945  44.710  23.048  -1.292 0.0000000000
82180  45.018  21.970  -0.195 0.0000000000
80593  45.347  19.723  0.005 0.0000000000
88987  38.035  30.299  20.334 0.0000000000
88995  37.599  30.902  19.417 0.0000000000
88355  37.499  30.402  18.896 0.0000000000
87745  38.160  30.257  17.162 0.0000000000
87744  38.556  30.072  16.527 0.0000000000
87731  38.589  29.850  17.247 0.0000000000
86386  49.784  27.117  7.936 0.0000000000
114785  49.787  27.460  6.915 0.0000000000
86413  49.064  28.076  5.286 0.0000000000
86406  48.198  27.514  6.150 0.0000000000
82114  41.967  20.991  6.109 0.0000000000
82124  42.169  21.497  5.461 0.0000000000
82123  43.072  21.012  5.107 0.0000000000
82133  45.396  21.202  4.050 0.0000000000
82147  44.922  21.696  3.564 0.0000000000
82888  45.389  22.125  3.008 0.0000000000
82887  46.308  22.091  2.928 0.0000000000
82132  48.065  21.203  4.097 0.0000000000
82143  48.831  21.742  3.429 0.0000000000
82910  50.026  22.304  1.360 0.0000000000
122041  47.662  22.611  2.130 0.0000000000
83592  49.091  23.255  0.501 0.0000000000
83591  49.639  22.735  0.668 0.0000000000
81399  49.110  21.169  0.207 0.0000000000
81406  48.645  21.494  -0.419 0.0000000000
82177  48.500  22.078  -0.828 0.0000000000
90779  43.369  34.678  14.356 0.0000000000
90796  43.875  34.132  13.839 0.0000000000
89599  43.922  32.800  13.063 0.0000000000
89612  43.500  32.102  12.734 0.0000000000
90758  41.071  34.885  15.936 0.0000000000
91397  41.699  35.066  15.635 0.0000000000
90175  41.251  33.753  14.110 0.0000000000
127838  41.981  30.591  12.184 0.0000000000
89032  42.148  31.296  12.452 0.0000000000
88398  42.711  30.682  12.139 0.0000000000
88409  43.151  30.032  11.818 0.0000000000
87775  42.674  29.322  11.608 0.0000000000
87107  43.016  28.438  11.349 0.0000000000
84910  41.715  25.752  11.014 0.0000000000
110954  42.374  24.779  10.815 0.0000000000
84231  42.937  23.858  10.491 0.0000000000
84232  41.971  23.958  10.813 0.0000000000
88999  37.434  31.674  17.674 0.0000000000
89565  37.514  32.547  17.428 0.0000000000
89001  37.415  31.991  16.732 0.0000000000
114491  38.073  30.267  14.252 0.0000000000
88377  37.732  31.503  14.993 0.0000000000
87753  38.359  29.488  13.630 0.0000000000
88386  38.350  30.405  13.604 0.0000000000
87767  38.656  28.994  12.859 0.0000000000
85570  39.246  26.726  14.326 0.0000000000
84896  39.324  25.178  13.798 0.0000000000
113167  39.428  24.048  12.073 0.0000000000
84902  39.079  25.613  12.391 0.0000000000
85588  39.233  26.685  11.966 0.0000000000
84912  39.319  25.991  11.902 0.0000000000
128020  39.861  25.687  11.551 0.0000000000
84226  39.985  24.094  11.517 0.0000000000
82100  40.581  21.349  10.391 0.0000000000
82850  40.908  22.413  10.681 0.0000000000
82853  41.180  22.007  9.926 0.0000000000
82106  40.899  21.079  8.760 0.0000000000
112993  41.210  20.903  7.575 0.0000000000
82105  41.026  20.796  8.286 0.0000000000
80516  42.016  19.124  8.409 0.0000000000
80528  41.854  19.637  7.906 0.0000000000
80527  43.364  19.138  7.341 0.0000000000
117895  43.868  19.377  6.725 0.0000000000
80526  44.301  18.946  7.135 0.0000000000
78881  43.658  17.846  10.458 0.0000000000
78892  45.228  17.855  8.898 0.0000000000
109759  46.254  18.302  8.010 0.0000000000
88330  39.185  29.112  22.295 0.0000000000
87035  37.306  27.914  20.538 0.0000000000
87028  36.670  27.810  20.845 0.0000000000
88443  47.455  30.490  7.537 0.0000000000
88424  46.977  31.006  8.256 0.0000000000
88444  46.543  30.840  7.593 0.0000000000
88479  44.397  30.571  5.484 0.0000000000
88480  43.394  30.472  5.646 0.0000000000
109287  42.935  30.529  4.809 0.0000000000
88508  42.315  31.096  2.148 0.0000000000
109281  42.112  30.776  3.075 0.0000000000
88521  40.465  30.594  2.131 0.0000000000
88530  40.858  30.686  1.109 0.0000000000
88519  44.748  31.402  0.832 0.0000000000
109280  43.483  31.415  1.587 0.0000000000
88528  43.049  31.458  0.046 0.0000000000
87875  40.921  29.749  -0.888 0.0000000000
87866  40.667  30.046  -0.024 0.0000000000
87867  40.206  29.565  0.576 0.0000000000
86450  39.626  27.658  0.619 0.0000000000
86449  40.084  28.222  -0.025 0.0000000000
84990  40.685  25.867  -1.181 0.0000000000
89609  46.119  32.133  12.725 0.0000000000
87771  46.879  29.086  11.883 0.0000000000
88394  46.633  30.466  12.247 0.0000000000
87096  47.672  28.747  12.011 0.0000000000
86361  47.647  27.237  11.560 0.0000000000
84917  45.740  25.069  10.504 0.0000000000
85582  45.935  26.161  11.111 0.0000000000
127247  46.095  25.516  10.783 0.0000000000
85610  46.212  25.644  8.460 0.0000000000
84922  46.830  25.337  10.062 0.0000000000
85605  47.178  25.598  9.496 0.0000000000
85595  48.068  26.193  10.475 0.0000000000
85608  47.883  26.114  9.025 0.0000000000
86415  45.361  27.427  5.356 0.0000000000
86408  45.951  27.147  6.144 0.0000000000
120165  46.629  27.716  5.279 0.0000000000
86424  45.250  28.274  3.695 0.0000000000
82876  42.089  22.280  4.825 0.0000000000
83563  41.421  23.193  5.881 0.0000000000
83570  42.023  23.015  4.123 0.0000000000
83586  42.716  23.832  2.672 0.0000000000
83577  41.735  23.949  3.896 0.0000000000
84271  41.655  24.810  3.738 0.0000000000
84959  41.718  25.476  4.328 0.0000000000
84278  41.827  25.127  2.977 0.0000000000
84295  45.435  24.484  0.284 0.0000000000
84296  44.272  24.925  0.432 0.0000000000
84982  42.997  26.428  0.825 0.0000000000
84297  43.319  25.600  0.781 0.0000000000
84974  42.559  26.132  1.498 0.0000000000
84971  41.834  26.070  2.999 0.0000000000
115219  42.189  26.835  2.806 0.0000000000
86425  42.731  27.065  4.042 0.0000000000
86438  42.610  27.275  2.129 0.0000000000
87176  43.371  28.061  1.208 0.0000000000
86437  43.214  27.916  2.190 0.0000000000
87162  44.552  28.573  2.387 0.0000000000
112581  44.255  28.724  1.491 0.0000000000
86454  43.497  29.011  -2.666 0.0000000000
86461  43.132  28.861  -3.171 0.0000000000
87194  43.279  29.636  -2.682 0.0000000000
84328  45.143  25.553  -4.884 0.0000000000
85018  44.825  27.037  -5.145 0.0000000000
85011  44.358  26.213  -4.964 0.0000000000
84321  42.620  25.112  -3.211 0.0000000000
84330  43.286  25.865  -4.289 0.0000000000
85003  42.427  26.099  -3.606 0.0000000000
84311  41.438  24.731  -1.821 0.0000000000
82935  41.510  22.950  -0.491 0.0000000000
83615  41.348  23.440  -0.858 0.0000000000
81389  43.938  20.216  1.190 0.0000000000
79745  43.813  18.914  1.539 0.0000000000
88497  39.402  30.159  4.214 0.0000000000
90742  39.722  34.351  18.459 0.0000000000
90149  39.095  33.773  18.820 0.0000000000
90753  38.676  33.903  17.640 0.0000000000
90159  38.153  33.475  16.319 0.0000000000
87145  49.600  28.686  4.777 0.0000000000
124941  49.611  29.042  4.525 0.0000000000
87151  49.191  29.110  4.079 0.0000000000
87832  48.641  29.652  3.369 0.0000000000
87838  48.089  29.971  2.600 0.0000000000
87848  46.969  30.216  1.578 0.0000000000
83536  43.496  23.637  10.109 0.0000000000
84235  44.034  23.850  9.859 0.0000000000
83544  43.471  23.567  9.707 0.0000000000
84240  42.961  23.873  8.438 0.0000000000
82941  49.384  23.512  -1.167 0.0000000000
83619  49.286  24.020  -1.692 0.0000000000
83620  48.718  23.990  -2.264 0.0000000000
83621  47.673  23.934  -2.734 0.0000000000
82179  45.817  21.864  -0.603 0.0000000000
82167  45.475  21.381  -0.118 0.0000000000
80599  45.886  19.668  -0.554 0.0000000000
87715  37.760  28.614  20.187 0.0000000000
87724  37.668  29.331  19.245 0.0000000000
111896  50.884  27.410  9.105 0.0000000000
86381  49.947  26.986  9.006 0.0000000000
128757  49.166  27.121  7.531 0.0000000000
81356  44.222  20.209  5.499 0.0000000000
81369  44.069  20.719  4.920 0.0000000000
119576  44.726  20.338  5.196 0.0000000000
81368  44.992  20.700  4.642 0.0000000000
118772  46.296  21.198  3.940 0.0000000000
82884  50.338  22.043  2.650 0.0000000000
81385  50.665  21.636  2.297 0.0000000000
82157  50.488  21.953  1.860 0.0000000000
82158  50.068  22.062  1.026 0.0000000000
82919  49.719  22.557  0.483 0.0000000000
81398  49.773  21.593  0.751 0.0000000000
91409  42.854  35.134  14.892 0.0000000000
90199  40.769  33.023  13.666 0.0000000000
112868  41.447  32.630  13.283 0.0000000000
89602  40.788  32.209  13.178 0.0000000000
88399  41.386  30.904  12.383 0.0000000000
87776  41.775  29.323  11.683 0.0000000000
118127  42.187  28.738  11.464 0.0000000000
87108  41.376  28.534  11.500 0.0000000000
86367  41.105  27.651  11.371 0.0000000000
130699  41.270  26.328  11.167 0.0000000000
88373  37.947  30.510  15.661 0.0000000000
88374  37.674  31.143  15.699 0.0000000000
110266  38.010  30.243  14.877 0.0000000000
87749  38.222  29.674  14.457 0.0000000000
119920  38.351  28.967  14.057 0.0000000000
82834  39.619  22.559  13.615 0.0000000000
84216  39.339  24.121  13.476 0.0000000000
83525  39.298  23.240  13.165 0.0000000000
83531  39.410  23.080  12.331 0.0000000000
82846  39.730  22.426  11.753 0.0000000000
83534  39.806  23.240  11.684 0.0000000000
113275  40.197  21.883  11.152 0.0000000000
81322  40.559  20.581  9.853 0.0000000000
80518  40.818  20.285  8.999 0.0000000000
80517  41.068  19.352  9.412 0.0000000000
79689  41.774  18.896  9.060 0.0000000000
79688  42.686  18.610  8.691 0.0000000000
130861  44.907  17.598  10.145 0.0000000000
78886  46.630  17.837  9.300 0.0000000000
112865  48.582  30.126  5.362 0.0000000000
88463  47.105  30.473  5.999 0.0000000000
109282  43.173  31.102  2.876 0.0000000000
88536  42.848  31.343  -0.633 0.0000000000
87191  40.557  28.728  -0.860 0.0000000000
85675  40.670  27.084  -1.358 0.0000000000
89610  45.230  32.165  12.720 0.0000000000
89028  45.624  31.464  12.448 0.0000000000
87762  46.212  29.786  11.947 0.0000000000
111559  46.227  28.854  11.693 0.0000000000
84927  45.005  24.712  8.854 0.0000000000
84923  46.015  24.895  10.012 0.0000000000
84930  45.415  25.422  8.212 0.0000000000
85615  45.832  26.126  7.587 0.0000000000
85614  46.705  26.315  7.772 0.0000000000
85626  45.466  26.559  6.795 0.0000000000
85636  45.155  26.886  6.152 0.0000000000
86416  44.327  27.292  5.014 0.0000000000
82890  43.574  22.536  3.328 0.0000000000
82891  42.761  22.832  3.524 0.0000000000
83575  43.133  23.151  2.953 0.0000000000
126453  43.448  23.518  2.445 0.0000000000
84276  43.257  24.149  1.958 0.0000000000
84988  46.019  25.713  -1.571 0.0000000000
84304  45.026  25.250  -0.399 0.0000000000
85662  42.752  26.881  1.146 0.0000000000
85666  43.178  27.073  0.396 0.0000000000
86448  43.505  27.945  -0.316 0.0000000000
85681  43.712  28.434  -3.400 0.0000000000
83636  42.887  24.357  -2.583 0.0000000000
84310  42.079  24.507  -2.252 0.0000000000
83614  41.959  23.409  -0.967 0.0000000000
87095  48.704  28.251  12.076 0.0000000000
88512  38.710  30.039  3.652 0.0000000000
91388  40.926  35.007  16.742 0.0000000000
90766  40.530  34.480  15.447 0.0000000000
90767  39.716  34.255  15.711 0.0000000000
90162  39.993  34.045  14.932 0.0000000000
90200  39.918  33.082  13.962 0.0000000000
112139  39.855  32.383  13.535 0.0000000000
88401  39.483  30.250  12.591 0.0000000000
86348  39.752  28.067  15.114 0.0000000000
85566  39.977  27.018  14.908 0.0000000000
84895  40.116  25.233  14.609 0.0000000000
127348  40.124  22.730  14.294 0.0000000000
82083  40.012  21.867  14.019 0.0000000000
82089  39.935  21.125  13.608 0.0000000000
80488  40.525  19.339  12.482 0.0000000000
79662  41.150  18.693  11.491 0.0000000000
87808  49.925  29.256  6.647 0.0000000000
87826  49.607  29.383  4.855 0.0000000000
88491  46.286  31.098  3.256 0.0000000000
88505  46.298  31.143  2.160 0.0000000000
128238  45.375  31.334  1.237 0.0000000000
88518  45.766  31.047  0.549 0.0000000000
88535  43.952  31.290  -0.660 0.0000000000
88542  43.555  31.106  -1.372 0.0000000000
87879  42.506  30.146  -2.393 0.0000000000
86364  44.511  27.529  11.241 0.0000000000
111135  44.860  28.235  11.420 0.0000000000
84918  45.041  24.913  10.609 0.0000000000
84230  45.240  24.601  10.226 0.0000000000
84234  44.666  24.191  10.044 0.0000000000
84238  44.506  24.190  9.459 0.0000000000
84940  43.362  25.578  6.751 0.0000000000
85629  42.988  25.953  5.944 0.0000000000
83605  47.426  23.935  0.368 0.0000000000
84294  46.923  24.570  -0.224 0.0000000000
84303  47.025  25.243  -1.039 0.0000000000
120947  49.060  24.832  -1.512 0.0000000000
84309  47.714  25.711  -1.937 0.0000000000
85002  46.494  26.681  -3.633 0.0000000000
85687  45.841  27.046  -4.281 0.0000000000
85686  46.522  26.656  -4.450 0.0000000000
84327  46.438  25.664  -4.783 0.0000000000
84319  45.744  24.710  -4.126 0.0000000000
83633  46.450  24.119  -3.144 0.0000000000
83634  45.022  23.976  -2.863 0.0000000000
83623  44.250  23.600  -1.919 0.0000000000
82181  44.181  22.018  0.135 0.0000000000
81388  44.712  20.215  0.641 0.0000000000
78948  44.538  18.521  0.692 0.0000000000
89557  37.620  31.859  19.104 0.0000000000
88997  37.449  31.326  18.559 0.0000000000
109212  37.556  31.200  17.141 0.0000000000
88365  37.809  30.733  16.580 0.0000000000
87747  39.648  29.455  15.967 0.0000000000
87122  51.422  28.036  7.870 0.0000000000
87131  50.882  28.137  6.772 0.0000000000
86392  50.717  27.719  7.121 0.0000000000
86404  50.444  28.053  6.100 0.0000000000
115354  49.873  28.305  5.452 0.0000000000
87146  48.775  28.528  4.469 0.0000000000
86414  47.596  28.362  4.343 0.0000000000
82857  41.160  22.173  7.768 0.0000000000
116690  41.325  22.592  7.273 0.0000000000
82135  43.542  21.427  4.436 0.0000000000
82889  44.497  22.290  3.125 0.0000000000
82903  45.005  22.624  2.534 0.0000000000
83582  46.253  22.935  1.875 0.0000000000
81366  46.899  20.810  4.372 0.0000000000
129333  47.112  21.269  3.850 0.0000000000
82145  46.749  21.650  3.413 0.0000000000
82885  49.401  22.137  2.798 0.0000000000
127469  48.375  22.025  2.971 0.0000000000
82886  47.423  22.143  2.808 0.0000000000
82901  46.756  22.534  2.333 0.0000000000
82913  47.255  22.947  1.645 0.0000000000
83594  46.753  23.417  1.180 0.0000000000
83593  47.940  23.417  0.874 0.0000000000
130429  49.424  23.666  -0.608 0.0000000000
82927  49.542  22.856  -0.282 0.0000000000
83611  49.453  23.457  -0.672 0.0000000000
121920  47.603  21.390  -0.743 0.0000000000
81408  46.983  20.433  -0.624 0.0000000000
80597  47.026  19.678  -0.699 0.0000000000
89598  44.797  32.838  13.041 0.0000000000
88396  44.447  30.822  12.109 0.0000000000
88408  44.087  30.041  11.832 0.0000000000
90764  42.056  34.927  15.030 0.0000000000
90197  42.591  33.348  13.516 0.0000000000
90198  41.734  33.241  13.595 0.0000000000
89601  42.190  32.669  13.169 0.0000000000
89600  43.048  32.733  13.110 0.0000000000
89031  43.086  31.395  12.418 0.0000000000
88397  43.569  30.749  12.099 0.0000000000
86365  43.673  27.737  11.213 0.0000000000
85599  43.671  25.647  10.819 0.0000000000
86366  42.075  27.952  11.279 0.0000000000
85585  43.035  26.475  10.954 0.0000000000
112316  43.413  24.631  10.623 0.0000000000
83542  42.444  23.016  9.539 0.0000000000
90151  37.738  32.973  18.024 0.0000000000
89567  37.595  32.830  16.609 0.0000000000
89575  37.784  32.794  15.758 0.0000000000
89010  37.545  31.935  15.805 0.0000000000
89576  37.833  32.271  15.069 0.0000000000
114551  38.167  32.875  15.079 0.0000000000
89604  38.555  31.886  13.923 0.0000000000
88385  38.916  30.730  13.089 0.0000000000
87766  39.248  29.407  12.447 0.0000000000
86350  39.349  27.433  14.638 0.0000000000
86351  38.841  27.414  14.163 0.0000000000
86353  38.609  27.539  13.484 0.0000000000
84217  38.931  25.342  12.980 0.0000000000
85576  38.688  26.930  12.913 0.0000000000
86356  38.634  27.654  12.938 0.0000000000
87098  38.792  28.165  12.633 0.0000000000
87097  39.124  28.690  12.347 0.0000000000
87778  39.825  28.891  12.001 0.0000000000
86368  40.133  27.430  11.541 0.0000000000
84911  40.697  25.874  11.243 0.0000000000
83539  40.590  23.241  11.188 0.0000000000
116652  40.952  24.041  11.110 0.0000000000
82849  41.788  22.692  10.248 0.0000000000
82852  41.743  22.543  9.512 0.0000000000
82855  41.312  22.290  8.520 0.0000000000
82108  41.271  21.743  7.150 0.0000000000
81342  41.550  20.949  6.764 0.0000000000
81341  42.317  20.326  6.536 0.0000000000
81328  41.275  20.235  8.093 0.0000000000
80539  42.457  19.669  7.248 0.0000000000
124588  43.111  20.184  6.116 0.0000000000
81340  43.906  19.809  6.071 0.0000000000
80537  44.604  19.343  6.481 0.0000000000
80536  45.521  19.329  6.316 0.0000000000
79669  42.124  18.354  10.454 0.0000000000
79678  42.365  18.438  9.614 0.0000000000
79687  43.705  18.320  8.564 0.0000000000
121299  44.348  17.719  9.923 0.0000000000
78888  44.384  17.893  9.126 0.0000000000
79686  44.596  18.203  8.350 0.0000000000
79696  44.852  18.522  7.621 0.0000000000
79703  46.057  18.878  6.843 0.0000000000
89546  38.626  31.943  20.489 0.0000000000
88986  38.535  30.864  20.886 0.0000000000
88338  38.155  29.004  20.789 0.0000000000
87708  38.500  28.589  21.824 0.0000000000
87036  36.788  27.683  20.213 0.0000000000
109580  46.201  30.675  6.883 0.0000000000
88445  45.273  30.749  7.003 0.0000000000
88446  44.330  30.772  7.135 0.0000000000
88481  42.442  30.400  5.704 0.0000000000
109286  41.958  30.410  4.795 0.0000000000
88495  41.363  30.491  3.742 0.0000000000
87858  39.821  29.586  1.274 0.0000000000
88507  44.361  31.410  2.003 0.0000000000
88529  41.925  31.179  0.386 0.0000000000
87857  40.460  30.141  0.814 0.0000000000
85667  40.148  26.566  -0.418 0.0000000000
89027  46.562  31.296  12.488 0.0000000000
113360  47.899  30.194  12.462 0.0000000000
87760  48.215  29.365  12.337 0.0000000000
108798  48.530  27.346  11.604 0.0000000000
86363  45.651  27.376  11.349 0.0000000000
121117  46.225  28.071  11.538 0.0000000000
86362  46.737  27.297  11.488 0.0000000000
116937  46.433  25.347  10.461 0.0000000000
85596  46.750  25.857  10.957 0.0000000000
85581  47.268  26.511  11.269 0.0000000000
85580  48.186  26.630  11.141 0.0000000000
85603  49.050  26.540  9.898 0.0000000000
86394  47.360  26.982  7.041 0.0000000000
87154  46.497  28.927  2.862 0.0000000000
83555  41.455  23.274  6.777 0.0000000000
84253  41.568  24.096  6.207 0.0000000000
83571  41.586  23.680  4.584 0.0000000000
84942  41.850  24.957  5.970 0.0000000000
84951  41.704  25.196  5.183 0.0000000000
84958  41.997  25.813  4.975 0.0000000000
85639  42.565  26.236  5.217 0.0000000000
84283  45.276  23.904  0.990 0.0000000000
84284  44.549  24.238  0.993 0.0000000000
84286  42.787  25.074  1.629 0.0000000000
85645  42.160  26.350  4.409 0.0000000000
85644  42.847  26.743  4.757 0.0000000000
86417  43.493  27.210  4.553 0.0000000000
117706  44.294  27.736  4.188 0.0000000000
86429  44.376  28.180  3.294 0.0000000000
87161  45.386  28.754  2.606 0.0000000000
87175  45.496  29.987  0.406 0.0000000000
87182  44.247  30.081  -1.124 0.0000000000
87189  43.787  28.965  -1.118 0.0000000000
87878  43.291  30.210  -2.420 0.0000000000
87195  42.839  29.642  -2.806 0.0000000000
87196  42.027  29.467  -2.547 0.0000000000
128966  44.896  27.419  -4.899 0.0000000000
85695  44.219  27.657  -4.633 0.0000000000
86471  43.291  27.622  -4.325 0.0000000000
85697  42.955  26.802  -4.320 0.0000000000
86467  42.769  28.218  -3.733 0.0000000000
86468  41.813  27.734  -3.004 0.0000000000
85682  41.186  26.715  -2.112 0.0000000000
84312  40.962  25.001  -1.372 0.0000000000
83627  40.961  24.254  -1.158 0.0000000000
78880  44.668  17.641  10.715 0.0000000000
79651  40.984  18.845  12.269 0.0000000000
79670  41.349  18.656  10.705 0.0000000000
79697  43.997  18.604  7.814 0.0000000000
79698  42.570  19.108  7.908 0.0000000000
80495  40.080  20.069  11.361 0.0000000000
80508  40.585  19.829  9.931 0.0000000000
81300  39.883  20.505  13.092 0.0000000000
81301  39.582  21.152  13.049 0.0000000000
81305  40.010  19.990  12.307 0.0000000000
81357  43.508  20.425  5.580 0.0000000000
82102  41.090  21.780  9.083 0.0000000000
82837  39.336  22.408  12.865 0.0000000000
82843  39.477  22.226  12.266 0.0000000000
82864  41.411  22.475  6.472 0.0000000000
82877  41.571  23.049  5.023 0.0000000000
82899  49.843  22.342  2.098 0.0000000000
82928  49.406  22.959  -0.815 0.0000000000
83522  39.688  23.413  13.922 0.0000000000
83537  42.934  23.363  10.159 0.0000000000
83545  42.869  23.391  9.151 0.0000000000
83583  45.488  22.917  2.085 0.0000000000
83585  44.059  23.562  2.019 0.0000000000
83597  44.038  24.025  1.529 0.0000000000
83603  49.214  23.840  -0.399 0.0000000000
83632  47.652  24.699  -3.606 0.0000000000
84221  39.163  24.781  12.482 0.0000000000
84261  41.587  24.552  5.468 0.0000000000
84270  41.999  24.276  3.127 0.0000000000
84317  47.494  25.496  -4.168 0.0000000000
84329  44.091  25.384  -4.447 0.0000000000
84334  45.722  26.188  -5.144 0.0000000000
84897  39.120  26.055  13.953 0.0000000000
84899  38.957  25.854  13.437 0.0000000000
84903  38.820  26.121  12.915 0.0000000000
84916  47.172  25.701  10.504 0.0000000000
84926  45.786  24.969  9.165 0.0000000000
84950  42.229  25.605  5.624 0.0000000000
84965  41.725  25.505  3.557 0.0000000000
85010  46.159  26.443  -4.883 0.0000000000
85017  45.143  26.376  -5.222 0.0000000000
85587  39.865  26.533  11.564 0.0000000000
85597  45.438  25.552  10.867 0.0000000000
85604  47.585  25.723  9.991 0.0000000000
85612  48.625  26.753  8.104 0.0000000000
85656  42.197  26.488  2.235 0.0000000000
85688  44.956  27.585  -4.349 0.0000000000
85694  45.571  27.068  -4.909 0.0000000000
86355  38.959  27.282  12.372 0.0000000000
86360  49.075  27.031  11.211 0.0000000000
87106  44.043  28.426  11.386 0.0000000000
87110  39.435  28.007  11.952 0.0000000000
87772  45.537  29.320  11.711 0.0000000000
87865  41.410  30.554  -0.696 0.0000000000
88400  40.476  30.587  12.426 0.0000000000
89023  38.532  31.142  13.589 0.0000000000
89029  44.795  31.504  12.432 0.0000000000
89562  37.947  32.739  18.746 0.0000000000
89587  38.369  32.488  14.539 0.0000000000
89611  44.366  32.153  12.719 0.0000000000
90156  37.999  33.409  17.317 0.0000000000
90176  40.379  33.619  14.303 0.0000000000
90177  39.539  33.435  14.517 0.0000000000
90196  43.461  33.430  13.460 0.0000000000
90741  40.556  34.814  18.388 0.0000000000
90743  39.030  34.033  18.155 0.0000000000
90759  40.309  34.653  16.248 0.0000000000
90765  41.303  34.687  15.205 0.0000000000
90780  42.503  34.530  14.428 0.0000000000
90781  41.669  34.371  14.551 0.0000000000
113408  41.032  23.700  -0.900 0.0000000000
114067  42.807  27.278  1.459 0.0000000000
114655  42.359  23.285  10.411 0.0000000000
115991  45.039  17.663  9.641 0.0000000000
117755  40.338  20.503  13.653 0.0000000000
118260  43.493  27.626  3.695 0.0000000000
119163  38.040  31.852  14.512 0.0000000000
123539  39.231  31.599  13.354 0.0000000000
126812  39.062  24.659  13.071 0.0000000000
128851  44.041  21.546  0.508 0.0000000000
130231  41.517  31.411  12.584 0.0000000000
131060  43.540  23.988  10.369 0.0000000000
