#!ascii label  , from subject sub-v2s0x30144_ses-1 vox2ras=TkReg
819
92841  47.637  37.494  5.938 0.0000000000
94825  51.379  41.310  5.742 0.0000000000
90804  54.909  33.561  11.271 0.0000000000
92164  42.109  36.996  8.046 0.0000000000
90822  44.929  34.778  9.722 0.0000000000
92239  49.140  36.395  -0.569 0.0000000000
95429  45.088  42.366  7.202 0.0000000000
95476  45.440  41.683  3.008 0.0000000000
128031  51.279  34.844  14.573 0.0000000000
87786  51.349  28.668  9.412 0.0000000000
91495  53.853  34.949  2.852 0.0000000000
92147  51.632  35.638  8.206 0.0000000000
93499  52.567  38.064  8.516 0.0000000000
94161  51.362  39.750  13.550 0.0000000000
97696  46.477  46.120  0.408 0.0000000000
94862  50.692  40.488  1.217 0.0000000000
89628  48.058  32.290  10.148 0.0000000000
92831  45.345  37.505  7.103 0.0000000000
92143  43.656  36.058  9.232 0.0000000000
92819  46.739  37.268  8.312 0.0000000000
92908  48.888  36.937  2.317 0.0000000000
110430  45.112  37.504  4.075 0.0000000000
97161  41.323  44.108  5.990 0.0000000000
109924  48.944  35.199  14.613 0.0000000000
88383  50.085  30.523  13.265 0.0000000000
89022  47.960  31.947  12.959 0.0000000000
98239  49.695  46.929  -2.032 0.0000000000
94212  53.309  39.019  3.848 0.0000000000
124439  54.099  36.669  5.501 0.0000000000
94199  52.314  40.329  6.182 0.0000000000
94795  46.554  40.522  11.870 0.0000000000
94792  49.273  40.642  11.644 0.0000000000
94164  47.181  39.938  13.853 0.0000000000
127891  50.462  39.502  16.135 0.0000000000
94833  47.841  40.799  4.274 0.0000000000
95474  47.778  41.356  2.312 0.0000000000
129097  50.571  40.245  3.038 0.0000000000
110600  52.771  37.622  1.497 0.0000000000
90812  54.318  33.964  9.650 0.0000000000
114385  49.587  34.412  10.623 0.0000000000
90207  52.906  32.910  11.050 0.0000000000
89634  42.669  32.928  9.104 0.0000000000
89638  44.012  32.221  8.727 0.0000000000
93585  50.249  38.438  -2.760 0.0000000000
92965  47.040  37.766  -1.221 0.0000000000
95437  48.380  42.419  6.460 0.0000000000
96050  50.393  43.024  7.670 0.0000000000
121856  39.309  44.474  2.185 0.0000000000
96687  42.249  43.711  1.585 0.0000000000
109578  44.867  41.214  5.324 0.0000000000
90791  53.657  33.788  13.809 0.0000000000
89038  53.865  31.031  11.809 0.0000000000
88390  53.080  29.467  12.824 0.0000000000
126753  51.586  27.747  10.101 0.0000000000
92196  50.772  36.120  4.440 0.0000000000
117239  49.799  36.887  6.976 0.0000000000
91474  53.350  34.721  5.777 0.0000000000
91448  54.661  34.858  7.538 0.0000000000
92802  53.872  36.449  9.581 0.0000000000
94811  50.969  40.756  8.761 0.0000000000
110132  52.032  38.917  11.121 0.0000000000
92795  52.802  37.109  12.630 0.0000000000
127239  51.427  37.466  14.281 0.0000000000
92787  50.340  37.691  16.040 0.0000000000
98787  47.045  48.577  -0.087 0.0000000000
97692  50.425  46.192  0.035 0.0000000000
121796  48.919  43.158  0.809 0.0000000000
120654  50.876  41.923  -0.575 0.0000000000
125752  51.411  37.855  -0.618 0.0000000000
92220  51.514  35.143  0.504 0.0000000000
92139  48.531  36.323  9.405 0.0000000000
90221  46.651  33.166  9.868 0.0000000000
89079  44.813  31.183  7.717 0.0000000000
88415  49.440  30.177  9.502 0.0000000000
92842  46.417  37.525  6.374 0.0000000000
112861  46.004  37.438  7.770 0.0000000000
92830  46.819  37.474  7.294 0.0000000000
92877  48.069  37.431  4.341 0.0000000000
110432  46.706  37.487  3.995 0.0000000000
92879  46.526  37.509  4.733 0.0000000000
109261  45.193  37.514  5.434 0.0000000000
91404  47.418  35.523  14.822 0.0000000000
90191  48.470  33.673  13.776 0.0000000000
90775  47.003  34.856  14.284 0.0000000000
88449  41.564  30.651  7.303 0.0000000000
94204  52.478  40.346  4.833 0.0000000000
124840  52.686  40.059  5.511 0.0000000000
94824  51.915  41.113  5.807 0.0000000000
94173  45.389  39.762  13.065 0.0000000000
94783  46.872  40.197  12.620 0.0000000000
94831  49.935  40.853  4.732 0.0000000000
94839  49.252  40.605  3.645 0.0000000000
94830  51.075  40.842  4.815 0.0000000000
94213  51.956  39.836  3.469 0.0000000000
123265  54.981  34.121  9.780 0.0000000000
90212  53.719  33.464  10.489 0.0000000000
90206  54.346  32.889  11.121 0.0000000000
92157  40.620  36.061  8.484 0.0000000000
91453  41.359  35.813  8.855 0.0000000000
91443  44.320  35.461  9.519 0.0000000000
90824  43.283  34.415  9.403 0.0000000000
90224  43.819  33.808  9.425 0.0000000000
89639  43.097  32.258  8.748 0.0000000000
122588  44.333  33.338  9.370 0.0000000000
92962  49.888  37.067  -1.983 0.0000000000
93573  48.522  37.750  -2.283 0.0000000000
115720  48.304  37.051  -1.204 0.0000000000
110344  42.982  37.416  6.797 0.0000000000
92835  41.343  37.033  7.400 0.0000000000
96069  46.574  42.351  6.890 0.0000000000
96059  47.665  43.400  7.498 0.0000000000
96649  46.046  43.562  7.914 0.0000000000
96063  43.416  42.186  6.920 0.0000000000
95443  42.380  41.889  6.025 0.0000000000
95440  44.749  41.737  6.658 0.0000000000
109750  46.153  41.594  6.261 0.0000000000
90170  52.857  33.881  14.272 0.0000000000
89591  53.414  31.970  13.872 0.0000000000
89592  52.200  31.950  14.080 0.0000000000
88391  49.657  29.826  12.885 0.0000000000
87093  51.047  28.206  12.122 0.0000000000
86359  50.107  27.183  10.908 0.0000000000
92195  52.168  35.226  3.782 0.0000000000
111994  51.990  35.409  4.869 0.0000000000
91490  53.430  34.793  4.324 0.0000000000
92826  53.490  37.364  6.897 0.0000000000
92837  54.403  36.130  6.314 0.0000000000
92815  54.244  36.252  8.074 0.0000000000
92136  54.519  35.751  8.620 0.0000000000
92810  53.488  37.095  8.866 0.0000000000
96041  49.337  42.981  8.869 0.0000000000
95422  50.838  42.402  7.899 0.0000000000
95417  49.720  42.132  9.262 0.0000000000
94791  50.181  40.432  12.261 0.0000000000
129983  50.878  40.260  11.143 0.0000000000
94171  51.562  39.589  12.533 0.0000000000
93488  52.334  38.384  11.814 0.0000000000
116500  52.084  38.178  13.151 0.0000000000
92113  52.564  36.744  13.485 0.0000000000
93483  51.566  38.224  13.807 0.0000000000
94127  49.879  39.463  17.401 0.0000000000
130728  50.627  38.935  16.387 0.0000000000
98780  47.042  48.161  0.197 0.0000000000
98212  49.151  47.719  0.116 0.0000000000
97694  48.631  46.047  0.468 0.0000000000
96675  43.470  43.036  2.217 0.0000000000
96685  44.059  43.492  1.593 0.0000000000
96099  45.545  42.858  1.782 0.0000000000
95472  49.337  41.173  1.840 0.0000000000
96096  48.748  42.304  1.265 0.0000000000
95487  50.401  41.746  0.565 0.0000000000
96101  50.542  42.663  0.143 0.0000000000
116372  50.863  41.003  -0.188 0.0000000000
94885  50.989  40.012  -0.877 0.0000000000
94243  51.146  38.978  -0.393 0.0000000000
92922  53.517  36.027  1.648 0.0000000000
92923  52.873  35.720  0.714 0.0000000000
92210  52.655  34.899  1.614 0.0000000000
92211  51.563  35.285  2.134 0.0000000000
92162  50.693  36.257  8.009 0.0000000000
92149  49.252  36.767  8.358 0.0000000000
91438  50.238  35.920  9.316 0.0000000000
90215  49.014  33.404  10.700 0.0000000000
90216  48.160  33.614  10.460 0.0000000000
89629  47.243  32.588  9.859 0.0000000000
89053  45.968  31.950  8.891 0.0000000000
125987  46.658  31.504  8.742 0.0000000000
88412  52.283  29.348  10.874 0.0000000000
89044  52.203  30.416  11.142 0.0000000000
87782  50.553  29.429  9.557 0.0000000000
92833  43.675  37.393  7.518 0.0000000000
112010  43.000  36.338  8.951 0.0000000000
92821  44.350  37.265  8.194 0.0000000000
92141  45.214  36.671  9.131 0.0000000000
114183  46.036  36.463  9.388 0.0000000000
92925  48.422  37.004  1.404 0.0000000000
92845  43.808  37.494  6.527 0.0000000000
91402  49.946  35.406  14.743 0.0000000000
90189  50.402  32.914  13.980 0.0000000000
90190  49.291  33.115  13.751 0.0000000000
130557  48.667  31.477  13.068 0.0000000000
92890  54.087  36.790  3.535 0.0000000000
92874  54.315  36.096  4.051 0.0000000000
92854  53.736  37.679  5.001 0.0000000000
93506  52.787  39.296  5.992 0.0000000000
93507  52.283  39.487  6.794 0.0000000000
125804  47.237  40.928  11.158 0.0000000000
94804  48.825  41.047  10.788 0.0000000000
94794  47.485  40.476  12.042 0.0000000000
94773  48.643  40.356  13.218 0.0000000000
94772  49.736  40.368  13.721 0.0000000000
94163  50.534  40.142  14.495 0.0000000000
94151  48.878  40.260  14.965 0.0000000000
94129  48.153  39.970  16.430 0.0000000000
116070  47.735  39.744  17.347 0.0000000000
97697  44.933  45.519  0.278 0.0000000000
95466  46.532  41.129  3.512 0.0000000000
96089  46.152  41.791  2.499 0.0000000000
94852  48.399  40.805  2.884 0.0000000000
94851  49.367  40.725  2.584 0.0000000000
116171  50.802  40.108  1.858 0.0000000000
109797  51.204  39.460  0.932 0.0000000000
94224  52.014  39.242  2.508 0.0000000000
119307  53.428  38.175  2.919 0.0000000000
91436  54.040  34.351  8.747 0.0000000000
91429  51.004  35.203  9.898 0.0000000000
90813  52.098  34.458  10.099 0.0000000000
90214  49.983  33.476  10.880 0.0000000000
89623  49.409  32.607  10.735 0.0000000000
87130  51.210  28.093  7.296 0.0000000000
87793  49.981  29.280  7.675 0.0000000000
90230  40.881  33.013  9.083 0.0000000000
109720  42.688  34.943  9.339 0.0000000000
90226  42.240  33.664  9.273 0.0000000000
89641  41.292  32.271  8.768 0.0000000000
89061  41.697  31.623  8.360 0.0000000000
89082  42.083  31.114  7.853 0.0000000000
89081  42.979  31.144  7.828 0.0000000000
94905  50.293  39.818  -3.246 0.0000000000
129566  48.162  39.283  -2.837 0.0000000000
95446  50.081  41.932  6.033 0.0000000000
95434  50.990  42.306  6.755 0.0000000000
96067  49.219  43.244  6.982 0.0000000000
96637  48.878  43.759  8.068 0.0000000000
96043  47.521  43.084  9.421 0.0000000000
96034  46.373  42.207  10.198 0.0000000000
95399  45.320  41.088  11.178 0.0000000000
96678  40.847  43.746  2.175 0.0000000000
96093  41.899  43.022  2.827 0.0000000000
96084  43.048  42.261  3.520 0.0000000000
95468  44.650  41.628  3.676 0.0000000000
95458  46.580  40.989  4.651 0.0000000000
95448  47.785  41.514  5.713 0.0000000000
90805  54.510  33.814  12.344 0.0000000000
90205  54.625  32.879  11.583 0.0000000000
89606  54.606  31.843  12.700 0.0000000000
88388  54.159  30.548  12.630 0.0000000000
87770  52.763  28.813  11.298 0.0000000000
88382  51.257  30.297  13.472 0.0000000000
87092  52.075  28.340  11.960 0.0000000000
87111  51.767  28.046  9.857 0.0000000000
112227  48.823  37.269  4.767 0.0000000000
92840  48.511  37.384  6.359 0.0000000000
124332  50.039  36.674  5.234 0.0000000000
92170  50.870  36.235  6.534 0.0000000000
91463  52.907  34.929  6.581 0.0000000000
91472  54.478  34.949  5.585 0.0000000000
91461  54.624  34.938  6.517 0.0000000000
91449  54.180  34.518  7.802 0.0000000000
90819  54.662  34.631  8.277 0.0000000000
108871  54.977  34.571  9.322 0.0000000000
108587  54.787  35.108  10.030 0.0000000000
94821  51.357  41.921  6.824 0.0000000000
94810  51.352  40.809  7.757 0.0000000000
94190  51.452  39.730  8.688 0.0000000000
124623  50.440  40.599  10.530 0.0000000000
94185  51.205  40.038  9.639 0.0000000000
93493  52.547  38.021  9.345 0.0000000000
110562  52.983  37.579  9.958 0.0000000000
129047  53.328  36.785  11.383 0.0000000000
92117  53.880  35.488  12.027 0.0000000000
91412  53.526  35.412  13.142 0.0000000000
92106  52.627  36.105  14.154 0.0000000000
92107  51.981  36.041  14.584 0.0000000000
93480  51.110  38.644  15.105 0.0000000000
92786  50.783  38.117  15.638 0.0000000000
92109  50.433  36.325  15.094 0.0000000000
92110  49.408  36.049  15.080 0.0000000000
114546  48.483  48.174  -0.608 0.0000000000
98210  50.544  46.670  -0.726 0.0000000000
117230  51.016  44.876  -1.552 0.0000000000
96097  47.165  42.683  1.462 0.0000000000
97204  47.963  44.959  0.569 0.0000000000
112192  49.779  44.088  0.477 0.0000000000
129652  50.879  43.939  -0.633 0.0000000000
119727  51.011  42.062  -1.629 0.0000000000
94894  51.072  39.954  -2.133 0.0000000000
93560  50.908  37.849  -1.759 0.0000000000
92950  50.793  36.169  -1.248 0.0000000000
93544  51.669  38.163  0.227 0.0000000000
92937  51.577  36.069  -0.839 0.0000000000
92230  50.694  35.486  -0.107 0.0000000000
92907  49.846  36.277  1.998 0.0000000000
92891  49.428  36.773  3.017 0.0000000000
92828  48.434  37.303  7.367 0.0000000000
115049  47.514  36.453  9.391 0.0000000000
91441  47.188  35.735  9.887 0.0000000000
91431  49.293  35.267  10.250 0.0000000000
91433  47.683  35.066  10.211 0.0000000000
111012  45.462  34.032  9.778 0.0000000000
89631  45.453  32.623  9.260 0.0000000000
89058  44.395  31.638  8.295 0.0000000000
89618  53.529  31.979  11.498 0.0000000000
89046  49.773  31.594  10.629 0.0000000000
89049  49.068  31.094  10.120 0.0000000000
88422  48.959  29.964  8.572 0.0000000000
89056  47.349  31.253  8.967 0.0000000000
89596  46.591  32.810  13.096 0.0000000000
88393  47.301  30.705  12.445 0.0000000000
109262  46.854  37.520  5.655 0.0000000000
110346  47.093  37.512  6.454 0.0000000000
92857  47.414  37.486  5.039 0.0000000000
92878  47.203  37.485  4.337 0.0000000000
94829  51.973  40.837  5.218 0.0000000000
94201  52.411  40.542  5.336 0.0000000000
94826  50.549  41.358  5.539 0.0000000000
94837  51.948  40.396  4.408 0.0000000000
90210  55.091  33.787  10.445 0.0000000000
90211  54.755  33.641  10.413 0.0000000000
124858  54.880  33.403  10.855 0.0000000000
92156  41.360  36.519  8.282 0.0000000000
91452  42.204  36.299  8.794 0.0000000000
90823  44.057  34.605  9.554 0.0000000000
115145  44.595  33.974  9.598 0.0000000000
92951  49.770  36.459  -1.390 0.0000000000
92963  48.966  37.027  -1.797 0.0000000000
92952  48.859  36.674  -1.152 0.0000000000
108759  42.156  37.305  7.094 0.0000000000
96061  45.894  42.706  7.316 0.0000000000
122184  45.381  43.089  7.576 0.0000000000
95430  44.245  42.227  7.124 0.0000000000
95441  43.919  41.669  6.475 0.0000000000
95439  45.607  41.924  6.790 0.0000000000
90771  51.945  34.452  14.464 0.0000000000
89585  52.583  32.859  14.203 0.0000000000
90171  51.783  33.600  14.347 0.0000000000
87094  49.894  28.184  12.176 0.0000000000
91496  53.368  34.852  3.161 0.0000000000
91489  54.026  34.856  3.584 0.0000000000
93504  52.520  38.438  7.510 0.0000000000
92816  53.478  37.237  7.867 0.0000000000
95418  48.889  42.297  9.558 0.0000000000
94172  50.910  40.193  12.881 0.0000000000
93485  52.084  38.734  12.558 0.0000000000
93482  51.844  39.027  13.357 0.0000000000
94109  49.430  39.473  18.031 0.0000000000
98204  45.596  46.367  0.183 0.0000000000
98203  46.373  47.377  0.186 0.0000000000
98202  47.213  47.148  0.379 0.0000000000
98201  48.269  47.195  0.389 0.0000000000
97695  47.534  46.045  0.479 0.0000000000
96091  44.111  42.581  2.540 0.0000000000
117664  44.828  42.670  2.185 0.0000000000
96090  45.479  42.236  2.352 0.0000000000
95479  50.117  41.191  1.330 0.0000000000
96095  49.489  41.795  1.319 0.0000000000
95486  50.649  40.967  0.680 0.0000000000
94875  50.936  40.187  0.256 0.0000000000
92209  53.812  35.389  2.421 0.0000000000
92218  53.213  35.202  1.503 0.0000000000
91503  53.399  34.891  2.244 0.0000000000
92202  52.437  35.015  2.637 0.0000000000
92148  50.752  36.030  8.667 0.0000000000
89624  48.529  32.808  10.493 0.0000000000
89625  47.842  32.934  10.277 0.0000000000
89052  46.877  31.951  9.261 0.0000000000
89051  47.664  31.762  9.636 0.0000000000
87781  51.450  29.215  10.183 0.0000000000
92832  44.510  37.469  7.287 0.0000000000
114884  45.853  37.119  8.667 0.0000000000
92153  45.033  37.109  8.571 0.0000000000
92909  47.888  37.347  2.587 0.0000000000
110431  45.942  37.499  3.939 0.0000000000
92894  46.539  37.479  3.356 0.0000000000
92844  44.690  37.505  6.201 0.0000000000
90773  49.501  34.561  14.391 0.0000000000
90173  49.173  33.913  14.049 0.0000000000
129150  48.159  32.488  13.238 0.0000000000
89594  48.803  32.240  13.354 0.0000000000
88392  48.671  30.048  12.661 0.0000000000
89025  48.127  30.960  12.717 0.0000000000
98240  48.500  47.248  -1.748 0.0000000000
128801  48.062  46.597  -2.962 0.0000000000
110030  53.732  37.848  3.604 0.0000000000
92875  53.971  37.291  4.234 0.0000000000
93514  53.501  38.556  4.422 0.0000000000
93508  53.172  38.980  5.211 0.0000000000
110133  52.827  38.501  6.614 0.0000000000
95398  46.205  41.026  11.197 0.0000000000
94774  47.194  40.055  13.217 0.0000000000
94782  47.731  40.269  12.834 0.0000000000
94765  47.881  40.200  13.584 0.0000000000
94764  48.786  40.319  14.078 0.0000000000
94150  49.738  40.295  14.703 0.0000000000
129000  47.963  40.153  14.366 0.0000000000
129858  48.090  40.063  15.738 0.0000000000
94130  46.919  39.673  16.266 0.0000000000
94834  46.976  40.908  4.101 0.0000000000
94841  47.468  40.929  3.308 0.0000000000
94840  48.300  40.715  3.682 0.0000000000
109995  50.057  40.441  3.234 0.0000000000
94850  50.322  40.413  2.546 0.0000000000
94234  51.395  39.461  1.910 0.0000000000
94225  51.121  39.929  2.716 0.0000000000
111615  52.703  39.830  4.133 0.0000000000
93523  52.782  39.157  3.193 0.0000000000
91437  52.439  34.786  9.335 0.0000000000
90820  53.280  34.265  9.599 0.0000000000
90213  52.278  33.768  10.622 0.0000000000
90208  51.378  33.215  11.026 0.0000000000
89620  50.647  32.275  11.000 0.0000000000
90231  39.962  33.095  9.101 0.0000000000
90227  41.383  33.750  9.221 0.0000000000
92144  42.832  35.739  9.205 0.0000000000
90225  43.053  33.652  9.294 0.0000000000
90825  42.637  34.248  9.345 0.0000000000
89635  41.778  32.954  9.091 0.0000000000
89640  42.191  32.262  8.751 0.0000000000
89060  42.590  31.642  8.325 0.0000000000
89059  43.485  31.648  8.307 0.0000000000
121804  50.965  40.480  -2.715 0.0000000000
94271  50.709  39.530  -2.860 0.0000000000
93574  47.488  38.047  -1.948 0.0000000000
93587  48.067  38.657  -2.583 0.0000000000
93575  46.584  38.347  -1.509 0.0000000000
95447  48.959  41.759  5.874 0.0000000000
95436  49.608  42.567  6.486 0.0000000000
96647  47.973  43.794  8.063 0.0000000000
96053  48.017  43.627  8.671 0.0000000000
96044  46.525  43.052  9.675 0.0000000000
95410  45.890  41.661  10.641 0.0000000000
97198  39.774  44.485  1.507 0.0000000000
97187  39.998  44.081  2.178 0.0000000000
96671  41.053  43.319  2.865 0.0000000000
96086  41.318  42.902  3.552 0.0000000000
96092  42.749  42.760  2.819 0.0000000000
95451  43.786  41.454  5.587 0.0000000000
95460  44.199  41.430  4.624 0.0000000000
95469  43.677  41.775  3.994 0.0000000000
110162  45.012  41.265  4.415 0.0000000000
95459  45.794  41.072  4.747 0.0000000000
95438  47.184  41.888  6.325 0.0000000000
90790  53.787  34.388  13.326 0.0000000000
90186  54.636  32.354  12.700 0.0000000000
90187  54.356  33.143  13.115 0.0000000000
88380  53.680  30.321  13.130 0.0000000000
88379  54.244  30.733  13.006 0.0000000000
87756  53.273  29.071  11.987 0.0000000000
89020  50.525  31.281  13.581 0.0000000000
120832  50.999  32.057  13.873 0.0000000000
87100  51.661  27.946  11.376 0.0000000000
87758  51.500  28.784  12.634 0.0000000000
130461  52.319  28.343  11.267 0.0000000000
86380  51.364  27.872  8.351 0.0000000000
86374  51.440  27.807  9.344 0.0000000000
92197  49.624  36.884  4.618 0.0000000000
91485  53.008  34.812  5.217 0.0000000000
92182  52.056  35.422  5.882 0.0000000000
128914  51.757  35.623  6.591 0.0000000000
92853  54.255  36.395  4.847 0.0000000000
92181  54.450  35.353  4.729 0.0000000000
92169  54.558  35.604  5.560 0.0000000000
92160  54.725  35.276  6.900 0.0000000000
127221  54.714  35.243  6.207 0.0000000000
91462  54.207  34.645  6.927 0.0000000000
127716  54.735  35.317  9.280 0.0000000000
92131  54.162  35.966  10.097 0.0000000000
96056  50.506  42.888  7.120 0.0000000000
95428  50.977  42.527  7.235 0.0000000000
95416  50.518  41.714  8.841 0.0000000000
120364  51.041  41.604  8.126 0.0000000000
94803  49.694  40.911  10.702 0.0000000000
94178  51.459  39.704  11.381 0.0000000000
94182  51.070  40.159  10.489 0.0000000000
94181  51.576  39.466  10.431 0.0000000000
94184  51.623  39.317  9.634 0.0000000000
93490  52.138  38.586  10.111 0.0000000000
93487  52.598  38.011  10.938 0.0000000000
92797  52.894  37.451  11.740 0.0000000000
108602  53.338  36.575  11.985 0.0000000000
92124  53.885  35.962  11.008 0.0000000000
92118  53.229  36.275  12.887 0.0000000000
92793  51.917  37.450  13.626 0.0000000000
92114  51.974  36.745  14.195 0.0000000000
123946  50.378  40.023  15.260 0.0000000000
94149  50.930  39.519  15.105 0.0000000000
92781  50.586  38.458  16.336 0.0000000000
92099  50.720  37.230  15.414 0.0000000000
92100  49.930  36.876  15.618 0.0000000000
98788  46.242  48.351  -0.577 0.0000000000
98789  45.085  48.351  -0.799 0.0000000000
98797  47.678  48.566  -0.231 0.0000000000
97711  49.941  46.993  0.115 0.0000000000
98211  49.998  47.291  -0.257 0.0000000000
124287  50.379  46.738  -0.225 0.0000000000
97725  50.926  45.945  -1.173 0.0000000000
124662  50.926  45.445  -0.820 0.0000000000
96088  46.965  41.892  2.042 0.0000000000
95481  47.856  42.059  1.638 0.0000000000
113355  48.083  42.702  1.219 0.0000000000
96103  47.822  43.333  0.952 0.0000000000
96692  48.494  44.064  0.655 0.0000000000
97203  49.144  45.029  0.516 0.0000000000
122394  50.594  43.571  0.015 0.0000000000
96105  50.955  43.001  -0.867 0.0000000000
95493  51.036  41.036  -1.318 0.0000000000
128804  51.146  38.112  -1.136 0.0000000000
94252  51.042  38.900  -1.503 0.0000000000
92961  50.543  36.983  -1.676 0.0000000000
93552  51.227  37.055  -1.199 0.0000000000
94233  52.028  38.512  1.425 0.0000000000
93543  52.497  37.092  0.534 0.0000000000
92228  52.317  35.250  0.131 0.0000000000
92936  52.248  35.971  -0.167 0.0000000000
92229  51.670  35.413  -0.367 0.0000000000
92237  51.047  35.641  -0.790 0.0000000000
92221  50.257  35.730  0.929 0.0000000000
112909  50.887  35.512  1.560 0.0000000000
92203  51.160  35.704  3.243 0.0000000000
92212  50.435  36.061  2.635 0.0000000000
92204  50.033  36.499  3.684 0.0000000000
92876  49.062  37.140  3.975 0.0000000000
111995  49.300  37.167  6.395 0.0000000000
92827  49.155  37.072  7.634 0.0000000000
92138  49.339  36.397  9.064 0.0000000000
124917  48.726  36.712  8.765 0.0000000000
91440  48.012  35.785  9.895 0.0000000000
119141  49.993  35.526  9.952 0.0000000000
91430  50.134  35.021  10.339 0.0000000000
90217  47.299  33.421  10.159 0.0000000000
90815  48.230  34.472  10.428 0.0000000000
90816  47.438  34.244  10.278 0.0000000000
90218  46.483  33.988  10.024 0.0000000000
90223  45.045  33.313  9.485 0.0000000000
90222  45.892  33.267  9.675 0.0000000000
89057  45.324  31.564  8.297 0.0000000000
89637  44.945  32.119  8.774 0.0000000000
89080  43.885  31.168  7.794 0.0000000000
89617  54.399  31.895  11.898 0.0000000000
89039  52.786  31.185  11.410 0.0000000000
88413  50.260  30.380  10.317 0.0000000000
89045  50.910  31.091  10.832 0.0000000000
87808  49.925  29.256  6.647 0.0000000000
88442  48.715  29.867  7.401 0.0000000000
110345  46.044  37.524  6.986 0.0000000000
92892  48.443  37.283  3.325 0.0000000000
92893  47.395  37.457  3.562 0.0000000000
92859  45.590  37.517  4.728 0.0000000000
92858  46.029  37.524  5.509 0.0000000000
92843  45.615  37.518  6.250 0.0000000000
91403  48.389  35.768  14.971 0.0000000000
90774  48.605  34.417  14.171 0.0000000000
113222  47.982  35.017  14.406 0.0000000000
90792  47.642  34.157  13.884 0.0000000000
89595  47.555  32.751  13.213 0.0000000000
94203  52.962  39.735  4.760 0.0000000000
131061  52.231  40.736  5.800 0.0000000000
122497  51.791  41.168  6.362 0.0000000000
94784  45.969  40.125  12.490 0.0000000000
94165  46.391  39.841  13.288 0.0000000000
94832  48.841  40.812  4.514 0.0000000000
113064  50.250  40.544  4.089 0.0000000000
94838  50.987  40.295  3.705 0.0000000000
91444  43.467  35.212  9.410 0.0000000000
89633  43.644  32.953  9.163 0.0000000000
93571  50.410  37.734  -2.212 0.0000000000
93572  49.586  37.637  -2.402 0.0000000000
92964  47.955  37.431  -1.593 0.0000000000
109068  42.279  37.424  6.097 0.0000000000
92846  41.413  37.310  6.394 0.0000000000
111572  40.604  36.607  7.750 0.0000000000
96068  47.525  42.704  6.885 0.0000000000
127399  47.109  42.923  7.169 0.0000000000
96060  46.720  43.158  7.468 0.0000000000
128818  42.143  42.820  6.569 0.0000000000
96071  41.800  42.462  6.068 0.0000000000
95442  43.082  41.733  6.252 0.0000000000
123167  44.488  41.393  6.053 0.0000000000
95450  45.729  41.233  5.612 0.0000000000
113553  45.252  41.405  6.158 0.0000000000
125344  53.271  34.482  14.036 0.0000000000
90188  53.669  32.957  13.860 0.0000000000
89018  53.006  31.034  13.736 0.0000000000
87752  50.788  29.569  13.098 0.0000000000
116641  50.330  28.905  12.638 0.0000000000
87101  50.606  27.681  11.543 0.0000000000
86358  51.247  27.607  10.756 0.0000000000
92838  53.404  37.801  5.896 0.0000000000
92825  54.415  36.161  7.302 0.0000000000
92146  54.770  35.310  7.767 0.0000000000
96051  49.608  43.417  8.140 0.0000000000
95423  50.142  42.738  8.422 0.0000000000
94802  50.246  40.523  11.362 0.0000000000
94179  50.936  40.226  11.945 0.0000000000
123921  51.927  39.094  11.896 0.0000000000
92796  52.431  37.916  12.503 0.0000000000
129658  52.371  37.495  13.082 0.0000000000
129854  51.269  38.224  14.465 0.0000000000
109179  49.853  39.899  16.518 0.0000000000
127956  50.216  39.471  16.823 0.0000000000
93476  50.373  38.916  17.002 0.0000000000
98213  45.620  47.696  -0.233 0.0000000000
98781  46.510  48.234  -0.019 0.0000000000
98786  47.697  48.455  0.071 0.0000000000
123685  47.698  47.906  0.293 0.0000000000
114561  49.183  46.899  0.328 0.0000000000
97693  49.678  46.114  0.347 0.0000000000
96686  43.143  43.606  1.579 0.0000000000
96674  44.263  42.998  2.024 0.0000000000
96684  44.854  43.254  1.678 0.0000000000
95480  48.602  41.626  1.745 0.0000000000
96102  49.702  42.499  0.822 0.0000000000
96691  49.945  43.210  0.521 0.0000000000
93542  53.080  36.692  1.237 0.0000000000
92219  52.538  35.000  0.806 0.0000000000
126371  51.915  34.981  1.212 0.0000000000
123570  50.503  36.440  7.335 0.0000000000
92163  49.878  36.710  7.827 0.0000000000
92137  49.996  36.410  8.572 0.0000000000
91439  49.344  35.899  9.694 0.0000000000
127881  49.329  33.845  10.750 0.0000000000
90814  48.837  34.074  10.652 0.0000000000
89630  46.343  32.574  9.482 0.0000000000
121626  46.178  31.333  8.261 0.0000000000
120482  53.335  30.280  11.622 0.0000000000
118045  51.398  30.107  10.685 0.0000000000
92834  42.876  37.258  7.759 0.0000000000
92823  42.860  36.842  8.477 0.0000000000
92822  43.535  37.145  8.266 0.0000000000
92155  43.502  36.677  8.786 0.0000000000
118240  44.035  36.560  8.977 0.0000000000
92820  45.185  37.377  7.980 0.0000000000
92154  44.525  36.854  8.829 0.0000000000
92142  44.509  36.242  9.285 0.0000000000
91442  45.313  35.754  9.623 0.0000000000
92222  49.505  36.192  0.333 0.0000000000
92938  48.454  36.843  0.307 0.0000000000
92926  47.633  37.255  0.861 0.0000000000
124292  47.063  37.458  2.830 0.0000000000
92860  44.502  37.510  5.338 0.0000000000
109260  43.891  37.504  5.609 0.0000000000
96660  41.844  43.451  6.460 0.0000000000
96659  42.604  43.328  6.975 0.0000000000
96064  43.128  42.843  7.138 0.0000000000
90772  50.452  34.718  14.548 0.0000000000
90172  50.912  33.449  14.266 0.0000000000
111045  50.077  33.820  14.218 0.0000000000
89593  49.881  32.190  13.633 0.0000000000
89021  49.470  31.418  13.326 0.0000000000
88384  49.081  30.729  12.991 0.0000000000
87759  49.214  29.090  12.511 0.0000000000
92889  54.214  35.813  3.226 0.0000000000
92201  54.099  35.126  3.155 0.0000000000
95408  47.576  41.604  10.414 0.0000000000
95407  48.443  41.619  10.215 0.0000000000
128878  48.042  41.113  10.783 0.0000000000
94793  48.196  40.729  11.434 0.0000000000
94781  48.434  40.471  12.333 0.0000000000
94780  49.403  40.444  12.723 0.0000000000
94771  50.213  40.357  13.080 0.0000000000
94162  50.747  40.217  13.705 0.0000000000
94148  51.109  39.835  14.267 0.0000000000
94138  49.799  40.161  15.632 0.0000000000
94139  48.900  40.162  15.910 0.0000000000
94128  49.230  39.991  16.792 0.0000000000
115757  48.950  39.849  17.395 0.0000000000
130824  48.784  39.685  18.041 0.0000000000
110580  45.688  45.262  0.483 0.0000000000
123499  46.101  41.412  3.090 0.0000000000
95475  46.803  41.368  2.758 0.0000000000
95473  48.654  41.114  2.237 0.0000000000
94863  50.093  40.718  1.934 0.0000000000
93534  52.766  38.388  2.270 0.0000000000
93533  53.315  37.296  2.023 0.0000000000
92906  53.853  36.740  2.702 0.0000000000
91450  52.811  34.878  8.438 0.0000000000
91451  51.447  35.521  9.048 0.0000000000
117257  50.879  34.328  10.632 0.0000000000
111749  53.120  33.956  10.101 0.0000000000
89047  48.816  32.005  10.415 0.0000000000
87792  51.085  28.470  7.895 0.0000000000
108619  51.028  28.736  8.856 0.0000000000
89642  40.378  32.288  8.835 0.0000000000
91445  42.048  35.439  9.172 0.0000000000
126376  41.899  34.548  9.301 0.0000000000
89062  40.791  31.594  8.426 0.0000000000
93586  49.234  38.367  -2.823 0.0000000000
94273  48.850  39.118  -3.061 0.0000000000
109722  48.212  37.002  -0.454 0.0000000000
92953  47.555  37.369  -0.818 0.0000000000
95445  50.858  41.932  6.215 0.0000000000
95435  50.460  42.548  6.640 0.0000000000
96057  49.679  43.379  7.509 0.0000000000
122435  48.335  43.179  7.099 0.0000000000
96058  48.701  43.637  7.585 0.0000000000
96052  48.889  43.511  8.540 0.0000000000
96042  48.472  43.071  9.163 0.0000000000
96033  47.095  42.330  10.022 0.0000000000
95409  46.707  41.587  10.582 0.0000000000
94796  45.623  40.548  11.797 0.0000000000
96688  41.480  43.890  1.587 0.0000000000
96677  41.674  43.472  2.184 0.0000000000
96676  42.531  43.266  2.195 0.0000000000
130834  43.457  42.545  2.844 0.0000000000
96083  43.940  42.141  3.223 0.0000000000
95453  42.089  42.008  5.382 0.0000000000
96078  42.985  41.882  4.220 0.0000000000
95467  45.668  41.267  3.773 0.0000000000
108893  46.290  41.026  4.133 0.0000000000
95449  46.643  41.241  5.494 0.0000000000
95457  47.341  40.973  4.928 0.0000000000
95456  48.362  41.096  5.150 0.0000000000
95455  49.499  41.269  5.339 0.0000000000
90809  54.593  34.406  11.605 0.0000000000
90203  54.749  32.921  12.203 0.0000000000
89616  54.621  32.188  12.295 0.0000000000
89037  54.277  31.077  12.308 0.0000000000
89590  54.361  32.048  13.238 0.0000000000
89016  54.465  31.222  12.818 0.0000000000
88405  53.923  30.347  12.089 0.0000000000
88407  53.009  29.508  11.468 0.0000000000
87780  52.096  28.502  10.615 0.0000000000
89586  51.451  32.805  14.169 0.0000000000
89019  51.735  31.112  13.792 0.0000000000
88381  52.526  30.162  13.467 0.0000000000
87751  51.995  29.398  13.111 0.0000000000
87757  52.544  28.837  12.406 0.0000000000
87091  52.688  28.634  11.769 0.0000000000
87116  51.704  28.337  9.754 0.0000000000
87117  51.506  28.117  8.831 0.0000000000
92856  48.262  37.409  5.322 0.0000000000
92855  49.214  37.188  5.545 0.0000000000
92184  49.972  36.768  6.046 0.0000000000
92183  50.875  36.156  5.514 0.0000000000
92161  51.542  35.782  7.284 0.0000000000
118671  52.919  34.919  7.518 0.0000000000
92194  54.302  35.214  3.852 0.0000000000
91483  54.200  34.916  4.536 0.0000000000
91484  53.989  34.610  5.241 0.0000000000
91473  54.178  34.633  6.060 0.0000000000
90811  54.772  34.506  8.973 0.0000000000
91435  54.890  34.788  8.482 0.0000000000
91428  55.092  34.293  10.082 0.0000000000
91425  54.674  34.869  10.869 0.0000000000
115611  51.386  41.648  6.313 0.0000000000
127042  51.540  41.334  7.033 0.0000000000
94817  51.268  41.915  7.429 0.0000000000
94820  51.811  40.512  6.921 0.0000000000
94196  51.797  39.640  7.647 0.0000000000
93500  51.966  38.915  8.308 0.0000000000
95406  49.282  41.527  10.047 0.0000000000
94807  50.052  41.261  9.817 0.0000000000
94806  50.663  40.737  9.666 0.0000000000
93494  51.961  38.755  9.125 0.0000000000
92803  53.355  36.937  10.695 0.0000000000
115573  54.051  34.717  12.527 0.0000000000
110625  53.076  36.016  13.637 0.0000000000
91413  53.141  35.324  13.963 0.0000000000
90770  52.654  34.872  14.310 0.0000000000
91401  51.939  35.268  14.542 0.0000000000
93479  51.463  39.169  14.295 0.0000000000
93478  50.834  38.883  15.848 0.0000000000
92791  51.103  37.712  14.992 0.0000000000
92108  51.340  36.719  14.881 0.0000000000
115908  51.086  35.634  14.774 0.0000000000
116140  49.328  47.634  -1.099 0.0000000000
98227  49.257  47.806  -0.402 0.0000000000
98226  50.112  47.174  -1.095 0.0000000000
98225  50.647  46.433  -1.438 0.0000000000
117832  51.064  43.732  -2.136 0.0000000000
97205  46.719  44.899  0.611 0.0000000000
96098  46.250  42.400  1.902 0.0000000000
97202  50.181  45.223  0.257 0.0000000000
96690  50.650  44.500  -0.059 0.0000000000
121336  50.945  44.685  -0.778 0.0000000000
115536  51.029  43.862  -1.325 0.0000000000
96107  51.049  42.914  -1.851 0.0000000000
118680  50.989  42.139  -2.291 0.0000000000
94261  50.772  38.718  -2.291 0.0000000000
93551  51.862  36.969  -0.454 0.0000000000
92238  50.151  35.850  -0.733 0.0000000000
92924  49.373  36.451  1.406 0.0000000000
92829  47.700  37.462  6.924 0.0000000000
92818  47.670  37.296  7.983 0.0000000000
92817  48.544  37.076  8.177 0.0000000000
92150  48.049  36.865  8.778 0.0000000000
92151  47.337  36.996  8.748 0.0000000000
92140  46.765  36.280  9.542 0.0000000000
109132  46.334  35.679  9.794 0.0000000000
90821  45.882  34.860  9.914 0.0000000000
124117  48.720  35.727  9.932 0.0000000000
129498  48.867  34.695  10.490 0.0000000000
91432  48.460  35.187  10.256 0.0000000000
90817  46.824  34.937  10.104 0.0000000000
89632  44.566  32.737  9.140 0.0000000000
89619  52.070  32.187  11.236 0.0000000000
89040  51.638  31.469  11.139 0.0000000000
89050  48.345  31.616  9.987 0.0000000000
88421  50.121  29.350  8.733 0.0000000000
88416  48.313  30.894  9.350 0.0000000000
90192  47.050  33.463  13.490 0.0000000000
89608  47.026  32.083  12.818 0.0000000000
89026  47.388  31.420  12.664 0.0000000000
87761  47.251  29.781  12.183 0.0000000000
88389  53.704  29.845  12.418 0.0000000000
88406  53.555  29.728  11.892 0.0000000000
88424  46.977  31.006  8.256 0.0000000000
89017  54.025  31.142  13.333 0.0000000000
89607  54.502  31.636  12.451 0.0000000000
90808  55.064  34.104  10.746 0.0000000000
91400  52.506  35.566  14.332 0.0000000000
92152  46.712  36.827  9.055 0.0000000000
92839  49.041  37.234  6.964 0.0000000000
94140  47.327  39.837  15.489 0.0000000000
94272  49.898  39.085  -3.174 0.0000000000
95477  44.724  42.115  2.810 0.0000000000
95500  51.040  41.239  -2.341 0.0000000000
96070  42.583  42.360  6.616 0.0000000000
97201  50.720  45.397  -0.267 0.0000000000
97710  50.723  46.125  -0.490 0.0000000000
98779  48.285  48.088  0.185 0.0000000000
98796  48.428  48.327  -0.053 0.0000000000
115467  50.979  27.407  10.042 0.0000000000
119143  43.988  36.952  8.614 0.0000000000
125861  50.018  43.082  6.936 0.0000000000
126416  51.043  34.140  14.433 0.0000000000
126433  48.341  32.960  13.461 0.0000000000
127757  47.803  33.411  13.548 0.0000000000
128074  51.923  27.997  10.633 0.0000000000
