#!ascii label  , from subject sub-v2s0x29050_ses-1 vox2ras=TkReg
627
18890  30.173  -52.374  6.834 0.6000000238
14966  26.978  -55.634  13.394 0.6999999881
15784  27.620  -54.986  12.081 0.6999999881
16568  29.886  -54.609  10.749 0.8999999762
17338  29.460  -53.671  9.409 0.8000000119
18112  29.854  -53.038  8.247 0.8000000119
18902  29.784  -52.049  5.802 0.6000000238
18913  29.879  -51.594  4.927 0.6999999881
18912  30.713  -51.428  5.264 0.6999999881
15755  27.096  -55.009  13.272 0.6999999881
112527  26.810  -55.273  14.038 0.6999999881
17305  27.733  -54.441  11.953 0.6999999881
126031  27.983  -54.162  11.398 0.6000000238
16553  28.236  -54.158  10.882 0.6999999881
15801  28.501  -54.563  10.943 0.6999999881
16570  28.588  -54.104  10.373 0.8000000119
17348  28.781  -53.243  8.812 0.8000000119
17347  29.334  -53.316  8.645 0.8000000119
18125  29.504  -52.777  7.445 0.6000000238
19688  31.446  -50.809  4.666 0.6999999881
111351  27.422  -54.497  13.264 0.5000000000
16513  27.247  -54.489  14.213 0.6000000238
17293  27.708  -54.156  12.722 0.4000000060
17292  28.020  -53.712  12.005 0.6000000238
17304  28.267  -53.630  11.025 0.5000000000
17325  28.518  -53.689  10.275 0.6000000238
18862  28.677  -52.688  8.768 0.6999999881
18114  28.781  -52.729  8.045 0.6999999881
18135  28.681  -52.261  6.711 0.6999999881
18923  28.759  -51.293  4.655 0.5000000000
19702  29.105  -50.867  3.973 0.6000000238
19701  30.027  -50.790  3.820 0.6000000238
19689  30.454  -51.147  4.347 0.6000000238
20522  31.971  -49.924  3.835 0.5000000000
17253  28.289  -53.158  14.240 0.5000000000
16502  26.717  -54.828  14.994 0.6000000238
15717  26.100  -55.117  15.570 0.6000000238
17276  27.792  -53.917  13.745 0.5000000000
18081  28.507  -53.110  10.278 0.5000000000
18876  28.789  -51.857  8.967 0.6000000238
19658  28.688  -51.143  7.699 0.6000000238
18891  28.504  -51.727  6.981 0.6000000238
18915  28.348  -51.188  5.609 0.5000000000
18924  28.398  -51.112  5.041 0.5000000000
19703  28.440  -50.591  4.538 0.6000000238
121094  29.277  -49.758  3.748 0.6000000238
121527  30.700  -49.641  3.641 0.5000000000
21326  31.349  -49.203  3.840 0.5000000000
21325  32.273  -48.899  3.922 0.5000000000
17234  27.001  -53.981  15.263 0.5000000000
16483  26.238  -54.271  15.749 0.5000000000
18054  28.710  -52.930  12.622 0.5000000000
18053  29.095  -52.337  12.062 0.4000000060
18828  29.349  -51.520  11.046 0.3000000119
19644  29.314  -50.764  9.443 0.3000000119
119429  29.643  -50.048  10.180 0.3000000119
18861  29.123  -51.543  9.754 0.5000000000
115658  28.943  -51.156  8.487 0.5000000000
19680  28.273  -50.422  5.889 0.5000000000
19690  28.242  -50.688  5.167 0.5000000000
20524  28.440  -49.722  4.479 0.6000000238
20536  28.787  -49.388  4.070 0.6000000238
20535  29.965  -49.711  3.619 0.5000000000
21315  30.661  -48.468  4.262 0.5000000000
21314  31.671  -48.557  4.301 0.5000000000
18015  27.986  -52.729  15.061 0.5000000000
18014  28.629  -52.288  14.556 0.5000000000
18802  29.456  -51.323  13.330 0.5000000000
115264  29.558  -50.931  12.575 0.4000000060
18817  29.429  -51.528  11.888 0.5000000000
19610  29.596  -50.627  11.636 0.4000000060
21262  29.838  -49.166  10.412 0.3000000119
20492  29.556  -49.356  8.655 0.3000000119
19667  29.030  -50.087  7.805 0.4000000060
19668  28.478  -50.762  6.890 0.5000000000
20509  28.259  -49.280  5.759 0.4000000060
21328  29.412  -49.158  3.905 0.5000000000
21316  29.536  -48.284  4.218 0.5000000000
22126  30.112  -47.596  4.535 0.5000000000
22124  32.550  -48.341  4.325 0.5000000000
116009  31.938  -48.018  4.771 0.4000000060
22125  31.125  -47.920  4.783 0.5000000000
17997  28.179  -51.823  15.181 0.5000000000
18786  28.894  -51.412  14.743 0.5000000000
19590  29.552  -50.396  13.360 0.5000000000
19597  29.608  -50.120  12.538 0.4000000060
106347  29.670  -49.653  11.858 0.4000000060
21274  29.897  -48.811  9.470 0.3000000119
21300  29.327  -48.823  7.727 0.4000000060
21301  28.689  -48.541  6.566 0.4000000060
20502  28.655  -49.648  6.776 0.4000000060
111624  28.367  -48.035  4.924 0.5000000000
21311  28.481  -48.851  4.578 0.6000000238
22798  30.817  -47.153  5.138 0.5000000000
19583  29.048  -50.521  14.846 0.4000000060
20443  29.633  -49.356  12.727 0.4000000060
19582  29.427  -50.042  14.230 0.4000000060
21248  29.688  -48.843  11.967 0.4000000060
111853  29.876  -48.459  11.167 0.4000000060
106026  30.075  -47.971  9.272 0.4000000060
21289  29.799  -47.870  8.303 0.4000000060
120321  29.786  -48.554  8.698 0.4000000060
106887  29.223  -47.753  7.290 0.4000000060
21308  28.319  -48.260  5.573 0.5000000000
22116  28.332  -47.310  5.363 0.5000000000
22120  28.488  -47.121  4.858 0.6000000238
22127  29.210  -47.205  4.389 0.5000000000
23454  29.169  -45.950  4.572 0.4000000060
22799  29.720  -46.550  4.668 0.4000000060
20430  29.081  -49.634  14.893 0.4000000060
121641  29.615  -48.975  13.388 0.4000000060
20429  29.450  -49.085  14.203 0.4000000060
22064  29.792  -47.980  12.005 0.4000000060
108550  30.068  -48.185  10.237 0.4000000060
22108  28.573  -47.530  6.267 0.4000000060
22794  28.410  -46.477  5.171 0.4000000060
22128  28.768  -46.827  4.599 0.6000000238
21234  29.586  -48.338  13.660 0.4000000060
21240  29.663  -48.503  12.794 0.4000000060
22077  30.072  -47.452  11.068 0.4000000060
104890  30.228  -47.280  9.955 0.4000000060
22765  30.033  -46.297  8.575 0.5000000000
22107  29.711  -46.985  7.923 0.4000000060
116050  29.020  -46.803  6.954 0.3000000119
111985  28.586  -45.819  4.956 0.4000000060
123215  28.580  -46.449  4.835 0.5000000000
20418  28.528  -49.342  15.281 0.4000000060
22743  30.271  -46.522  10.602 0.4000000060
22755  30.304  -46.412  9.560 0.3000000119
23402  30.207  -45.724  9.155 0.3000000119
22775  29.477  -46.094  7.620 0.3000000119
22776  28.764  -45.912  6.675 0.3000000119
23449  28.626  -44.988  5.178 0.4000000060
24177  28.842  -44.308  5.006 0.4000000060
119228  29.517  -47.624  14.056 0.3000000119
22055  29.677  -47.562  13.008 0.3000000119
119089  29.908  -47.101  12.050 0.3000000119
22730  30.105  -46.648  11.425 0.3000000119
23386  30.348  -45.521  10.131 0.3000000119
24125  30.062  -44.960  9.167 0.3000000119
23415  29.793  -45.460  8.355 0.4000000060
24136  29.521  -44.582  8.289 0.4000000060
23425  29.116  -45.134  7.363 0.3000000119
23426  28.604  -45.189  6.428 0.3000000119
23439  28.464  -44.731  5.840 0.4000000060
24169  28.621  -44.135  5.494 0.4000000060
25006  28.782  -43.559  5.256 0.4000000060
24961  29.240  -43.736  8.272 0.4000000060
24137  28.951  -44.191  7.494 0.4000000060
117272  28.566  -43.856  6.871 0.3000000119
24158  28.433  -43.954  6.158 0.4000000060
24996  28.473  -43.237  5.850 0.4000000060
107713  28.359  -42.352  5.911 0.4000000060
114973  28.680  -42.868  5.492 0.4000000060
24972  28.682  -43.346  7.463 0.4000000060
24984  28.390  -43.265  6.592 0.5000000000
25834  28.228  -42.537  6.412 0.4000000060
25856  29.061  -42.991  5.130 0.3000000119
25847  28.183  -41.606  5.906 0.3000000119
16569  28.957  -54.524  10.590 0.8000000119
18134  29.228  -52.499  6.632 0.6000000238
18113  29.033  -53.062  8.040 0.6999999881
18126  28.919  -52.636  7.360 0.6999999881
20534  31.334  -49.821  3.696 0.6000000238
117608  28.483  -53.097  11.722 0.4000000060
18062  28.941  -52.317  10.591 0.4000000060
18877  28.611  -52.056  7.997 0.6999999881
18914  28.579  -51.599  5.381 0.6999999881
18038  29.222  -52.158  13.075 0.5000000000
19657  29.285  -50.269  8.692 0.4000000060
120052  28.191  -48.944  5.041 0.6000000238
21317  28.870  -48.681  4.192 0.5000000000
115228  28.713  -47.825  4.504 0.6000000238
22088  30.146  -47.137  8.924 0.3000000119
110275  28.435  -46.599  5.958 0.4000000060
21224  29.363  -48.289  14.408 0.4000000060
24147  28.633  -44.509  6.682 0.3000000119
25846  28.723  -42.110  5.451 0.3000000119
13454  30.695  -58.746  10.364 0.6000000238
12705  30.073  -59.244  10.091 0.6000000238
12733  31.245  -59.226  8.032 0.6000000238
14289  31.779  -57.948  7.485 0.6000000238
125927  28.213  -59.706  9.568 0.5000000000
12706  29.909  -59.164  10.940 0.6000000238
14230  31.082  -57.533  11.801 0.6999999881
113898  30.583  -58.444  11.383 0.6999999881
111873  29.407  -59.493  10.177 0.6000000238
13453  31.355  -58.236  10.153 0.6000000238
13476  31.737  -57.902  9.457 0.6000000238
14274  32.269  -57.094  8.904 0.6000000238
14275  31.819  -57.890  8.392 0.6000000238
14288  32.181  -57.199  7.835 0.6000000238
15840  33.035  -56.045  6.651 0.6999999881
114316  28.250  -59.975  11.027 0.6000000238
13437  29.622  -58.448  12.603 0.6999999881
12708  27.772  -59.939  10.199 0.5000000000
12684  29.899  -58.823  11.884 0.6999999881
118331  29.071  -59.622  10.959 0.6999999881
120051  31.603  -57.355  11.175 0.6999999881
14240  31.261  -58.035  10.921 0.6999999881
14254  32.249  -56.961  10.014 0.5000000000
15024  32.726  -56.326  8.274 0.6000000238
15828  32.978  -55.993  7.501 0.6000000238
15827  33.506  -55.349  7.426 0.6999999881
15839  33.582  -55.503  6.317 0.6999999881
16586  34.593  -54.175  6.502 0.6999999881
116022  37.812  -53.342  1.604 0.4000000060
17368  36.869  -53.371  3.524 0.5000000000
105095  36.374  -53.502  4.349 0.6000000238
17363  35.879  -53.628  5.211 0.6000000238
17360  35.276  -53.672  6.033 0.6999999881
11902  25.731  -60.492  12.316 0.5000000000
11901  26.441  -60.471  12.457 0.5000000000
12650  28.114  -59.300  13.260 0.6000000238
11912  26.270  -60.437  11.560 0.5000000000
13438  28.881  -58.864  12.944 0.6999999881
12668  28.504  -59.632  12.538 0.5000000000
12686  28.010  -60.184  11.938 0.6000000238
14222  29.861  -57.535  12.769 0.6999999881
13436  30.373  -58.078  12.251 0.6999999881
14982  31.529  -56.717  11.579 0.6999999881
14997  32.352  -55.942  10.600 0.6999999881
15817  33.080  -55.474  9.020 0.6000000238
15816  33.514  -54.790  8.548 0.6000000238
16583  33.845  -54.526  7.774 0.6999999881
16587  34.046  -54.762  6.930 0.6999999881
124426  35.467  -53.093  6.560 0.6999999881
126142  36.018  -52.938  6.115 0.6000000238
12634  25.291  -59.705  14.185 0.5000000000
12670  24.309  -60.327  12.646 0.4000000060
12652  26.470  -59.969  13.599 0.5000000000
12653  25.663  -60.168  13.593 0.5000000000
11886  26.904  -60.293  13.014 0.5000000000
13425  27.542  -58.762  13.712 0.6000000238
13424  28.319  -58.352  13.416 0.6000000238
108018  29.118  -56.896  12.985 0.6999999881
14223  29.104  -57.913  13.140 0.6000000238
14963  29.955  -56.589  12.554 0.6999999881
14983  30.840  -56.571  12.159 0.6999999881
15809  32.829  -55.220  9.970 0.6999999881
15008  32.672  -56.185  9.498 0.6999999881
110029  33.822  -53.941  8.363 0.6999999881
17353  34.114  -53.238  8.218 0.8000000119
17357  34.964  -53.277  7.000 0.6999999881
116799  37.042  -52.531  5.140 0.5000000000
18141  36.644  -52.374  5.733 0.6000000238
18133  35.455  -52.501  6.896 0.6000000238
12635  24.335  -59.754  14.335 0.4000000060
13413  25.815  -59.064  14.469 0.6000000238
13426  26.657  -59.110  14.030 0.6000000238
14208  26.990  -58.114  14.041 0.6000000238
14964  28.142  -56.400  12.937 0.6000000238
15752  28.854  -55.847  12.293 0.6000000238
15800  29.361  -55.035  11.239 0.6999999881
14984  30.099  -55.752  11.986 0.6999999881
16567  31.137  -54.662  10.862 0.6999999881
15798  31.645  -55.446  11.129 0.6999999881
16574  31.635  -54.092  10.365 0.8000000119
15797  32.167  -54.894  10.594 0.8000000119
119420  32.813  -53.529  9.585 0.6000000238
119018  33.681  -53.418  8.731 0.6000000238
18123  34.265  -52.335  8.053 0.8000000119
18122  34.852  -52.604  7.457 0.6999999881
18144  37.429  -52.310  4.770 0.5000000000
18140  37.157  -51.985  5.310 0.6000000238
18910  35.919  -51.209  6.270 0.6999999881
18920  37.635  -51.722  4.701 0.6000000238
14199  25.483  -58.340  14.941 0.5000000000
13415  24.161  -59.140  15.115 0.4000000060
12617  22.630  -59.150  15.492 0.4000000060
14198  26.264  -58.261  14.487 0.5000000000
13414  25.003  -59.129  14.822 0.5000000000
125186  27.110  -57.280  13.820 0.6000000238
14949  27.563  -56.859  13.439 0.6000000238
118272  28.040  -55.214  11.878 0.6000000238
125568  29.217  -55.425  11.776 0.6999999881
15799  30.634  -55.202  11.360 0.8000000119
17337  30.866  -53.585  9.818 0.8000000119
17345  31.317  -53.129  9.456 0.6000000238
18110  32.798  -52.393  8.831 0.6000000238
18873  33.454  -52.156  8.424 0.6999999881
18899  33.697  -50.998  7.263 0.6999999881
19677  34.590  -50.494  6.270 0.6999999881
18909  36.598  -51.592  5.830 0.6000000238
19696  35.703  -49.922  5.021 0.6000000238
18921  37.070  -51.199  5.209 0.6000000238
19684  36.297  -50.736  5.602 0.6000000238
14939  26.274  -56.462  14.575 0.5000000000
14200  24.668  -58.419  15.344 0.5000000000
13402  23.837  -58.472  15.649 0.5000000000
13403  23.010  -58.500  15.858 0.5000000000
123915  26.635  -55.876  14.012 0.5000000000
120091  25.910  -57.444  14.861 0.5000000000
14965  27.335  -56.003  13.036 0.6000000238
17346  30.259  -53.319  9.017 0.6999999881
18124  30.572  -52.475  7.841 0.6000000238
18875  31.821  -52.033  8.352 0.6000000238
18888  32.347  -51.487  7.758 0.6000000238
113553  32.869  -50.683  6.439 0.6000000238
19678  33.897  -50.595  6.622 0.6000000238
19685  35.384  -50.462  5.839 0.6999999881
19694  37.652  -50.788  4.534 0.5000000000
20518  36.272  -49.534  4.306 0.4000000060
14940  25.560  -56.714  15.390 0.5000000000
14930  24.648  -56.792  16.031 0.5000000000
14171  23.769  -57.055  16.301 0.5000000000
14172  22.958  -57.084  16.397 0.5000000000
14191  20.739  -57.563  15.873 0.5000000000
118092  19.951  -57.852  15.628 0.5000000000
18901  30.942  -51.647  6.328 0.6000000238
18911  31.728  -51.001  5.788 0.6000000238
19679  32.456  -50.456  5.165 0.4000000060
19698  33.789  -49.782  4.710 0.5000000000
20520  34.065  -49.311  4.007 0.4000000060
20519  35.171  -49.243  4.027 0.4000000060
19697  34.715  -49.667  4.718 0.5000000000
15729  25.879  -55.895  15.362 0.6000000238
15718  25.185  -56.006  15.940 0.5000000000
14916  23.228  -56.426  16.469 0.5000000000
14917  22.587  -56.479  16.454 0.5000000000
14931  21.405  -56.796  16.152 0.5000000000
14933  19.996  -57.039  15.430 0.5000000000
14942  19.410  -56.520  14.903 0.4000000060
14951  18.165  -56.142  14.159 0.5000000000
14952  17.354  -56.298  13.966 0.4000000060
15741  16.029  -55.934  13.312 0.4000000060
14967  15.208  -56.105  13.186 0.4000000060
19699  32.159  -50.241  4.194 0.6000000238
20531  34.505  -48.812  3.627 0.4000000060
15719  24.870  -55.260  16.313 0.5000000000
15702  23.499  -55.738  16.500 0.4000000060
15704  21.999  -56.188  16.367 0.4000000060
15721  21.300  -55.848  15.864 0.5000000000
15730  20.927  -55.227  15.007 0.4000000060
126665  19.623  -55.833  14.548 0.5000000000
15738  19.439  -55.232  13.993 0.4000000060
15739  18.545  -55.415  13.751 0.5000000000
15756  18.042  -54.893  13.176 0.3000000119
15757  17.190  -55.077  12.992 0.3000000119
16534  15.772  -54.781  12.322 0.3000000119
20533  32.362  -49.357  3.848 0.4000000060
16485  24.537  -54.587  16.430 0.5000000000
16468  22.979  -54.948  16.428 0.5000000000
15720  22.114  -55.376  16.232 0.4000000060
111142  26.331  -53.330  15.805 0.4000000060
105127  24.671  -53.897  16.367 0.4000000060
122489  23.728  -54.175  16.410 0.4000000060
18001  23.541  -52.764  15.638 0.4000000060
17998  26.426  -52.401  15.710 0.4000000060
17999  25.405  -52.641  15.996 0.4000000060
116580  24.386  -52.601  15.918 0.4000000060
18774  26.573  -51.525  15.605 0.4000000060
18776  24.740  -51.876  15.622 0.4000000060
18016  23.191  -52.368  14.792 0.4000000060
18040  22.570  -52.805  14.098 0.4000000060
18775  25.656  -51.723  15.701 0.4000000060
18772  28.340  -50.934  15.262 0.3000000119
18787  24.262  -51.354  14.994 0.4000000060
18788  23.614  -51.702  14.475 0.4000000060
122965  23.048  -52.074  13.840 0.4000000060
19573  27.564  -50.390  15.511 0.4000000060
109824  22.557  -52.458  12.953 0.4000000060
18055  22.922  -51.842  12.215 0.4000000060
20419  27.647  -49.443  15.535 0.3000000119
20420  26.709  -49.897  15.562 0.4000000060
119280  26.059  -50.262  15.504 0.4000000060
19585  24.639  -50.656  14.737 0.4000000060
18804  23.986  -50.994  14.069 0.4000000060
126747  23.472  -51.518  13.700 0.4000000060
110309  24.454  -50.359  14.032 0.3000000119
18889  31.271  -51.799  7.364 0.6000000238
14950  26.866  -56.453  13.726 0.5000000000
20521  32.926  -49.643  4.039 0.4000000060
13496  31.383  -58.632  8.703 0.6000000238
16582  34.300  -53.852  7.521 0.6999999881
17374  37.273  -53.238  2.667 0.5000000000
120837  37.908  -52.302  4.019 0.5000000000
18145  37.192  -52.893  4.439 0.4000000060
17362  36.593  -53.019  5.234 0.6000000238
11888  25.270  -60.453  12.927 0.5000000000
16573  32.724  -54.233  9.999 0.6999999881
18132  36.123  -52.053  6.403 0.6000000238
14206  28.348  -57.358  13.327 0.6000000238
119790  33.402  -53.963  9.209 0.6999999881
18897  35.459  -51.616  6.857 0.6999999881
12636  23.577  -59.585  14.755 0.4000000060
18095  32.237  -52.879  9.350 0.6000000238
17344  33.201  -53.145  9.136 0.6000000238
108751  34.269  -51.558  7.640 0.6999999881
18886  34.922  -51.938  7.442 0.6999999881
123566  38.227  -50.716  3.955 0.5000000000
18928  38.195  -51.444  4.047 0.5000000000
19676  35.262  -50.935  6.549 0.6999999881
18874  32.808  -51.844  8.355 0.6999999881
112177  32.863  -51.086  7.317 0.6999999881
19686  34.536  -50.068  5.443 0.6000000238
19695  36.742  -50.316  4.890 0.6000000238
14186  25.122  -57.588  15.441 0.5000000000
14188  23.424  -57.788  16.125 0.5000000000
14189  22.557  -57.769  16.247 0.4000000060
18900  31.981  -51.187  6.883 0.6000000238
19687  33.588  -50.230  5.641 0.6000000238
14954  15.677  -56.835  13.737 0.3000000119
115062  32.982  -50.063  4.615 0.5000000000
15722  20.605  -55.833  15.247 0.5000000000
108166  17.700  -55.580  13.571 0.4000000060
15759  15.519  -55.437  12.772 0.4000000060
19574  26.695  -50.706  15.559 0.4000000060
105886  25.864  -50.915  15.543 0.4000000060
8010  36.192  -67.195  4.305 0.3000000119
8643  35.356  -66.252  4.109 0.3000000119
13572  34.069  -58.773  1.071 0.4000000060
12816  36.381  -59.594  0.437 0.4000000060
114183  36.028  -60.479  0.385 0.4000000060
114187  36.275  -61.342  0.331 0.4000000060
14350  34.364  -57.256  1.440 0.4000000060
14351  33.671  -57.576  1.641 0.4000000060
114017  33.177  -56.870  2.058 0.4000000060
122021  32.717  -57.428  2.491 0.5000000000
13551  32.238  -57.709  3.264 0.5000000000
14355  36.036  -57.885  0.793 0.4000000060
13571  34.763  -58.720  0.820 0.5000000000
13564  33.606  -58.393  1.507 0.5000000000
14337  31.759  -57.956  4.221 0.5000000000
14354  37.077  -57.924  0.717 0.5000000000
13570  35.693  -58.713  0.646 0.5000000000
13568  37.779  -58.815  0.499 0.5000000000
12815  37.469  -59.666  0.366 0.4000000060
114772  38.201  -60.582  0.418 0.4000000060
11276  37.003  -61.992  0.361 0.4000000060
119077  37.795  -62.224  0.629 0.4000000060
9980  37.384  -63.191  0.956 0.3000000119
9982  36.412  -64.465  0.948 0.4000000060
15875  36.443  -55.103  1.483 0.4000000060
126667  34.574  -55.404  1.885 0.4000000060
15869  34.335  -55.297  2.228 0.4000000060
15100  36.368  -55.999  1.390 0.4000000060
15101  35.548  -56.254  1.408 0.4000000060
15102  34.678  -56.428  1.531 0.4000000060
117604  33.478  -56.151  2.056 0.4000000060
15870  33.633  -55.692  2.403 0.5000000000
15095  32.563  -56.739  2.789 0.5000000000
125154  37.045  -56.499  1.238 0.4000000060
14348  36.411  -56.987  1.132 0.4000000060
14356  35.057  -57.950  0.964 0.4000000060
15865  33.205  -55.711  3.005 0.5000000000
15087  32.648  -56.154  3.175 0.5000000000
106864  31.938  -57.235  3.997 0.5000000000
15080  32.251  -56.697  4.438 0.6000000238
118202  32.559  -56.470  5.190 0.6000000238
14331  31.617  -58.087  5.037 0.6000000238
16590  34.174  -55.005  5.926 0.6000000238
15850  33.571  -55.577  5.300 0.6000000238
14319  31.820  -57.599  5.569 0.5000000000
12013  37.835  -61.494  0.462 0.4000000060
113532  32.031  -57.354  7.003 0.5000000000
122684  37.987  -62.503  0.933 0.4000000060
10616  37.755  -62.792  1.115 0.4000000060
10608  37.132  -63.305  1.255 0.4000000060
16605  35.478  -54.380  2.189 0.4000000060
16599  35.412  -54.315  3.018 0.5000000000
16600  34.769  -54.725  3.518 0.5000000000
16601  34.133  -55.135  3.970 0.5000000000
124325  32.547  -56.268  3.852 0.5000000000
16594  34.775  -54.659  4.529 0.5000000000
15860  32.889  -56.056  4.626 0.6000000238
16589  34.728  -54.492  5.511 0.6000000238
16595  34.195  -55.136  4.929 0.6000000238
7386  36.425  -67.749  4.524 0.3000000119
9296  34.732  -64.023  4.897 0.3000000119
11237  34.559  -62.204  4.347 0.3000000119
114423  37.273  -54.923  1.467 0.4000000060
16612  36.617  -54.272  1.619 0.4000000060
16613  35.819  -54.577  1.714 0.4000000060
16614  35.017  -54.985  1.901 0.4000000060
117320  35.860  -53.966  2.513 0.4000000060
108601  36.060  -53.799  3.337 0.4000000060
16593  35.513  -54.143  4.157 0.5000000000
15072  32.573  -56.574  6.000 0.6000000238
14301  32.123  -57.167  6.221 0.5000000000
17381  36.116  -53.952  1.960 0.4000000060
15103  33.883  -56.563  1.749 0.4000000060
13542  31.650  -58.847  4.689 0.5000000000
11247  35.122  -61.683  3.516 0.3000000119
16607  34.028  -55.264  2.997 0.5000000000
122320  33.551  -55.499  3.581 0.5000000000
15859  33.541  -55.550  4.347 0.6000000238
22787  28.432  -45.664  5.658 0.3000000119
7369  36.275  -68.085  4.753 0.3000000119
9971  36.410  -64.127  1.299 0.4000000060
9981  36.831  -63.897  0.947 0.4000000060
9988  36.787  -63.612  0.716 0.3000000119
10605  35.304  -62.360  2.801 0.3000000119
11268  38.214  -62.282  1.086 0.4000000060
11887  26.096  -60.444  13.038 0.5000000000
11900  27.140  -60.397  12.187 0.5000000000
11913  25.007  -60.415  12.231 0.5000000000
12012  38.702  -61.258  0.740 0.4000000060
12014  36.911  -61.212  0.340 0.4000000060
12616  23.383  -59.109  15.359 0.4000000060
12618  21.801  -59.240  15.503 0.5000000000
12633  26.012  -59.639  14.030 0.6000000238
12637  22.357  -59.717  14.929 0.4000000060
12651  27.270  -59.637  13.456 0.6000000238
12654  24.789  -60.198  13.566 0.5000000000
12667  29.228  -59.196  12.258 0.6999999881
12669  27.723  -60.036  12.823 0.6000000238
12685  28.781  -59.730  11.748 0.6999999881
12707  28.590  -59.727  10.225 0.6000000238
12726  27.472  -59.637  9.293 0.5000000000
13404  22.150  -58.504  15.954 0.4000000060
13477  31.105  -58.708  9.514 0.6000000238
13563  34.239  -58.107  1.230 0.5000000000
13569  36.723  -58.744  0.525 0.5000000000
14173  22.161  -56.980  16.405 0.5000000000
14187  24.276  -57.709  15.871 0.5000000000
14190  21.676  -57.684  16.207 0.5000000000
14207  27.663  -57.787  13.674 0.6000000238
14221  30.509  -57.263  12.414 0.6999999881
14239  31.754  -57.573  10.463 0.6000000238
14302  31.748  -57.966  6.500 0.5000000000
14318  32.163  -56.963  5.331 0.6000000238
14330  31.857  -57.386  4.729 0.6000000238
14349  35.346  -57.125  1.226 0.4000000060
14915  24.377  -55.887  16.357 0.5000000000
14932  20.676  -56.549  15.637 0.5000000000
14941  20.065  -56.176  15.056 0.5000000000
14943  18.655  -56.771  14.716 0.4000000060
14953  16.569  -56.496  13.801 0.3000000119
14998  31.981  -56.800  10.905 0.6999999881
15060  32.502  -56.657  7.054 0.5000000000
15094  33.001  -56.131  2.518 0.5000000000
15701  23.979  -55.076  16.497 0.4000000060
15703  22.682  -55.821  16.456 0.4000000060
15728  26.416  -55.595  14.747 0.5000000000
15731  20.207  -55.405  14.557 0.4000000060
15732  18.974  -55.950  14.340 0.5000000000
15737  20.088  -54.816  13.992 0.4000000060
15740  16.868  -55.746  13.418 0.4000000060
15753  27.775  -55.579  12.437 0.6000000238
15754  27.325  -55.303  12.741 0.6999999881
15758  16.344  -55.262  12.855 0.3000000119
15782  31.187  -55.927  11.679 0.6999999881
15783  28.561  -55.117  11.529 0.6999999881
15851  33.047  -56.072  5.668 0.6000000238
15866  32.983  -55.834  3.720 0.5000000000
15876  35.651  -55.381  1.555 0.4000000060
15877  34.150  -55.823  1.867 0.4000000060
16484  25.402  -54.596  16.201 0.5000000000
16517  18.896  -54.727  13.362 0.3000000119
16529  27.440  -54.774  12.586 0.6999999881
16575  30.333  -54.108  10.268 0.8000000119
16576  29.140  -54.173  10.089 0.8000000119
16579  33.171  -54.714  9.419 0.6999999881
16606  34.817  -54.813  2.580 0.4000000060
17233  27.198  -53.067  15.433 0.5000000000
17235  25.486  -53.634  16.155 0.4000000060
17237  22.472  -53.799  15.578 0.4000000060
17254  22.793  -53.073  15.163 0.4000000060
17275  28.274  -53.458  13.181 0.5000000000
17336  32.023  -53.503  9.884 0.8000000119
17339  28.739  -53.660  9.693 0.8000000119
17352  34.565  -53.069  7.710 0.6999999881
17364  35.257  -54.165  5.107 0.6000000238
17375  36.498  -53.633  2.581 0.4000000060
18000  23.906  -52.061  15.301 0.4000000060
18039  28.807  -52.671  13.645 0.5000000000
18063  28.670  -52.776  11.128 0.4000000060
18096  28.647  -53.208  9.519 0.8000000119
18109  33.651  -52.774  8.619 0.6000000238
18111  31.117  -52.665  8.817 0.6000000238
18127  28.683  -52.336  7.391 0.6999999881
18773  27.471  -51.264  15.467 0.3000000119
18785  29.399  -50.943  14.162 0.5000000000
18803  29.206  -51.837  13.990 0.5000000000
18846  29.155  -51.735  10.300 0.4000000060
18847  28.722  -52.460  9.650 0.5000000000
18887  33.453  -51.544  7.957 0.6999999881
18898  34.648  -51.115  7.046 0.6999999881
18903  28.873  -52.110  5.917 0.6999999881
18904  28.494  -51.746  6.127 0.5000000000
18922  29.510  -51.313  4.370 0.6000000238
19572  28.447  -50.057  15.303 0.4000000060
19575  25.038  -51.106  15.360 0.4000000060
19629  29.470  -50.856  10.486 0.4000000060
19700  31.117  -50.416  3.915 0.6999999881
19708  30.471  -50.155  3.629 0.5000000000
19709  29.598  -50.308  3.670 0.6000000238
20437  29.570  -49.613  13.503 0.4000000060
20464  29.708  -49.901  10.984 0.4000000060
20478  29.641  -49.711  9.487 0.3000000119
20513  28.159  -49.877  5.036 0.6000000238
20523  28.834  -50.158  3.950 0.6000000238
21225  28.967  -48.715  15.032 0.4000000060
21327  30.272  -49.112  3.860 0.5000000000
22800  29.054  -46.487  4.486 0.4000000060
22801  28.818  -46.111  4.671 0.5000000000
105883  29.743  -49.186  11.280 0.4000000060
106495  27.342  -52.152  15.450 0.5000000000
107377  31.566  -58.558  7.987 0.6000000238
108719  33.188  -55.590  8.166 0.6000000238
111836  28.379  -51.240  6.261 0.5000000000
112767  14.830  -55.599  12.746 0.4000000060
113685  26.586  -57.311  14.256 0.5000000000
114140  24.040  -53.314  16.215 0.4000000060
114184  37.167  -60.535  0.333 0.4000000060
115318  23.162  -51.748  13.012 0.4000000060
118063  31.841  -56.152  11.260 0.6999999881
118136  28.003  -54.650  11.450 0.6999999881
118754  29.142  -51.785  5.101 0.5000000000
119584  34.904  -55.669  1.662 0.4000000060
121536  29.410  -51.652  12.608 0.5000000000
121803  23.561  -59.943  14.127 0.4000000060
121928  27.670  -53.600  14.749 0.5000000000
122570  23.921  -56.396  16.411 0.5000000000
122652  25.532  -55.387  15.942 0.6000000238
123088  31.655  -58.233  5.754 0.5000000000
123348  32.272  -56.736  3.547 0.5000000000
123692  33.738  -57.050  1.709 0.4000000060
124008  29.584  -49.859  13.035 0.4000000060
124510  29.171  -52.104  11.347 0.4000000060
125168  29.000  -50.668  8.179 0.5000000000
125535  35.093  -50.025  5.273 0.5000000000
125638  32.001  -52.394  8.924 0.6999999881
125680  28.274  -49.359  4.793 0.6000000238
126241  29.396  -59.336  11.583 0.6999999881
126411  24.803  -53.200  16.213 0.4000000060
