#!ascii label  , from subject sub-v2s0x29050_ses-1 vox2ras=TkReg
1747
4125  24.154  -74.315  9.644 0.6999999881
3632  23.184  -74.285  9.582 0.8000000119
4127  22.794  -73.657  10.019 0.8000000119
4128  22.021  -73.252  9.628 0.6999999881
3191  24.227  -75.555  8.789 0.6000000238
3641  23.569  -75.022  9.102 0.6000000238
3642  22.711  -74.616  8.852 0.6000000238
2740  25.000  -76.680  8.085 0.6000000238
4112  23.208  -73.273  10.458 0.8000000119
4607  22.462  -72.945  10.480 0.6999999881
4608  21.891  -72.385  10.699 0.6999999881
5075  21.205  -71.912  10.297 0.6999999881
3640  24.687  -74.890  9.201 0.6000000238
4126  23.735  -73.688  10.119 0.6999999881
4618  21.621  -72.567  9.955 0.6999999881
104803  26.529  -77.094  7.647 0.6000000238
2313  27.320  -77.485  7.397 0.6000000238
115479  26.556  -77.796  7.249 0.6000000238
1490  27.275  -79.537  7.519 0.6000000238
1892  26.989  -78.906  6.648 0.6000000238
121566  23.026  -71.626  11.764 0.8000000119
115991  22.224  -70.913  12.422 0.8000000119
5543  21.475  -70.950  12.127 0.6999999881
5530  20.784  -70.471  12.461 0.6999999881
5545  19.858  -70.300  12.009 0.6999999881
4606  23.409  -72.676  10.858 0.8000000119
5053  22.188  -71.502  11.859 0.6999999881
5544  20.567  -70.805  11.489 0.6999999881
4617  23.873  -73.042  10.497 0.6999999881
5064  22.609  -72.212  11.231 0.8000000119
5066  20.823  -71.350  10.791 0.6999999881
120230  24.586  -73.548  9.712 0.6999999881
3639  25.323  -75.107  8.733 0.6999999881
2738  27.027  -76.757  7.554 0.6000000238
2739  26.045  -76.441  8.009 0.6000000238
1885  27.700  -78.701  7.269 0.6000000238
1886  27.312  -78.316  7.106 0.6000000238
1481  27.783  -79.321  7.974 0.6000000238
1454  24.928  -79.188  9.705 0.6999999881
1483  25.780  -80.094  8.615 0.6000000238
1858  24.430  -78.501  10.400 0.5000000000
1455  23.902  -79.018  9.855 0.6000000238
1846  23.046  -77.807  11.052 0.5000000000
5528  22.699  -70.256  12.745 0.8999999762
5529  21.742  -70.484  12.827 0.8000000119
6059  21.083  -69.969  13.266 0.6999999881
5052  23.631  -71.008  11.713 0.6999999881
5542  22.905  -71.060  12.250 0.8999999762
6060  20.087  -69.966  12.907 0.6999999881
5073  24.661  -72.209  9.510 0.8000000119
5074  24.328  -72.209  10.388 0.8000000119
117065  24.995  -72.795  9.088 0.8000000119
3650  25.835  -74.573  8.072 0.6999999881
4139  25.123  -73.843  9.154 0.6999999881
3200  26.634  -75.983  7.583 0.8000000119
120755  27.862  -77.195  7.307 0.6999999881
2312  28.209  -77.875  7.463 0.6999999881
1489  27.837  -79.033  7.540 0.6000000238
1871  26.009  -79.181  9.686 0.6999999881
125254  23.438  -69.568  11.651 0.8999999762
6058  22.029  -69.810  13.321 0.8000000119
6042  20.295  -69.342  13.685 0.6999999881
5560  24.050  -70.726  10.800 0.8000000119
6091  23.690  -70.081  11.224 0.8000000119
5092  24.404  -71.332  9.354 0.6999999881
4161  25.275  -73.113  7.212 0.6999999881
4635  24.912  -72.417  7.874 0.6000000238
4150  25.575  -73.760  8.172 0.8000000119
123564  26.137  -74.469  7.230 0.8000000119
3199  27.839  -76.529  7.038 0.8000000119
2737  28.733  -77.198  7.055 0.6999999881
1877  28.867  -78.474  8.173 0.8000000119
1884  28.490  -78.365  7.778 0.6999999881
111117  28.753  -78.638  8.803 0.8000000119
2288  26.952  -77.980  10.839 0.6999999881
1870  27.080  -79.120  9.441 0.6999999881
1878  28.316  -79.015  8.369 0.6999999881
2289  25.962  -77.989  10.909 0.6999999881
1857  25.439  -78.570  10.353 0.6999999881
9299  17.104  -63.742  5.563 0.6000000238
9949  16.966  -63.002  5.081 0.6000000238
10600  15.606  -62.578  4.372 0.6000000238
126555  14.951  -62.506  4.657 0.6999999881
6057  22.675  -69.345  13.077 0.8999999762
6632  20.876  -68.603  14.105 0.6999999881
5105  24.084  -71.090  8.169 0.6000000238
5104  24.356  -71.629  7.476 0.6000000238
4160  25.772  -73.904  7.255 0.6999999881
3672  26.712  -74.965  5.625 0.6999999881
3659  26.481  -74.817  6.739 0.6999999881
8543  20.502  -65.217  12.251 0.6999999881
8544  19.760  -65.249  12.047 0.6999999881
3211  28.236  -76.087  6.018 0.8000000119
3212  27.132  -75.559  6.686 0.8000000119
9207  21.370  -64.578  11.584 0.6000000238
107658  19.563  -64.934  11.394 0.6000000238
124140  19.037  -65.675  11.386 0.6999999881
9227  19.765  -64.357  11.020 0.5000000000
123934  18.697  -65.854  10.507 0.6999999881
119356  29.253  -78.047  8.167 0.8000000119
2311  29.096  -77.549  7.461 0.8000000119
9226  20.701  -63.988  11.156 0.5000000000
9894  19.951  -63.763  10.471 0.5000000000
1855  27.609  -78.448  10.064 0.6999999881
9905  19.983  -63.287  9.760 0.5000000000
10550  20.525  -62.295  9.069 0.6000000238
10540  19.913  -62.855  9.100 0.5000000000
9918  18.821  -63.824  8.313 0.6000000238
9265  18.691  -64.695  8.569 0.6999999881
8629  17.947  -65.121  7.150 0.6999999881
10552  19.283  -63.010  8.452 0.5000000000
10566  18.692  -63.117  7.764 0.6000000238
9277  18.365  -64.497  7.776 0.6000000238
9939  17.527  -63.100  6.040 0.6000000238
10551  19.770  -62.294  8.638 0.6000000238
9938  18.048  -63.266  6.994 0.6000000238
10576  17.939  -62.386  6.553 0.6000000238
11193  19.643  -61.584  8.269 0.5000000000
10565  19.114  -62.342  8.004 0.5000000000
10577  17.462  -62.277  5.615 0.6000000238
10587  16.335  -62.731  4.455 0.6000000238
10588  15.359  -61.720  4.521 0.6999999881
11976  14.279  -60.416  5.696 0.6000000238
11214  13.406  -61.703  6.534 0.6999999881
109918  18.463  -62.388  7.343 0.6000000238
11213  17.860  -61.581  6.169 0.6000000238
11228  17.323  -61.433  5.257 0.6000000238
11229  16.624  -61.345  4.632 0.6999999881
11975  15.001  -60.177  5.159 0.5000000000
6647  22.450  -68.568  13.316 0.8999999762
5577  24.005  -70.539  9.744 0.6000000238
6102  23.638  -69.862  10.196 0.6999999881
7272  21.411  -67.812  14.004 0.8000000119
6044  18.906  -68.546  13.767 0.6999999881
7901  20.978  -66.960  13.784 0.6999999881
7291  21.857  -67.184  13.418 0.8000000119
121460  25.507  -73.602  6.387 0.6999999881
8536  21.101  -65.631  12.617 0.8000000119
8537  20.135  -65.689  12.677 0.6000000238
9225  21.745  -63.965  10.996 0.6000000238
2310  29.663  -77.184  7.498 0.8000000119
2758  29.504  -76.351  5.618 0.8000000119
2736  30.020  -76.891  7.706 0.8000000119
9893  21.004  -63.316  10.417 0.5000000000
2295  29.439  -77.553  9.021 0.8000000119
10538  22.251  -62.442  9.340 0.5000000000
10549  21.896  -61.822  9.009 0.6000000238
10539  21.379  -62.314  9.330 0.6000000238
11191  21.335  -61.283  8.676 0.6000000238
11930  20.441  -60.955  8.366 0.6000000238
105288  13.524  -58.528  6.289 0.5000000000
11206  18.877  -61.517  7.592 0.5000000000
12783  14.512  -59.459  5.642 0.5000000000
11956  13.515  -60.805  6.419 0.6000000238
124636  18.542  -61.222  7.154 0.6000000238
11955  17.724  -60.618  5.846 0.6999999881
11972  16.957  -60.626  5.093 0.6999999881
11974  15.529  -60.830  4.735 0.6999999881
111244  19.478  -59.810  7.457 0.6000000238
114961  16.439  -59.876  5.184 0.6000000238
117760  18.815  -59.737  6.932 0.6999999881
121188  17.849  -59.660  5.958 0.6000000238
12780  16.741  -58.910  5.438 0.5000000000
6092  23.231  -69.172  10.736 0.6999999881
120184  23.133  -68.856  11.692 0.6999999881
6663  22.854  -68.659  12.550 0.6999999881
7290  22.504  -67.689  12.804 0.8000000119
7302  22.519  -67.001  11.907 0.6999999881
8541  21.803  -65.355  11.935 0.6999999881
121066  21.795  -65.978  12.518 0.6999999881
14297  13.098  -57.038  7.381 0.5000000000
11205  22.900  -60.645  7.842 0.5000000000
124050  21.833  -60.850  8.501 0.6000000238
13528  12.897  -58.096  6.577 0.5000000000
11936  22.546  -59.740  7.700 0.5000000000
12750  22.723  -59.014  7.155 0.5000000000
11929  21.328  -60.517  8.345 0.6000000238
11939  19.567  -60.724  7.904 0.6000000238
12781  15.944  -59.099  5.326 0.5000000000
11937  21.654  -59.702  7.992 0.6000000238
12753  20.108  -58.886  7.389 0.6000000238
12752  21.116  -58.888  7.603 0.6000000238
111443  22.677  -68.572  10.064 0.6999999881
6676  22.749  -68.280  10.831 0.6999999881
107790  22.733  -67.955  11.767 0.6999999881
13513  19.655  -57.901  6.768 0.5000000000
12768  22.609  -58.306  6.476 0.5000000000
106782  17.583  -58.706  5.716 0.5000000000
13510  22.275  -58.115  7.014 0.5000000000
13512  20.610  -57.901  7.136 0.5000000000
12769  18.372  -59.050  6.289 0.5000000000
13524  19.147  -57.083  6.429 0.5000000000
15047  19.383  -55.887  6.976 0.5000000000
14306  21.099  -55.831  6.253 0.5000000000
14307  20.325  -56.079  6.627 0.5000000000
13514  18.676  -57.900  6.187 0.5000000000
14305  21.731  -56.239  5.679 0.5000000000
14294  20.911  -56.956  6.662 0.5000000000
14295  19.985  -56.921  6.655 0.5000000000
114588  22.184  -57.479  6.352 0.5000000000
14293  21.667  -57.177  6.507 0.5000000000
15844  21.265  -54.756  6.564 0.5000000000
106564  11.062  -57.340  8.966 0.6000000238
13517  10.675  -58.523  7.565 0.6000000238
14267  12.561  -57.359  8.823 0.5000000000
14269  10.453  -57.634  9.257 0.6999999881
13500  10.268  -58.004  8.146 0.6000000238
12757  9.180  -59.050  7.791 0.6000000238
12739  7.442  -59.187  8.171 0.6999999881
13490  10.187  -58.087  10.006 0.6000000238
113378  9.692  -57.992  9.552 0.6999999881
12738  8.531  -58.829  8.296 0.6999999881
12758  8.166  -59.463  7.665 0.6999999881
13503  6.818  -59.058  8.854 0.8000000119
13448  11.064  -59.216  11.387 0.5000000000
13469  11.479  -58.740  10.342 0.5000000000
13492  8.430  -58.320  9.430 0.8000000119
14270  8.875  -58.187  9.917 0.6000000238
114121  5.786  -58.682  9.985 0.6999999881
12701  11.583  -59.564  12.180 0.5000000000
12719  11.929  -59.515  11.106 0.5000000000
110242  6.597  -58.623  9.668 0.6999999881
122257  5.918  -59.438  8.492 0.6999999881
14271  8.023  -58.233  10.129 0.6999999881
13471  9.827  -58.449  10.951 0.6999999881
13494  5.244  -59.300  9.763 0.6999999881
119336  6.928  -57.899  10.750 0.6999999881
12680  10.836  -59.201  12.301 0.6000000238
14248  8.498  -58.114  10.888 0.8000000119
16498  6.502  -53.859  15.505 0.6999999881
16499  5.727  -54.076  15.116 0.8000000119
13428  14.002  -58.699  14.052 0.4000000060
13474  4.756  -58.099  11.251 0.6999999881
12662  12.737  -59.492  13.521 0.5000000000
114525  5.777  -58.223  10.567 0.6999999881
12679  11.231  -59.198  13.071 0.6000000238
122564  10.192  -58.737  12.754 0.6000000238
14249  7.614  -57.943  10.867 0.6999999881
13450  9.519  -58.526  11.940 0.8000000119
14231  8.769  -58.114  11.954 0.8000000119
14869  14.859  -56.826  21.241 0.5000000000
14119  15.404  -57.593  20.715 0.5000000000
13348  15.023  -58.250  20.331 0.5000000000
17243  11.977  -53.764  15.133 0.5000000000
18005  10.490  -52.826  14.895 0.6000000238
17262  11.447  -53.023  14.703 0.6000000238
16475  12.008  -55.108  15.857 0.6000000238
14155  13.334  -57.539  17.789 0.6000000238
17246  9.119  -53.306  15.477 0.6999999881
17245  10.093  -53.485  15.370 0.6999999881
17247  8.088  -53.117  15.477 0.6999999881
16478  8.760  -54.958  15.892 0.6999999881
14987  5.236  -56.745  12.162 0.6999999881
15769  5.502  -55.358  13.339 0.6999999881
16543  5.879  -54.687  13.654 0.8000000119
13429  13.022  -58.754  13.876 0.5000000000
14234  5.742  -57.238  11.539 0.6999999881
13430  11.633  -58.702  13.592 0.6000000238
110308  6.411  -57.158  11.615 0.8000000119
13439  9.305  -58.206  12.763 0.6999999881
14226  7.359  -57.032  12.229 0.8000000119
14233  7.061  -57.402  11.434 0.8000000119
15653  14.202  -55.848  21.165 0.5000000000
15652  15.217  -55.920  21.037 0.6000000238
15651  16.113  -55.967  20.656 0.5000000000
14867  16.411  -56.611  20.234 0.6000000238
14881  16.278  -57.016  19.623 0.6000000238
14144  15.578  -57.517  19.266 0.6000000238
14894  16.048  -56.964  18.749 0.6000000238
14895  15.184  -57.187  18.404 0.5000000000
17261  12.415  -53.240  14.584 0.5000000000
17242  12.914  -53.939  15.051 0.5000000000
18023  10.851  -52.243  14.246 0.6000000238
16491  13.294  -54.592  15.511 0.6000000238
15709  12.489  -55.724  16.260 0.6999999881
14154  14.260  -57.345  18.051 0.6000000238
18792  10.066  -51.920  14.025 0.6000000238
18007  8.677  -52.497  15.151 0.6999999881
16495  9.622  -54.285  15.698 0.6999999881
16494  10.625  -54.325  15.616 0.6999999881
15710  11.606  -55.762  16.258 0.8000000119
14919  13.066  -56.328  16.679 0.6999999881
18813  8.793  -51.871  14.064 0.6999999881
18008  7.720  -52.462  15.132 0.6999999881
18049  7.583  -52.460  14.100 0.6999999881
17263  6.283  -52.993  14.814 0.8000000119
17301  6.858  -53.673  13.622 0.8000000119
17282  6.106  -53.368  14.396 0.8000000119
108910  11.453  -57.992  13.775 0.5000000000
118068  11.147  -56.646  13.484 0.6000000238
14974  6.550  -56.026  12.737 0.8000000119
15768  6.321  -55.135  13.288 0.8000000119
107577  10.708  -58.349  13.504 0.6000000238
14215  10.917  -57.430  13.685 0.6999999881
14973  7.338  -56.248  12.853 0.8000000119
14217  9.294  -57.604  13.319 0.6999999881
14218  8.715  -56.896  13.344 0.6999999881
14224  8.596  -57.617  12.750 0.8000000119
16421  13.485  -55.160  20.806 0.4000000060
16420  14.425  -55.086  20.717 0.5000000000
111954  17.417  -55.849  19.065 0.4000000060
14893  16.818  -56.502  18.936 0.5000000000
15696  15.599  -56.251  17.458 0.5000000000
109658  11.884  -52.519  14.108 0.5000000000
17241  13.956  -54.108  15.099 0.6000000238
118718  14.096  -54.819  15.700 0.6000000238
14905  14.731  -56.649  17.511 0.6000000238
18824  11.476  -51.701  12.371 0.6000000238
15708  13.325  -55.649  16.266 0.6999999881
14918  13.968  -56.175  16.745 0.6999999881
18826  9.942  -52.052  13.195 0.6000000238
17280  6.985  -52.975  13.820 0.8000000119
15743  9.898  -55.947  13.468 0.6999999881
125058  8.530  -55.480  13.411 0.6999999881
15767  7.090  -55.319  13.216 0.8000000119
16540  7.995  -54.047  13.279 0.8000000119
14960  9.535  -56.816  13.577 0.6999999881
16444  14.699  -54.292  20.302 0.4000000060
16445  12.569  -54.059  20.120 0.4000000060
16446  11.692  -54.006  19.980 0.4000000060
15674  17.307  -55.480  19.834 0.5000000000
16443  15.778  -54.334  20.256 0.4000000060
16447  10.862  -54.093  19.874 0.5000000000
15695  17.133  -55.884  18.159 0.5000000000
16488  16.418  -54.309  15.882 0.5000000000
15706  15.764  -55.650  16.873 0.5000000000
17239  16.783  -53.690  15.445 0.5000000000
115292  14.123  -55.474  16.218 0.6999999881
18057  9.620  -52.470  12.921 0.6000000238
17300  7.516  -53.500  13.463 0.8000000119
15763  11.415  -55.190  12.748 0.6000000238
15764  10.456  -55.083  13.005 0.6000000238
16537  11.112  -54.351  12.361 0.6999999881
17297  10.025  -53.350  12.445 0.6999999881
15766  8.379  -54.745  13.330 0.6999999881
121638  9.157  -52.914  18.638 0.3000000119
17196  17.225  -53.801  19.751 0.4000000060
17198  15.031  -53.548  19.919 0.3000000119
17199  14.037  -53.563  19.858 0.4000000060
17201  12.197  -53.496  19.488 0.4000000060
17202  11.278  -53.573  19.250 0.4000000060
17218  9.948  -53.007  18.513 0.5000000000
15673  17.757  -55.166  19.196 0.4000000060
17982  9.516  -52.214  18.359 0.3000000119
15686  17.818  -55.185  18.532 0.4000000060
110503  15.859  -53.839  15.212 0.5000000000
15694  17.608  -55.106  17.611 0.4000000060
17258  15.336  -53.393  14.588 0.6000000238
16464  18.385  -54.480  18.038 0.4000000060
17257  16.283  -53.276  14.731 0.4000000060
17229  17.345  -54.083  16.219 0.5000000000
18058  8.791  -52.655  13.279 0.6999999881
16539  9.077  -53.907  13.033 0.6999999881
114473  9.365  -53.767  19.715 0.4000000060
17217  10.895  -53.031  18.635 0.4000000060
112542  9.941  -51.367  18.310 0.3000000119
17195  17.915  -53.925  19.483 0.3000000119
17228  18.204  -53.754  16.652 0.4000000060
18017  17.741  -52.536  14.786 0.4000000060
17238  17.673  -53.467  15.800 0.4000000060
17214  14.411  -52.883  19.518 0.3000000119
17215  13.585  -53.007  19.465 0.3000000119
114251  11.887  -52.887  18.938 0.4000000060
115136  12.113  -52.072  18.808 0.3000000119
18752  10.589  -52.147  18.329 0.3000000119
17197  16.130  -53.519  19.834 0.3000000119
16458  18.675  -53.920  18.574 0.3000000119
17994  18.512  -53.098  16.246 0.3000000119
17227  18.931  -53.292  17.322 0.3000000119
126041  18.299  -52.034  14.658 0.3000000119
17979  13.403  -52.418  19.263 0.3000000119
18751  11.481  -51.618  18.611 0.3000000119
125777  13.879  -52.633  19.383 0.3000000119
18750  12.986  -51.770  19.123 0.3000000119
17989  19.369  -52.589  17.907 0.3000000119
17993  19.296  -52.540  16.827 0.3000000119
18778  19.089  -51.655  15.028 0.3000000119
17983  8.495  -52.286  18.662 0.3000000119
17977  15.047  -52.346  19.257 0.3000000119
18748  14.698  -51.698  18.890 0.3000000119
17988  19.651  -51.897  17.375 0.3000000119
8577  18.954  -64.761  9.531 0.6000000238
120512  19.067  -64.159  9.015 0.6999999881
8599  18.559  -65.545  8.848 0.6999999881
8618  18.345  -65.383  7.991 0.6999999881
15705  16.695  -55.445  17.178 0.4000000060
16490  14.689  -54.489  15.505 0.6000000238
112186  10.795  -51.265  18.503 0.3000000119
3193  22.935  -75.160  8.434 0.6999999881
5561  20.067  -70.822  10.549 0.6999999881
4138  25.401  -74.430  8.772 0.8000000119
118496  26.549  -79.743  8.785 0.6000000238
1467  27.561  -79.405  8.567 0.6999999881
5091  24.637  -71.870  8.576 0.6000000238
6633  19.837  -68.549  14.028 0.6999999881
2749  28.952  -76.660  6.294 0.8000000119
1869  28.083  -79.001  9.147 0.6999999881
1868  28.989  -78.127  9.364 0.8000000119
11230  14.774  -61.088  5.110 0.6999999881
9264  19.390  -63.937  9.703 0.5000000000
9287  17.986  -64.196  7.080 0.6000000238
11215  12.684  -61.406  6.908 0.6000000238
11954  18.309  -60.146  6.519 0.6999999881
7909  20.568  -66.262  13.251 0.8000000119
9892  22.222  -63.481  10.313 0.5000000000
9903  21.733  -62.839  9.850 0.6000000238
11938  20.513  -59.916  7.961 0.6000000238
14986  6.088  -56.630  12.101 0.8000000119
825  25.415  -81.551  11.817 0.4000000060
834  26.162  -82.309  11.594 0.4000000060
118480  23.358  -79.659  13.533 0.3000000119
826  24.329  -81.327  11.967 0.4000000060
118103  24.765  -81.995  11.451 0.4000000060
118322  25.911  -82.856  11.401 0.4000000060
2235  24.073  -77.650  15.199 0.4000000060
1813  24.616  -78.343  14.690 0.5000000000
1827  25.185  -78.922  14.130 0.5000000000
2236  23.087  -77.410  15.054 0.3000000119
1828  24.264  -78.904  14.130 0.4000000060
1081  25.383  -80.081  13.040 0.4000000060
1815  22.628  -78.078  14.590 0.3000000119
1082  23.907  -80.100  13.090 0.3000000119
1092  24.740  -80.599  12.541 0.3000000119
1830  22.170  -78.723  14.157 0.3000000119
2222  22.701  -76.424  15.124 0.4000000060
2661  23.395  -75.987  15.656 0.4000000060
2220  24.576  -77.097  15.693 0.5000000000
3128  22.593  -75.935  14.590 0.3000000119
2237  22.206  -77.195  14.704 0.3000000119
2248  21.115  -77.103  13.686 0.4000000060
2682  21.551  -76.593  13.764 0.3000000119
2276  22.690  -77.247  11.681 0.4000000060
2265  21.567  -76.876  12.413 0.4000000060
1847  22.031  -77.674  11.200 0.4000000060
3116  23.567  -75.406  15.534 0.4000000060
3127  24.141  -74.947  14.596 0.4000000060
3141  23.605  -75.459  13.974 0.4000000060
3140  24.399  -75.306  13.836 0.4000000060
3138  26.126  -75.139  13.207 0.5000000000
3142  22.807  -75.776  14.040 0.4000000060
2697  25.147  -76.184  12.799 0.4000000060
2700  21.898  -76.383  13.096 0.4000000060
2263  23.169  -76.801  12.181 0.5000000000
109737  24.443  -76.423  12.584 0.4000000060
2275  23.581  -77.333  11.575 0.4000000060
1468  24.259  -79.604  9.329 0.6000000238
1859  23.468  -78.410  10.452 0.4000000060
3597  26.792  -74.697  12.846 0.6000000238
3154  27.331  -75.116  12.174 0.6000000238
2696  26.497  -76.264  12.318 0.6000000238
2695  27.201  -75.958  12.067 0.6000000238
113433  27.047  -76.761  11.796 0.6000000238
2707  27.696  -76.820  11.369 0.6999999881
2274  24.531  -77.391  11.543 0.5000000000
118058  26.507  -77.426  11.422 0.6000000238
2714  28.200  -77.208  10.796 0.6999999881
3622  28.460  -74.549  10.673 0.6999999881
115215  28.923  -74.915  10.084 0.6999999881
3611  27.944  -74.607  11.460 0.6000000238
3166  28.447  -75.466  10.790 0.6999999881
111635  30.239  -76.231  7.529 0.6999999881
2747  30.210  -76.508  6.793 0.6999999881
2713  28.719  -76.495  10.413 0.6999999881
2721  29.819  -76.857  8.539 0.6999999881
2286  28.934  -77.396  9.933 0.6999999881
124717  29.847  -74.490  8.054 0.5000000000
3648  30.189  -74.545  7.152 0.6000000238
3189  29.948  -75.948  8.425 0.6999999881
3198  30.481  -75.652  6.780 0.6000000238
2757  30.037  -76.311  5.928 0.6999999881
3222  29.890  -75.911  5.025 0.6999999881
3182  29.089  -75.834  9.928 0.6999999881
3223  29.188  -76.149  4.743 0.6999999881
3225  27.613  -75.571  5.163 0.6000000238
3210  30.427  -75.839  5.841 0.6000000238
4184  29.786  -75.007  4.209 0.6000000238
3234  28.638  -75.830  3.978 0.6000000238
3243  28.777  -75.610  3.588 0.6000000238
5115  24.106  -71.462  6.586 0.5000000000
5076  20.365  -71.289  9.788 0.6000000238
4619  20.945  -71.954  9.355 0.6000000238
3686  26.876  -75.252  3.940 0.6000000238
3673  26.049  -74.532  4.703 0.6000000238
108926  25.011  -73.108  5.867 0.5000000000
4644  24.612  -72.255  6.561 0.5000000000
5579  18.843  -70.628  9.647 0.6000000238
115362  19.731  -70.492  11.175 0.6000000238
5578  19.649  -70.782  9.870 0.6000000238
3245  27.456  -75.382  3.156 0.6000000238
3660  26.010  -74.264  6.215 0.5000000000
6080  17.133  -69.690  12.287 0.6000000238
6079  18.116  -69.782  12.485 0.6000000238
5547  17.667  -70.160  11.688 0.6000000238
5563  18.291  -70.429  10.692 0.6000000238
5546  18.864  -70.226  11.592 0.6000000238
6061  18.602  -69.312  13.285 0.6000000238
6078  19.125  -69.917  12.663 0.6000000238
6103  22.941  -69.149  9.647 0.6000000238
6063  16.792  -69.128  12.530 0.6000000238
7293  17.850  -67.791  13.026 0.6000000238
6648  18.053  -68.552  13.339 0.6000000238
125911  18.444  -67.297  13.076 0.6000000238
7275  18.552  -67.808  13.518 0.6000000238
7911  18.835  -66.698  12.708 0.5000000000
7274  19.388  -67.751  13.940 0.6000000238
7910  19.615  -66.366  13.098 0.5000000000
5565  16.084  -70.592  11.021 0.6999999881
6081  16.318  -69.612  12.046 0.6000000238
6649  17.298  -68.503  12.835 0.6000000238
7303  18.123  -67.176  12.436 0.6000000238
7920  18.590  -66.483  11.874 0.6000000238
6701  15.649  -68.308  8.427 0.6000000238
6665  16.146  -68.904  12.132 0.6000000238
7305  16.484  -68.174  11.808 0.6000000238
7315  17.874  -67.041  11.535 0.5000000000
7317  16.367  -67.834  10.892 0.6000000238
7328  17.047  -67.383  10.082 0.6000000238
7339  16.574  -67.876  8.423 0.6000000238
117225  15.797  -68.505  11.401 0.6000000238
115965  18.396  -66.419  10.944 0.6000000238
7316  17.104  -67.470  11.206 0.6000000238
7936  17.798  -66.967  10.509 0.5000000000
7937  17.843  -66.965  9.490 0.6000000238
108054  17.263  -67.390  8.952 0.5000000000
7338  17.417  -67.458  7.965 0.5000000000
8578  18.656  -65.680  9.742 0.6000000238
7943  18.303  -66.363  9.116 0.6000000238
7955  17.909  -66.950  8.536 0.6000000238
7972  17.861  -66.873  7.655 0.6000000238
7991  17.688  -66.670  6.743 0.6999999881
7379  17.379  -67.329  5.419 0.6999999881
8014  17.267  -66.799  4.983 0.6999999881
8647  16.591  -65.960  4.024 0.6999999881
7954  18.228  -66.253  8.248 0.6000000238
126524  17.759  -65.830  6.795 0.6999999881
8639  17.247  -65.542  5.706 0.6999999881
8003  17.427  -66.523  5.729 0.6999999881
8004  16.984  -65.910  4.864 0.6999999881
116130  16.384  -65.075  4.310 0.6000000238
110278  17.210  -64.622  5.824 0.6000000238
109280  23.764  -70.827  7.110 0.5000000000
6130  22.680  -69.616  6.646 0.5000000000
5604  23.219  -70.029  7.268 0.5000000000
6121  23.224  -69.828  8.159 0.6000000238
6720  21.658  -68.693  6.081 0.6000000238
110731  22.071  -68.919  6.837 0.6000000238
6122  22.605  -69.318  7.531 0.6000000238
6700  22.594  -69.028  8.575 0.6000000238
6688  22.404  -68.405  9.298 0.6000000238
6710  21.524  -68.139  6.799 0.5000000000
7346  21.640  -67.459  7.408 0.6000000238
7327  22.376  -67.843  9.970 0.6000000238
7970  21.877  -66.613  7.091 0.6000000238
7953  22.253  -66.710  8.754 0.5000000000
7337  22.170  -67.603  9.084 0.6000000238
121789  22.517  -67.239  10.878 0.6000000238
7969  22.425  -66.076  7.908 0.5000000000
111255  22.334  -66.948  9.808 0.6000000238
9206  22.272  -64.794  11.211 0.5000000000
122375  23.044  -64.540  9.869 0.5000000000
7935  22.494  -66.433  11.328 0.6000000238
7942  22.595  -66.239  10.563 0.6000000238
1845  23.994  -77.893  10.987 0.6000000238
2272  27.384  -77.362  11.216 0.6999999881
5603  23.613  -70.441  7.866 0.5000000000
113490  18.319  -66.419  10.016 0.6000000238
120726  17.554  -65.973  6.267 0.6999999881
108732  23.390  -69.789  9.144 0.6000000238
106614  22.804  -65.233  10.374 0.6000000238
1093  23.713  -80.750  12.600 0.3000000119
1829  23.245  -78.948  14.060 0.3000000119
110658  24.892  -79.453  13.590 0.4000000060
1816  21.710  -77.845  14.358 0.3000000119
2672  22.032  -76.497  14.432 0.4000000060
117590  22.520  -76.083  13.450 0.4000000060
3126  24.844  -74.949  14.054 0.4000000060
2679  24.236  -75.866  13.230 0.3000000119
3139  25.216  -75.460  13.417 0.5000000000
3155  26.697  -75.533  12.603 0.6000000238
2698  23.637  -76.349  12.689 0.5000000000
2261  25.092  -76.830  12.151 0.5000000000
2262  24.073  -76.854  12.101 0.5000000000
3167  27.786  -75.634  11.572 0.6000000238
119250  30.183  -75.322  7.757 0.6999999881
8652  16.045  -65.669  3.595 0.6000000238
7990  21.661  -66.676  6.203 0.5000000000
6709  21.928  -68.399  7.734 0.6000000238
123433  22.118  -68.194  8.576 0.6000000238
123492  21.951  -66.867  7.880 0.6000000238
7989  22.152  -66.036  6.401 0.5000000000
123445  22.705  -65.855  8.786 0.5000000000
8576  23.057  -65.101  9.283 0.5000000000
1698  21.502  -77.761  26.839 0.4000000060
2103  21.609  -76.737  26.726 0.4000000060
1697  21.722  -77.402  26.223 0.5000000000
114221  20.838  -79.226  28.301 0.5000000000
963  21.081  -80.105  28.365 0.5000000000
709  21.273  -81.440  29.043 0.5000000000
1304  21.210  -78.912  27.719 0.5000000000
1296  20.844  -78.282  28.322 0.5000000000
2115  21.807  -76.601  25.845 0.4000000060
2563  22.118  -75.731  25.526 0.4000000060
108266  22.085  -76.461  25.019 0.5000000000
635  27.096  -83.194  14.387 0.3000000119
625  26.571  -82.578  14.893 0.3000000119
471  26.209  -83.925  13.484 0.3000000119
313  26.087  -83.927  12.816 0.3000000119
1681  20.815  -78.003  28.974 0.4000000060
113442  20.521  -78.761  28.940 0.5000000000
119502  20.116  -79.968  29.352 0.5000000000
2081  21.220  -77.418  28.244 0.4000000060
1689  21.167  -77.962  27.600 0.4000000060
2540  21.995  -76.200  27.463 0.3000000119
2529  22.082  -76.420  28.064 0.3000000119
2133  22.615  -76.191  23.656 0.4000000060
2549  22.817  -75.612  26.430 0.3000000119
3032  22.675  -75.203  25.010 0.4000000060
2124  22.455  -76.627  24.299 0.5000000000
2562  23.121  -75.285  25.610 0.3000000119
106933  27.066  -81.961  15.377 0.3000000119
1067  25.800  -80.596  15.996 0.3000000119
470  26.851  -83.496  13.198 0.3000000119
474  27.214  -83.007  12.666 0.3000000119
479  25.858  -83.215  11.631 0.3000000119
1670  21.141  -78.070  29.674 0.3000000119
1671  20.540  -78.615  29.565 0.4000000060
2072  21.458  -77.476  29.070 0.3000000119
2538  23.605  -76.100  26.959 0.3000000119
2581  22.849  -75.617  22.988 0.4000000060
2132  23.127  -76.677  22.874 0.4000000060
3038  22.632  -75.043  24.198 0.4000000060
2548  23.918  -75.827  26.048 0.3000000119
1058  28.674  -80.965  16.637 0.4000000060
1059  27.635  -80.579  16.407 0.4000000060
1389  27.055  -79.019  17.463 0.4000000060
1779  27.257  -78.523  18.066 0.4000000060
1764  27.486  -78.321  19.018 0.4000000060
1368  28.307  -79.150  20.029 0.5000000000
623  28.549  -82.620  14.955 0.3000000119
624  27.646  -82.722  14.936 0.3000000119
456  27.390  -83.282  13.899 0.3000000119
654  26.441  -82.794  11.751 0.3000000119
1091  25.866  -80.824  12.417 0.3000000119
1669  22.087  -77.804  29.777 0.3000000119
3046  23.805  -74.551  23.414 0.3000000119
3053  23.289  -75.051  22.393 0.3000000119
2589  24.073  -76.412  21.705 0.4000000060
126126  25.433  -77.458  21.632 0.4000000060
2102  24.775  -76.737  26.450 0.3000000119
2572  24.334  -74.884  24.295 0.3000000119
2561  24.283  -75.438  25.184 0.3000000119
3031  23.361  -75.015  24.896 0.3000000119
1001  28.835  -80.648  23.929 0.5000000000
1336  28.113  -80.170  23.729 0.5000000000
1386  30.657  -80.045  17.953 0.3000000119
1387  29.610  -79.525  17.680 0.3000000119
1047  30.131  -80.742  17.383 0.3000000119
1048  29.098  -80.267  17.168 0.3000000119
117921  27.947  -79.732  17.024 0.4000000060
116306  29.483  -78.542  20.887 0.5000000000
1019  29.737  -80.313  22.111 0.5000000000
1057  29.619  -81.321  16.811 0.3000000119
1778  28.118  -78.368  18.050 0.4000000060
2187  28.229  -77.880  19.120 0.4000000060
1763  28.151  -78.277  19.554 0.5000000000
1361  29.004  -79.415  20.691 0.5000000000
455  28.499  -82.654  14.173 0.3000000119
648  27.676  -82.454  12.739 0.3000000119
823  27.524  -82.094  12.325 0.3000000119
1090  26.866  -81.039  12.399 0.3000000119
1080  26.357  -80.283  12.964 0.4000000060
3063  23.899  -74.507  21.924 0.3000000119
2601  25.679  -76.063  21.374 0.4000000060
2101  25.840  -77.410  26.076 0.3000000119
2571  25.484  -75.728  24.745 0.3000000119
2160  25.872  -77.032  21.526 0.4000000060
2547  25.379  -76.456  25.497 0.3000000119
2144  26.816  -78.160  22.204 0.4000000060
1725  27.785  -79.246  23.322 0.5000000000
1723  29.163  -78.608  23.964 0.4000000060
1724  28.419  -78.594  23.456 0.5000000000
1367  32.407  -78.892  19.259 0.3000000119
1000  29.567  -80.478  23.875 0.5000000000
1335  28.842  -80.026  24.168 0.5000000000
1770  30.546  -78.084  18.874 0.3000000119
1345  30.615  -79.279  23.128 0.4000000060
988  30.022  -79.886  24.197 0.5000000000
1046  31.037  -80.960  17.485 0.3000000119
1377  30.076  -78.774  18.267 0.4000000060
2190  29.931  -77.561  19.400 0.4000000060
1354  30.068  -79.138  21.961 0.5000000000
1346  30.157  -80.056  22.812 0.5000000000
113955  29.503  -82.077  15.666 0.3000000119
1777  29.049  -78.393  18.058 0.4000000060
2191  29.015  -77.631  19.230 0.5000000000
2174  29.193  -77.851  20.260 0.5000000000
642  28.875  -82.208  13.805 0.3000000119
821  28.771  -81.792  13.325 0.4000000060
1078  28.100  -80.787  12.977 0.3000000119
1089  27.752  -81.421  12.577 0.4000000060
1079  27.325  -80.536  12.896 0.4000000060
1509  25.143  -78.871  4.641 0.5000000000
2088  27.306  -77.718  26.608 0.3000000119
117619  26.315  -76.347  25.109 0.3000000119
3060  26.519  -75.311  21.371 0.3000000119
2114  26.480  -77.045  25.608 0.3000000119
2599  27.347  -75.964  21.574 0.3000000119
2142  28.207  -77.655  22.710 0.5000000000
2130  29.650  -77.872  24.046 0.4000000060
2131  28.903  -77.741  23.382 0.3000000119
1759  33.461  -78.310  19.214 0.3000000119
1715  29.881  -78.765  24.401 0.5000000000
1769  31.583  -78.615  19.157 0.3000000119
1722  31.057  -78.847  23.812 0.4000000060
1325  30.376  -79.336  24.261 0.4000000060
1762  30.988  -77.744  19.684 0.4000000060
2184  30.448  -77.545  20.320 0.4000000060
2157  30.499  -77.706  21.244 0.4000000060
1745  30.572  -78.309  22.114 0.4000000060
1056  30.509  -81.469  16.816 0.3000000119
806  30.439  -81.788  15.271 0.3000000119
2185  29.482  -77.595  19.870 0.4000000060
124817  30.037  -78.170  21.355 0.5000000000
1077  29.159  -81.218  13.431 0.3000000119
117827  28.789  -80.543  13.386 0.4000000060
1427  27.831  -80.050  13.389 0.4000000060
1908  25.170  -78.419  4.592 0.5000000000
1428  26.853  -79.797  13.454 0.4000000060
1413  27.294  -79.280  13.989 0.5000000000
1145  25.171  -80.027  5.813 0.5000000000
2560  26.851  -76.613  25.527 0.3000000119
5580  17.835  -70.633  9.901 0.5000000000
2122  30.444  -77.938  24.622 0.3000000119
2579  29.415  -76.823  23.303 0.3000000119
5598  17.500  -70.893  9.176 0.6000000238
1767  33.925  -77.823  18.725 0.3000000119
2183  33.392  -77.873  19.925 0.3000000119
1768  33.561  -78.627  18.369 0.3000000119
1752  32.713  -77.893  20.298 0.3000000119
2171  32.350  -77.474  21.070 0.3000000119
121257  31.101  -78.383  24.629 0.4000000060
1714  30.533  -78.714  24.472 0.4000000060
124794  21.401  -72.635  9.019 0.5000000000
5098  15.238  -71.880  9.019 0.5000000000
1753  31.622  -77.642  20.449 0.3000000119
2172  31.305  -77.536  21.161 0.3000000119
2140  31.783  -77.589  22.769 0.3000000119
2129  32.180  -77.353  23.494 0.3000000119
4151  22.150  -74.021  8.299 0.5000000000
816  30.863  -81.299  14.865 0.3000000119
817  30.200  -81.364  14.437 0.3000000119
3203  23.415  -76.160  7.493 0.5000000000
1426  29.448  -80.686  13.688 0.3000000119
2750  24.540  -77.335  6.348 0.5000000000
1411  29.455  -79.977  13.891 0.4000000060
2331  25.046  -77.799  4.967 0.6000000238
1412  28.474  -79.460  14.019 0.4000000060
1810  27.627  -78.542  14.662 0.5000000000
2330  25.724  -78.501  5.499 0.5000000000
118757  26.816  -78.098  15.065 0.4000000060
1811  26.525  -78.641  14.510 0.3000000119
1415  25.923  -78.950  14.171 0.4000000060
1497  25.932  -79.711  6.033 0.6000000238
3103  26.815  -74.906  16.712 0.3000000119
3104  25.749  -75.094  16.681 0.4000000060
2219  25.561  -77.291  15.716 0.4000000060
1812  25.549  -78.443  14.644 0.3000000119
1130  25.883  -80.451  7.408 0.6000000238
1140  24.582  -80.666  6.506 0.5000000000
4042  26.322  -73.190  16.579 0.3000000119
3555  25.359  -74.355  16.553 0.5000000000
3105  24.521  -75.118  16.334 0.4000000060
2647  23.997  -75.564  16.048 0.4000000060
104867  25.008  -80.838  7.263 0.6000000238
4545  26.034  -72.505  16.289 0.3000000119
4056  25.182  -73.386  15.997 0.5000000000
4044  24.779  -73.936  16.053 0.4000000060
3115  24.088  -74.918  15.954 0.4000000060
4066  25.399  -73.077  15.438 0.4000000060
4057  24.831  -73.850  15.545 0.5000000000
3575  24.359  -74.459  15.278 0.4000000060
4075  25.641  -73.919  14.171 0.5000000000
5581  16.876  -70.794  10.102 0.6000000238
5599  16.604  -71.139  9.363 0.6000000238
2189  34.059  -77.181  18.062 0.3000000119
2182  33.815  -77.588  19.527 0.3000000119
2169  33.791  -76.873  20.534 0.3000000119
2170  33.299  -77.369  20.693 0.3000000119
5078  15.664  -71.442  9.719 0.6000000238
1775  33.980  -78.006  17.774 0.3000000119
2155  32.929  -77.096  21.565 0.3000000119
2138  33.203  -76.602  22.042 0.3000000119
5079  14.691  -71.618  10.034 0.6000000238
1797  33.768  -78.941  15.462 0.3000000119
2156  32.033  -77.384  21.876 0.3000000119
2139  32.573  -77.098  22.491 0.3000000119
5584  14.075  -71.020  10.468 0.6000000238
1075  30.290  -80.702  14.234 0.3000000119
6117  13.341  -70.099  8.998 0.6000000238
5081  13.431  -71.006  9.837 0.6000000238
113454  12.947  -70.465  8.304 0.6000000238
5605  12.931  -70.293  7.342 0.5000000000
2232  27.400  -77.742  15.371 0.4000000060
2658  26.182  -76.686  16.244 0.4000000060
4580  25.966  -71.925  14.347 0.4000000060
4065  25.762  -72.976  14.513 0.5000000000
2634  33.951  -76.570  17.714 0.3000000119
3080  33.888  -75.999  19.347 0.3000000119
108240  34.039  -77.101  19.115 0.3000000119
3071  34.095  -75.865  20.206 0.3000000119
2611  33.810  -76.401  20.945 0.3000000119
2597  33.648  -76.208  21.605 0.3000000119
2586  33.413  -76.105  22.519 0.3000000119
5564  17.205  -70.485  10.908 0.5000000000
2199  34.166  -77.407  17.050 0.3000000119
109400  34.037  -78.144  16.780 0.3000000119
5566  15.248  -70.264  11.310 0.5000000000
5583  15.123  -71.013  10.658 0.6000000238
122661  34.387  -77.551  16.163 0.3000000119
2127  32.909  -76.636  23.018 0.3000000119
5567  14.388  -70.129  10.777 0.6000000238
2214  34.472  -77.660  15.366 0.3000000119
6105  13.749  -70.146  10.005 0.6000000238
2231  28.285  -77.955  15.147 0.3000000119
1809  28.613  -78.630  14.601 0.3000000119
6124  13.412  -69.799  7.790 0.6000000238
6144  13.675  -69.669  5.750 0.6000000238
6093  14.877  -69.584  11.152 0.6000000238
6678  15.128  -68.824  10.963 0.5000000000
6690  15.047  -68.498  10.010 0.6000000238
117652  13.964  -69.358  9.264 0.6000000238
6713  14.679  -68.910  7.498 0.6000000238
6133  13.543  -69.713  6.753 0.6000000238
6143  14.488  -69.373  5.260 0.6000000238
6724  14.679  -69.092  6.749 0.6000000238
6155  14.823  -69.284  4.051 0.5000000000
6082  15.541  -69.442  11.645 0.5000000000
6677  15.775  -68.084  10.352 0.5000000000
6702  14.706  -68.730  8.523 0.5000000000
6723  15.364  -68.790  6.808 0.6000000238
6776  15.399  -68.189  2.430 0.5000000000
8021  14.923  -66.062  2.966 0.6000000238
7414  15.263  -67.492  2.383 0.6000000238
7415  14.297  -67.653  2.063 0.5000000000
8035  14.563  -66.758  2.559 0.6000000238
8036  13.512  -66.842  2.561 0.6000000238
6689  15.759  -68.107  9.286 0.5000000000
115706  15.914  -68.705  6.187 0.5000000000
6737  16.054  -68.739  5.400 0.5000000000
6131  15.168  -69.076  5.951 0.6000000238
124173  17.124  -68.057  4.843 0.6000000238
105736  16.343  -68.349  3.645 0.5000000000
6766  15.830  -68.338  2.903 0.5000000000
7400  16.931  -67.395  3.912 0.6000000238
117618  15.930  -67.103  2.789 0.6000000238
8670  13.846  -66.050  3.181 0.5000000000
11163  8.282  -61.217  11.513 0.5000000000
123857  16.391  -67.710  10.205 0.5000000000
6722  16.301  -68.404  6.856 0.5000000000
6736  16.652  -68.413  5.894 0.6000000238
11154  8.780  -61.243  12.650 0.5000000000
11142  9.169  -61.641  13.707 0.6000000238
11155  7.687  -60.916  12.204 0.6000000238
11164  7.021  -60.952  11.313 0.6000000238
114074  9.416  -61.573  11.270 0.5000000000
11173  7.257  -61.225  10.584 0.5000000000
11182  7.320  -61.561  9.660 0.5000000000
9322  11.450  -65.065  4.139 0.5000000000
117683  11.959  -65.716  3.653 0.5000000000
16506  5.361  -54.374  14.552 0.6000000238
116914  5.657  -55.681  15.298 0.6999999881
14945  4.848  -55.906  14.620 0.6000000238
126654  5.448  -57.224  14.884 0.6999999881
13420  6.674  -58.581  14.772 0.6000000238
11861  7.545  -59.815  14.781 0.6000000238
114562  5.247  -58.160  13.953 0.6000000238
119454  6.097  -58.541  14.201 0.6000000238
15746  4.880  -55.567  13.601 0.6000000238
14204  4.507  -57.583  13.592 0.6000000238
121301  5.725  -58.842  13.447 0.6000000238
12645  6.805  -59.166  14.186 0.5000000000
108709  8.456  -61.233  14.158 0.6000000238
14976  4.608  -56.817  12.607 0.6000000238
13432  4.705  -58.301  13.176 0.6000000238
11909  7.281  -60.495  12.741 0.5000000000
11894  7.732  -60.539  13.613 0.6000000238
13441  4.452  -58.311  12.449 0.6000000238
11910  6.326  -59.895  12.489 0.6000000238
12702  4.908  -59.403  11.253 0.6000000238
12681  5.241  -59.417  12.068 0.6000000238
11918  6.032  -60.512  11.004 0.6000000238
107497  6.220  -61.196  9.899 0.5000000000
10555  7.295  -62.387  8.223 0.5000000000
10556  6.359  -62.112  7.815 0.5000000000
10568  6.655  -62.577  7.324 0.5000000000
10581  6.636  -63.014  5.772 0.5000000000
14193  6.278  -57.352  15.299 0.6000000238
119847  7.406  -58.548  15.873 0.6999999881
14236  4.573  -57.711  11.744 0.5000000000
11924  5.182  -59.994  10.634 0.6000000238
11196  5.443  -60.804  9.077 0.6000000238
109727  6.197  -61.418  9.187 0.5000000000
11209  5.488  -60.956  8.068 0.6000000238
11208  5.685  -61.210  7.244 0.5000000000
11945  5.811  -60.839  6.845 0.6000000238
11221  5.994  -61.666  6.403 0.6000000238
17316  11.488  -52.882  11.556 0.4000000060
15713  8.209  -55.484  15.970 0.6999999881
14175  9.422  -57.157  16.626 0.5000000000
13381  9.526  -58.845  17.020 0.5000000000
16562  10.876  -53.514  12.102 0.6000000238
18071  10.181  -52.753  12.406 0.5000000000
14176  8.557  -57.217  16.470 0.6000000238
13383  8.380  -59.052  16.692 0.5000000000
16560  12.464  -54.147  11.785 0.5000000000
118750  7.362  -54.689  15.759 0.6000000238
14924  8.001  -56.380  16.124 0.8000000119
15723  6.701  -54.854  15.691 0.6999999881
14178  7.087  -57.220  15.763 0.8000000119
13392  7.825  -58.952  16.326 0.6999999881
12730  5.383  -59.791  8.868 0.6000000238
12741  5.606  -59.868  8.003 0.6000000238
14159  10.202  -58.066  16.933 0.5000000000
18070  11.038  -52.442  11.968 0.5000000000
15712  9.123  -55.670  16.173 0.6999999881
12596  9.938  -59.740  17.186 0.5000000000
16558  14.179  -54.441  11.785 0.4000000060
17315  12.575  -53.629  11.414 0.4000000060
15785  13.483  -54.783  12.130 0.4000000060
15761  13.140  -55.407  12.556 0.5000000000
14970  12.605  -56.144  13.080 0.4000000060
14174  10.295  -56.966  16.672 0.5000000000
12595  10.770  -59.753  17.348 0.5000000000
18090  12.204  -52.386  11.055 0.3000000119
18833  11.696  -51.891  11.735 0.3000000119
14922  9.642  -56.356  16.431 0.6000000238
15760  14.079  -55.356  12.501 0.4000000060
14968  14.396  -56.135  13.097 0.4000000060
14958  11.877  -57.065  13.563 0.4000000060
14921  11.149  -56.541  16.591 0.6000000238
15711  9.919  -55.698  16.205 0.6000000238
14956  13.913  -56.961  13.479 0.4000000060
14158  11.055  -57.497  16.901 0.5000000000
122534  11.104  -58.233  17.160 0.5000000000
18086  15.266  -52.588  9.836 0.3000000119
18853  12.680  -51.996  10.589 0.3000000119
18832  12.397  -51.539  11.361 0.3000000119
18810  12.115  -51.597  12.498 0.4000000060
14955  14.778  -56.850  13.532 0.3000000119
14213  13.418  -57.894  13.857 0.4000000060
14212  14.350  -57.689  13.868 0.4000000060
18823  12.733  -51.242  11.854 0.4000000060
14920  12.153  -56.429  16.635 0.6000000238
14157  11.749  -57.987  17.287 0.4000000060
18809  12.959  -51.625  12.671 0.4000000060
18085  17.023  -52.576  9.827 0.3000000119
18101  16.580  -52.113  9.012 0.3000000119
14908  11.885  -57.220  16.954 0.5000000000
18044  13.379  -52.265  13.358 0.4000000060
17260  13.399  -53.407  14.532 0.4000000060
17240  14.941  -53.956  15.076 0.5000000000
18043  14.361  -52.405  13.402 0.4000000060
17259  14.380  -53.452  14.535 0.4000000060
19613  17.917  -50.342  11.643 0.3000000119
121713  17.714  -51.264  13.123 0.3000000119
18818  16.885  -51.194  12.551 0.3000000119
125282  16.784  -52.185  13.734 0.3000000119
18789  18.455  -51.492  14.074 0.3000000119
16422  12.100  -54.621  20.539 0.4000000060
20447  18.799  -50.127  11.899 0.3000000119
114444  32.623  -76.487  24.336 0.3000000119
18042  15.296  -52.416  13.482 0.3000000119
12740  6.321  -59.477  7.969 0.6000000238
16448  10.077  -54.196  20.170 0.4000000060
16536  11.984  -54.561  12.201 0.5000000000
18041  16.182  -52.320  13.599 0.3000000119
2234  25.051  -77.821  15.213 0.3000000119
2659  25.087  -76.567  16.212 0.4000000060
6712  15.490  -68.542  7.621 0.5000000000
2530  21.589  -76.654  27.824 0.4000000060
1313  21.601  -78.681  27.085 0.5000000000
710  20.640  -80.612  28.990 0.5000000000
2123  23.088  -77.361  23.696 0.5000000000
1060  26.495  -80.336  16.303 0.4000000060
2080  21.820  -76.855  28.544 0.4000000060
2582  22.624  -75.394  23.757 0.4000000060
2146  23.727  -77.040  22.207 0.4000000060
809  28.074  -82.216  15.480 0.4000000060
1395  26.875  -79.643  16.876 0.4000000060
1780  26.450  -78.752  17.986 0.4000000060
1657  20.827  -78.604  30.277 0.3000000119
3037  23.138  -74.820  24.227 0.3000000119
2590  23.308  -75.994  22.204 0.4000000060
808  28.888  -82.204  15.595 0.3000000119
622  29.323  -82.331  15.172 0.4000000060
2603  23.819  -75.356  21.736 0.4000000060
1746  25.925  -77.953  21.781 0.4000000060
647  28.165  -81.931  12.810 0.4000000060
2600  26.559  -76.423  21.508 0.4000000060
2159  26.645  -77.348  21.771 0.4000000060
1735  27.624  -78.374  22.730 0.5000000000
1327  29.266  -79.437  24.228 0.5000000000
1761  32.097  -78.182  19.778 0.3000000119
1055  31.363  -81.290  16.535 0.3000000119
807  29.849  -82.098  15.401 0.3000000119
820  29.419  -81.741  13.935 0.3000000119
1502  25.555  -79.300  5.317 0.6000000238
2588  28.029  -76.628  22.075 0.3000000119
2158  27.227  -76.783  21.763 0.4000000060
1733  31.474  -78.052  23.539 0.3000000119
2741  24.146  -76.845  7.410 0.5000000000
2578  30.045  -76.256  23.719 0.3000000119
1720  32.173  -77.270  24.314 0.3000000119
2644  27.360  -75.740  16.518 0.4000000060
2218  26.520  -77.492  15.602 0.4000000060
2233  26.003  -77.971  15.126 0.4000000060
4543  27.552  -72.800  16.486 0.3000000119
125801  34.095  -75.839  20.652 0.3000000119
122892  14.146  -69.499  10.087 0.6000000238
118794  27.147  -77.028  15.965 0.3000000119
3057  34.140  -75.265  21.665 0.3000000119
3050  33.933  -75.290  22.323 0.3000000119
1805  33.947  -78.166  14.399 0.3000000119
6142  15.442  -69.062  4.829 0.5000000000
6765  16.456  -67.715  3.258 0.6000000238
119032  6.371  -56.468  15.545 0.6999999881
110110  7.569  -58.014  16.097 0.6999999881
115227  7.345  -55.555  15.839 0.6999999881
14923  8.815  -56.382  16.337 0.6000000238
18088  13.546  -52.521  10.309 0.3000000119
18103  14.444  -52.022  9.502 0.3000000119
2314  25.751  -77.234  7.604 0.5000000000
2315  24.925  -77.294  7.307 0.5000000000
4110  28.729  -74.048  10.107 0.6000000238
7348  16.947  -67.956  7.383 0.4000000060
7347  17.468  -67.478  7.052 0.5000000000
9308  16.055  -64.156  4.291 0.5000000000
9319  15.685  -64.932  3.982 0.5000000000
8654  14.549  -65.516  3.608 0.5000000000
8648  12.838  -65.210  4.432 0.5000000000
9311  13.595  -64.734  4.754 0.5000000000
9959  16.413  -63.481  4.617 0.5000000000
124013  12.130  -64.991  4.518 0.4000000060
9961  14.968  -63.391  4.541 0.5000000000
9310  14.602  -64.366  4.471 0.5000000000
9312  12.549  -64.674  4.970 0.5000000000
9964  11.161  -63.860  5.007 0.5000000000
10589  14.302  -62.978  5.330 0.6000000238
9962  14.020  -63.879  5.176 0.5000000000
9963  12.078  -64.060  5.388 0.5000000000
11235  6.842  -62.162  5.373 0.5000000000
9950  13.465  -63.374  5.886 0.6000000238
10602  8.841  -63.078  4.663 0.5000000000
10593  8.325  -62.519  4.993 0.5000000000
9951  12.550  -63.491  6.002 0.6000000238
9953  10.702  -63.201  5.248 0.6000000238
9965  10.301  -63.701  4.640 0.5000000000
11245  14.508  -62.019  5.190 0.6000000238
113603  12.912  -62.259  6.709 0.6000000238
10578  12.052  -62.679  6.450 0.6000000238
11233  8.783  -61.880  5.508 0.6000000238
123416  11.798  -61.811  6.857 0.6000000238
11219  8.144  -61.358  5.917 0.5000000000
11963  6.364  -61.193  6.250 0.5000000000
10579  11.093  -62.209  6.285 0.6000000238
10592  10.326  -62.487  5.592 0.6000000238
11874  8.028  -60.676  14.695 0.5000000000
11854  7.875  -60.438  16.128 0.5000000000
113408  7.604  -59.809  15.346 0.5000000000
12759  6.985  -59.767  7.467 0.6000000238
11216  10.960  -61.448  6.671 0.6000000238
11961  8.563  -60.697  6.555 0.6000000238
11232  9.728  -61.869  5.787 0.6000000238
11218  9.200  -61.289  6.147 0.6000000238
11960  9.629  -60.630  6.730 0.6000000238
18808  13.920  -51.815  12.771 0.3000000119
114458  12.618  -55.344  21.036 0.3000000119
3585  26.179  -74.309  13.471 0.4000000060
3596  27.321  -74.161  12.275 0.5000000000
1120  25.245  -80.527  8.099 0.5000000000
4096  27.710  -73.551  11.626 0.4000000060
1118  26.677  -80.030  7.481 0.4000000060
3638  29.422  -74.043  8.682 0.4000000060
2323  26.467  -78.581  6.498 0.4000000060
2324  25.605  -77.932  6.567 0.4000000060
1501  26.061  -79.170  5.687 0.4000000060
1138  26.341  -80.048  6.770 0.4000000060
4643  29.071  -72.219  6.731 0.4000000060
4159  29.724  -73.166  6.319 0.4000000060
116214  30.214  -74.194  5.585 0.4000000060
3192  23.454  -75.671  8.359 0.4000000060
4634  29.340  -72.727  7.311 0.4000000060
126432  30.178  -74.061  6.429 0.4000000060
4185  29.100  -74.570  3.645 0.4000000060
3700  27.647  -75.118  2.594 0.5000000000
11958  11.759  -60.740  7.065 0.5000000000
11957  12.766  -60.196  6.747 0.5000000000
125872  11.311  -59.926  7.158 0.5000000000
12773  12.051  -59.575  6.976 0.5000000000
126763  12.418  -57.750  6.918 0.5000000000
12756  10.676  -59.583  7.309 0.5000000000
108368  11.700  -57.357  7.734 0.5000000000
12598  8.225  -59.797  16.676 0.4000000060
12597  8.973  -59.621  16.986 0.4000000060
12755  11.413  -58.998  7.176 0.5000000000
11942  9.059  -59.928  7.234 0.5000000000
3637  29.675  -74.906  8.629 0.5000000000
4149  29.397  -73.142  7.829 0.4000000060
115934  29.823  -74.285  4.642 0.4000000060
717  21.560  -80.963  28.497 0.4000000060
716  22.407  -81.234  28.036 0.4000000060
165  24.735  -84.914  25.224 0.4000000060
969  21.828  -80.390  27.919 0.4000000060
250  24.977  -84.302  25.744 0.4000000060
123508  23.034  -81.370  27.542 0.4000000060
384  24.482  -83.564  24.331 0.4000000060
378  24.893  -83.536  25.247 0.4000000060
372  25.002  -84.099  26.565 0.4000000060
1303  21.948  -79.687  27.314 0.5000000000
975  22.822  -80.168  26.758 0.4000000060
968  22.569  -80.652  27.423 0.4000000060
538  24.815  -82.731  26.296 0.4000000060
126570  21.817  -78.494  26.656 0.5000000000
1319  22.744  -78.856  25.793 0.5000000000
1312  22.314  -79.156  26.553 0.5000000000
724  23.310  -81.014  26.967 0.4000000060
715  23.680  -81.816  27.238 0.4000000060
1318  23.457  -79.434  25.319 0.4000000060
1311  23.188  -79.738  26.075 0.4000000060
751  23.947  -81.172  23.273 0.4000000060
739  24.211  -81.879  24.209 0.4000000060
113131  24.650  -82.137  25.166 0.4000000060
722  24.623  -81.949  25.906 0.4000000060
539  24.381  -82.305  26.763 0.4000000060
567  24.061  -82.741  23.756 0.4000000060
548  24.873  -82.744  25.615 0.4000000060
990  23.933  -79.957  24.817 0.5000000000
981  23.788  -80.265  25.528 0.4000000060
974  23.587  -80.625  26.269 0.4000000060
723  24.005  -81.462  26.486 0.4000000060
1328  24.121  -80.157  23.822 0.5000000000
980  24.146  -80.676  24.898 0.4000000060
728  24.445  -81.447  25.085 0.4000000060
729  24.155  -81.094  25.695 0.4000000060
105689  24.304  -81.021  22.068 0.3000000119
759  24.649  -81.809  21.756 0.3000000119
1011  25.036  -80.992  21.881 0.4000000060
1003  24.162  -80.651  22.651 0.3000000119
1349  24.694  -79.415  22.091 0.4000000060
1012  24.481  -80.296  22.136 0.4000000060
585  27.677  -82.999  21.540 0.3000000119
574  26.973  -82.528  21.936 0.4000000060
758  25.959  -81.812  21.900 0.4000000060
114522  25.477  -80.165  22.036 0.4000000060
757  27.171  -81.810  22.462 0.4000000060
1010  26.298  -81.094  22.271 0.4000000060
107444  26.721  -80.429  22.640 0.4000000060
1737  26.275  -78.693  22.150 0.3000000119
1739  24.596  -78.592  22.062 0.3000000119
584  28.314  -82.377  21.834 0.4000000060
123922  25.430  -79.487  22.019 0.3000000119
1009  27.366  -81.148  22.964 0.4000000060
109803  27.529  -80.562  23.280 0.4000000060
1347  27.210  -79.852  23.062 0.4000000060
1338  23.920  -79.066  23.534 0.4000000060
1337  24.214  -79.704  22.761 0.4000000060
596  28.238  -82.908  21.120 0.4000000060
772  28.802  -81.488  20.852 0.4000000060
595  28.664  -82.210  21.355 0.4000000060
1025  29.236  -80.648  21.278 0.4000000060
756  29.078  -81.421  22.845 0.4000000060
750  27.965  -81.642  23.003 0.4000000060
1329  23.727  -79.236  24.471 0.4000000060
120241  24.141  -77.929  22.142 0.3000000119
1727  23.631  -78.263  23.351 0.4000000060
778  28.221  -81.186  20.145 0.4000000060
1033  27.886  -79.984  19.820 0.4000000060
1026  28.609  -80.345  20.466 0.4000000060
1008  29.701  -80.790  23.055 0.4000000060
749  28.615  -81.305  23.321 0.4000000060
1706  23.091  -78.534  25.031 0.4000000060
114914  23.639  -77.693  22.789 0.3000000119
1707  22.216  -77.805  25.536 0.4000000060
1717  22.594  -77.491  24.696 0.4000000060
1716  23.389  -78.338  24.153 0.4000000060
3701  26.610  -74.997  2.698 0.4000000060
766  28.878  -81.879  22.094 0.4000000060
159  24.723  -84.985  25.894 0.4000000060
256  24.736  -84.350  24.826 0.4000000060
457  26.613  -83.653  13.916 0.3000000119
469  27.620  -82.971  13.313 0.3000000119
475  26.504  -83.285  12.260 0.3000000119
558  24.598  -82.767  24.764 0.4000000060
572  28.478  -81.842  22.602 0.4000000060
573  27.836  -82.278  22.319 0.4000000060
600  28.346  -82.350  20.511 0.4000000060
633  29.116  -82.347  14.479 0.3000000119
634  27.906  -82.948  14.402 0.3000000119
643  28.285  -82.408  13.391 0.4000000060
649  27.064  -82.630  12.218 0.3000000119
653  26.896  -82.244  11.891 0.3000000119
748  29.185  -81.004  23.498 0.5000000000
765  29.326  -81.203  22.178 0.4000000060
796  30.744  -81.701  16.083 0.3000000119
797  30.019  -81.895  16.094 0.3000000119
798  29.207  -81.753  16.171 0.3000000119
799  28.352  -81.591  16.041 0.4000000060
800  27.403  -81.312  15.838 0.3000000119
805  31.152  -81.406  15.531 0.3000000119
810  26.533  -81.085  15.721 0.3000000119
818  29.786  -82.057  14.767 0.3000000119
824  26.451  -81.603  11.948 0.4000000060
835  25.432  -82.493  11.319 0.4000000060
989  29.415  -80.036  24.213 0.5000000000
999  30.177  -80.128  23.634 0.5000000000
1002  28.082  -80.993  23.526 0.4000000060
1034  27.168  -79.615  19.396 0.4000000060
1074  30.872  -80.731  14.500 0.3000000119
1076  29.734  -81.040  13.894 0.3000000119
1088  28.521  -81.349  13.030 0.3000000119
1119  26.269  -80.220  8.059 0.5000000000
1139  25.525  -80.397  6.611 0.6000000238
1146  24.349  -80.166  5.719 0.5000000000
1297  20.466  -79.654  28.843 0.5000000000
1324  30.863  -78.924  24.299 0.4000000060
1326  29.938  -79.433  24.353 0.5000000000
1334  30.569  -79.517  24.032 0.4000000060
1348  26.221  -79.509  22.283 0.4000000060
1360  29.524  -79.606  21.366 0.5000000000
1369  27.545  -78.916  19.461 0.5000000000
1373  33.095  -79.448  17.937 0.3000000119
1374  32.893  -79.130  18.839 0.3000000119
1376  31.138  -79.264  18.536 0.3000000119
1388  28.603  -79.101  17.506 0.4000000060
1414  26.485  -79.226  13.943 0.5000000000
1429  25.867  -79.506  13.598 0.4000000060
1430  24.045  -79.491  13.585 0.4000000060
1431  22.603  -79.501  13.731 0.3000000119
1480  28.305  -78.878  7.949 0.6000000238
1482  27.108  -79.838  8.041 0.6000000238
1484  24.993  -79.918  8.954 0.6000000238
1495  27.286  -79.217  6.969 0.6000000238
1496  26.563  -79.352  6.385 0.4000000060
1503  24.826  -79.491  5.074 0.5000000000
1721  31.477  -78.154  24.193 0.4000000060
1726  24.111  -78.682  22.661 0.4000000060
1734  31.128  -78.295  22.987 0.4000000060
1736  26.980  -78.981  22.641 0.4000000060
1738  25.428  -78.809  21.988 0.3000000119
1747  24.963  -77.878  21.796 0.3000000119
1754  28.763  -78.361  20.195 0.5000000000
1760  32.904  -78.482  19.573 0.3000000119
1765  26.958  -78.627  18.502 0.4000000060
1771  29.481  -77.813  18.701 0.4000000060
1772  28.547  -77.892  18.659 0.5000000000
1773  27.730  -78.219  18.635 0.4000000060
1787  33.755  -78.920  16.389 0.3000000119
1796  34.130  -78.277  15.024 0.3000000119
1814  23.636  -78.247  14.668 0.3000000119
1844  24.964  -77.959  10.953 0.6999999881
1854  28.386  -77.955  10.136 0.8000000119
1856  26.488  -78.564  10.262 0.6999999881
1876  29.237  -77.896  7.902 0.8000000119
1893  26.254  -78.928  5.911 0.4000000060
1900  25.684  -78.858  5.191 0.6000000238
2079  22.851  -76.706  28.507 0.3000000119
2093  21.403  -77.095  27.419 0.4000000060
2128  32.666  -76.741  23.825 0.3000000119
2141  31.172  -77.670  22.035 0.3000000119
2143  27.432  -77.512  22.189 0.4000000060
2145  24.353  -77.272  21.814 0.3000000119
2154  33.503  -76.752  21.190 0.3000000119
2161  24.995  -76.866  21.516 0.4000000060
2168  33.989  -76.333  20.414 0.3000000119
2173  29.788  -77.735  20.647 0.4000000060
2181  33.965  -76.954  19.887 0.3000000119
2186  28.779  -77.804  19.679 0.5000000000
2221  23.609  -76.818  15.538 0.4000000060
2238  21.512  -77.101  14.232 0.3000000119
2264  22.322  -76.740  12.311 0.4000000060
2273  25.521  -77.429  11.508 0.5000000000
2287  27.728  -77.814  10.684 0.6999999881
2302  29.594  -77.581  8.159 0.8000000119
2303  29.219  -78.139  8.552 0.8000000119
2546  27.152  -77.148  25.927 0.3000000119
2551  21.665  -76.446  27.217 0.3000000119
2569  30.551  -76.723  24.579 0.3000000119
2570  30.117  -77.182  24.202 0.3000000119
2573  22.373  -75.688  24.529 0.5000000000
2576  33.570  -75.578  22.799 0.3000000119
2580  28.711  -76.956  22.713 0.3000000119
2585  33.788  -75.686  21.990 0.3000000119
2596  34.010  -75.869  21.145 0.3000000119
2602  24.724  -75.738  21.421 0.4000000060
2620  33.974  -76.473  19.617 0.3000000119
2625  33.907  -76.590  18.700 0.3000000119
2645  25.527  -75.941  16.568 0.4000000060
2646  24.682  -75.833  16.399 0.4000000060
2660  24.176  -76.322  16.011 0.5000000000
2680  23.224  -75.938  13.354 0.4000000060
2681  22.155  -76.133  13.895 0.4000000060
2683  21.075  -76.899  13.096 0.4000000060
2699  22.758  -76.314  12.815 0.4000000060
2706  28.100  -76.331  11.150 0.6999999881
2708  26.097  -76.897  11.987 0.5000000000
2722  29.342  -76.751  9.537 0.6999999881
2748  29.546  -76.751  6.717 0.8000000119
3025  22.480  -75.524  25.843 0.3000000119
3047  22.976  -74.856  23.355 0.4000000060
3085  33.840  -76.227  18.311 0.3000000119
3117  23.000  -75.744  15.183 0.3000000119
3156  25.957  -75.870  12.827 0.6000000238
3181  29.566  -76.158  9.169 0.6999999881
3190  24.963  -75.859  8.593 0.6999999881
3201  25.824  -75.547  8.232 0.6000000238
3202  24.123  -76.242  8.233 0.4000000060
3204  22.863  -75.403  7.628 0.5000000000
3224  28.469  -76.017  4.813 0.6000000238
3232  29.746  -75.448  4.414 0.6000000238
3233  29.285  -75.777  4.172 0.6999999881
3235  27.895  -75.673  3.913 0.6000000238
3244  28.167  -75.535  3.297 0.6000000238
3494  23.704  -74.471  22.593 0.3000000119
3554  26.610  -73.962  16.719 0.3000000119
3556  24.682  -74.429  16.238 0.4000000060
3567  24.388  -74.412  15.844 0.4000000060
3568  23.908  -74.902  15.384 0.4000000060
3574  24.915  -74.333  14.623 0.4000000060
3586  25.512  -74.710  13.826 0.5000000000
3630  29.403  -75.339  9.307 0.6999999881
3631  29.199  -74.434  9.400 0.5000000000
3649  26.367  -75.102  7.542 0.8000000119
3658  30.560  -74.968  6.044 0.6000000238
3671  30.339  -75.168  4.985 0.6000000238
3685  29.265  -75.327  3.778 0.6000000238
3687  25.952  -74.742  3.338 0.4000000060
3699  28.600  -75.252  3.109 0.5000000000
4041  27.167  -73.361  16.645 0.3000000119
4043  25.169  -73.800  16.289 0.5000000000
4124  28.975  -73.566  9.369 0.4000000060
4136  29.637  -73.803  7.917 0.4000000060
4137  29.201  -73.257  8.543 0.4000000060
4140  22.399  -73.952  9.270 0.6000000238
4141  21.790  -73.340  8.688 0.5000000000
4148  29.768  -73.533  7.162 0.4000000060
4175  25.426  -73.846  5.278 0.5000000000
4544  26.821  -72.591  16.514 0.3000000119
4546  25.636  -73.178  16.290 0.5000000000
4560  25.617  -72.647  15.915 0.4000000060
4616  24.491  -72.955  10.006 0.8000000119
5063  23.807  -71.780  11.203 0.6999999881
5065  21.643  -71.859  11.134 0.6999999881
5548  16.658  -70.149  11.679 0.6000000238
5549  15.927  -70.118  11.633 0.6000000238
5562  19.261  -70.501  10.527 0.6000000238
5582  16.039  -71.060  10.249 0.6000000238
5596  23.811  -70.475  8.710 0.5000000000
6040  22.150  -69.153  13.552 0.8000000119
6041  21.412  -69.286  13.725 0.6999999881
6043  19.380  -69.105  13.677 0.6999999881
6062  17.605  -69.223  12.888 0.6000000238
6076  23.407  -70.290  12.114 0.8999999762
6077  23.146  -69.503  12.359 0.8999999762
6104  14.584  -69.202  10.510 0.6000000238
6116  13.968  -69.291  8.197 0.6000000238
6123  14.069  -69.329  7.196 0.6000000238
6132  14.230  -69.348  6.281 0.6000000238
6154  15.704  -68.805  3.751 0.5000000000
6631  21.807  -68.582  13.835 0.8999999762
6664  16.743  -68.527  12.366 0.6000000238
6691  14.509  -68.877  9.608 0.6000000238
6711  16.230  -68.227  7.718 0.6000000238
6751  16.904  -68.081  4.208 0.5000000000
7271  22.130  -67.947  13.595 0.8000000119
7273  20.393  -67.746  14.127 0.6999999881
7292  19.089  -67.101  13.425 0.6000000238
7304  17.267  -67.771  12.259 0.6000000238
7345  21.939  -67.522  8.230 0.6000000238
7360  21.462  -67.344  6.511 0.5000000000
7361  17.451  -67.441  6.156 0.6999999881
7362  17.132  -68.047  6.462 0.4000000060
7380  17.241  -68.003  5.491 0.6000000238
7392  17.230  -67.547  4.705 0.6999999881
7413  15.870  -67.801  2.646 0.6000000238
7902  19.969  -66.950  13.765 0.5000000000
7907  22.151  -66.674  12.669 0.6999999881
7908  21.459  -66.370  13.123 0.8000000119
7918  22.246  -66.141  11.978 0.6999999881
7919  19.296  -65.971  12.320 0.5000000000
7971  18.012  -66.063  7.438 0.6999999881
8015  17.010  -66.704  4.267 0.6999999881
8019  16.472  -66.654  3.443 0.6999999881
8020  15.696  -66.237  3.044 0.6000000238
8542  21.066  -65.043  12.066 0.6999999881
8558  22.431  -65.663  11.265 0.6000000238
8559  19.112  -65.062  10.559 0.6999999881
8630  17.533  -65.276  6.398 0.6999999881
8653  15.341  -65.555  3.472 0.6000000238
8655  13.668  -65.407  4.027 0.5000000000
8656  12.870  -65.713  3.804 0.5000000000
9208  20.379  -64.681  11.723 0.6000000238
9224  22.636  -64.305  10.495 0.5000000000
9247  19.387  -64.344  10.277 0.6000000238
9288  17.581  -63.922  6.359 0.6000000238
9300  16.664  -64.221  4.940 0.6000000238
9301  13.062  -64.156  5.529 0.6000000238
9309  15.388  -64.166  4.227 0.5000000000
9313  10.823  -64.350  4.388 0.5000000000
9320  15.033  -64.927  3.969 0.5000000000
9321  14.321  -65.039  4.198 0.5000000000
9902  22.640  -63.102  9.627 0.5000000000
9904  20.733  -62.761  9.625 0.6000000238
9917  19.396  -63.521  9.043 0.5000000000
9929  18.374  -63.778  7.588 0.6000000238
9940  12.988  -62.940  6.437 0.6000000238
9952  11.579  -63.378  5.692 0.6000000238
9960  15.806  -63.379  4.316 0.6000000238
10544  7.969  -62.002  9.039 0.5000000000
10548  22.744  -62.044  8.809 0.5000000000
10569  5.962  -61.958  7.110 0.5000000000
10580  10.436  -61.883  6.149 0.6000000238
10582  6.365  -62.313  5.749 0.5000000000
10586  16.893  -62.120  4.740 0.6000000238
10590  13.689  -62.435  6.124 0.6000000238
10591  11.117  -62.807  5.857 0.6000000238
10594  7.382  -62.640  4.973 0.5000000000
10601  9.824  -63.069  4.907 0.5000000000
11143  8.162  -61.039  13.183 0.6000000238
11174  6.355  -60.951  10.594 0.6000000238
11192  20.427  -61.714  8.702 0.6000000238
11194  6.636  -61.830  8.642 0.5000000000
11195  5.849  -61.589  7.859 0.5000000000
11207  18.290  -61.689  6.963 0.6000000238
11217  10.120  -61.292  6.409 0.6000000238
11220  7.055  -61.533  5.762 0.5000000000
11231  14.047  -61.429  5.894 0.6000000238
11234  7.729  -61.976  5.327 0.5000000000
11860  7.846  -60.467  15.586 0.5000000000
11875  7.339  -59.896  13.900 0.5000000000
11895  7.076  -60.048  13.186 0.5000000000
11919  5.659  -59.967  11.536 0.6000000238
11923  5.548  -60.627  10.122 0.5000000000
11928  22.196  -60.419  8.215 0.6000000238
11931  5.297  -60.336  8.361 0.6000000238
11940  18.794  -60.611  7.241 0.6000000238
11941  10.003  -60.019  7.146 0.5000000000
11943  7.790  -60.185  7.008 0.6000000238
11944  6.594  -60.488  6.837 0.6000000238
11946  5.506  -60.519  7.572 0.6000000238
11959  10.646  -60.547  6.950 0.6000000238
11962  7.384  -60.880  6.347 0.5000000000
11973  16.219  -60.679  4.742 0.6999999881
12604  7.827  -59.820  16.242 0.6999999881
12605  7.488  -59.176  15.826 0.6999999881
12622  7.639  -59.807  15.761 0.5000000000
12623  7.291  -59.258  15.150 0.5000000000
12663  11.978  -59.250  13.415 0.6000000238
12664  6.532  -59.514  13.309 0.6000000238
12703  4.625  -58.876  11.863 0.6000000238
12720  4.975  -59.371  10.498 0.6000000238
12721  4.688  -58.793  11.182 0.6999999881
12729  5.917  -59.151  9.242 0.6999999881
12751  22.046  -58.892  7.496 0.6000000238
12754  19.199  -58.898  6.878 0.6999999881
12760  5.985  -60.129  7.388 0.6000000238
12767  22.972  -59.214  6.683 0.5000000000
12770  17.211  -59.738  5.504 0.6999999881
12771  13.671  -59.600  6.191 0.6000000238
12772  12.829  -59.066  6.565 0.5000000000
12782  15.199  -59.278  5.368 0.5000000000
13379  12.387  -58.527  17.782 0.4000000060
13382  8.825  -58.732  16.818 0.5000000000
13391  8.266  -58.173  16.533 0.5000000000
13393  7.039  -57.959  15.596 0.6999999881
13409  6.637  -58.070  15.132 0.6000000238
13421  5.918  -57.916  14.666 0.6000000238
13431  9.845  -58.186  13.311 0.6000000238
13433  4.312  -57.790  12.926 0.6000000238
13440  4.953  -58.886  12.622 0.6000000238
13449  10.278  -58.907  11.686 0.6000000238
13451  4.490  -58.260  11.791 0.5000000000
13470  10.608  -58.593  10.617 0.5000000000
13472  6.431  -58.242  10.360 0.6999999881
13473  5.099  -58.611  10.551 0.6999999881
13489  11.078  -57.837  9.644 0.6999999881
13491  9.835  -57.882  8.812 0.6999999881
13493  7.190  -58.225  10.191 0.6999999881
13501  9.467  -58.401  8.305 0.6999999881
13502  7.962  -58.704  8.861 0.8000000119
13511  21.526  -57.987  7.178 0.6000000238
13515  12.363  -57.363  7.340 0.5000000000
13516  11.641  -57.894  7.278 0.5000000000
13518  9.904  -58.619  7.848 0.6000000238
13525  17.770  -57.612  5.841 0.5000000000
13529  12.182  -58.485  6.854 0.5000000000
13538  14.107  -58.804  5.959 0.5000000000
14118  15.996  -57.222  20.237 0.5000000000
14131  15.660  -57.699  20.000 0.5000000000
14156  12.498  -57.753  17.524 0.5000000000
14160  9.116  -58.016  16.754 0.5000000000
14177  7.800  -57.229  16.185 0.8000000119
14194  4.943  -57.405  14.338 0.6000000238
14214  12.346  -58.106  13.831 0.5000000000
14216  10.071  -57.577  13.587 0.6999999881
14219  4.337  -57.114  13.108 0.6000000238
14225  7.963  -56.933  12.779 0.8000000119
14227  4.394  -57.611  12.361 0.6000000238
14232  7.946  -57.590  11.836 0.8000000119
14235  5.039  -57.439  11.566 0.6999999881
14247  9.364  -58.222  10.361 0.6000000238
14250  6.254  -57.688  10.993 0.8000000119
14251  5.405  -57.859  11.031 0.6999999881
14268  11.705  -57.334  8.894 0.5000000000
14285  11.350  -57.179  8.302 0.6000000238
14286  10.655  -57.476  8.528 0.6000000238
14298  11.003  -57.593  7.852 0.5000000000
14308  19.305  -56.335  6.648 0.5000000000
14309  18.389  -56.904  6.233 0.5000000000
14314  13.127  -57.417  6.823 0.5000000000
14868  15.769  -56.741  20.773 0.6000000238
14870  13.795  -56.528  21.412 0.5000000000
14904  16.303  -56.435  18.137 0.6000000238
14906  13.681  -56.864  17.269 0.6999999881
14907  12.774  -57.071  17.056 0.5000000000
14925  7.222  -56.396  15.843 0.6999999881
14934  6.531  -55.599  15.660 0.6999999881
14935  5.504  -56.580  15.137 0.6999999881
14946  4.545  -55.866  13.936 0.6000000238
14957  12.954  -57.060  13.500 0.4000000060
14959  10.380  -56.751  13.598 0.6999999881
14961  4.577  -56.336  13.355 0.6000000238
14969  13.527  -56.146  13.051 0.4000000060
14971  11.715  -56.024  13.140 0.6000000238
14972  8.201  -56.183  13.279 0.6999999881
14975  5.781  -56.008  12.765 0.6999999881
14985  6.787  -56.769  12.140 0.8000000119
14988  4.695  -57.222  12.023 0.5000000000
15062  21.543  -54.962  5.877 0.5000000000
15650  16.780  -55.987  20.257 0.5000000000
15707  14.859  -55.899  16.803 0.6000000238
15724  5.970  -54.771  15.451 0.6999999881
15725  5.271  -54.937  14.925 0.6000000238
15742  10.836  -55.931  13.272 0.6000000238
15744  8.998  -56.057  13.527 0.6999999881
15745  5.340  -54.822  13.897 0.8000000119
15762  12.290  -55.326  12.616 0.5000000000
15765  9.327  -55.049  13.244 0.6999999881
15770  5.007  -56.075  12.903 0.6000000238
15786  12.771  -54.704  12.148 0.4000000060
15845  20.646  -55.375  6.768 0.5000000000
16418  16.473  -55.244  20.394 0.5000000000
16419  15.477  -55.123  20.631 0.4000000060
16441  17.642  -54.578  19.636 0.3000000119
16442  16.838  -54.470  20.102 0.4000000060
16459  18.246  -54.467  19.016 0.4000000060
16469  17.926  -54.409  17.089 0.4000000060
16470  17.032  -54.754  16.682 0.5000000000
16471  16.068  -54.987  16.333 0.5000000000
16472  15.010  -55.140  16.091 0.6000000238
16473  13.529  -55.135  15.881 0.6999999881
16474  12.841  -55.125  15.846 0.6000000238
16476  11.131  -55.078  15.887 0.6999999881
16477  9.463  -55.075  15.939 0.6999999881
16479  8.088  -54.631  15.793 0.6000000238
16489  15.486  -54.452  15.652 0.6000000238
16492  12.436  -54.478  15.495 0.6000000238
16493  11.546  -54.394  15.543 0.6000000238
16496  8.619  -54.106  15.700 0.6999999881
16497  7.575  -53.860  15.650 0.6999999881
16518  5.871  -54.038  14.124 0.8000000119
16535  14.921  -54.987  12.301 0.4000000060
16538  10.131  -54.172  12.685 0.6999999881
16541  7.097  -54.345  13.429 0.8000000119
16542  6.406  -54.206  13.666 0.8000000119
16559  13.195  -54.111  11.587 0.4000000060
16561  11.820  -53.707  11.755 0.6000000238
17200  13.107  -53.530  19.735 0.4000000060
17203  10.240  -53.694  19.150 0.5000000000
17213  15.294  -52.959  19.582 0.3000000119
17216  12.777  -52.985  19.276 0.4000000060
17222  18.857  -53.711  17.990 0.3000000119
17223  18.528  -53.961  17.425 0.3000000119
17244  11.040  -53.632  15.221 0.6999999881
17248  7.076  -52.997  15.428 0.6999999881
17249  6.053  -53.410  15.131 0.8000000119
17250  5.779  -53.610  14.756 0.8000000119
17281  6.408  -53.499  13.944 0.8000000119
17298  9.302  -53.009  12.768 0.6999999881
17299  8.412  -53.291  13.204 0.8000000119
17317  10.679  -52.970  11.987 0.5000000000
17331  12.317  -53.008  11.179 0.4000000060
17963  16.016  -52.659  19.403 0.3000000119
17964  9.421  -53.424  18.932 0.4000000060
17978  14.203  -52.258  19.256 0.3000000119
17980  12.614  -52.444  19.085 0.3000000119
17981  11.409  -52.372  18.542 0.3000000119
18002  18.701  -52.403  15.572 0.3000000119
18003  17.969  -52.937  15.456 0.4000000060
18004  17.200  -53.114  15.032 0.4000000060
18006  9.576  -52.656  15.089 0.6000000238
18009  6.857  -52.564  15.043 0.8000000119
18018  16.773  -52.625  14.248 0.4000000060
18019  15.784  -52.864  14.073 0.6000000238
18020  14.832  -52.923  14.003 0.4000000060
18021  13.867  -52.898  13.960 0.4000000060
18022  12.871  -52.747  13.982 0.4000000060
18024  9.882  -52.197  14.580 0.6000000238
18025  9.160  -52.121  14.805 0.6999999881
18026  8.467  -52.057  14.680 0.6999999881
18027  7.543  -52.274  14.658 0.6999999881
18045  12.289  -52.045  13.337 0.5000000000
18046  11.431  -52.045  13.666 0.6000000238
18047  9.169  -52.155  13.513 0.6000000238
18048  8.378  -52.287  13.800 0.6999999881
18050  6.863  -52.627  14.486 0.8000000119
18056  10.435  -52.268  12.608 0.5000000000
18059  7.908  -52.825  13.588 0.6999999881
18069  11.746  -52.295  11.454 0.3000000119
18087  14.387  -52.497  9.926 0.3000000119
18089  12.828  -52.455  10.664 0.3000000119
18102  15.611  -52.138  9.219 0.3000000119
18104  13.847  -52.084  9.805 0.3000000119
18105  13.230  -52.070  10.208 0.3000000119
18790  17.494  -51.998  13.953 0.3000000119
18791  10.774  -51.915  13.563 0.6000000238
18793  9.282  -51.924  14.349 0.6000000238
18794  8.152  -52.148  14.291 0.6999999881
18806  16.700  -51.755  13.195 0.3000000119
18811  11.442  -51.770  13.056 0.6000000238
18812  9.551  -51.916  13.804 0.6000000238
18821  14.443  -51.263  12.168 0.3000000119
18822  13.513  -51.297  12.215 0.4000000060
18825  10.726  -51.817  12.909 0.6000000238
18834  11.078  -52.026  12.304 0.3000000119
18852  13.137  -51.805  10.343 0.3000000119
18854  12.226  -51.924  11.086 0.3000000119
18869  14.242  -51.763  9.602 0.3000000119
19544  10.322  -50.563  18.652 0.3000000119
19600  18.292  -50.624  12.531 0.3000000119
19601  17.409  -50.769  12.208 0.3000000119
19619  13.049  -51.160  11.020 0.4000000060
19636  12.796  -51.628  10.744 0.3000000119
104937  25.038  -83.443  26.106 0.4000000060
105729  29.149  -78.105  14.856 0.3000000119
106075  22.710  -66.045  9.616 0.6000000238
106286  16.910  -56.300  19.665 0.4000000060
107275  5.735  -59.329  12.782 0.6000000238
107676  9.331  -62.471  5.201 0.6000000238
108193  25.806  -73.775  16.580 0.3000000119
108310  6.652  -60.499  11.886 0.6000000238
108430  24.187  -81.042  24.313 0.4000000060
108662  16.799  -68.356  5.032 0.5000000000
108833  15.582  -56.717  18.034 0.5000000000
108977  33.731  -77.362  20.111 0.3000000119
109527  9.374  -61.469  12.137 0.5000000000
109766  27.580  -76.308  11.618 0.6999999881
109886  25.017  -74.846  16.542 0.4000000060
109994  14.909  -52.173  9.443 0.3000000119
110041  7.820  -55.447  13.329 0.8000000119
110802  9.925  -59.300  7.498 0.5000000000
110847  22.436  -65.881  7.085 0.5000000000
111015  22.418  -65.514  5.949 0.5000000000
111406  16.468  -67.712  9.514 0.5000000000
111450  7.513  -58.508  9.518 0.6999999881
111798  34.142  -78.258  15.852 0.3000000119
111838  16.336  -55.990  17.535 0.5000000000
111850  22.017  -78.275  26.243 0.5000000000
111927  25.780  -76.431  12.430 0.6000000238
112164  10.250  -59.034  17.189 0.5000000000
112230  26.056  -74.406  16.707 0.3000000119
112622  13.384  -55.775  21.220 0.5000000000
112868  16.130  -52.582  9.764 0.3000000119
112909  10.930  -58.925  17.263 0.5000000000
113920  4.439  -56.658  13.937 0.6000000238
114021  25.267  -73.600  14.868 0.5000000000
114127  16.175  -61.944  4.338 0.6000000238
114212  19.125  -53.213  17.978 0.3000000119
114342  27.177  -81.717  12.132 0.3000000119
114479  17.637  -64.622  6.574 0.6999999881
115270  15.711  -60.022  5.041 0.6999999881
115280  6.288  -62.481  6.441 0.5000000000
115515  7.647  -54.752  13.360 0.8000000119
115757  4.876  -55.177  14.266 0.6000000238
116162  21.362  -79.677  27.898 0.4000000060
116170  27.770  -78.863  17.558 0.4000000060
116203  7.110  -58.597  15.395 0.6999999881
116296  19.467  -69.559  13.299 0.6999999881
116630  15.320  -66.696  2.672 0.6000000238
117191  28.538  -79.453  23.891 0.5000000000
117227  23.283  -75.419  14.812 0.4000000060
117253  15.100  -68.451  9.155 0.6000000238
117448  18.257  -61.003  6.683 0.6000000238
117561  12.003  -51.476  11.915 0.3000000119
117680  16.881  -65.051  5.123 0.6999999881
117724  6.448  -53.006  14.281 0.8000000119
118075  29.056  -81.600  21.551 0.4000000060
118255  12.848  -54.680  20.546 0.4000000060
118444  25.070  -75.370  16.564 0.4000000060
118445  26.452  -75.816  16.615 0.4000000060
118661  10.732  -55.731  16.236 0.6000000238
118719  13.573  -54.306  20.299 0.4000000060
118721  10.248  -55.055  15.908 0.6000000238
118764  25.644  -79.660  9.200 0.6000000238
118817  21.101  -61.892  8.951 0.6000000238
118818  16.262  -68.612  4.465 0.5000000000
119910  21.326  -71.328  11.512 0.6999999881
119968  16.751  -63.597  5.054 0.5000000000
120122  10.208  -51.951  13.509 0.6000000238
120138  14.938  -68.171  2.133 0.5000000000
120217  13.466  -59.327  13.840 0.5000000000
120242  24.292  -71.289  10.346 0.8000000119
120411  16.003  -61.287  4.417 0.6999999881
120488  12.234  -65.381  4.152 0.5000000000
120533  20.961  -77.165  12.428 0.4000000060
120537  26.124  -73.547  13.746 0.4000000060
120968  11.665  -64.511  4.751 0.4000000060
121052  26.990  -76.378  16.381 0.3000000119
121084  12.310  -58.905  13.709 0.6000000238
121258  21.991  -77.138  11.850 0.4000000060
121473  28.011  -82.970  13.885 0.3000000119
121502  5.796  -61.381  8.569 0.6000000238
121753  6.386  -61.765  5.817 0.5000000000
122621  18.252  -70.760  9.117 0.5000000000
122976  24.597  -79.934  13.162 0.4000000060
123001  8.932  -58.312  8.837 0.8000000119
123286  26.910  -79.684  6.972 0.4000000060
123528  26.329  -79.163  17.466 0.4000000060
123555  28.069  -83.135  20.445 0.4000000060
123683  22.076  -77.089  25.249 0.5000000000
123844  12.366  -62.078  6.848 0.6000000238
124381  24.803  -75.374  8.899 0.6000000238
124397  28.831  -79.049  23.974 0.4000000060
124605  28.429  -78.484  9.514 0.6999999881
124627  18.112  -58.278  5.897 0.5000000000
124829  30.099  -76.560  8.014 0.6999999881
124920  9.171  -58.268  11.215 0.8000000119
124992  10.344  -56.256  16.439 0.6000000238
125105  25.304  -73.113  8.323 0.8000000119
125222  9.186  -58.091  9.275 0.6999999881
125484  4.901  -56.762  14.648 0.6000000238
125488  5.169  -60.043  9.660 0.6000000238
125544  6.459  -53.053  15.247 0.8000000119
125581  5.214  -60.255  8.941 0.6000000238
126155  25.470  -76.130  8.336 0.6000000238
126315  15.339  -68.501  2.538 0.5000000000
126441  9.117  -54.625  15.807 0.6999999881
126722  28.956  -76.368  5.438 0.6999999881
