#!ascii label  , from subject sub-v2s0x30146_ses-1 vox2ras=TkReg
873
64115  20.633  -8.000  2.881 0.2500000000
63189  20.918  -8.336  2.822 0.2500000000
63182  21.060  -8.880  3.020 0.7500000000
66014  20.167  -6.018  2.230 0.2500000000
66009  19.716  -6.250  2.643 0.1250000000
65055  20.390  -6.860  2.533 0.2500000000
125308  20.320  -7.510  2.950 0.2500000000
64114  21.060  -7.882  2.439 0.7500000000
62207  21.535  -9.283  2.612 0.8750000000
63188  21.314  -8.556  2.492 0.8750000000
62206  22.131  -9.843  2.057 0.8750000000
65060  20.903  -7.213  2.231 0.3750000000
64122  21.363  -7.580  1.880 0.8750000000
63194  22.705  -9.089  0.649 1.0000000000
63195  22.125  -8.718  1.295 1.0000000000
63196  21.586  -8.253  1.937 0.8750000000
62214  22.478  -9.640  1.245 1.0000000000
136533  22.974  -10.360  0.917 1.0000000000
66022  20.674  -6.512  1.994 0.7500000000
65067  21.163  -6.906  1.713 0.8750000000
65066  21.660  -7.316  1.260 0.8750000000
64135  22.978  -8.573  0.174 1.0000000000
64120  22.365  -8.354  0.719 1.0000000000
64136  22.153  -7.714  0.724 1.0000000000
62228  23.890  -10.029  -0.031 1.0000000000
63207  23.356  -9.294  0.083 1.0000000000
62213  23.076  -9.875  0.503 1.0000000000
66015  19.497  -5.483  2.355 0.1250000000
121584  20.476  -5.693  1.742 0.6250000000
136103  21.500  -6.587  1.092 1.0000000000
66021  20.989  -6.137  1.439 0.8750000000
136109  24.804  -8.844  -0.751 1.0000000000
64134  23.761  -8.701  -0.315 1.0000000000
138213  22.626  -8.017  0.266 1.0000000000
65075  22.606  -7.409  0.146 1.0000000000
63218  24.775  -9.707  -0.507 1.0000000000
63206  24.076  -9.333  -0.326 1.0000000000
62243  26.243  -9.944  -0.716 1.0000000000
62244  25.472  -10.061  -0.574 1.0000000000
69756  19.424  -1.485  1.718 0.2500000000
66949  19.961  -5.156  2.002 0.2500000000
66954  20.843  -5.243  1.191 1.0000000000
67914  20.343  -4.791  1.564 0.6250000000
66032  22.514  -6.640  0.053 1.0000000000
140709  21.932  -6.361  0.536 1.0000000000
139625  24.270  -8.147  -0.672 1.0000000000
65088  23.286  -7.014  -0.442 1.0000000000
122825  25.164  -7.942  -1.055 1.0000000000
63217  26.661  -9.091  -1.092 1.0000000000
64150  26.659  -8.181  -1.421 1.0000000000
69766  19.806  -2.108  1.507 0.5000000000
132189  19.168  -2.357  1.936 0.3750000000
68822  19.782  -3.127  1.704 0.3750000000
68821  20.358  -3.787  1.398 0.5000000000
67913  20.726  -4.444  1.154 0.8750000000
67923  21.851  -4.075  0.005 1.0000000000
66046  23.191  -6.148  -0.618 1.0000000000
66967  22.130  -4.914  -0.089 1.0000000000
66045  24.814  -6.590  -1.289 1.0000000000
132126  23.942  -6.625  -0.921 1.0000000000
65100  26.944  -6.953  -1.591 1.0000000000
64165  26.672  -7.458  -1.527 1.0000000000
64148  27.718  -8.665  -1.201 0.8750000000
132083  20.329  -2.808  1.288 0.5000000000
68833  20.898  -2.736  0.743 0.6250000000
68832  21.460  -3.381  0.248 1.0000000000
124081  20.895  -3.710  0.901 0.7500000000
66986  25.995  -5.362  -1.604 1.0000000000
66987  25.255  -5.251  -1.589 1.0000000000
139054  24.494  -5.487  -1.387 1.0000000000
139374  23.588  -5.435  -1.051 1.0000000000
66056  26.641  -6.243  -1.612 1.0000000000
66057  26.046  -6.227  -1.587 1.0000000000
121123  24.220  -6.034  -1.167 1.0000000000
66055  27.158  -6.544  -1.607 0.8750000000
65098  27.887  -7.420  -1.519 0.8750000000
69765  20.434  -1.773  0.928 0.5000000000
69778  20.999  -1.855  0.397 0.8750000000
68844  22.524  -3.310  -0.837 1.0000000000
131654  25.646  -4.939  -1.615 1.0000000000
67947  23.971  -3.958  -1.489 1.0000000000
132613  22.988  -4.775  -0.854 1.0000000000
67945  25.578  -4.368  -1.609 1.0000000000
131083  27.423  -6.041  -1.621 1.0000000000
130675  27.071  -6.029  -1.635 1.0000000000
126372  26.306  -4.642  -1.582 1.0000000000
66984  27.140  -5.595  -1.601 1.0000000000
70660  19.893  -1.185  1.292 0.5000000000
70675  20.879  -1.065  0.357 0.8750000000
70697  22.311  -1.394  -1.104 1.0000000000
69788  22.468  -2.382  -1.014 1.0000000000
69789  21.867  -1.854  -0.543 1.0000000000
135972  25.442  -1.928  -1.601 1.0000000000
69798  25.136  -2.596  -1.635 1.0000000000
130483  26.918  -3.328  -1.539 1.0000000000
69797  25.859  -2.604  -1.606 1.0000000000
68858  25.080  -3.502  -1.634 1.0000000000
68854  27.821  -4.425  -1.478 1.0000000000
68857  25.822  -3.618  -1.611 1.0000000000
67942  28.021  -5.237  -1.608 0.8750000000
74578  20.649  2.062  -0.426 1.0000000000
74579  20.230  1.997  0.225 0.3750000000
74590  21.082  1.514  -0.740 0.8750000000
138976  21.882  0.209  -1.166 1.0000000000
70694  24.882  -1.608  -1.644 1.0000000000
70695  24.186  -1.105  -1.636 1.0000000000
121888  20.813  2.804  -0.639 0.8750000000
139026  21.211  2.177  -1.038 1.0000000000
121317  21.650  1.610  -1.285 1.0000000000
122797  21.528  1.054  -1.023 1.0000000000
129786  22.179  1.650  -1.617 1.0000000000
119912  22.386  0.266  -1.449 1.0000000000
127341  24.780  -0.897  -1.641 1.0000000000
71591  24.412  -0.251  -1.665 1.0000000000
127171  25.410  -1.109  -1.599 1.0000000000
75567  21.132  3.712  -0.783 0.7500000000
74599  21.939  2.383  -1.606 1.0000000000
73606  22.586  1.338  -1.718 1.0000000000
72582  24.851  0.817  -1.690 1.0000000000
72595  23.506  0.827  -1.739 1.0000000000
72583  23.857  0.359  -1.710 1.0000000000
74598  22.745  2.029  -1.917 1.0000000000
73619  23.534  1.308  -1.825 1.0000000000
80660  21.648  9.214  -1.019 0.1250000000
81390  21.989  10.260  -0.965 0.1250000000
80670  21.989  9.017  -1.974 0.2500000000
132595  22.913  9.059  -2.894 0.3750000000
80668  22.831  9.825  -2.740 0.2500000000
80678  23.459  9.066  -3.138 0.5000000000
81400  22.528  10.619  -2.570 0.2500000000
142278  23.229  9.677  -3.008 0.2500000000
81407  23.165  10.681  -3.078 0.2500000000
125905  23.717  9.895  -3.193 0.2500000000
81415  24.868  10.717  -3.556 0.2500000000
123395  24.349  10.064  -3.350 0.3750000000
81406  24.041  10.747  -3.333 0.2500000000
80685  25.026  9.773  -3.500 0.3750000000
81414  25.645  10.600  -3.979 0.2500000000
64108  20.252  -8.144  3.438 0.1250000000
135300  20.699  -7.501  2.598 0.2500000000
135186  19.846  -6.902  3.051 0.1250000000
62226  25.708  -10.651  -0.263 1.0000000000
69777  21.424  -2.332  0.065 0.8750000000
139988  24.593  -2.826  -1.633 1.0000000000
63176  20.465  -8.913  3.761 0.1250000000
61283  22.395  -10.696  2.195 0.7500000000
61282  23.017  -11.301  1.638 1.0000000000
61294  23.271  -11.018  1.019 1.0000000000
61309  24.827  -11.080  0.148 1.0000000000
137584  26.244  -10.969  -0.001 1.0000000000
67908  19.315  -4.571  2.163 0.3750000000
68814  19.241  -3.507  2.063 0.2500000000
63216  27.436  -9.133  -1.000 0.8750000000
65097  28.371  -7.634  -1.458 0.8750000000
138489  27.999  -8.547  -1.222 0.8750000000
66043  28.462  -6.415  -1.581 0.8750000000
74572  19.947  1.864  0.870 0.1250000000
73588  20.238  1.391  0.441 0.1250000000
71560  20.088  -0.430  1.000 0.3750000000
71570  20.768  -0.247  0.272 0.6250000000
68855  27.196  -4.278  -1.559 1.0000000000
138289  28.094  -5.862  -1.637 0.8750000000
72570  20.932  0.889  -0.434 0.8750000000
70693  26.021  -1.756  -1.554 1.0000000000
71589  26.184  -0.904  -1.513 1.0000000000
72580  26.375  -0.044  -1.473 1.0000000000
75566  21.374  3.002  -1.242 1.0000000000
122470  24.994  0.147  -1.649 1.0000000000
76509  21.637  4.258  -1.313 0.8750000000
76522  22.655  4.173  -2.161 1.0000000000
75580  23.472  2.745  -2.113 1.0000000000
73617  24.639  1.377  -1.745 1.0000000000
81391  21.812  9.600  -0.190 0.1250000000
79880  21.296  8.250  -0.660 0.1250000000
79026  22.016  7.474  -2.310 0.6250000000
79895  22.354  8.390  -2.619 0.6250000000
79893  23.766  8.369  -3.280 0.5000000000
80659  22.063  9.787  -1.641 0.2500000000
79034  24.499  8.498  -3.382 0.5000000000
82185  22.087  11.473  -2.231 0.2500000000
80677  24.188  9.230  -3.289 0.5000000000
140898  24.728  9.089  -3.395 0.5000000000
82197  23.034  11.731  -3.150 0.1250000000
82204  25.901  11.234  -4.779 0.2500000000
80684  25.969  9.786  -3.946 0.3750000000
81421  26.477  11.094  -5.668 0.2500000000
82195  24.513  11.553  -3.637 0.1250000000
63183  20.677  -8.567  3.248 0.1250000000
134571  21.832  -9.033  1.927 0.8750000000
62205  22.695  -10.494  1.489 1.0000000000
64121  21.874  -7.978  1.319 1.0000000000
62212  23.521  -10.578  0.523 1.0000000000
62227  24.793  -10.413  -0.223 1.0000000000
65076  22.023  -7.025  0.660 1.0000000000
125351  25.678  -9.396  -0.854 1.0000000000
65074  23.347  -7.904  -0.281 1.0000000000
67907  19.816  -4.192  1.815 0.3750000000
66033  21.511  -5.677  0.687 1.0000000000
66966  22.303  -5.862  0.006 1.0000000000
64151  25.889  -8.553  -1.189 1.0000000000
65087  24.305  -7.338  -0.906 1.0000000000
65086  25.422  -7.136  -1.331 1.0000000000
64164  27.159  -7.718  -1.534 1.0000000000
139444  20.633  -3.278  1.129 0.6250000000
67924  21.307  -4.501  0.593 1.0000000000
66976  22.802  -5.424  -0.539 1.0000000000
65101  26.288  -6.839  -1.532 1.0000000000
65099  27.425  -7.181  -1.557 0.8750000000
64147  28.334  -8.725  -1.091 0.8750000000
67934  22.426  -4.099  -0.559 1.0000000000
129227  26.689  -5.326  -1.568 1.0000000000
66975  25.254  -5.985  -1.506 1.0000000000
67946  24.048  -4.761  -1.391 1.0000000000
66053  28.085  -6.913  -1.586 0.8750000000
68845  21.927  -2.795  -0.415 1.0000000000
68860  23.362  -3.069  -1.351 1.0000000000
119791  24.876  -4.417  -1.606 1.0000000000
67933  23.173  -4.003  -1.180 1.0000000000
68859  24.412  -3.476  -1.594 1.0000000000
68856  26.575  -4.064  -1.587 1.0000000000
67944  26.929  -4.893  -1.571 1.0000000000
70659  20.375  -0.758  0.774 0.6250000000
70674  21.374  -1.408  -0.104 1.0000000000
70683  21.730  -0.934  -0.703 1.0000000000
69801  23.123  -1.862  -1.445 1.0000000000
71594  22.168  -0.438  -1.222 1.0000000000
70696  23.389  -1.024  -1.558 1.0000000000
128867  23.808  -1.696  -1.608 1.0000000000
69796  26.528  -2.475  -1.519 1.0000000000
69799  24.418  -2.050  -1.637 1.0000000000
69800  23.943  -2.495  -1.604 1.0000000000
73587  20.544  1.458  -0.183 0.7500000000
137272  20.455  1.019  0.080 0.7500000000
71581  21.576  -0.136  -0.793 1.0000000000
71593  22.873  -0.313  -1.550 1.0000000000
71582  21.108  0.195  -0.306 1.0000000000
72569  21.490  0.503  -0.862 1.0000000000
71592  23.625  -0.297  -1.651 1.0000000000
140303  21.519  3.617  -1.271 0.8750000000
73607  22.057  1.173  -1.440 1.0000000000
72584  23.090  0.410  -1.683 1.0000000000
72585  22.505  0.827  -1.583 1.0000000000
129674  25.601  -0.285  -1.574 1.0000000000
72596  23.019  1.029  -1.798 1.0000000000
74608  23.505  1.904  -1.998 1.0000000000
75581  22.675  3.090  -2.038 1.0000000000
75582  21.985  3.564  -1.677 1.0000000000
80649  21.400  8.802  -0.160 0.1250000000
81401  22.135  10.514  -1.897 0.2500000000
80669  22.501  9.219  -2.559 0.2500000000
79887  21.537  8.457  -1.375 0.3750000000
79886  21.696  8.035  -1.918 0.5000000000
79894  23.071  8.341  -3.050 0.7500000000
81422  26.368  10.496  -4.748 0.2500000000
64104  20.127  -8.609  4.004 0.1250000000
62198  21.250  -9.580  3.245 0.6250000000
62197  21.763  -10.104  2.763 0.7500000000
72556  20.273  0.891  0.580 0.5000000000
71559  20.354  -0.074  0.671 0.6250000000
70684  21.263  -0.552  -0.210 0.8750000000
72555  20.547  0.465  0.243 0.8750000000
76521  23.510  3.889  -2.243 1.0000000000
74607  24.200  2.428  -2.014 1.0000000000
131849  21.407  7.682  -1.057 0.3750000000
78206  22.225  6.941  -2.554 0.7500000000
79037  22.598  7.623  -2.882 0.7500000000
79036  23.281  7.624  -3.309 0.7500000000
80683  26.753  9.749  -4.667 0.3750000000
58450  23.371  -14.152  3.324 0.7500000000
120741  25.297  -15.085  2.669 0.7500000000
58466  23.168  -13.259  2.969 0.7500000000
58463  25.208  -14.345  2.203 0.7500000000
57379  23.997  -14.464  2.937 0.7500000000
58465  23.804  -13.738  2.625 0.7500000000
58464  24.461  -14.065  2.387 0.7500000000
59452  24.217  -13.373  2.036 0.7500000000
61274  21.987  -10.988  2.865 0.7500000000
59453  23.606  -12.970  2.289 0.7500000000
60381  23.411  -12.196  1.823 0.8750000000
61273  22.652  -11.583  2.322 0.8750000000
141976  25.905  -14.173  1.821 0.7500000000
58481  24.847  -13.612  1.839 0.7500000000
59461  24.508  -12.983  1.506 0.7500000000
60388  24.073  -12.400  1.299 0.8750000000
61281  23.640  -11.761  1.162 0.8750000000
59459  25.947  -13.364  1.336 0.7500000000
59460  25.192  -13.152  1.366 0.7500000000
60394  24.824  -12.473  0.982 0.8750000000
60393  26.320  -12.099  0.563 0.7500000000
61291  25.560  -12.040  0.550 0.8750000000
61292  24.799  -11.779  0.534 0.8750000000
60410  27.083  -11.457  0.317 0.8750000000
60411  26.279  -11.500  0.269 0.8750000000
61307  26.863  -10.886  0.040 0.8750000000
62225  26.611  -10.446  -0.361 0.8750000000
61304  29.588  -11.041  0.154 0.3750000000
61318  29.001  -10.633  -0.058 0.6250000000
61320  27.904  -10.296  -0.333 0.7500000000
61321  27.299  -10.325  -0.356 0.7500000000
61303  30.092  -10.960  0.137 0.5000000000
136978  29.465  -10.310  -0.216 0.5000000000
62239  28.782  -9.968  -0.429 0.7500000000
63214  28.517  -9.300  -0.791 0.7500000000
125700  31.387  -10.578  0.276 0.1250000000
62224  30.319  -10.481  -0.031 0.3750000000
63213  29.785  -9.608  -0.491 0.6250000000
62238  29.051  -9.447  -0.690 0.6250000000
62222  33.305  -10.887  0.528 0.1250000000
135861  32.402  -10.479  0.477 0.1250000000
126779  31.320  -9.244  -0.055 0.1250000000
126676  32.342  -8.909  0.350 0.1250000000
65083  29.700  -8.022  -1.027 0.6250000000
127976  29.743  -7.245  -1.180 0.6250000000
66052  28.568  -7.129  -1.532 0.7500000000
140961  33.616  -8.955  0.464 0.1250000000
126310  34.495  -7.551  0.075 0.1250000000
129418  31.206  -6.903  -0.250 0.1250000000
66031  30.433  -6.747  -0.726 0.5000000000
66041  29.745  -6.476  -1.129 0.6250000000
66974  29.118  -6.220  -1.385 0.7500000000
63202  34.683  -9.613  0.302 0.1250000000
140301  31.010  -6.337  -0.218 0.5000000000
66963  30.477  -5.936  -0.465 0.5000000000
66964  29.653  -5.734  -0.983 0.6250000000
66965  28.830  -5.463  -1.368 0.7500000000
121256  21.108  4.996  -0.182 0.5000000000
67922  29.976  -4.513  -0.201 0.6250000000
68842  28.268  -3.632  -1.071 0.6250000000
68843  27.602  -3.464  -1.388 0.8750000000
68830  30.538  -3.798  0.303 0.5000000000
68831  29.681  -3.793  -0.060 0.6250000000
69785  28.739  -2.873  -0.476 0.6250000000
69786  28.074  -2.661  -1.027 0.7500000000
77383  21.657  5.318  -1.588 0.7500000000
69787  27.329  -2.382  -1.342 0.8750000000
72581  25.677  0.624  -1.573 0.8750000000
126240  27.884  -1.878  -0.985 0.7500000000
71580  27.661  -0.502  -0.983 0.8750000000
124812  27.216  0.177  -1.237 0.8750000000
130067  26.647  0.846  -1.376 0.8750000000
73604  26.121  1.528  -1.520 0.8750000000
129714  31.209  -3.161  0.441 0.3750000000
69775  30.297  -2.923  0.363 0.5000000000
128592  29.514  -2.169  0.245 0.5000000000
70673  28.601  -0.966  -0.299 0.6250000000
120647  32.598  -2.212  0.229 0.2500000000
69774  31.540  -2.288  0.441 0.3750000000
70672  29.269  -1.132  0.186 0.5000000000
77384  21.310  5.616  -0.776 0.6250000000
76523  22.107  4.649  -1.923 0.8750000000
73618  24.133  1.660  -1.879 0.8750000000
74596  25.440  2.714  -1.777 0.7500000000
71579  28.374  -0.358  -0.563 0.6250000000
72567  28.144  0.494  -0.797 0.7500000000
70670  31.419  -1.277  0.436 0.3750000000
71567  31.194  -0.360  0.360 0.5000000000
73596  28.371  1.615  -0.861 0.7500000000
70669  32.465  -1.453  0.214 0.2500000000
77396  21.588  6.124  -1.535 0.6250000000
77394  22.609  4.993  -2.330 0.8750000000
138510  23.911  4.719  -2.373 0.8750000000
75579  24.271  3.364  -2.121 0.8750000000
77392  24.430  4.990  -2.440 0.7500000000
74597  24.936  2.992  -1.955 0.8750000000
74594  27.444  2.802  -1.393 0.7500000000
71578  32.479  0.321  -0.612 0.2500000000
72552  30.992  0.573  0.098 0.5000000000
71568  30.081  -0.268  0.323 0.5000000000
70680  33.079  -0.934  -0.412 0.2500000000
78193  21.444  6.484  -1.119 0.5000000000
78192  21.797  6.786  -1.896 0.5000000000
137066  22.940  6.326  -3.112 0.7500000000
129214  23.861  5.369  -2.755 0.7500000000
78203  24.141  6.024  -3.438 0.7500000000
77405  24.854  5.556  -2.887 0.7500000000
76530  26.376  5.109  -2.299 0.7500000000
129164  25.046  4.816  -2.334 0.7500000000
76520  25.749  4.565  -2.106 0.7500000000
75577  26.798  3.488  -1.616 0.7500000000
76519  26.548  4.430  -1.925 0.7500000000
74588  28.923  2.547  -0.987 0.5000000000
75565  29.459  3.286  -1.391 0.3750000000
74593  28.445  3.112  -1.295 0.6250000000
72564  31.923  1.022  -0.757 0.2500000000
126136  30.049  1.885  -0.608 0.3750000000
74587  30.015  2.717  -1.040 0.3750000000
78205  22.746  6.969  -3.092 0.6250000000
118132  24.936  6.363  -3.528 0.7500000000
77404  25.725  6.146  -3.091 0.7500000000
77403  26.685  5.945  -2.683 0.7500000000
77391  28.209  5.288  -2.258 0.6250000000
75574  30.002  3.846  -1.995 0.3750000000
76516  29.665  4.493  -2.307 0.3750000000
72579  32.283  1.281  -2.032 0.1250000000
73616  31.410  2.333  -3.156 0.1250000000
74586  30.749  2.874  -1.828 0.2500000000
78204  23.495  6.728  -3.534 0.6250000000
78211  24.909  7.167  -3.634 0.7500000000
78202  25.623  6.949  -3.378 0.6250000000
76528  29.291  5.233  -2.535 0.3750000000
77402  27.817  6.030  -2.603 0.3750000000
76529  27.180  5.218  -2.264 0.7500000000
75592  30.732  3.641  -3.506 0.2500000000
75585  30.406  4.143  -2.888 0.3750000000
76518  27.526  4.492  -1.836 0.6250000000
72609  31.912  0.943  -5.453 0.1250000000
72603  31.638  1.648  -4.858 0.1250000000
72593  32.302  1.266  -3.217 0.1250000000
79035  24.170  7.576  -3.533 0.6250000000
79032  27.232  7.503  -3.456 0.3750000000
78200  27.486  6.766  -3.022 0.3750000000
76534  30.189  4.987  -4.274 0.2500000000
77401  28.866  5.988  -2.778 0.3750000000
74623  30.640  2.711  -5.334 0.1250000000
75593  30.533  4.250  -3.899 0.3750000000
76527  30.178  4.914  -3.156 0.3750000000
71614  32.288  0.255  -5.957 0.1250000000
74615  31.062  2.960  -3.609 0.1250000000
79902  26.383  9.073  -3.906 0.3750000000
78210  25.516  7.579  -3.495 0.3750000000
79041  27.903  7.969  -4.002 0.3750000000
79033  26.283  7.604  -3.418 0.3750000000
77412  29.384  6.535  -4.538 0.3750000000
78209  28.124  7.306  -3.571 0.3750000000
77411  29.751  5.754  -4.706 0.3750000000
77400  29.717  5.648  -3.440 0.3750000000
78199  28.446  6.667  -3.140 0.3750000000
73637  29.777  1.992  -6.699 0.1250000000
75601  30.213  4.075  -5.125 0.1250000000
72610  31.108  1.337  -5.998 0.1250000000
124685  27.857  8.577  -4.648 0.2500000000
79047  28.799  7.574  -5.395 0.2500000000
125716  28.352  8.024  -4.823 0.3750000000
79042  26.981  8.368  -3.789 0.3750000000
77417  29.120  6.053  -6.712 0.1250000000
78214  29.182  7.057  -4.955 0.3750000000
79040  28.583  7.545  -4.403 0.3750000000
76539  29.554  5.267  -6.176 0.1250000000
77415  29.453  6.282  -5.533 0.2500000000
74637  28.682  2.824  -7.465 0.1250000000
76538  29.885  4.853  -5.304 0.1250000000
79901  27.187  9.095  -4.592 0.3750000000
79048  28.497  8.287  -5.913 0.2500000000
78221  28.754  6.807  -6.927 0.1250000000
141620  28.692  5.642  -7.271 0.1250000000
77418  28.459  6.053  -7.416 0.1250000000
73647  28.480  1.289  -7.922 0.1250000000
75617  27.346  3.525  -8.226 0.1250000000
132728  27.800  7.261  -7.896 0.1250000000
75618  26.976  4.231  -8.480 0.1250000000
77424  27.691  5.868  -7.960 0.1250000000
73656  27.486  1.285  -8.955 0.1250000000
73655  27.938  1.084  -8.583 0.1250000000
61306  27.901  -11.167  0.213 0.6250000000
126755  30.258  -5.170  -0.375 0.6250000000
70682  27.425  -1.371  -1.150 0.8750000000
72554  28.888  0.345  -0.356 0.5000000000
71566  32.366  -0.425  0.066 0.3750000000
77395  21.938  6.229  -2.152 0.6250000000
124719  22.238  5.552  -2.284 0.8750000000
77393  23.244  4.834  -2.418 0.8750000000
77407  22.935  5.631  -2.730 0.7500000000
132719  24.389  4.299  -2.263 0.8750000000
130190  25.772  3.578  -1.821 0.7500000000
137326  26.018  2.859  -1.683 0.7500000000
72566  29.207  1.214  -0.477 0.5000000000
73595  29.313  2.030  -0.710 0.5000000000
74589  27.978  2.259  -1.135 0.7500000000
72565  30.787  1.436  -0.494 0.5000000000
74631  29.504  2.757  -6.849 0.1250000000
78220  29.182  6.942  -6.003 0.2500000000
77423  28.135  5.241  -7.641 0.1250000000
74638  27.780  2.764  -7.999 0.1250000000
64145  29.649  -8.810  -0.835 0.5000000000
120009  29.162  -8.387  -1.112 0.6250000000
64162  28.158  -8.151  -1.357 0.7500000000
129458  31.109  -5.229  0.111 0.3750000000
126084  30.833  -4.516  0.205 0.3750000000
131227  33.072  -3.291  0.096 0.2500000000
72568  27.515  1.083  -1.122 0.7500000000
76547  29.140  4.443  -7.053 0.1250000000
69772  33.193  -2.631  -0.060 0.1250000000
57364  24.075  -15.140  3.414 0.7500000000
57365  23.425  -14.856  3.771 0.7500000000
58451  22.608  -13.592  3.651 0.7500000000
57363  24.923  -15.605  3.259 0.7500000000
56278  25.838  -15.739  2.829 0.7500000000
61266  21.613  -11.358  3.526 0.6250000000
60382  22.921  -12.444  2.592 0.7500000000
57377  25.867  -14.939  2.294 0.6250000000
58480  26.584  -13.877  1.539 0.7500000000
58495  26.695  -13.146  1.185 0.6250000000
59472  27.318  -12.497  0.799 0.6250000000
120638  28.319  -11.496  0.358 0.5000000000
60408  28.943  -11.515  0.354 0.3750000000
61302  30.290  -11.590  0.395 0.1250000000
122262  31.023  -11.380  0.385 0.1250000000
62223  32.271  -11.231  0.530 0.1250000000
62221  34.380  -11.527  0.145 0.1250000000
62220  35.306  -10.731  -0.352 0.1250000000
63201  35.666  -9.814  -0.449 0.1250000000
127807  35.231  -8.090  -0.228 0.1250000000
76510  21.269  4.708  -0.787 0.3750000000
66028  33.448  -6.921  0.258 0.1250000000
66962  32.142  -5.376  0.326 0.1250000000
67920  32.848  -4.539  0.227 0.2500000000
68828  32.489  -3.827  0.306 0.2500000000
78185  21.178  6.139  -0.300 0.5000000000
69784  33.878  -1.933  -1.475 0.1250000000
70668  33.324  -1.770  -0.435 0.2500000000
71597  33.611  -0.563  -2.848 0.1250000000
72578  32.770  0.677  -2.711 0.1250000000
72592  32.769  0.687  -3.813 0.1250000000
79027  21.593  7.213  -1.515 0.3750000000
71606  32.609  0.555  -4.908 0.1250000000
71625  31.813  -0.292  -6.794 0.1250000000
72618  29.838  0.525  -7.200 0.1250000000
71653  29.103  -1.305  -8.945 0.1250000000
82177  21.842  11.284  -1.441 0.1250000000
79918  28.180  9.075  -6.491 0.2500000000
79924  27.966  8.960  -7.403 0.1250000000
79925  27.350  8.634  -8.199 0.1250000000
76556  26.755  4.903  -8.763 0.1250000000
78230  27.411  6.572  -8.265 0.1250000000
75624  26.852  3.501  -8.798 0.1250000000
121264  28.450  -0.043  -9.152 0.1250000000
74653  27.123  2.035  -9.229 0.1250000000
62242  27.029  -9.785  -0.728 0.7500000000
67932  28.516  -4.524  -1.229 0.7500000000
125385  20.552  3.431  -0.102 0.3750000000
73605  25.285  1.415  -1.659 0.8750000000
61308  25.572  -11.371  0.196 0.8750000000
61293  24.021  -11.329  0.618 0.8750000000
62241  27.679  -9.725  -0.666 0.7500000000
65084  29.018  -7.699  -1.365 0.6250000000
70692  26.749  -1.587  -1.430 0.8750000000
126911  25.679  2.155  -1.644 0.8750000000
79903  25.349  8.921  -3.506 0.3750000000
80692  27.124  10.340  -5.697 0.1250000000
79909  27.384  9.631  -5.300 0.2500000000
138923  23.723  -14.670  3.342 0.7500000000
57378  24.655  -14.794  2.793 0.7500000000
59446  22.454  -12.735  3.291 0.7500000000
60383  22.233  -11.876  3.015 0.7500000000
59462  23.960  -12.809  1.735 0.8750000000
60395  24.222  -12.007  0.888 0.8750000000
59474  25.690  -12.657  0.942 0.7500000000
59473  26.444  -12.645  0.898 0.7500000000
60409  27.619  -11.751  0.461 0.6250000000
130203  27.546  -10.782  0.010 0.7500000000
60407  29.736  -11.643  0.411 0.2500000000
127781  29.166  -11.139  0.200 0.5000000000
138086  28.098  -10.715  -0.037 0.6250000000
63205  30.795  -9.841  -0.147 0.2500000000
64133  30.503  -9.084  -0.469 0.3750000000
140268  29.319  -9.191  -0.775 0.6250000000
63203  33.205  -9.870  0.516 0.1250000000
124587  34.240  -10.538  0.398 0.1250000000
63204  31.866  -9.819  0.304 0.1250000000
64144  30.471  -8.296  -0.620 0.5000000000
125268  31.446  -7.679  -0.179 0.1250000000
64130  33.283  -8.029  0.364 0.1250000000
65073  30.468  -7.499  -0.711 0.5000000000
64129  34.517  -8.489  0.237 0.1250000000
65072  32.476  -7.510  0.247 0.1250000000
128836  32.171  -6.883  0.218 0.1250000000
134470  31.286  -5.820  0.058 0.1250000000
67931  29.253  -4.527  -0.765 0.6250000000
68841  28.954  -3.754  -0.633 0.6250000000
69776  28.529  -1.845  -0.408 0.6250000000
73597  27.115  1.788  -1.339 0.7500000000
71569  29.096  -0.278  -0.051 0.5000000000
77408  22.431  6.321  -2.723 0.6250000000
74595  26.501  2.428  -1.522 0.7500000000
72551  31.871  0.311  -0.019 0.3750000000
75578  25.041  3.931  -2.105 0.7500000000
72553  29.832  0.676  -0.023 0.5000000000
72563  32.698  0.572  -1.571 0.1250000000
71577  33.097  -0.231  -1.099 0.1250000000
136326  33.495  -0.611  -1.966 0.1250000000
76531  25.742  5.361  -2.559 0.7500000000
75576  27.951  3.760  -1.517 0.6250000000
74592  30.227  3.286  -1.714 0.3750000000
75575  29.026  3.890  -1.663 0.3750000000
73593  31.566  1.784  -1.461 0.1250000000
73603  31.312  2.380  -2.109 0.3750000000
78201  26.507  6.839  -3.146 0.3750000000
75573  30.661  3.390  -2.594 0.3750000000
73602  31.802  1.822  -2.619 0.1250000000
73615  31.811  1.770  -3.737 0.1250000000
74616  30.703  3.392  -4.515 0.2500000000
71615  31.453  0.439  -6.378 0.1250000000
72602  32.204  1.180  -4.341 0.1250000000
73625  31.382  2.279  -4.198 0.1250000000
79044  25.020  7.972  -3.495 0.3750000000
73630  31.080  2.138  -5.204 0.1250000000
73631  30.492  2.028  -6.021 0.1250000000
126957  30.337  3.266  -5.459 0.1250000000
79043  25.903  8.263  -3.542 0.3750000000
125613  29.271  6.375  -3.651 0.3750000000
72611  30.181  1.260  -6.643 0.1250000000
74630  30.116  2.692  -6.097 0.1250000000
73638  29.028  2.040  -7.383 0.1250000000
73646  29.407  1.259  -7.274 0.1250000000
75610  29.908  3.437  -6.153 0.1250000000
76546  29.715  4.269  -6.177 0.1250000000
71626  30.979  -0.218  -7.107 0.1250000000
71627  30.221  -0.165  -7.378 0.1250000000
79908  27.879  9.113  -5.470 0.2500000000
79057  28.802  7.456  -6.322 0.2500000000
126265  28.911  5.208  -7.137 0.1250000000
75616  28.294  3.714  -7.606 0.1250000000
75611  29.316  3.584  -7.010 0.1250000000
126268  28.220  2.126  -7.796 0.1250000000
129915  28.311  8.402  -7.021 0.1250000000
79058  28.409  7.557  -7.182 0.1250000000
78229  28.095  6.678  -7.641 0.1250000000
76554  28.419  4.587  -7.488 0.1250000000
72626  28.587  0.341  -8.490 0.1250000000
79068  27.210  7.516  -8.520 0.1250000000
79067  27.874  8.059  -7.733 0.1250000000
57349  23.598  -15.538  4.124 0.7500000000
56264  24.848  -16.244  3.810 0.7500000000
58440  22.758  -14.413  4.057 0.7500000000
57350  22.947  -15.161  4.444 0.7500000000
136323  28.037  -12.000  0.559 0.5000000000
66027  34.727  -6.665  -0.264 0.1250000000
65071  35.441  -7.391  -0.595 0.1250000000
66029  32.818  -6.090  0.267 0.1250000000
71587  33.207  0.033  -2.255 0.1250000000
71638  29.840  -0.727  -7.900 0.1250000000
71639  29.244  -0.326  -8.139 0.1250000000
57351  22.200  -14.765  4.802 0.7500000000
58452  21.897  -13.036  3.952 0.5000000000
55211  24.425  -16.578  4.370 0.6250000000
131155  26.306  -16.495  3.213 0.3750000000
56277  27.205  -16.644  2.989 0.2500000000
139212  26.606  -16.068  2.773 0.3750000000
59487  28.673  -11.985  0.530 0.3750000000
79021  21.288  6.869  -0.665 0.2500000000
56265  24.261  -15.898  3.896 0.6250000000
57392  26.543  -14.676  2.002 0.5000000000
58494  27.441  -13.390  1.252 0.3750000000
55221  26.766  -17.647  3.920 0.5000000000
55222  26.018  -17.087  3.845 0.6250000000
118430  24.720  -17.277  4.795 0.6250000000
59439  21.275  -13.135  4.638 0.3750000000
58441  21.896  -13.885  4.463 0.3750000000
56251  23.758  -16.225  4.563 0.6250000000
54166  26.742  -18.361  4.522 0.3750000000
55208  26.183  -17.759  4.302 0.5000000000
60371  20.889  -12.392  4.824 0.2500000000
54178  27.977  -18.012  3.978 0.3750000000
56276  27.846  -16.424  2.578 0.2500000000
57391  27.260  -15.166  2.168 0.2500000000
58479  27.258  -14.347  1.731 0.3750000000
135107  27.919  -14.019  1.522 0.2500000000
59471  28.146  -12.607  0.811 0.2500000000
59470  29.013  -12.743  0.828 0.2500000000
68815  18.613  -2.920  2.308 0.1250000000
70648  19.531  -0.718  1.600 0.2500000000
59485  30.257  -12.325  0.567 0.2500000000
75557  20.349  2.664  0.036 0.2500000000
122848  20.956  -9.814  3.738 0.2500000000
72544  20.087  0.389  0.968 0.3750000000
56263  25.504  -16.335  3.489 0.6250000000
57376  26.540  -15.439  2.427 0.5000000000
59486  29.442  -12.058  0.538 0.2500000000
60370  21.384  -12.525  4.232 0.3750000000
60376  21.788  -12.216  3.674 0.3750000000
61275  21.362  -10.427  3.493 0.2500000000
60377  21.178  -11.737  4.219 0.3750000000
58493  28.343  -13.356  1.178 0.2500000000
55210  25.159  -16.834  4.117 0.6250000000
55220  27.538  -17.455  3.498 0.2500000000
55230  28.139  -17.020  2.898 0.2500000000
57375  27.242  -15.933  2.521 0.3750000000
54179  27.338  -18.035  4.062 0.3750000000
54167  25.890  -18.192  4.829 0.3750000000
55209  25.510  -17.507  4.494 0.5000000000
121023  27.972  -14.801  1.849 0.2500000000
138968  28.900  -13.406  1.175 0.2500000000
118141  23.048  -16.911  5.822 0.5000000000
141582  24.876  -18.386  5.684 0.3750000000
54168  25.142  -17.949  5.155 0.5000000000
55198  23.854  -16.988  5.134 0.5000000000
56226  22.305  -16.544  6.193 0.3750000000
56240  21.988  -15.866  5.875 0.5000000000
56238  23.308  -16.435  5.159 0.5000000000
56239  22.717  -16.191  5.496 0.5000000000
57336  22.454  -15.509  5.147 0.3750000000
56252  23.133  -15.856  4.805 0.5000000000
56211  21.293  -16.541  7.375 0.1250000000
55182  22.525  -17.123  6.458 0.3750000000
57337  21.711  -15.117  5.585 0.2500000000
53039  22.206  -18.947  7.952 0.1250000000
55162  22.342  -17.594  6.982 0.2500000000
54114  22.826  -18.239  6.946 0.3750000000
53064  25.863  -19.266  5.760 0.2500000000
118821  24.412  -18.511  6.115 0.3750000000
55164  20.955  -16.845  8.078 0.1250000000
54130  23.648  -18.243  6.396 0.3750000000
56228  20.998  -15.774  7.127 0.1250000000
57338  21.007  -14.651  6.102 0.1250000000
68827  33.361  -3.857  -0.089 0.1250000000
58432  21.411  -14.368  5.280 0.2500000000
59433  21.153  -13.702  5.105 0.2500000000
54150  26.283  -18.867  5.182 0.2500000000
118911  23.565  -17.520  5.869 0.5000000000
54151  25.514  -18.621  5.445 0.3750000000
54152  24.317  -17.825  5.603 0.3750000000
54131  22.975  -17.625  6.394 0.3750000000
56227  21.605  -16.198  6.631 0.2500000000
57327  21.288  -15.448  6.362 0.1250000000
55163  21.596  -17.417  7.652 0.1250000000
55183  21.960  -16.899  6.901 0.2500000000
56212  20.844  -16.081  7.842 0.1250000000
55149  21.044  -17.537  8.323 0.1250000000
54115  22.182  -18.209  7.547 0.1250000000
53065  25.036  -19.045  6.094 0.2500000000
139148  22.673  -18.726  7.437 0.2500000000
53051  24.183  -19.127  6.717 0.2500000000
61267  21.187  -10.963  3.993 0.2500000000
54113  23.296  -18.874  7.093 0.2500000000
53037  23.627  -19.558  7.432 0.1250000000
123057  20.910  -11.044  4.443 0.1250000000
76503  20.835  4.288  -0.126 0.1250000000
77377  20.576  4.949  0.396 0.1250000000
77369  20.064  5.367  0.829 0.1250000000
126403  21.063  5.500  -0.010 0.1250000000
78172  19.882  5.969  0.945 0.1250000000
78179  20.628  5.869  0.387 0.1250000000
131076  20.945  7.301  -0.235 0.1250000000
76495  20.348  4.012  0.512 0.1250000000
79016  20.936  6.539  -0.023 0.1250000000
79007  20.290  6.675  0.492 0.1250000000
130698  19.841  7.211  0.789 0.1250000000
137444  20.222  3.252  0.485 0.1250000000
59434  20.747  -13.064  5.481 0.1250000000
61260  20.732  -11.573  4.900 0.1250000000
134469  19.698  0.554  1.344 0.1250000000
75551  19.988  2.696  0.772 0.1250000000
129421  19.981  3.639  1.010 0.1250000000
76496  19.929  4.631  1.041 0.1250000000
77370  19.622  5.409  1.283 0.1250000000
79853  19.443  7.102  1.321 0.1250000000
79863  19.779  7.673  1.015 0.1250000000
79862  20.273  7.870  0.544 0.1250000000
62199  20.818  -9.209  3.536 0.1250000000
62191  20.637  -9.587  3.978 0.1250000000
62190  20.872  -10.329  4.147 0.1250000000
62183  20.681  -10.594  4.834 0.1250000000
78173  19.417  6.057  1.486 0.1250000000
131993  20.377  7.388  0.283 0.1250000000
79008  19.607  6.601  1.155 0.1250000000
77355  19.386  5.477  1.570 0.1250000000
79864  19.916  8.023  1.083 0.1250000000
54165  27.553  -18.546  4.527 0.1250000000
55219  28.432  -17.480  3.411 0.1250000000
56275  28.568  -16.507  2.491 0.1250000000
56287  28.065  -15.740  2.240 0.1250000000
140311  28.842  -15.901  2.209 0.1250000000
57390  28.748  -15.131  1.937 0.1250000000
57388  30.282  -14.875  1.861 0.1250000000
57389  29.501  -14.549  1.638 0.1250000000
58478  28.693  -14.131  1.502 0.1250000000
57404  31.018  -14.390  1.201 0.1250000000
58492  29.532  -13.553  1.121 0.1250000000
58491  30.931  -13.762  0.791 0.1250000000
137177  30.309  -13.406  0.845 0.1250000000
58506  30.692  -13.022  0.635 0.1250000000
122911  25.560  -19.751  6.313 0.1250000000
53050  24.888  -19.655  6.629 0.1250000000
53049  26.275  -19.780  6.082 0.1250000000
53063  27.441  -19.334  5.664 0.1250000000
54164  28.225  -18.391  4.605 0.1250000000
54149  27.818  -18.987  5.113 0.1250000000
55207  28.657  -17.739  4.110 0.1250000000
55218  29.140  -17.249  3.517 0.1250000000
56261  29.568  -16.635  3.101 0.1250000000
56274  29.373  -16.268  2.495 0.1250000000
57374  30.606  -15.310  2.416 0.1250000000
59484  31.047  -12.816  0.555 0.1250000000
58505  31.424  -13.473  0.565 0.1250000000
58490  31.634  -14.056  0.743 0.1250000000
60406  30.595  -12.205  0.527 0.1250000000
53080  27.063  -19.130  5.124 0.1250000000
59469  29.910  -12.764  0.708 0.1250000000
127759  26.506  -19.355  5.596 0.1250000000
53048  26.913  -19.616  5.870 0.1250000000
55229  28.950  -17.078  2.814 0.1250000000
56286  29.452  -15.425  2.103 0.1250000000
56285  29.975  -15.619  2.334 0.1250000000
57387  31.117  -14.768  1.808 0.1250000000
57403  31.752  -14.421  1.135 0.1250000000
52107  25.998  -20.338  6.575 0.1250000000
52106  26.705  -20.141  6.495 0.1250000000
55197  28.863  -17.873  4.966 0.1250000000
58504  32.106  -13.847  0.497 0.1250000000
56262  26.767  -17.057  3.491 0.3750000000
57405  30.287  -14.098  1.229 0.1250000000
60392  26.948  -12.090  0.586 0.6250000000
61305  28.573  -10.982  0.122 0.6250000000
61310  24.172  -10.705  0.205 1.0000000000
61319  28.448  -10.394  -0.221 0.7500000000
62240  28.238  -9.788  -0.578 0.7500000000
63215  28.005  -9.101  -0.928 0.8750000000
64128  35.487  -8.921  -0.277 0.1250000000
64131  32.141  -8.116  0.161 0.1250000000
64132  31.328  -8.555  -0.167 0.1250000000
64146  29.052  -8.875  -0.972 0.6250000000
64149  27.269  -8.495  -1.337 0.8750000000
64161  28.663  -8.365  -1.212 0.6250000000
64163  27.694  -8.041  -1.434 1.0000000000
65085  26.077  -7.681  -1.406 1.0000000000
66030  31.765  -6.232  0.170 0.5000000000
66042  29.083  -6.891  -1.469 0.6250000000
66044  25.649  -6.508  -1.487 1.0000000000
66054  27.556  -6.594  -1.590 0.8750000000
66961  33.364  -5.245  0.085 0.1250000000
66983  27.608  -5.734  -1.632 1.0000000000
66985  26.546  -5.655  -1.592 1.0000000000
67921  31.810  -4.543  0.383 0.2500000000
67943  27.423  -5.112  -1.601 0.8750000000
68829  31.505  -3.803  0.420 0.2500000000
69773  32.253  -3.014  0.361 0.3750000000
70671  30.312  -1.217  0.431 0.5000000000
70681  28.053  -1.162  -0.745 0.8750000000
71588  26.946  -0.704  -1.355 0.8750000000
71590  25.032  -0.467  -1.636 1.0000000000
71645  29.460  -1.114  -8.438 0.1250000000
72586  21.957  0.686  -1.285 1.0000000000
72594  24.125  0.969  -1.724 1.0000000000
72617  30.603  0.516  -6.766 0.1250000000
72625  29.172  0.487  -7.754 0.1250000000
72634  27.991  0.637  -9.112 0.1250000000
73594  30.795  2.220  -1.209 0.3750000000
73648  27.592  1.857  -8.412 0.1250000000
74605  31.055  2.800  -2.660 0.2500000000
74606  24.883  2.086  -1.796 0.8750000000
74609  23.058  1.493  -1.882 1.0000000000
74622  31.010  2.706  -4.584 0.1250000000
74646  27.149  2.736  -8.634 0.1250000000
76517  28.609  4.570  -1.930 0.3750000000
76555  27.655  4.368  -7.907 0.1250000000
77406  23.424  5.941  -3.224 0.7500000000
77425  27.019  5.714  -8.546 0.1250000000
78208  28.901  7.002  -3.964 0.3750000000
80691  27.811  9.750  -6.130 0.2500000000
82196  23.678  11.605  -3.367 0.1250000000
122524  28.702  -8.930  -0.967 0.6250000000
127304  25.983  -5.804  -1.600 1.0000000000
127924  30.575  -1.984  0.451 0.5000000000
129467  29.386  -3.116  -0.075 0.6250000000
129496  22.377  9.830  -2.268 0.2500000000
130248  27.829  -6.265  -1.625 1.0000000000
130255  26.204  -5.083  -1.588 1.0000000000
130682  27.281  5.032  -8.198 0.1250000000
131368  20.348  8.297  0.846 0.1250000000
134931  22.753  -0.983  -1.392 1.0000000000
135053  29.601  -5.080  -0.821 0.6250000000
135388  22.006  -3.526  -0.313 1.0000000000
136955  26.324  -3.233  -1.587 1.0000000000
137156  24.440  0.414  -1.677 1.0000000000
138161  24.313  6.737  -3.696 0.7500000000
138458  33.498  -1.109  -1.288 0.1250000000
138548  29.654  -0.059  -7.661 0.1250000000
139034  25.414  -13.735  1.694 0.7500000000
139582  29.982  1.348  -0.303 0.5000000000
140084  27.727  1.673  -1.126 0.7500000000
140253  24.995  -3.968  -1.627 1.0000000000
142096  33.729  -2.456  -0.831 0.1250000000
142279  26.880  -5.684  -1.592 1.0000000000
