#!ascii label  , from subject sub-v2s0x29053_ses-1 vox2ras=TkReg
980
42026  1.252  -28.450  65.172 0.0000000000
51307  -18.117  -17.828  57.090 0.0000000000
55415  -18.768  -13.358  52.507 0.0000000000
55336  -11.666  -13.137  60.259 0.0000000000
61799  -30.570  -6.092  45.206 0.0000000000
58226  -24.156  -10.634  47.578 0.0000000000
53684  -18.072  -15.114  63.235 0.0000000000
128894  -14.629  -17.326  58.591 0.0000000000
63655  -34.502  -4.434  48.285 0.0000000000
121049  -38.850  -4.724  47.586 0.0000000000
62748  -43.308  -4.643  45.843 0.0000000000
58143  -23.342  -11.123  53.825 0.0000000000
56350  -20.943  -12.317  49.182 0.0000000000
132702  -25.881  -10.173  52.097 0.0000000000
61742  -27.849  -6.268  50.771 0.0000000000
51302  -6.852  -18.910  58.159 0.0000000000
40496  3.955  -30.255  69.691 0.0000000000
113189  -19.961  -15.239  55.886 0.0000000000
58083  -20.476  -10.677  57.374 0.0000000000
52134  -8.226  -17.124  55.041 0.0000000000
53776  -12.555  -15.135  53.137 0.0000000000
60955  -43.615  -6.767  43.649 0.0000000000
65270  -44.219  -3.346  44.056 0.0000000000
60943  -26.320  -7.056  45.457 0.0000000000
63631  -30.380  -4.173  49.540 0.0000000000
42887  -0.216  -27.506  61.542 0.0000000000
37062  7.085  -34.574  66.648 0.0000000000
62706  -36.952  -4.887  47.863 0.0000000000
57250  -24.895  -11.048  53.159 0.0000000000
47396  -7.033  -22.291  56.726 0.0000000000
41260  2.509  -29.458  67.488 0.0000000000
113156  -19.445  -18.508  53.952 0.0000000000
128739  -19.212  -16.994  57.218 0.0000000000
54545  -9.541  -13.967  57.249 0.0000000000
117980  -10.305  -15.174  54.201 0.0000000000
54562  -12.318  -14.354  56.851 0.0000000000
51295  -16.587  -17.574  58.609 0.0000000000
132954  -15.189  -17.932  56.066 0.0000000000
51334  -16.530  -19.040  55.483 0.0000000000
56233  -9.767  -12.351  61.354 0.0000000000
54520  -8.250  -14.154  59.246 0.0000000000
61850  -37.942  -6.792  43.739 0.0000000000
61854  -42.219  -6.981  43.648 0.0000000000
63686  -44.931  -4.195  45.441 0.0000000000
56366  -23.202  -11.884  48.066 0.0000000000
59201  -24.926  -8.975  46.792 0.0000000000
62680  -29.001  -5.028  50.041 0.0000000000
44716  -4.984  -24.748  59.161 0.0000000000
44689  -3.940  -24.908  61.147 0.0000000000
44667  -2.909  -25.689  62.990 0.0000000000
42915  -1.402  -27.283  59.478 0.0000000000
37101  5.250  -34.494  65.641 0.0000000000
52081  -17.951  -15.928  60.298 0.0000000000
53708  -19.074  -15.601  59.913 0.0000000000
54496  -18.913  -14.588  62.403 0.0000000000
54494  -13.487  -13.852  62.326 0.0000000000
132870  -13.490  -15.172  59.561 0.0000000000
134372  -15.097  -15.209  62.097 0.0000000000
52889  -16.224  -15.940  61.186 0.0000000000
62737  -32.892  -5.360  46.753 0.0000000000
62739  -34.807  -5.606  46.654 0.0000000000
61789  -36.817  -5.934  46.225 0.0000000000
61808  -38.902  -5.652  45.356 0.0000000000
62766  -41.378  -5.726  44.857 0.0000000000
62729  -41.169  -4.202  46.969 0.0000000000
57245  -20.221  -11.356  53.278 0.0000000000
56334  -19.215  -12.285  50.600 0.0000000000
121183  -22.463  -11.650  51.629 0.0000000000
57299  -23.676  -11.718  50.558 0.0000000000
58186  -24.995  -10.732  50.000 0.0000000000
60054  -26.175  -8.400  48.718 0.0000000000
60031  -27.010  -8.187  51.020 0.0000000000
129498  -6.117  -20.381  59.759 0.0000000000
45691  -6.163  -24.095  58.198 0.0000000000
64516  -40.605  -3.487  41.116 0.0000000000
39626  6.005  -30.197  69.972 0.0000000000
52972  -19.902  -16.756  53.557 0.0000000000
54586  -19.543  -14.602  54.553 0.0000000000
114231  -19.881  -14.326  58.619 0.0000000000
124305  -19.380  -13.211  56.679 0.0000000000
57231  -19.632  -11.572  55.146 0.0000000000
113465  -21.867  -10.648  55.834 0.0000000000
52929  -13.837  -16.263  56.823 0.0000000000
53706  -7.445  -15.367  60.071 0.0000000000
51317  -7.414  -18.514  56.570 0.0000000000
61811  -43.783  -5.720  44.776 0.0000000000
62773  -44.413  -5.571  43.510 0.0000000000
63719  -42.592  -4.543  42.227 0.0000000000
66117  -42.423  -0.814  43.052 0.0000000000
40535  1.752  -30.010  62.552 0.0000000000
39699  2.941  -31.196  64.856 0.0000000000
61797  -28.783  -6.271  44.937 0.0000000000
61769  -27.153  -6.702  48.197 0.0000000000
61775  -28.465  -5.932  47.586 0.0000000000
62719  -30.792  -5.147  47.459 0.0000000000
63653  -32.661  -4.159  48.442 0.0000000000
42872  0.306  -27.860  63.133 0.0000000000
38743  4.200  -32.407  66.664 0.0000000000
38728  5.734  -32.160  68.129 0.0000000000
38726  6.891  -31.959  67.654 0.0000000000
41267  2.075  -29.127  66.729 0.0000000000
118566  -18.371  -18.909  55.709 0.0000000000
51337  -19.116  -18.421  55.666 0.0000000000
52116  -18.749  -17.426  57.127 0.0000000000
55359  -10.708  -13.318  58.755 0.0000000000
54546  -10.723  -13.717  57.283 0.0000000000
54521  -11.848  -13.462  59.039 0.0000000000
51296  -17.296  -17.330  58.244 0.0000000000
51318  -16.319  -18.757  56.436 0.0000000000
51320  -17.664  -18.642  56.493 0.0000000000
51335  -17.487  -19.194  55.632 0.0000000000
56224  -11.832  -12.717  62.686 0.0000000000
57165  -11.224  -12.159  63.025 0.0000000000
56244  -11.088  -12.836  60.938 0.0000000000
55348  -10.122  -13.126  59.325 0.0000000000
61853  -41.238  -6.874  43.633 0.0000000000
53790  -18.845  -14.774  51.973 0.0000000000
54612  -18.550  -14.167  51.345 0.0000000000
57341  -23.765  -11.299  47.929 0.0000000000
57352  -23.401  -11.766  46.402 0.0000000000
59187  -24.563  -9.898  47.165 0.0000000000
43825  -4.351  -26.150  58.423 0.0000000000
44703  -4.126  -24.839  60.351 0.0000000000
43806  -3.264  -26.101  59.321 0.0000000000
43805  -2.832  -26.011  60.044 0.0000000000
42917  -2.974  -26.768  58.774 0.0000000000
52890  -18.257  -15.519  61.170 0.0000000000
52891  -18.579  -15.325  61.260 0.0000000000
54485  -18.639  -14.699  62.930 0.0000000000
55288  -13.954  -13.546  63.962 0.0000000000
54484  -14.174  -14.224  62.649 0.0000000000
53683  -14.885  -14.564  63.100 0.0000000000
53671  -17.334  -15.020  64.041 0.0000000000
52864  -16.562  -15.392  62.906 0.0000000000
52879  -17.403  -15.574  62.247 0.0000000000
52080  -17.243  -16.092  60.284 0.0000000000
62703  -33.981  -4.750  47.794 0.0000000000
62738  -33.828  -5.489  46.644 0.0000000000
62704  -34.924  -4.934  47.771 0.0000000000
62707  -37.890  -4.666  48.107 0.0000000000
62742  -37.160  -5.524  46.809 0.0000000000
127933  -37.892  -5.344  46.937 0.0000000000
61807  -38.060  -5.957  45.567 0.0000000000
62744  -39.295  -4.833  46.958 0.0000000000
62745  -40.420  -4.668  46.366 0.0000000000
62728  -40.162  -4.372  47.375 0.0000000000
58141  -21.568  -11.091  53.639 0.0000000000
57263  -21.511  -11.433  52.250 0.0000000000
57248  -23.017  -11.358  52.939 0.0000000000
58157  -25.552  -10.477  52.199 0.0000000000
57282  -24.527  -11.334  51.609 0.0000000000
57301  -24.962  -11.031  51.159 0.0000000000
125325  -24.431  -11.172  50.031 0.0000000000
58187  -25.294  -10.638  50.852 0.0000000000
59154  -26.050  -9.647  50.120 0.0000000000
116633  -26.097  -9.947  51.551 0.0000000000
121044  -6.737  -17.309  60.266 0.0000000000
52076  -6.575  -17.480  60.947 0.0000000000
122229  -6.553  -19.170  58.841 0.0000000000
46521  -6.616  -23.695  57.433 0.0000000000
66954  -40.620  -1.161  41.070 0.0000000000
135391  -41.072  -0.207  39.659 0.0000000000
39628  5.101  -30.516  69.965 0.0000000000
129147  -20.012  -17.231  55.004 0.0000000000
113459  -19.807  -17.659  53.721 0.0000000000
113312  -20.014  -16.297  54.140 0.0000000000
53778  -19.785  -15.878  53.527 0.0000000000
54574  -19.723  -14.604  55.499 0.0000000000
114232  -19.640  -14.583  60.027 0.0000000000
113309  -19.764  -15.226  58.872 0.0000000000
55350  -19.740  -13.858  59.403 0.0000000000
57201  -19.575  -11.176  58.788 0.0000000000
56255  -19.403  -12.351  58.069 0.0000000000
57210  -19.406  -11.834  57.340 0.0000000000
56274  -19.307  -12.217  55.615 0.0000000000
57211  -20.185  -10.915  56.490 0.0000000000
57222  -20.193  -11.033  55.496 0.0000000000
115817  -20.913  -10.590  56.724 0.0000000000
53764  -11.017  -14.983  53.800 0.0000000000
52910  -13.960  -16.168  59.339 0.0000000000
53735  -13.227  -15.342  57.872 0.0000000000
52920  -14.210  -16.932  58.169 0.0000000000
52135  -14.983  -17.108  54.679 0.0000000000
55323  -7.607  -13.498  61.371 0.0000000000
52938  -8.316  -16.049  56.813 0.0000000000
53732  -8.018  -16.041  57.737 0.0000000000
52133  -7.854  -17.691  55.557 0.0000000000
113857  -7.549  -19.166  54.824 0.0000000000
115863  -42.224  -5.014  45.516 0.0000000000
61809  -42.352  -5.684  44.982 0.0000000000
62756  -43.573  -5.216  45.279 0.0000000000
64493  -44.720  -3.536  44.480 0.0000000000
121887  -44.689  -4.972  45.027 0.0000000000
64503  -44.426  -3.942  43.904 0.0000000000
63705  -43.937  -4.961  43.007 0.0000000000
64502  -43.146  -3.312  43.365 0.0000000000
65276  -42.253  -3.099  42.913 0.0000000000
66106  -43.284  -1.823  43.764 0.0000000000
56349  -20.060  -12.349  49.339 0.0000000000
55453  -18.722  -13.159  49.281 0.0000000000
61817  -27.465  -6.601  44.352 0.0000000000
61796  -27.502  -6.431  45.359 0.0000000000
60912  -26.833  -7.955  50.097 0.0000000000
60917  -26.650  -7.774  49.196 0.0000000000
61754  -27.630  -6.388  49.886 0.0000000000
63630  -29.587  -4.495  50.160 0.0000000000
62690  -28.812  -5.306  49.269 0.0000000000
62699  -29.511  -5.145  48.476 0.0000000000
62718  -29.903  -5.352  47.579 0.0000000000
124309  -30.328  -4.981  48.097 0.0000000000
62701  -32.132  -4.589  47.994 0.0000000000
63632  -31.344  -3.811  49.320 0.0000000000
43777  -1.620  -26.583  62.003 0.0000000000
121721  -0.745  -27.029  62.956 0.0000000000
123506  -0.371  -27.110  64.091 0.0000000000
42873  -0.199  -27.429  62.575 0.0000000000
41296  0.921  -28.728  61.939 0.0000000000
42059  0.503  -28.233  61.229 0.0000000000
127038  3.697  -32.583  64.496 0.0000000000
39686  3.402  -31.585  65.579 0.0000000000
37965  4.059  -33.151  64.817 0.0000000000
37082  6.518  -34.440  66.735 0.0000000000
37948  5.365  -33.244  67.237 0.0000000000
37063  6.580  -33.821  66.992 0.0000000000
38727  6.127  -32.020  68.130 0.0000000000
37946  6.872  -33.622  66.868 0.0000000000
54466  -15.683  -14.306  64.722 0.0000000000
64460  -36.070  -3.575  49.418 0.0000000000
118919  -36.343  -4.558  48.372 0.0000000000
63637  -36.686  -4.089  48.997 0.0000000000
57249  -24.323  -11.044  53.857 0.0000000000
50374  -7.175  -19.921  56.865 0.0000000000
116928  -6.976  -21.063  57.196 0.0000000000
41251  2.337  -28.810  69.221 0.0000000000
40501  3.607  -30.396  68.763 0.0000000000
51352  -18.949  -19.121  54.276 0.0000000000
52137  -19.666  -17.813  55.370 0.0000000000
113458  -19.686  -16.505  56.720 0.0000000000
114495  -21.711  -10.349  58.352 0.0000000000
113797  -8.683  -15.823  55.948 0.0000000000
53751  -9.056  -15.881  54.928 0.0000000000
53752  -9.736  -14.611  55.836 0.0000000000
54572  -11.264  -14.319  55.479 0.0000000000
54573  -12.148  -14.536  55.342 0.0000000000
52104  -15.271  -17.717  58.569 0.0000000000
52103  -14.684  -17.444  57.850 0.0000000000
126279  -15.492  -18.101  57.318 0.0000000000
121821  -15.740  -18.465  55.810 0.0000000000
50401  -16.887  -19.601  53.541 0.0000000000
57178  -9.245  -12.103  61.784 0.0000000000
55332  -8.083  -13.381  60.574 0.0000000000
55333  -8.608  -13.475  59.730 0.0000000000
118429  -8.734  -14.382  57.668 0.0000000000
60953  -36.609  -6.911  44.112 0.0000000000
60954  -43.076  -6.935  43.694 0.0000000000
63673  -44.392  -3.450  46.993 0.0000000000
62749  -43.964  -4.647  45.734 0.0000000000
56365  -22.402  -12.336  48.530 0.0000000000
60067  -24.735  -8.882  45.693 0.0000000000
60937  -25.735  -7.597  45.818 0.0000000000
62653  -28.518  -5.637  51.946 0.0000000000
61755  -28.314  -5.653  50.125 0.0000000000
62668  -28.949  -5.043  51.364 0.0000000000
46495  -5.291  -23.212  60.361 0.0000000000
45668  -4.923  -23.834  60.724 0.0000000000
45653  -4.157  -24.289  62.705 0.0000000000
44678  -3.325  -25.462  62.179 0.0000000000
43790  -1.824  -26.545  61.072 0.0000000000
125333  -1.253  -27.018  60.425 0.0000000000
42084  -0.048  -28.220  59.695 0.0000000000
42085  -0.754  -28.054  59.014 0.0000000000
131206  -17.952  -16.919  58.326 0.0000000000
52106  -18.834  -16.413  58.724 0.0000000000
130863  -18.633  -16.012  59.639 0.0000000000
54505  -19.068  -14.920  61.357 0.0000000000
55324  -12.792  -13.537  61.369 0.0000000000
135738  -12.938  -13.841  60.333 0.0000000000
54503  -13.427  -13.993  61.595 0.0000000000
117196  -14.202  -15.194  60.860 0.0000000000
52900  -14.855  -16.178  60.516 0.0000000000
52863  -15.844  -15.257  62.752 0.0000000000
52877  -15.823  -15.744  61.621 0.0000000000
52078  -15.681  -16.385  60.500 0.0000000000
51282  -16.356  -17.126  59.382 0.0000000000
51283  -17.020  -16.880  59.067 0.0000000000
56211  -12.358  -12.788  63.583 0.0000000000
131241  -31.610  -5.747  46.002 0.0000000000
120979  -31.926  -6.281  44.577 0.0000000000
61785  -33.155  -5.803  45.923 0.0000000000
61802  -33.829  -6.198  45.163 0.0000000000
61804  -35.682  -6.284  45.472 0.0000000000
62723  -36.025  -5.472  47.117 0.0000000000
61788  -36.085  -5.997  46.183 0.0000000000
61805  -36.438  -6.282  45.583 0.0000000000
61826  -37.256  -6.661  44.422 0.0000000000
130978  -38.444  -6.356  44.141 0.0000000000
122221  -40.079  -6.101  44.181 0.0000000000
61829  -40.944  -6.241  44.191 0.0000000000
62753  -40.638  -5.212  45.434 0.0000000000
130884  -41.021  -4.818  45.772 0.0000000000
62730  -42.120  -4.026  46.838 0.0000000000
63660  -41.351  -3.704  48.517 0.0000000000
63672  -43.510  -3.576  47.271 0.0000000000
128652  -19.326  -12.054  52.433 0.0000000000
56333  -18.785  -12.734  51.105 0.0000000000
122032  -19.837  -11.692  51.980 0.0000000000
130760  -20.865  -11.689  51.028 0.0000000000
57297  -21.514  -11.825  50.653 0.0000000000
57265  -23.878  -11.483  52.266 0.0000000000
57298  -22.927  -11.785  50.798 0.0000000000
56351  -22.483  -12.130  49.504 0.0000000000
57315  -23.379  -11.810  49.191 0.0000000000
57328  -23.843  -11.395  48.786 0.0000000000
120316  -24.273  -10.860  48.520 0.0000000000
59188  -25.154  -9.454  47.752 0.0000000000
122529  -25.450  -10.082  49.575 0.0000000000
60030  -26.548  -8.892  50.540 0.0000000000
60906  -27.393  -7.507  51.556 0.0000000000
60907  -27.793  -6.929  52.041 0.0000000000
61743  -28.061  -6.243  51.596 0.0000000000
49347  -5.981  -20.515  60.423 0.0000000000
48364  -6.668  -21.141  57.918 0.0000000000
47358  -6.111  -22.134  59.158 0.0000000000
47357  -5.678  -22.644  59.845 0.0000000000
45690  -5.587  -24.430  58.706 0.0000000000
54594  -19.483  -14.990  53.630 0.0000000000
55401  -18.962  -13.442  53.383 0.0000000000
52921  -19.182  -16.269  58.572 0.0000000000
53736  -19.819  -15.779  57.479 0.0000000000
54549  -19.959  -14.941  57.181 0.0000000000
55368  -19.578  -13.521  57.342 0.0000000000
54563  -19.845  -14.697  56.325 0.0000000000
113389  -19.469  -13.780  55.955 0.0000000000
135808  -19.129  -12.744  54.476 0.0000000000
131034  -19.282  -12.203  54.181 0.0000000000
127459  -19.972  -11.389  53.943 0.0000000000
58103  -20.870  -10.879  54.910 0.0000000000
131126  -22.390  -10.747  55.448 0.0000000000
58085  -22.372  -10.575  57.068 0.0000000000
58093  -22.614  -10.688  56.174 0.0000000000
54548  -12.685  -14.541  57.712 0.0000000000
53734  -12.976  -15.053  57.070 0.0000000000
53754  -13.449  -15.406  55.430 0.0000000000
52940  -14.334  -16.827  56.297 0.0000000000
52948  -14.070  -15.903  54.808 0.0000000000
52887  -7.019  -16.086  61.263 0.0000000000
52101  -7.061  -17.578  58.810 0.0000000000
54519  -7.782  -14.727  59.655 0.0000000000
52918  -7.561  -16.409  58.420 0.0000000000
51303  -7.180  -18.727  57.346 0.0000000000
50375  -7.308  -19.869  56.123 0.0000000000
61830  -41.880  -6.313  44.286 0.0000000000
61831  -42.807  -6.346  44.373 0.0000000000
61832  -43.454  -6.291  44.333 0.0000000000
62757  -44.158  -5.143  45.172 0.0000000000
62767  -44.321  -5.604  44.646 0.0000000000
61855  -44.081  -6.671  43.578 0.0000000000
62786  -44.268  -6.379  43.089 0.0000000000
62784  -43.331  -5.133  42.282 0.0000000000
62791  -42.558  -5.249  41.502 0.0000000000
135131  -41.468  -4.066  41.742 0.0000000000
65275  -41.100  -2.027  42.261 0.0000000000
121447  1.648  -29.397  63.923 0.0000000000
41272  2.292  -29.982  65.240 0.0000000000
40528  2.360  -30.578  63.878 0.0000000000
117880  -18.388  -13.689  49.839 0.0000000000
61798  -29.681  -6.179  45.038 0.0000000000
136156  -25.468  -8.778  47.521 0.0000000000
135419  -25.898  -7.952  47.216 0.0000000000
61768  -26.791  -6.934  47.396 0.0000000000
61763  -28.101  -5.938  49.175 0.0000000000
61770  -27.865  -6.160  48.301 0.0000000000
61774  -27.569  -6.356  47.323 0.0000000000
61781  -28.359  -6.114  46.645 0.0000000000
61782  -30.002  -5.960  46.016 0.0000000000
61783  -30.889  -5.831  46.040 0.0000000000
62736  -31.378  -5.425  46.698 0.0000000000
62702  -33.047  -4.619  47.864 0.0000000000
63654  -33.594  -4.259  48.328 0.0000000000
42842  0.441  -27.049  66.388 0.0000000000
42854  -0.114  -27.155  64.748 0.0000000000
42035  0.813  -28.185  64.432 0.0000000000
42042  1.210  -28.945  63.434 0.0000000000
121701  1.374  -29.502  61.779 0.0000000000
40517  2.767  -30.416  65.805 0.0000000000
39663  3.283  -30.837  67.011 0.0000000000
39650  4.018  -31.096  68.338 0.0000000000
37952  4.642  -33.000  66.715 0.0000000000
38737  4.749  -32.601  67.359 0.0000000000
39649  4.793  -31.460  68.588 0.0000000000
38715  5.772  -31.308  68.755 0.0000000000
39648  6.408  -31.459  68.344 0.0000000000
36240  7.517  -34.971  66.469 0.0000000000
37060  7.771  -34.058  66.510 0.0000000000
42020  1.478  -28.413  66.231 0.0000000000
51321  -18.571  -18.194  56.389 0.0000000000
120812  -18.364  -17.134  57.743 0.0000000000
55349  -11.112  -13.142  59.502 0.0000000000
54534  -11.298  -13.574  58.125 0.0000000000
127471  -17.830  -17.423  57.694 0.0000000000
51306  -17.392  -18.019  57.322 0.0000000000
121047  -11.997  -13.128  61.144 0.0000000000
56235  -11.467  -12.776  61.742 0.0000000000
60976  -40.520  -7.470  43.260 0.0000000000
127816  -18.691  -13.994  52.092 0.0000000000
55432  -18.620  -13.346  51.634 0.0000000000
57340  -23.374  -11.647  47.342 0.0000000000
58225  -23.657  -11.123  47.014 0.0000000000
58244  -24.029  -10.461  46.583 0.0000000000
43824  -3.692  -26.461  58.642 0.0000000000
43807  -3.958  -25.715  59.233 0.0000000000
52880  -17.902  -15.536  61.820 0.0000000000
52881  -18.424  -15.229  61.964 0.0000000000
53685  -18.390  -15.005  62.747 0.0000000000
115797  -14.394  -13.486  64.701 0.0000000000
54465  -14.656  -13.912  64.052 0.0000000000
117372  -15.072  -13.918  64.709 0.0000000000
52851  -17.632  -15.252  63.354 0.0000000000
52865  -17.273  -15.469  62.855 0.0000000000
52866  -17.930  -15.350  62.640 0.0000000000
55274  -14.235  -13.065  65.419 0.0000000000
62708  -38.640  -4.555  48.083 0.0000000000
62726  -38.210  -4.919  47.502 0.0000000000
62743  -38.502  -5.060  47.091 0.0000000000
62727  -39.491  -4.460  47.775 0.0000000000
58142  -22.360  -11.105  53.743 0.0000000000
57283  -25.112  -10.921  51.880 0.0000000000
58172  -25.303  -10.672  51.513 0.0000000000
58173  -25.619  -10.383  51.519 0.0000000000
59138  -25.834  -10.168  50.869 0.0000000000
51293  -6.732  -18.339  59.022 0.0000000000
50354  -6.694  -19.711  58.272 0.0000000000
66955  -41.225  -0.533  41.434 0.0000000000
66963  -40.993  -0.491  40.444 0.0000000000
40491  3.704  -29.767  70.204 0.0000000000
40490  4.343  -30.049  70.401 0.0000000000
40489  4.908  -30.171  70.403 0.0000000000
39629  4.706  -30.501  69.910 0.0000000000
113313  -20.000  -16.011  55.856 0.0000000000
52950  -20.084  -16.346  54.936 0.0000000000
53755  -19.972  -15.370  55.172 0.0000000000
130171  -19.646  -13.835  60.224 0.0000000000
58077  -20.006  -10.833  58.104 0.0000000000
57206  -19.527  -11.474  58.040 0.0000000000
58082  -19.799  -11.098  57.334 0.0000000000
128758  -19.598  -11.430  56.726 0.0000000000
52145  -7.969  -17.817  54.688 0.0000000000
52146  -8.353  -17.307  54.215 0.0000000000
52911  -14.293  -16.884  58.991 0.0000000000
122891  -13.897  -16.452  58.596 0.0000000000
52937  -8.139  -16.820  56.032 0.0000000000
60980  -43.796  -7.424  42.877 0.0000000000
62747  -42.462  -4.513  46.024 0.0000000000
62755  -42.914  -5.187  45.408 0.0000000000
131094  -43.858  -3.511  43.707 0.0000000000
65268  -42.729  -2.432  43.378 0.0000000000
65269  -43.636  -2.773  43.845 0.0000000000
132155  -20.615  -12.111  49.770 0.0000000000
56363  -20.373  -12.696  48.604 0.0000000000
60942  -25.783  -7.503  44.742 0.0000000000
61795  -26.857  -6.673  45.000 0.0000000000
61779  -26.914  -6.663  45.906 0.0000000000
60913  -27.307  -7.134  50.613 0.0000000000
60918  -27.108  -7.115  49.609 0.0000000000
62691  -29.591  -4.778  49.378 0.0000000000
62692  -30.317  -4.639  48.754 0.0000000000
63651  -30.959  -4.266  48.850 0.0000000000
42888  -1.043  -26.964  61.332 0.0000000000
43766  -1.388  -26.640  62.862 0.0000000000
42874  -0.868  -27.021  62.217 0.0000000000
132914  6.976  -35.197  66.624 0.0000000000
113542  -24.665  -10.920  54.608 0.0000000000
49389  -7.186  -20.631  56.550 0.0000000000
41261  2.063  -28.870  67.534 0.0000000000
42000  1.908  -28.249  68.783 0.0000000000
41256  2.356  -29.037  68.362 0.0000000000
40497  3.029  -29.564  69.367 0.0000000000
40502  2.976  -29.867  68.181 0.0000000000
51336  -18.898  -18.966  55.123 0.0000000000
128647  -19.332  -17.556  56.327 0.0000000000
115821  -19.886  -16.957  55.708 0.0000000000
53741  -9.058  -15.033  56.268 0.0000000000
116946  -9.221  -15.280  55.609 0.0000000000
54559  -9.426  -14.419  56.549 0.0000000000
54561  -11.286  -13.974  56.503 0.0000000000
118119  -10.530  -14.204  55.870 0.0000000000
126528  -11.632  -14.578  54.797 0.0000000000
127556  -12.014  -14.266  56.070 0.0000000000
51281  -16.020  -17.731  58.866 0.0000000000
52115  -15.185  -17.860  57.738 0.0000000000
51304  -15.966  -18.021  58.073 0.0000000000
51333  -15.884  -18.500  54.819 0.0000000000
50402  -17.640  -19.654  54.006 0.0000000000
56234  -10.576  -12.453  61.551 0.0000000000
57164  -10.518  -11.773  63.009 0.0000000000
57179  -9.939  -11.961  62.193 0.0000000000
57144  -9.539  -11.398  63.165 0.0000000000
56232  -8.968  -12.419  61.183 0.0000000000
56243  -9.614  -12.669  60.624 0.0000000000
55358  -9.698  -13.435  58.681 0.0000000000
54532  -9.209  -13.846  58.119 0.0000000000
54544  -8.855  -14.744  56.999 0.0000000000
61849  -37.221  -7.088  43.748 0.0000000000
56379  -22.512  -12.606  47.464 0.0000000000
59200  -24.357  -9.676  46.134 0.0000000000
60068  -25.281  -8.249  46.214 0.0000000000
62654  -29.047  -5.079  52.325 0.0000000000
64432  -30.527  -3.524  50.818 0.0000000000
133352  -5.122  -23.805  60.024 0.0000000000
45677  -4.708  -24.360  60.006 0.0000000000
44702  -3.647  -25.268  60.575 0.0000000000
45667  -4.432  -24.366  60.957 0.0000000000
44679  -3.800  -24.915  62.442 0.0000000000
44688  -3.484  -25.387  61.333 0.0000000000
42903  -2.093  -26.560  60.033 0.0000000000
43791  -2.529  -26.119  60.861 0.0000000000
42914  -0.638  -27.580  59.954 0.0000000000
116787  -18.003  -16.257  59.510 0.0000000000
52094  -18.480  -16.251  59.226 0.0000000000
52082  -18.361  -15.967  59.905 0.0000000000
132690  -18.919  -14.814  61.936 0.0000000000
53701  -18.834  -15.366  60.806 0.0000000000
116509  -12.969  -13.563  62.003 0.0000000000
53692  -14.700  -14.870  62.175 0.0000000000
53699  -14.409  -15.031  61.413 0.0000000000
53700  -14.631  -15.614  60.956 0.0000000000
117535  -14.926  -15.360  61.614 0.0000000000
53656  -16.295  -14.563  64.763 0.0000000000
53669  -15.948  -14.718  64.016 0.0000000000
52878  -16.421  -15.650  62.079 0.0000000000
134853  -16.051  -15.529  62.289 0.0000000000
52066  -15.608  -16.034  60.989 0.0000000000
115302  -15.735  -16.966  59.835 0.0000000000
52079  -16.425  -16.425  60.254 0.0000000000
51271  -17.467  -16.328  59.619 0.0000000000
51284  -17.631  -16.630  58.928 0.0000000000
55303  -13.178  -13.164  63.760 0.0000000000
55315  -12.813  -13.313  62.775 0.0000000000
61784  -32.223  -5.557  46.305 0.0000000000
127557  -32.195  -5.945  45.540 0.0000000000
61786  -34.279  -5.881  45.993 0.0000000000
61803  -34.797  -6.230  45.313 0.0000000000
61787  -35.250  -5.940  46.082 0.0000000000
62705  -35.947  -5.064  47.687 0.0000000000
62741  -36.414  -5.672  46.719 0.0000000000
130838  -36.705  -6.547  44.926 0.0000000000
61806  -37.231  -6.240  45.460 0.0000000000
131799  -38.475  -6.062  44.813 0.0000000000
61828  -39.163  -6.082  44.324 0.0000000000
62764  -39.833  -5.609  44.991 0.0000000000
62765  -40.600  -5.775  44.751 0.0000000000
133950  -41.815  -4.279  46.444 0.0000000000
63671  -42.577  -3.702  47.419 0.0000000000
57261  -19.797  -11.637  52.733 0.0000000000
57262  -20.489  -11.421  52.502 0.0000000000
57279  -20.675  -11.557  51.691 0.0000000000
57280  -21.528  -11.643  51.377 0.0000000000
113969  -22.152  -11.771  50.955 0.0000000000
118088  -24.056  -11.309  53.089 0.0000000000
57300  -24.373  -11.409  50.716 0.0000000000
57281  -23.620  -11.659  51.382 0.0000000000
57314  -23.179  -11.877  50.033 0.0000000000
118033  -23.913  -11.545  49.980 0.0000000000
57316  -24.020  -11.370  49.476 0.0000000000
58200  -24.364  -11.015  49.368 0.0000000000
58212  -24.852  -10.462  49.078 0.0000000000
116685  -26.261  -9.621  50.913 0.0000000000
60892  -27.999  -7.132  52.879 0.0000000000
61729  -28.222  -6.323  52.453 0.0000000000
121037  -6.163  -19.035  60.577 0.0000000000
49330  -6.009  -19.873  60.941 0.0000000000
118343  -6.849  -21.755  57.378 0.0000000000
46511  -6.336  -23.384  58.149 0.0000000000
47368  -6.249  -22.791  58.553 0.0000000000
46510  -5.886  -23.620  58.860 0.0000000000
112797  -5.480  -23.401  59.605 0.0000000000
40495  6.339  -30.313  69.586 0.0000000000
113850  -19.674  -16.366  52.790 0.0000000000
55402  -19.188  -14.189  53.771 0.0000000000
52912  -18.944  -16.093  59.341 0.0000000000
52117  -18.916  -16.785  57.963 0.0000000000
53725  -19.638  -15.819  58.337 0.0000000000
113308  -19.954  -15.119  58.059 0.0000000000
56260  -19.377  -12.751  57.353 0.0000000000
55360  -19.630  -13.369  58.113 0.0000000000
114229  -19.690  -14.067  56.864 0.0000000000
56285  -19.275  -12.205  54.828 0.0000000000
57244  -19.609  -11.716  54.363 0.0000000000
58092  -21.008  -10.670  55.867 0.0000000000
58104  -21.719  -10.762  55.175 0.0000000000
131089  -22.233  -10.464  57.782 0.0000000000
113166  -23.594  -10.806  56.091 0.0000000000
133160  -9.602  -15.644  54.302 0.0000000000
52957  -9.224  -16.216  53.985 0.0000000000
53774  -9.871  -15.802  53.521 0.0000000000
53714  -13.188  -14.310  60.043 0.0000000000
54522  -12.827  -14.188  59.245 0.0000000000
53723  -13.060  -14.835  58.587 0.0000000000
131660  -13.422  -15.675  57.224 0.0000000000
53743  -13.401  -15.536  56.439 0.0000000000
52114  -14.853  -17.638  56.861 0.0000000000
52125  -14.818  -17.316  55.736 0.0000000000
53698  -7.260  -15.305  60.897 0.0000000000
52898  -7.161  -16.059  60.440 0.0000000000
113102  -7.334  -16.083  59.665 0.0000000000
55347  -7.958  -14.020  60.038 0.0000000000
54530  -8.006  -14.868  58.867 0.0000000000
132363  -7.627  -16.786  57.797 0.0000000000
52113  -7.485  -17.454  57.480 0.0000000000
52102  -7.320  -17.188  58.270 0.0000000000
129073  -7.369  -18.091  57.195 0.0000000000
50365  -7.267  -19.260  56.684 0.0000000000
61810  -43.198  -5.775  44.888 0.0000000000
63685  -44.507  -4.500  45.612 0.0000000000
114702  -44.574  -5.267  44.303 0.0000000000
117435  -44.408  -6.018  43.985 0.0000000000
61833  -43.987  -6.220  44.258 0.0000000000
63720  -43.283  -4.524  42.729 0.0000000000
62785  -44.071  -5.708  42.609 0.0000000000
62792  -43.502  -5.802  41.776 0.0000000000
63725  -41.840  -4.521  41.661 0.0000000000
63718  -41.890  -3.828  42.263 0.0000000000
65267  -41.848  -2.185  42.900 0.0000000000
66116  -41.700  -1.247  42.663 0.0000000000
66947  -41.529  -0.658  42.151 0.0000000000
66948  -42.117  -0.432  42.575 0.0000000000
40529  1.918  -30.032  63.504 0.0000000000
40523  2.061  -29.980  64.340 0.0000000000
40534  2.217  -30.715  63.033 0.0000000000
56320  -19.255  -12.144  51.523 0.0000000000
56347  -18.709  -12.913  50.198 0.0000000000
121248  -28.063  -6.357  44.870 0.0000000000
61818  -28.368  -6.513  44.117 0.0000000000
61819  -29.287  -6.457  44.084 0.0000000000
60053  -25.681  -8.990  48.269 0.0000000000
60923  -26.985  -7.115  48.847 0.0000000000
60922  -26.533  -7.491  48.225 0.0000000000
60929  -26.227  -7.556  47.317 0.0000000000
135513  -28.718  -5.227  50.661 0.0000000000
62698  -28.621  -5.644  48.438 0.0000000000
61776  -29.332  -5.806  46.917 0.0000000000
62735  -30.378  -5.580  46.785 0.0000000000
63652  -31.735  -4.164  48.616 0.0000000000
63634  -33.249  -3.738  48.898 0.0000000000
42862  0.259  -27.653  64.070 0.0000000000
42853  0.550  -27.720  64.971 0.0000000000
42043  0.775  -28.313  63.695 0.0000000000
124881  1.019  -29.096  60.961 0.0000000000
41295  1.415  -29.804  61.051 0.0000000000
40522  2.529  -30.550  64.634 0.0000000000
125570  2.724  -30.605  65.211 0.0000000000
39674  3.688  -31.610  66.619 0.0000000000
39675  3.175  -30.946  66.184 0.0000000000
39662  3.795  -31.319  67.537 0.0000000000
37957  4.609  -33.773  65.228 0.0000000000
115241  4.910  -33.622  66.276 0.0000000000
37940  5.800  -32.901  67.629 0.0000000000
37941  5.369  -32.545  67.841 0.0000000000
38729  4.799  -32.088  67.968 0.0000000000
131625  5.291  -31.953  68.258 0.0000000000
38716  5.379  -31.388  68.747 0.0000000000
126407  6.490  -32.188  67.755 0.0000000000
39635  6.641  -30.755  68.840 0.0000000000
37081  7.883  -34.799  66.435 0.0000000000
37061  7.418  -34.271  66.529 0.0000000000
54533  -10.179  -13.538  57.998 0.0000000000
54560  -10.157  -14.024  56.509 0.0000000000
54547  -11.833  -13.933  57.464 0.0000000000
51305  -16.774  -18.059  57.761 0.0000000000
51319  -16.926  -18.618  56.950 0.0000000000
127614  -16.977  -19.033  56.264 0.0000000000
56210  -11.666  -12.374  63.476 0.0000000000
56223  -10.937  -12.277  62.333 0.0000000000
130824  -10.305  -12.622  60.906 0.0000000000
55335  -10.495  -12.877  60.156 0.0000000000
60977  -41.490  -7.684  43.221 0.0000000000
56380  -23.031  -12.242  47.016 0.0000000000
44726  -4.647  -25.414  58.826 0.0000000000
44715  -4.353  -25.031  59.556 0.0000000000
44714  -3.858  -25.253  59.909 0.0000000000
122990  -3.419  -25.589  59.947 0.0000000000
43792  -3.147  -25.679  60.725 0.0000000000
42916  -2.664  -26.429  59.426 0.0000000000
122489  -2.201  -27.003  59.045 0.0000000000
42932  -1.671  -27.751  58.647 0.0000000000
42933  -2.568  -27.610  58.254 0.0000000000
52902  -18.495  -15.606  60.590 0.0000000000
124403  -18.673  -14.915  62.273 0.0000000000
55304  -13.634  -13.686  63.137 0.0000000000
115627  -14.355  -14.011  63.405 0.0000000000
116116  -15.279  -15.066  62.569 0.0000000000
53670  -16.635  -14.953  63.918 0.0000000000
52850  -17.097  -15.279  63.419 0.0000000000
113915  -16.924  -15.595  62.433 0.0000000000
52052  -16.889  -15.724  61.812 0.0000000000
52067  -16.963  -15.864  61.004 0.0000000000
52053  -17.384  -15.673  61.604 0.0000000000
52068  -17.648  -15.732  61.011 0.0000000000
55287  -13.580  -12.974  64.729 0.0000000000
62721  -33.446  -5.072  47.285 0.0000000000
62722  -34.391  -5.206  47.225 0.0000000000
62725  -37.478  -5.118  47.370 0.0000000000
61790  -37.579  -5.756  46.286 0.0000000000
61791  -38.489  -5.417  46.352 0.0000000000
62752  -39.566  -5.180  45.954 0.0000000000
57246  -21.076  -11.171  53.095 0.0000000000
57247  -21.984  -11.257  53.018 0.0000000000
135474  -22.405  -11.470  52.408 0.0000000000
57267  -25.300  -10.781  52.627 0.0000000000
57266  -24.692  -11.190  52.419 0.0000000000
128185  -24.839  -11.024  50.548 0.0000000000
59153  -25.525  -10.306  50.305 0.0000000000
60019  -26.614  -9.178  51.517 0.0000000000
114018  -6.738  -16.837  61.528 0.0000000000
51269  -6.485  -18.131  60.160 0.0000000000
121004  -6.354  -19.044  59.632 0.0000000000
50344  -6.332  -19.888  59.167 0.0000000000
126009  -6.940  -23.058  56.860 0.0000000000
45702  -5.923  -24.783  58.066 0.0000000000
66124  -40.499  -1.926  41.490 0.0000000000
65288  -40.254  -2.669  40.943 0.0000000000
66137  -40.168  -1.852  40.570 0.0000000000
66962  -40.453  -1.158  40.302 0.0000000000
66974  -40.494  -0.808  39.561 0.0000000000
39627  5.376  -30.417  69.950 0.0000000000
52149  -19.813  -17.838  54.584 0.0000000000
52960  -20.033  -17.033  54.338 0.0000000000
53767  -19.880  -15.562  54.324 0.0000000000
113310  -19.500  -15.222  59.640 0.0000000000
53715  -19.353  -15.775  59.126 0.0000000000
129343  -19.786  -14.705  59.337 0.0000000000
126029  -19.350  -11.911  58.651 0.0000000000
56265  -19.318  -12.238  56.530 0.0000000000
55374  -19.273  -12.902  55.997 0.0000000000
57221  -19.629  -11.474  55.990 0.0000000000
113300  -21.685  -10.585  56.515 0.0000000000
115190  -23.027  -10.531  57.650 0.0000000000
53724  -13.525  -15.706  58.659 0.0000000000
52919  -13.736  -16.245  57.809 0.0000000000
52136  -15.335  -17.834  55.234 0.0000000000
54511  -7.556  -14.615  60.438 0.0000000000
53722  -8.266  -15.059  58.007 0.0000000000
113416  -7.884  -16.845  57.068 0.0000000000
52124  -7.652  -17.676  56.534 0.0000000000
113418  -7.584  -18.266  55.912 0.0000000000
63694  -44.772  -4.377  44.577 0.0000000000
63706  -44.471  -4.725  43.727 0.0000000000
124290  -43.740  -4.125  43.317 0.0000000000
64512  -42.800  -3.909  42.831 0.0000000000
66105  -42.472  -1.523  43.259 0.0000000000
40541  2.131  -30.917  62.080 0.0000000000
56335  -19.919  -12.067  50.117 0.0000000000
56348  -19.260  -12.516  49.700 0.0000000000
56362  -19.448  -12.823  48.848 0.0000000000
61816  -26.786  -6.840  44.308 0.0000000000
115820  -28.222  -6.242  45.682 0.0000000000
60044  -26.369  -8.664  49.635 0.0000000000
62717  -29.146  -5.546  47.796 0.0000000000
62700  -31.134  -4.649  48.178 0.0000000000
63633  -32.293  -3.670  49.082 0.0000000000
43767  -2.206  -26.204  62.705 0.0000000000
43757  -1.803  -26.290  63.540 0.0000000000
42864  -0.997  -26.760  63.684 0.0000000000
42863  -0.261  -27.283  63.417 0.0000000000
42051  0.822  -28.491  62.842 0.0000000000
42886  0.392  -28.008  62.203 0.0000000000
39698  3.339  -31.958  64.697 0.0000000000
39687  3.007  -30.947  65.528 0.0000000000
38748  3.752  -32.391  65.242 0.0000000000
121160  3.844  -32.187  65.995 0.0000000000
125283  5.911  -34.774  66.244 0.0000000000
37083  5.679  -34.070  66.686 0.0000000000
37947  6.099  -33.593  67.236 0.0000000000
37939  6.274  -32.900  67.503 0.0000000000
37938  6.841  -32.716  67.232 0.0000000000
54447  -15.423  -13.892  65.462 0.0000000000
129407  -34.946  -4.137  48.710 0.0000000000
63656  -35.388  -4.565  48.287 0.0000000000
63636  -35.716  -4.088  48.839 0.0000000000
63657  -37.262  -4.467  48.555 0.0000000000
114422  -39.135  -4.444  48.098 0.0000000000
62709  -39.647  -4.172  48.418 0.0000000000
58123  -23.698  -10.982  54.627 0.0000000000
135363  -25.447  -10.679  53.239 0.0000000000
58144  -25.735  -10.414  53.019 0.0000000000
59122  -26.322  -9.751  52.378 0.0000000000
50364  -7.032  -19.482  57.474 0.0000000000
49380  -6.920  -20.349  57.536 0.0000000000
48373  -7.126  -21.466  56.612 0.0000000000
51353  -19.388  -18.515  54.891 0.0000000000
58078  -20.770  -10.461  58.217 0.0000000000
52947  -8.538  -16.463  55.287 0.0000000000
53763  -9.698  -15.185  55.001 0.0000000000
54571  -10.384  -14.652  55.145 0.0000000000
54583  -10.996  -14.683  54.565 0.0000000000
54585  -12.229  -14.738  54.478 0.0000000000
52091  -15.000  -17.239  59.366 0.0000000000
116213  -16.180  -18.421  57.231 0.0000000000
52126  -15.561  -18.283  56.634 0.0000000000
50391  -17.173  -19.395  54.685 0.0000000000
56231  -8.148  -12.733  61.316 0.0000000000
56242  -8.745  -12.909  60.499 0.0000000000
55334  -9.454  -13.033  59.879 0.0000000000
55357  -8.877  -13.738  58.886 0.0000000000
54531  -8.495  -14.287  58.436 0.0000000000
134991  -8.522  -14.873  57.481 0.0000000000
130965  -8.635  -15.395  56.665 0.0000000000
60952  -35.799  -7.180  43.765 0.0000000000
60979  -43.296  -7.643  42.990 0.0000000000
63680  -43.795  -4.110  46.417 0.0000000000
63681  -44.405  -4.039  46.247 0.0000000000
66091  -43.953  -2.170  44.143 0.0000000000
132828  -21.768  -12.350  49.134 0.0000000000
56364  -21.338  -12.597  48.500 0.0000000000
62667  -28.356  -5.643  51.082 0.0000000000
62681  -29.123  -4.823  50.647 0.0000000000
63613  -29.487  -4.414  50.978 0.0000000000
63614  -30.131  -3.986  50.476 0.0000000000
63615  -30.899  -3.563  50.092 0.0000000000
46486  -4.692  -23.840  61.653 0.0000000000
43768  -2.771  -25.898  62.241 0.0000000000
43779  -2.954  -25.816  61.523 0.0000000000
43778  -2.326  -26.197  61.742 0.0000000000
42902  -0.602  -27.343  60.749 0.0000000000
42071  -0.028  -27.864  60.556 0.0000000000
52105  -18.466  -16.624  58.466 0.0000000000
54512  -19.263  -15.066  60.476 0.0000000000
113672  -19.003  -14.145  63.150 0.0000000000
130673  -12.446  -13.633  59.873 0.0000000000
55337  -12.562  -13.505  60.646 0.0000000000
118295  -13.282  -14.086  60.823 0.0000000000
53707  -13.737  -14.882  60.473 0.0000000000
54495  -14.007  -14.426  61.866 0.0000000000
54504  -13.879  -14.606  61.168 0.0000000000
52899  -14.196  -15.748  60.261 0.0000000000
117643  -14.560  -16.563  59.783 0.0000000000
53668  -15.260  -14.373  63.936 0.0000000000
116574  -15.585  -14.867  63.291 0.0000000000
53693  -15.468  -15.424  62.008 0.0000000000
52888  -15.234  -15.827  61.159 0.0000000000
52077  -15.168  -16.664  60.148 0.0000000000
52092  -15.714  -17.482  59.259 0.0000000000
51270  -16.893  -16.534  59.697 0.0000000000
55314  -12.299  -13.190  61.949 0.0000000000
61800  -31.387  -6.031  45.354 0.0000000000
131265  -31.101  -6.244  44.617 0.0000000000
115744  -35.325  -5.361  47.197 0.0000000000
62740  -35.685  -5.697  46.691 0.0000000000
62724  -36.684  -5.310  47.241 0.0000000000
116941  -36.076  -6.622  44.776 0.0000000000
61827  -37.874  -6.341  44.684 0.0000000000
61851  -38.832  -6.682  43.599 0.0000000000
130753  -39.572  -6.520  43.670 0.0000000000
61852  -40.299  -6.695  43.598 0.0000000000
62754  -41.576  -5.158  45.406 0.0000000000
62731  -42.992  -4.083  46.597 0.0000000000
62710  -40.067  -4.169  48.074 0.0000000000
62711  -40.778  -4.013  47.930 0.0000000000
56305  -19.000  -12.597  52.929 0.0000000000
56319  -18.873  -12.620  52.010 0.0000000000
57278  -19.989  -11.786  51.028 0.0000000000
57296  -20.712  -11.879  50.401 0.0000000000
57313  -21.492  -12.097  49.853 0.0000000000
57264  -23.085  -11.564  52.136 0.0000000000
112717  -22.313  -11.954  50.300 0.0000000000
58227  -24.747  -10.199  48.143 0.0000000000
59170  -25.317  -9.773  48.666 0.0000000000
59171  -25.847  -9.274  49.167 0.0000000000
59123  -26.811  -9.112  52.326 0.0000000000
60020  -27.126  -8.397  51.924 0.0000000000
60891  -27.547  -7.756  52.417 0.0000000000
135105  -27.653  -6.784  51.318 0.0000000000
49370  -6.517  -20.507  58.467 0.0000000000
48350  -6.347  -21.301  58.733 0.0000000000
47382  -6.668  -22.695  57.620 0.0000000000
116758  -6.484  -21.957  58.227 0.0000000000
49359  -6.222  -20.738  59.227 0.0000000000
48333  -6.109  -21.407  59.405 0.0000000000
48318  -5.875  -21.823  59.957 0.0000000000
45684  -5.292  -24.087  59.393 0.0000000000
44727  -5.293  -25.099  58.450 0.0000000000
66975  -41.566  0.217  40.057 0.0000000000
67840  -40.807  -0.219  38.974 0.0000000000
54600  -19.332  -15.434  52.674 0.0000000000
54593  -19.004  -14.316  52.884 0.0000000000
52931  -19.411  -16.368  57.740 0.0000000000
53744  -19.942  -15.564  56.591 0.0000000000
133546  -19.731  -13.596  58.769 0.0000000000
114230  -19.870  -14.243  57.704 0.0000000000
119394  -19.371  -13.927  55.111 0.0000000000
55378  -19.175  -13.052  55.196 0.0000000000
55388  -19.149  -13.529  54.333 0.0000000000
55387  -19.072  -12.698  53.799 0.0000000000
114494  -19.468  -11.884  53.453 0.0000000000
57232  -20.121  -11.219  54.635 0.0000000000
58120  -20.765  -11.087  53.975 0.0000000000
58121  -21.646  -10.939  54.348 0.0000000000
58122  -22.613  -10.898  54.650 0.0000000000
58084  -21.431  -10.483  57.428 0.0000000000
58105  -23.161  -10.835  55.397 0.0000000000
54535  -12.350  -13.992  58.339 0.0000000000
53742  -12.767  -14.839  56.064 0.0000000000
53753  -12.871  -14.902  54.960 0.0000000000
53765  -12.835  -14.967  53.990 0.0000000000
52930  -14.239  -16.937  57.289 0.0000000000
52939  -13.942  -16.097  55.847 0.0000000000
52949  -14.450  -16.603  55.250 0.0000000000
53766  -13.494  -15.340  54.389 0.0000000000
52897  -6.870  -16.751  60.737 0.0000000000
52089  -6.858  -17.480  59.552 0.0000000000
114815  -7.673  -13.939  60.710 0.0000000000
53721  -7.827  -15.645  58.572 0.0000000000
113200  -7.633  -15.449  59.311 0.0000000000
52090  -7.220  -16.794  59.105 0.0000000000
51294  -7.122  -18.046  58.038 0.0000000000
123992  -7.432  -19.037  55.785 0.0000000000
61866  -44.082  -6.417  42.132 0.0000000000
64517  -41.159  -3.577  41.763 0.0000000000
65282  -41.437  -2.916  42.360 0.0000000000
65281  -40.745  -2.774  41.714 0.0000000000
66125  -41.033  -1.237  41.900 0.0000000000
67813  -41.942  0.017  41.886 0.0000000000
120650  1.753  -29.277  64.774 0.0000000000
41273  1.882  -29.179  65.721 0.0000000000
124609  2.687  -31.041  64.207 0.0000000000
39710  2.642  -31.248  63.504 0.0000000000
38754  2.973  -31.655  64.074 0.0000000000
55444  -18.512  -13.481  50.749 0.0000000000
60062  -25.963  -8.211  47.765 0.0000000000
60061  -25.557  -8.308  47.035 0.0000000000
60928  -25.832  -7.778  46.696 0.0000000000
132006  -26.390  -7.144  46.491 0.0000000000
61762  -27.445  -6.535  49.009 0.0000000000
61773  -27.025  -6.653  46.705 0.0000000000
61780  -27.579  -6.375  46.293 0.0000000000
113468  -29.072  -6.092  45.898 0.0000000000
127883  -32.148  -5.244  46.917 0.0000000000
127736  -31.692  -4.990  47.450 0.0000000000
62720  -32.558  -4.978  47.389 0.0000000000
63635  -34.189  -3.888  48.782 0.0000000000
64456  -31.904  -3.181  49.856 0.0000000000
42027  0.859  -27.724  65.846 0.0000000000
42843  0.166  -27.121  65.546 0.0000000000
42034  1.237  -28.765  64.242 0.0000000000
41281  1.573  -29.500  63.218 0.0000000000
41287  1.277  -29.187  62.636 0.0000000000
42070  0.526  -28.551  60.296 0.0000000000
41266  2.413  -29.794  66.145 0.0000000000
123378  2.559  -29.765  66.841 0.0000000000
40511  2.859  -30.316  66.550 0.0000000000
120969  2.928  -30.148  67.317 0.0000000000
40506  3.423  -30.607  67.840 0.0000000000
39639  4.400  -30.830  69.170 0.0000000000
37958  4.243  -32.944  65.861 0.0000000000
38738  4.201  -32.008  67.395 0.0000000000
38730  4.320  -31.652  68.000 0.0000000000
39638  4.783  -31.126  69.281 0.0000000000
39637  5.363  -30.830  69.416 0.0000000000
128821  5.633  -30.703  69.447 0.0000000000
39636  6.071  -30.806  69.169 0.0000000000
36246  7.427  -35.529  66.453 0.0000000000
36245  7.745  -35.519  66.383 0.0000000000
37945  7.416  -33.312  66.717 0.0000000000
47367  -5.894  -22.935  59.222 0.0000000000
48319  -5.992  -21.030  59.897 0.0000000000
50330  -6.131  -19.776  60.078 0.0000000000
50386  -7.422  -19.821  55.281 0.0000000000
51330  -7.660  -18.412  55.155 0.0000000000
52093  -18.094  -16.496  58.899 0.0000000000
52901  -15.311  -16.244  60.663 0.0000000000
52903  -18.731  -15.772  60.035 0.0000000000
52909  -7.038  -16.751  59.967 0.0000000000
53694  -18.725  -15.113  61.627 0.0000000000
53733  -8.401  -15.349  57.288 0.0000000000
54584  -11.595  -14.773  54.053 0.0000000000
62746  -41.514  -4.568  46.011 0.0000000000
113081  -7.525  -16.079  59.025 0.0000000000
126474  -9.312  -13.343  59.262 0.0000000000
133341  -11.789  -13.303  59.662 0.0000000000
134779  -14.799  -14.223  63.619 0.0000000000
