#!ascii label  , from subject sub-v2s0x29053_ses-1 vox2ras=TkReg
1356
40240  23.089  -29.698  63.942 0.0000000000
60968  51.549  -7.634  34.133 0.0000000000
48688  38.749  -20.989  51.792 0.0000000000
49668  48.076  -19.412  54.168 0.0000000000
113018  32.109  -25.835  52.508 0.0000000000
129022  29.263  -24.431  61.698 0.0000000000
64030  61.905  -4.412  25.352 0.0000000000
64942  60.266  -3.489  34.754 0.0000000000
53279  49.592  -14.909  45.216 0.0000000000
65027  67.794  -3.377  20.329 0.0000000000
46580  37.721  -22.771  56.348 0.0000000000
43884  25.729  -26.012  62.162 0.0000000000
62986  61.978  -5.761  29.931 0.0000000000
135093  57.261  -6.986  29.706 0.0000000000
58926  53.312  -9.283  38.949 0.0000000000
61920  55.301  -6.850  38.137 0.0000000000
57023  50.637  -11.803  39.488 0.0000000000
129789  45.857  -21.315  48.551 0.0000000000
48655  43.564  -20.854  53.468 0.0000000000
43928  35.527  -26.100  58.127 0.0000000000
43023  34.201  -26.422  62.887 0.0000000000
43946  30.361  -25.293  57.300 0.0000000000
131692  25.976  -25.457  57.291 0.0000000000
45747  36.185  -23.986  51.973 0.0000000000
119382  67.312  -7.588  26.006 0.0000000000
62006  66.617  -5.847  29.269 0.0000000000
62957  54.873  -5.815  33.762 0.0000000000
135788  52.853  -12.740  45.348 0.0000000000
51513  49.572  -17.567  50.243 0.0000000000
62084  63.798  -6.565  21.608 0.0000000000
61063  68.538  -7.184  21.871 0.0000000000
61096  67.704  -7.710  17.615 0.0000000000
115245  37.866  -23.493  60.233 0.0000000000
42076  24.452  -27.816  62.714 0.0000000000
42997  25.849  -26.152  65.364 0.0000000000
42048  24.958  -27.454  66.148 0.0000000000
62045  57.854  -6.470  27.908 0.0000000000
58883  54.457  -9.563  41.671 0.0000000000
59875  56.055  -7.896  41.148 0.0000000000
38606  21.507  -31.995  69.355 0.0000000000
57964  49.296  -10.802  36.389 0.0000000000
47656  39.223  -21.579  49.046 0.0000000000
113131  42.100  -21.990  50.270 0.0000000000
48686  40.750  -21.023  51.984 0.0000000000
43975  33.681  -26.078  55.195 0.0000000000
43943  33.196  -26.028  57.598 0.0000000000
43978  31.309  -25.749  54.778 0.0000000000
44016  34.655  -25.647  52.649 0.0000000000
44839  35.735  -25.397  54.662 0.0000000000
43894  31.446  -24.975  61.583 0.0000000000
63027  64.605  -4.999  25.651 0.0000000000
62044  67.687  -5.836  27.461 0.0000000000
131431  65.726  -4.182  27.547 0.0000000000
63940  61.776  -4.307  32.859 0.0000000000
64938  63.971  -4.348  33.424 0.0000000000
60996  51.629  -7.473  31.505 0.0000000000
61997  53.572  -6.929  31.653 0.0000000000
61977  53.482  -6.559  33.705 0.0000000000
116931  48.123  -13.936  42.993 0.0000000000
56074  49.977  -13.387  42.418 0.0000000000
55114  50.732  -13.779  45.551 0.0000000000
48683  47.045  -20.370  51.913 0.0000000000
49712  47.567  -19.809  49.459 0.0000000000
50617  48.534  -18.651  52.039 0.0000000000
64053  60.225  -4.570  23.418 0.0000000000
63054  61.628  -5.527  21.452 0.0000000000
63039  62.540  -5.987  23.461 0.0000000000
61046  65.341  -7.829  24.255 0.0000000000
62114  67.226  -6.149  17.397 0.0000000000
62100  68.519  -5.676  19.160 0.0000000000
61069  68.303  -7.688  19.326 0.0000000000
63047  68.299  -5.378  21.429 0.0000000000
47565  38.340  -21.427  54.495 0.0000000000
48635  40.074  -20.133  54.159 0.0000000000
48580  39.406  -20.420  57.157 0.0000000000
44765  26.744  -24.726  61.704 0.0000000000
45650  28.870  -24.102  64.167 0.0000000000
44738  27.089  -24.830  64.427 0.0000000000
64020  59.790  -4.497  26.211 0.0000000000
63998  62.386  -4.991  27.885 0.0000000000
112475  60.035  -5.748  28.047 0.0000000000
128548  59.318  -6.602  30.121 0.0000000000
62962  58.970  -5.416  32.136 0.0000000000
59942  52.336  -8.468  36.620 0.0000000000
60936  53.188  -7.416  36.260 0.0000000000
60917  54.151  -7.976  38.154 0.0000000000
51591  48.682  -17.191  44.837 0.0000000000
117060  49.808  -17.479  54.979 0.0000000000
39433  21.307  -30.631  64.945 0.0000000000
131979  23.641  -30.642  66.499 0.0000000000
38613  22.621  -31.905  68.079 0.0000000000
59963  49.703  -8.777  34.268 0.0000000000
58952  50.483  -9.794  36.374 0.0000000000
58912  52.326  -10.134  39.185 0.0000000000
135484  53.537  -10.475  41.851 0.0000000000
46674  43.437  -22.362  47.781 0.0000000000
135107  44.276  -21.832  50.695 0.0000000000
48630  46.197  -20.681  54.481 0.0000000000
129079  42.256  -19.808  54.949 0.0000000000
118751  44.925  -19.854  56.044 0.0000000000
136192  36.854  -25.405  59.807 0.0000000000
43035  36.388  -26.482  62.316 0.0000000000
43049  34.884  -26.437  60.557 0.0000000000
43906  32.470  -25.769  59.971 0.0000000000
44784  29.992  -24.858  59.452 0.0000000000
112401  28.957  -25.139  54.856 0.0000000000
44828  28.428  -24.880  57.101 0.0000000000
44787  27.674  -24.559  59.631 0.0000000000
43921  25.831  -25.798  59.504 0.0000000000
42097  24.061  -27.780  60.275 0.0000000000
41146  22.442  -28.811  61.424 0.0000000000
47676  37.282  -21.131  48.769 0.0000000000
46644  35.800  -22.791  49.273 0.0000000000
46621  37.291  -22.292  51.794 0.0000000000
45727  36.978  -23.541  54.552 0.0000000000
45698  36.928  -24.527  57.700 0.0000000000
60027  66.890  -8.525  28.946 0.0000000000
64968  64.927  -4.335  30.552 0.0000000000
62023  54.851  -7.300  29.354 0.0000000000
61995  55.954  -6.238  31.838 0.0000000000
63929  57.801  -4.670  33.545 0.0000000000
62937  54.898  -5.676  35.604 0.0000000000
63906  56.291  -4.576  36.104 0.0000000000
56099  48.886  -13.222  39.263 0.0000000000
56993  51.917  -12.026  42.145 0.0000000000
56969  54.730  -11.857  44.780 0.0000000000
50688  48.736  -18.560  46.434 0.0000000000
52381  50.354  -17.006  47.086 0.0000000000
52304  50.498  -16.387  53.069 0.0000000000
132284  51.059  -16.023  50.119 0.0000000000
54152  51.513  -14.523  47.402 0.0000000000
56017  52.695  -12.770  47.834 0.0000000000
56934  55.008  -11.273  48.451 0.0000000000
63059  65.795  -4.939  21.047 0.0000000000
62074  66.454  -6.773  22.376 0.0000000000
60073  67.473  -8.890  23.914 0.0000000000
45673  38.933  -23.319  61.279 0.0000000000
41121  23.563  -29.023  63.459 0.0000000000
118149  24.533  -27.910  64.150 0.0000000000
41106  24.038  -28.927  65.032 0.0000000000
58870  55.373  -9.397  42.811 0.0000000000
59867  55.766  -8.737  42.414 0.0000000000
123105  19.521  -30.157  69.667 0.0000000000
115839  39.003  -21.305  49.920 0.0000000000
47615  40.220  -21.267  51.300 0.0000000000
114670  39.980  -20.912  51.973 0.0000000000
113995  32.775  -25.962  53.866 0.0000000000
43976  32.840  -25.979  55.417 0.0000000000
43993  32.031  -25.900  54.311 0.0000000000
44041  33.501  -25.523  50.796 0.0000000000
44017  33.712  -25.880  52.689 0.0000000000
44005  34.349  -25.888  53.576 0.0000000000
118960  30.609  -24.741  61.773 0.0000000000
44750  30.491  -24.539  62.948 0.0000000000
64028  63.738  -4.536  25.895 0.0000000000
64016  65.047  -4.373  26.482 0.0000000000
113482  63.398  -4.463  26.426 0.0000000000
63926  61.241  -3.896  33.657 0.0000000000
64941  62.001  -3.727  34.406 0.0000000000
60976  51.511  -7.544  33.279 0.0000000000
60975  52.146  -7.242  32.880 0.0000000000
60967  52.188  -7.237  33.733 0.0000000000
53288  48.467  -15.090  44.219 0.0000000000
54181  48.796  -14.573  44.382 0.0000000000
55126  49.686  -13.937  44.757 0.0000000000
54161  49.942  -14.482  45.455 0.0000000000
49682  47.619  -19.881  53.068 0.0000000000
50618  47.943  -19.302  51.715 0.0000000000
50600  48.135  -19.281  53.355 0.0000000000
64042  61.683  -4.619  24.645 0.0000000000
63037  61.999  -5.124  24.052 0.0000000000
64041  62.387  -4.684  24.884 0.0000000000
63035  63.993  -5.622  25.002 0.0000000000
64082  68.268  -4.532  18.694 0.0000000000
64079  68.466  -4.202  19.506 0.0000000000
63058  68.547  -5.231  20.704 0.0000000000
64069  68.029  -4.056  20.821 0.0000000000
47559  38.119  -21.874  55.334 0.0000000000
47558  38.527  -21.257  55.328 0.0000000000
47544  38.592  -21.535  57.109 0.0000000000
43883  26.251  -25.301  61.999 0.0000000000
44753  26.729  -24.716  62.714 0.0000000000
129744  26.181  -25.348  63.184 0.0000000000
42041  26.306  -26.404  66.931 0.0000000000
43850  26.057  -25.887  65.604 0.0000000000
64021  58.931  -4.619  26.138 0.0000000000
63018  59.357  -5.024  26.903 0.0000000000
63019  58.359  -5.232  26.705 0.0000000000
62020  57.680  -6.941  29.276 0.0000000000
62031  58.328  -6.660  28.602 0.0000000000
119392  58.560  -6.658  30.348 0.0000000000
62975  59.402  -5.908  31.466 0.0000000000
61993  58.135  -6.457  30.926 0.0000000000
59935  52.700  -8.755  37.374 0.0000000000
59934  53.459  -8.397  37.728 0.0000000000
59924  53.751  -8.665  38.545 0.0000000000
117578  59.491  -4.228  24.873 0.0000000000
38632  21.812  -31.128  65.653 0.0000000000
38622  20.957  -31.460  66.966 0.0000000000
58970  49.258  -9.345  34.614 0.0000000000
59952  49.906  -9.054  34.992 0.0000000000
58961  49.481  -9.692  35.296 0.0000000000
57941  50.012  -11.414  37.980 0.0000000000
119568  50.381  -10.800  37.516 0.0000000000
57926  50.969  -11.151  39.006 0.0000000000
57912  52.733  -10.489  40.587 0.0000000000
57904  51.987  -11.114  40.607 0.0000000000
46676  41.558  -22.482  47.245 0.0000000000
47613  42.657  -21.570  51.642 0.0000000000
132478  43.445  -22.060  50.192 0.0000000000
47591  44.108  -21.544  52.016 0.0000000000
48671  45.499  -21.362  52.046 0.0000000000
48654  44.604  -20.998  53.423 0.0000000000
49660  40.578  -19.674  55.643 0.0000000000
49674  40.680  -19.841  54.823 0.0000000000
49642  41.283  -19.337  56.165 0.0000000000
50575  43.963  -18.949  57.312 0.0000000000
49637  46.350  -19.423  56.810 0.0000000000
120311  36.194  -25.791  58.525 0.0000000000
121905  35.888  -26.316  60.208 0.0000000000
43071  34.894  -26.316  58.583 0.0000000000
43944  32.218  -25.804  57.497 0.0000000000
128209  32.558  -25.876  58.162 0.0000000000
43931  31.812  -25.682  58.234 0.0000000000
129053  31.770  -25.534  59.626 0.0000000000
112420  30.473  -25.267  58.031 0.0000000000
44855  28.961  -25.166  53.917 0.0000000000
43947  26.344  -25.213  56.753 0.0000000000
44829  27.852  -24.932  56.278 0.0000000000
44816  26.917  -24.926  57.567 0.0000000000
44802  27.512  -24.723  58.388 0.0000000000
44803  26.842  -24.896  58.475 0.0000000000
43920  26.449  -25.168  59.124 0.0000000000
43934  25.720  -25.832  58.628 0.0000000000
42088  23.612  -28.232  60.848 0.0000000000
48725  37.732  -21.035  48.225 0.0000000000
48726  36.994  -20.899  47.982 0.0000000000
44904  35.402  -24.467  50.918 0.0000000000
45763  35.841  -23.720  50.585 0.0000000000
45762  36.735  -22.422  50.477 0.0000000000
116691  36.803  -23.145  52.093 0.0000000000
46612  36.965  -23.140  53.032 0.0000000000
130040  36.709  -23.739  53.450 0.0000000000
43959  35.465  -25.824  56.503 0.0000000000
43958  36.254  -25.202  56.306 0.0000000000
44813  36.460  -25.156  57.255 0.0000000000
44798  36.704  -25.322  58.972 0.0000000000
43022  35.144  -26.668  63.096 0.0000000000
39418  24.577  -30.446  68.430 0.0000000000
125568  24.996  -29.326  68.509 0.0000000000
60044  68.937  -8.281  27.213 0.0000000000
62994  67.045  -5.636  28.368 0.0000000000
62028  67.895  -7.031  28.262 0.0000000000
61022  66.659  -7.430  29.455 0.0000000000
61009  66.208  -6.919  30.112 0.0000000000
62995  62.221  -5.503  28.864 0.0000000000
63986  63.682  -4.842  29.260 0.0000000000
125376  63.448  -5.024  29.990 0.0000000000
62952  64.918  -5.116  33.139 0.0000000000
133513  54.522  -6.424  32.388 0.0000000000
121750  55.144  -6.351  32.050 0.0000000000
61985  55.635  -5.941  32.536 0.0000000000
62954  57.119  -5.115  33.126 0.0000000000
62955  56.485  -5.176  33.505 0.0000000000
61931  54.260  -7.055  37.077 0.0000000000
61952  54.244  -6.299  35.845 0.0000000000
61940  54.671  -6.410  36.710 0.0000000000
55169  48.343  -13.693  39.662 0.0000000000
122679  51.273  -13.115  43.745 0.0000000000
56073  50.918  -12.894  42.440 0.0000000000
56053  52.541  -12.680  44.251 0.0000000000
56980  53.559  -11.818  43.663 0.0000000000
56960  54.063  -12.398  45.250 0.0000000000
47691  44.761  -21.836  47.496 0.0000000000
48724  45.964  -21.157  47.705 0.0000000000
50644  48.612  -18.721  49.233 0.0000000000
49728  48.243  -19.168  47.867 0.0000000000
50659  49.411  -18.174  47.883 0.0000000000
50671  49.411  -18.116  46.996 0.0000000000
51545  49.915  -17.612  48.378 0.0000000000
51474  50.204  -16.903  54.489 0.0000000000
54132  51.907  -14.715  50.873 0.0000000000
54139  51.903  -15.189  49.336 0.0000000000
54138  52.398  -14.370  49.285 0.0000000000
55094  51.872  -13.785  47.675 0.0000000000
55991  53.020  -12.931  49.564 0.0000000000
62078  62.794  -6.392  21.827 0.0000000000
63052  64.281  -5.978  21.074 0.0000000000
62082  65.855  -6.266  21.819 0.0000000000
62075  65.341  -7.033  22.147 0.0000000000
61044  65.713  -7.542  25.135 0.0000000000
60074  66.570  -8.468  23.925 0.0000000000
60063  66.944  -8.659  24.737 0.0000000000
59058  68.974  -9.906  24.642 0.0000000000
62113  67.462  -6.646  17.369 0.0000000000
122781  68.640  -7.614  20.730 0.0000000000
117705  68.587  -8.578  21.023 0.0000000000
59077  68.825  -9.471  22.243 0.0000000000
46557  37.717  -23.216  58.711 0.0000000000
46556  38.455  -21.994  58.775 0.0000000000
46543  37.945  -23.031  59.668 0.0000000000
43015  24.944  -27.135  62.670 0.0000000000
131882  25.589  -26.308  62.979 0.0000000000
42056  25.064  -27.120  64.444 0.0000000000
42047  25.456  -26.746  65.554 0.0000000000
118625  25.952  -26.847  67.531 0.0000000000
128761  56.567  -6.766  27.785 0.0000000000
62033  56.157  -7.081  28.474 0.0000000000
58910  53.459  -9.546  39.812 0.0000000000
119256  54.577  -8.594  39.720 0.0000000000
59877  54.823  -8.920  41.138 0.0000000000
60847  57.109  -7.794  43.203 0.0000000000
125893  20.396  -31.111  67.446 0.0000000000
39408  19.951  -30.820  69.057 0.0000000000
38600  20.177  -31.907  70.757 0.0000000000
57974  48.898  -10.393  35.585 0.0000000000
57045  49.451  -11.844  37.770 0.0000000000
47673  40.767  -22.263  48.449 0.0000000000
47655  40.672  -21.997  49.363 0.0000000000
47614  41.116  -21.509  51.242 0.0000000000
116645  42.122  -20.862  52.859 0.0000000000
43960  34.622  -26.158  56.832 0.0000000000
43929  34.695  -26.238  57.795 0.0000000000
43961  33.660  -26.145  56.773 0.0000000000
43962  32.739  -25.926  56.762 0.0000000000
43963  30.853  -25.483  56.631 0.0000000000
124754  24.865  -26.202  57.522 0.0000000000
43949  24.318  -26.057  57.097 0.0000000000
44040  34.335  -25.375  51.139 0.0000000000
44028  35.372  -25.183  52.550 0.0000000000
134915  35.719  -24.991  53.157 0.0000000000
44015  35.219  -25.512  53.308 0.0000000000
43989  35.139  -25.809  54.855 0.0000000000
43892  32.932  -25.815  61.593 0.0000000000
62062  66.306  -5.670  26.192 0.0000000000
62054  68.020  -6.314  27.055 0.0000000000
63017  66.866  -5.063  26.799 0.0000000000
64004  66.532  -4.507  27.504 0.0000000000
126041  66.071  -4.569  28.695 0.0000000000
120965  61.989  -5.197  31.573 0.0000000000
63960  62.851  -4.926  31.394 0.0000000000
64951  62.687  -4.116  33.074 0.0000000000
63925  63.566  -4.404  34.162 0.0000000000
60994  53.085  -7.162  31.091 0.0000000000
61998  52.875  -7.076  31.804 0.0000000000
119129  53.401  -6.717  32.875 0.0000000000
61976  54.149  -6.127  34.148 0.0000000000
61929  55.809  -6.093  37.900 0.0000000000
55159  47.476  -13.834  41.207 0.0000000000
56075  49.108  -13.589  41.932 0.0000000000
56066  48.965  -13.712  42.850 0.0000000000
112700  50.112  -13.628  43.956 0.0000000000
56031  51.292  -13.446  45.550 0.0000000000
116529  46.196  -21.059  49.908 0.0000000000
48722  47.047  -20.336  48.864 0.0000000000
49699  47.501  -19.858  50.366 0.0000000000
50627  47.948  -19.306  50.893 0.0000000000
51514  48.977  -18.137  50.527 0.0000000000
64057  60.149  -4.661  22.409 0.0000000000
114140  60.123  -4.491  21.692 0.0000000000
63041  60.856  -5.102  22.812 0.0000000000
63044  62.183  -6.077  22.530 0.0000000000
62071  62.811  -6.482  22.666 0.0000000000
61054  64.032  -7.221  22.894 0.0000000000
130773  63.850  -6.912  23.669 0.0000000000
62064  64.701  -5.986  25.260 0.0000000000
64091  67.418  -4.824  18.027 0.0000000000
63071  68.225  -5.431  18.675 0.0000000000
117888  67.865  -6.859  18.033 0.0000000000
61083  68.004  -7.456  18.415 0.0000000000
62090  68.577  -6.295  19.465 0.0000000000
62087  68.718  -6.036  20.437 0.0000000000
123899  68.448  -6.425  21.772 0.0000000000
47595  38.102  -21.421  52.512 0.0000000000
119727  38.974  -20.730  53.266 0.0000000000
48660  38.839  -20.784  54.091 0.0000000000
48614  39.375  -20.301  55.429 0.0000000000
49644  39.899  -19.869  56.844 0.0000000000
44763  28.105  -24.345  61.083 0.0000000000
45658  29.187  -24.104  62.573 0.0000000000
45666  27.791  -24.130  62.465 0.0000000000
44743  27.572  -24.374  64.018 0.0000000000
43864  26.110  -25.746  64.841 0.0000000000
43853  26.763  -25.681  64.767 0.0000000000
119045  61.283  -4.358  25.777 0.0000000000
64007  62.432  -4.566  26.879 0.0000000000
64009  60.779  -4.762  27.043 0.0000000000
63010  60.789  -5.322  27.771 0.0000000000
115805  61.334  -5.894  29.183 0.0000000000
63005  58.444  -6.241  27.878 0.0000000000
62997  59.901  -6.262  28.794 0.0000000000
114416  61.036  -6.166  29.995 0.0000000000
62974  60.282  -5.825  31.401 0.0000000000
130128  60.177  -4.809  32.560 0.0000000000
113182  59.192  -4.390  33.421 0.0000000000
60952  51.599  -7.862  35.053 0.0000000000
60951  52.279  -7.297  34.614 0.0000000000
60937  52.607  -7.865  36.263 0.0000000000
60928  53.875  -7.719  37.388 0.0000000000
60916  54.872  -7.563  38.468 0.0000000000
59910  55.078  -8.048  39.648 0.0000000000
60898  55.696  -7.431  39.427 0.0000000000
61905  56.224  -6.664  39.084 0.0000000000
52417  48.818  -16.038  44.611 0.0000000000
50591  49.315  -18.046  55.441 0.0000000000
64059  58.911  -3.827  22.468 0.0000000000
64044  59.505  -4.240  23.936 0.0000000000
64043  60.285  -4.355  24.439 0.0000000000
65865  68.295  -2.894  18.785 0.0000000000
65855  67.619  -2.643  19.851 0.0000000000
39438  22.357  -30.223  64.154 0.0000000000
114134  23.596  -30.083  65.611 0.0000000000
39425  22.942  -30.819  65.522 0.0000000000
38625  23.372  -31.280  66.981 0.0000000000
38618  24.329  -31.181  68.898 0.0000000000
38614  21.673  -31.914  68.355 0.0000000000
59985  50.175  -8.100  32.968 0.0000000000
59986  49.319  -8.480  32.553 0.0000000000
59972  50.242  -8.284  33.907 0.0000000000
59951  50.576  -8.808  35.328 0.0000000000
59944  50.855  -9.095  36.026 0.0000000000
58939  52.300  -9.445  37.814 0.0000000000
57963  50.041  -10.466  36.776 0.0000000000
57951  50.777  -10.114  37.133 0.0000000000
136142  52.895  -9.718  39.288 0.0000000000
58894  53.187  -9.957  40.351 0.0000000000
58884  53.768  -9.967  41.352 0.0000000000
58862  55.020  -10.097  43.232 0.0000000000
47670  44.701  -21.928  48.306 0.0000000000
46641  42.710  -22.380  49.079 0.0000000000
47652  43.576  -22.223  49.393 0.0000000000
132326  44.993  -21.769  49.995 0.0000000000
48685  46.009  -21.182  51.328 0.0000000000
133527  46.536  -20.807  52.965 0.0000000000
48629  46.933  -20.442  54.177 0.0000000000
48658  40.619  -20.397  53.449 0.0000000000
48657  41.610  -20.377  53.675 0.0000000000
48633  43.248  -20.447  54.165 0.0000000000
50577  42.467  -18.991  56.817 0.0000000000
49657  43.545  -19.733  55.608 0.0000000000
49671  43.953  -20.302  54.758 0.0000000000
48612  45.237  -20.278  55.402 0.0000000000
49654  46.626  -19.956  55.853 0.0000000000
50585  48.054  -19.077  56.203 0.0000000000
43903  37.766  -25.216  61.699 0.0000000000
43047  36.460  -26.257  61.346 0.0000000000
43048  35.649  -26.459  61.383 0.0000000000
43050  34.123  -26.333  60.862 0.0000000000
43916  34.097  -26.297  58.891 0.0000000000
43062  34.078  -26.308  59.934 0.0000000000
43905  33.282  -26.067  60.575 0.0000000000
43907  31.714  -25.376  60.554 0.0000000000
44771  30.816  -24.916  60.789 0.0000000000
114383  29.410  -24.674  60.181 0.0000000000
43994  30.450  -25.539  54.320 0.0000000000
43979  29.907  -25.356  55.087 0.0000000000
44826  29.995  -25.212  56.627 0.0000000000
44842  27.720  -24.970  55.460 0.0000000000
129308  28.676  -24.966  56.353 0.0000000000
127989  29.727  -25.079  57.231 0.0000000000
44800  29.676  -24.895  58.487 0.0000000000
44785  29.054  -24.667  59.320 0.0000000000
44773  28.421  -24.506  60.122 0.0000000000
44774  27.530  -24.503  60.479 0.0000000000
43908  26.385  -25.215  60.102 0.0000000000
43898  25.830  -25.949  61.238 0.0000000000
43073  25.218  -26.468  59.017 0.0000000000
42108  24.649  -27.132  59.615 0.0000000000
43055  24.783  -27.235  60.756 0.0000000000
42087  24.316  -27.810  61.146 0.0000000000
41145  23.276  -28.656  61.581 0.0000000000
40252  22.699  -29.134  62.136 0.0000000000
113517  22.145  -29.482  62.602 0.0000000000
40247  20.891  -29.694  63.694 0.0000000000
47695  38.986  -21.570  47.550 0.0000000000
47657  38.569  -21.318  49.289 0.0000000000
114192  38.254  -21.204  49.887 0.0000000000
47659  36.842  -21.559  49.256 0.0000000000
117995  37.131  -21.711  50.109 0.0000000000
131765  38.050  -21.345  51.632 0.0000000000
47596  37.795  -21.873  52.964 0.0000000000
123890  37.540  -22.580  54.068 0.0000000000
46588  37.659  -22.708  55.451 0.0000000000
122244  36.700  -24.164  54.893 0.0000000000
45719  36.836  -24.239  55.858 0.0000000000
45697  37.300  -23.740  57.290 0.0000000000
45689  37.344  -23.874  58.237 0.0000000000
44781  37.151  -24.763  59.569 0.0000000000
40235  24.084  -29.182  65.716 0.0000000000
41096  25.236  -28.022  67.802 0.0000000000
60036  68.602  -8.195  27.769 0.0000000000
64006  63.484  -4.566  27.484 0.0000000000
121083  65.101  -4.245  28.535 0.0000000000
63975  65.427  -4.633  30.034 0.0000000000
63958  64.704  -4.397  31.525 0.0000000000
116739  65.061  -4.779  31.818 0.0000000000
61991  66.001  -5.946  30.765 0.0000000000
62035  54.579  -7.248  28.488 0.0000000000
62022  55.875  -7.202  29.516 0.0000000000
128314  54.595  -6.980  30.763 0.0000000000
121917  55.362  -6.734  31.123 0.0000000000
61994  57.253  -6.543  30.941 0.0000000000
62977  57.695  -6.041  31.613 0.0000000000
63943  58.530  -4.865  32.914 0.0000000000
64943  59.356  -3.794  34.248 0.0000000000
61954  52.992  -6.837  34.989 0.0000000000
61966  54.154  -6.064  35.023 0.0000000000
62946  54.824  -5.698  34.716 0.0000000000
62923  55.975  -5.196  37.012 0.0000000000
118140  55.665  -5.134  36.236 0.0000000000
63917  55.958  -4.826  35.102 0.0000000000
63916  56.627  -4.406  35.284 0.0000000000
130832  58.124  -3.590  35.476 0.0000000000
56106  48.762  -13.038  38.611 0.0000000000
57024  49.944  -12.227  39.173 0.0000000000
56083  49.835  -13.178  41.369 0.0000000000
56090  50.410  -12.623  40.790 0.0000000000
57012  51.442  -11.674  40.629 0.0000000000
57002  52.367  -11.544  41.850 0.0000000000
57882  53.965  -11.148  43.237 0.0000000000
119148  55.471  -11.284  44.782 0.0000000000
48733  47.123  -20.262  47.907 0.0000000000
114585  48.810  -18.197  45.795 0.0000000000
51577  49.649  -17.154  45.993 0.0000000000
52405  49.907  -16.311  45.888 0.0000000000
51483  49.127  -18.132  53.448 0.0000000000
51489  49.505  -17.541  52.168 0.0000000000
52334  49.939  -16.975  51.707 0.0000000000
53227  50.886  -15.824  51.733 0.0000000000
52360  50.170  -16.981  49.875 0.0000000000
52358  51.157  -16.359  48.780 0.0000000000
53263  51.087  -15.783  47.265 0.0000000000
53270  50.782  -15.168  46.562 0.0000000000
55095  51.294  -13.912  46.869 0.0000000000
55103  51.694  -13.425  46.972 0.0000000000
132440  52.847  -12.660  47.161 0.0000000000
56928  53.887  -11.798  49.611 0.0000000000
56935  54.126  -11.851  48.120 0.0000000000
56943  54.105  -12.056  47.090 0.0000000000
56949  55.566  -11.551  46.876 0.0000000000
65028  66.708  -3.225  20.285 0.0000000000
64070  67.299  -3.958  20.886 0.0000000000
63049  67.303  -5.178  21.792 0.0000000000
133265  67.654  -5.685  22.061 0.0000000000
61058  67.876  -7.293  22.847 0.0000000000
61060  65.907  -7.471  22.730 0.0000000000
61051  67.242  -8.125  23.280 0.0000000000
126787  68.257  -8.663  23.219 0.0000000000
124145  68.566  -9.271  23.298 0.0000000000
44759  38.491  -24.828  62.107 0.0000000000
45664  38.767  -24.110  61.769 0.0000000000
41112  23.785  -29.056  64.305 0.0000000000
58861  55.691  -9.708  43.582 0.0000000000
58860  56.326  -9.285  43.943 0.0000000000
47636  38.657  -21.144  50.857 0.0000000000
48687  39.391  -21.010  51.503 0.0000000000
44008  31.940  -25.861  53.405 0.0000000000
44007  32.816  -25.947  53.027 0.0000000000
44006  33.455  -25.969  53.484 0.0000000000
44761  29.861  -24.691  61.083 0.0000000000
44751  29.850  -24.495  62.141 0.0000000000
64029  62.800  -4.497  25.657 0.0000000000
135804  60.692  -3.709  34.124 0.0000000000
112562  61.156  -3.555  34.680 0.0000000000
64932  60.867  -3.484  35.518 0.0000000000
53280  49.051  -15.029  44.792 0.0000000000
54170  49.361  -14.507  44.906 0.0000000000
133209  47.841  -19.653  53.598 0.0000000000
64040  63.168  -4.766  25.220 0.0000000000
65026  68.286  -3.691  20.070 0.0000000000
64068  68.374  -4.431  20.422 0.0000000000
47552  37.988  -22.187  55.997 0.0000000000
47551  38.450  -21.523  56.127 0.0000000000
47545  38.116  -22.158  56.741 0.0000000000
64022  58.084  -4.762  25.993 0.0000000000
134868  57.806  -5.155  26.369 0.0000000000
62010  57.758  -6.839  30.152 0.0000000000
59925  52.998  -9.004  38.184 0.0000000000
38628  21.083  -31.222  66.232 0.0000000000
58983  48.200  -9.367  33.552 0.0000000000
58971  48.539  -9.643  34.320 0.0000000000
58962  48.856  -9.852  34.951 0.0000000000
57036  50.354  -11.640  38.696 0.0000000000
57940  50.665  -11.007  38.266 0.0000000000
57022  51.402  -11.301  39.853 0.0000000000
47592  43.288  -21.420  52.179 0.0000000000
48673  43.899  -21.229  52.746 0.0000000000
49643  40.541  -19.531  56.523 0.0000000000
49624  41.089  -19.068  57.160 0.0000000000
43070  35.658  -26.177  59.026 0.0000000000
43945  31.228  -25.554  57.528 0.0000000000
43932  31.106  -25.457  58.310 0.0000000000
43933  26.254  -25.352  58.150 0.0000000000
45754  35.874  -24.091  51.305 0.0000000000
45753  36.347  -23.484  51.308 0.0000000000
45738  36.507  -23.860  52.765 0.0000000000
43940  35.950  -25.596  57.004 0.0000000000
43927  36.083  -25.711  57.693 0.0000000000
39413  25.029  -30.599  69.279 0.0000000000
131120  25.273  -29.843  68.989 0.0000000000
60054  67.725  -8.528  25.656 0.0000000000
60045  68.721  -8.376  26.564 0.0000000000
61041  68.121  -7.769  26.385 0.0000000000
62017  67.291  -6.474  28.725 0.0000000000
62018  66.771  -6.770  29.440 0.0000000000
62007  66.224  -6.295  30.094 0.0000000000
63987  62.877  -5.332  29.505 0.0000000000
63977  62.801  -5.313  30.413 0.0000000000
61986  54.985  -6.013  32.856 0.0000000000
62956  55.721  -5.556  33.409 0.0000000000
61930  55.004  -6.587  37.462 0.0000000000
55170  47.568  -13.918  40.185 0.0000000000
126073  52.431  -12.867  45.035 0.0000000000
56062  51.951  -12.758  43.622 0.0000000000
56040  53.211  -12.594  44.871 0.0000000000
47669  45.361  -21.611  48.000 0.0000000000
47690  45.405  -21.449  47.186 0.0000000000
51532  49.126  -18.103  49.694 0.0000000000
50660  48.781  -18.674  48.301 0.0000000000
50643  49.275  -18.150  48.804 0.0000000000
51531  49.778  -17.578  49.311 0.0000000000
54123  52.220  -14.023  51.404 0.0000000000
135690  52.470  -14.298  49.920 0.0000000000
55078  52.740  -13.723  49.942 0.0000000000
55977  53.028  -12.855  50.485 0.0000000000
63053  63.298  -5.988  21.110 0.0000000000
62083  64.786  -6.529  21.598 0.0000000000
62076  64.366  -7.038  22.134 0.0000000000
61043  66.570  -8.062  25.379 0.0000000000
119067  67.577  -7.195  17.219 0.0000000000
62120  67.500  -7.004  16.555 0.0000000000
61106  67.584  -7.918  16.556 0.0000000000
60091  68.610  -7.916  21.596 0.0000000000
128146  68.662  -8.593  21.899 0.0000000000
134895  68.528  -7.928  22.208 0.0000000000
136053  38.064  -22.611  59.057 0.0000000000
42067  24.742  -27.506  63.477 0.0000000000
122463  24.639  -27.936  65.409 0.0000000000
42057  24.822  -27.578  65.084 0.0000000000
42042  25.735  -26.694  66.727 0.0000000000
42043  25.423  -27.392  67.283 0.0000000000
114825  55.857  -6.816  27.591 0.0000000000
62034  55.266  -7.083  28.031 0.0000000000
58892  54.207  -9.447  41.010 0.0000000000
39414  20.035  -30.556  68.060 0.0000000000
39404  19.621  -31.054  70.160 0.0000000000
47674  39.427  -21.756  48.172 0.0000000000
114672  40.008  -21.917  48.760 0.0000000000
47594  41.760  -21.245  51.995 0.0000000000
119909  34.132  -26.154  56.039 0.0000000000
118985  32.111  -25.883  55.164 0.0000000000
43977  32.341  -25.868  55.975 0.0000000000
114227  31.787  -25.726  56.694 0.0000000000
114293  31.349  -25.673  55.756 0.0000000000
117154  34.175  -25.689  51.943 0.0000000000
44896  35.022  -24.986  51.238 0.0000000000
44029  34.898  -25.337  51.865 0.0000000000
43990  34.445  -25.966  54.562 0.0000000000
43974  34.647  -25.997  55.379 0.0000000000
124546  34.887  -26.001  56.060 0.0000000000
43893  32.179  -25.401  61.553 0.0000000000
44760  31.966  -24.979  62.678 0.0000000000
63026  65.399  -5.277  25.865 0.0000000000
114818  66.010  -4.718  26.480 0.0000000000
64999  65.270  -4.197  26.948 0.0000000000
64005  66.038  -4.246  27.233 0.0000000000
63994  66.395  -4.604  28.079 0.0000000000
64984  66.145  -4.307  27.847 0.0000000000
63961  61.468  -4.949  32.096 0.0000000000
112393  62.341  -4.653  32.211 0.0000000000
116819  63.171  -4.111  34.400 0.0000000000
60995  52.362  -7.299  31.285 0.0000000000
60985  52.204  -7.282  32.060 0.0000000000
61978  52.798  -6.911  33.318 0.0000000000
61988  52.778  -7.002  32.526 0.0000000000
112659  54.178  -6.321  33.145 0.0000000000
55151  47.525  -13.912  42.220 0.0000000000
55150  48.379  -13.788  42.363 0.0000000000
55139  48.778  -13.903  43.712 0.0000000000
55115  50.184  -13.860  45.171 0.0000000000
56043  50.139  -13.723  44.569 0.0000000000
56042  50.755  -13.575  44.977 0.0000000000
48696  46.432  -20.885  50.601 0.0000000000
49700  46.996  -20.360  50.691 0.0000000000
124774  48.326  -18.861  51.323 0.0000000000
50626  48.465  -18.730  50.675 0.0000000000
51501  48.791  -18.344  51.280 0.0000000000
63040  61.656  -5.523  23.161 0.0000000000
62070  63.302  -6.696  23.189 0.0000000000
62068  63.367  -6.141  24.174 0.0000000000
62063  65.505  -6.465  25.583 0.0000000000
63070  68.539  -5.010  19.291 0.0000000000
62101  68.241  -6.196  18.675 0.0000000000
62091  68.277  -6.895  18.862 0.0000000000
62080  68.546  -5.890  21.308 0.0000000000
47577  38.345  -21.269  53.369 0.0000000000
48615  38.873  -20.793  55.786 0.0000000000
48596  39.376  -20.324  56.286 0.0000000000
44764  27.397  -24.395  61.488 0.0000000000
134998  27.939  -24.243  61.706 0.0000000000
122056  27.134  -24.361  62.316 0.0000000000
44744  26.881  -24.671  63.773 0.0000000000
44752  27.324  -24.287  63.208 0.0000000000
44737  27.678  -24.647  64.206 0.0000000000
44731  27.060  -25.103  64.572 0.0000000000
43004  25.643  -26.368  64.676 0.0000000000
43873  25.855  -25.841  64.011 0.0000000000
64031  60.300  -4.308  25.454 0.0000000000
64019  60.635  -4.481  26.298 0.0000000000
64010  60.107  -5.181  27.346 0.0000000000
63002  61.514  -5.459  28.265 0.0000000000
63003  60.688  -5.863  28.573 0.0000000000
62046  57.183  -6.315  27.394 0.0000000000
63011  58.021  -5.922  27.348 0.0000000000
134123  59.205  -6.643  29.570 0.0000000000
62030  59.178  -6.599  29.037 0.0000000000
62019  59.729  -6.531  29.510 0.0000000000
62996  60.499  -6.269  29.379 0.0000000000
62009  60.212  -6.449  30.093 0.0000000000
62988  60.671  -6.098  30.699 0.0000000000
62989  59.828  -6.290  30.779 0.0000000000
63963  59.818  -5.353  32.037 0.0000000000
63942  59.455  -4.822  32.719 0.0000000000
60938  51.951  -8.100  35.920 0.0000000000
60929  53.084  -7.976  36.939 0.0000000000
60927  54.593  -7.325  37.755 0.0000000000
59889  54.977  -8.485  40.335 0.0000000000
60880  56.561  -7.159  40.607 0.0000000000
60897  56.387  -6.928  39.806 0.0000000000
61904  57.001  -5.989  39.337 0.0000000000
52418  48.178  -16.815  44.186 0.0000000000
119621  48.096  -15.871  43.984 0.0000000000
64054  58.793  -3.997  23.368 0.0000000000
126924  59.434  -4.350  25.601 0.0000000000
65866  68.101  -2.165  19.166 0.0000000000
39439  21.683  -30.420  64.378 0.0000000000
39432  22.225  -30.659  64.860 0.0000000000
38620  22.668  -31.650  67.159 0.0000000000
38626  22.768  -31.318  66.308 0.0000000000
38619  23.637  -31.454  67.913 0.0000000000
38612  23.544  -31.789  68.889 0.0000000000
130649  20.971  -31.732  68.627 0.0000000000
120799  20.950  -31.620  67.827 0.0000000000
60987  50.612  -7.827  32.234 0.0000000000
60988  49.849  -8.134  31.991 0.0000000000
59973  49.531  -8.591  33.450 0.0000000000
59962  50.375  -8.540  34.654 0.0000000000
58960  50.174  -9.417  35.671 0.0000000000
58951  51.211  -9.474  36.715 0.0000000000
130917  51.258  -10.695  38.510 0.0000000000
57939  51.078  -10.428  37.870 0.0000000000
58928  51.824  -10.114  38.366 0.0000000000
58911  52.779  -10.053  39.861 0.0000000000
57902  53.143  -10.513  41.323 0.0000000000
131680  53.316  -10.119  40.842 0.0000000000
58872  54.067  -10.128  42.114 0.0000000000
57891  54.359  -10.455  42.837 0.0000000000
46689  43.272  -22.313  46.808 0.0000000000
115068  44.207  -22.144  47.844 0.0000000000
47672  41.417  -22.307  49.025 0.0000000000
131884  42.056  -22.431  48.801 0.0000000000
46642  42.075  -22.265  49.492 0.0000000000
47631  43.775  -21.881  50.751 0.0000000000
114492  44.209  -21.942  50.133 0.0000000000
47651  44.619  -21.926  49.223 0.0000000000
47630  44.786  -21.740  50.643 0.0000000000
47629  45.624  -21.434  50.468 0.0000000000
47610  45.200  -21.552  51.279 0.0000000000
116913  45.685  -21.111  52.981 0.0000000000
48652  46.339  -20.809  53.665 0.0000000000
48651  47.044  -20.463  53.386 0.0000000000
130436  39.399  -20.483  53.882 0.0000000000
48659  39.765  -20.512  53.308 0.0000000000
49673  41.530  -19.874  54.651 0.0000000000
49683  40.878  -20.000  54.112 0.0000000000
48634  42.373  -20.160  54.298 0.0000000000
49639  44.500  -19.384  56.653 0.0000000000
118781  43.706  -19.324  56.472 0.0000000000
129469  44.222  -19.668  56.021 0.0000000000
49656  44.442  -20.042  55.440 0.0000000000
48613  44.756  -20.421  54.920 0.0000000000
49653  47.412  -19.736  55.561 0.0000000000
43904  36.845  -25.760  60.746 0.0000000000
43942  34.021  -26.238  57.408 0.0000000000
133664  34.400  -26.294  58.325 0.0000000000
128561  33.933  -26.254  58.080 0.0000000000
43918  32.352  -25.798  58.977 0.0000000000
43917  33.245  -26.063  59.455 0.0000000000
128632  32.499  -25.716  60.805 0.0000000000
44783  30.933  -25.155  59.757 0.0000000000
44772  30.210  -24.844  60.231 0.0000000000
43995  29.607  -25.317  54.361 0.0000000000
44840  30.364  -25.406  55.866 0.0000000000
114924  29.377  -25.130  55.897 0.0000000000
115182  27.192  -24.922  54.849 0.0000000000
113048  27.044  -24.972  55.676 0.0000000000
44815  27.625  -24.867  57.064 0.0000000000
44827  29.233  -24.996  56.816 0.0000000000
44814  29.144  -24.884  57.653 0.0000000000
133547  28.501  -24.796  57.738 0.0000000000
128806  27.818  -24.618  58.970 0.0000000000
44801  28.493  -24.699  58.445 0.0000000000
44786  28.287  -24.588  59.294 0.0000000000
43909  25.854  -25.852  60.357 0.0000000000
43079  24.331  -26.508  57.794 0.0000000000
43078  25.039  -26.376  58.170 0.0000000000
43054  25.352  -26.585  60.514 0.0000000000
43043  24.869  -27.226  61.684 0.0000000000
41155  22.849  -28.447  60.764 0.0000000000
41133  23.409  -28.864  62.560 0.0000000000
40253  21.382  -29.094  62.394 0.0000000000
40246  21.487  -29.649  63.111 0.0000000000
41135  20.892  -29.250  63.107 0.0000000000
48712  37.979  -21.131  49.046 0.0000000000
47658  37.568  -21.275  49.596 0.0000000000
47678  35.789  -21.783  48.100 0.0000000000
47677  36.542  -21.364  48.457 0.0000000000
46660  36.126  -22.017  48.885 0.0000000000
46622  36.827  -22.712  51.243 0.0000000000
47617  37.385  -21.912  51.052 0.0000000000
134042  37.620  -21.808  51.655 0.0000000000
47616  37.699  -21.823  52.178 0.0000000000
46602  37.074  -23.189  53.895 0.0000000000
46601  37.457  -22.540  53.386 0.0000000000
46594  37.384  -22.960  54.635 0.0000000000
45718  37.162  -23.507  55.231 0.0000000000
44872  35.770  -25.185  53.840 0.0000000000
44854  36.270  -24.733  54.364 0.0000000000
120349  36.821  -24.460  56.814 0.0000000000
45709  37.156  -23.842  56.523 0.0000000000
44782  37.317  -24.991  60.592 0.0000000000
43020  37.006  -26.745  63.070 0.0000000000
45654  29.187  -23.975  63.598 0.0000000000
45649  29.451  -24.281  64.162 0.0000000000
40231  24.175  -29.547  66.616 0.0000000000
40226  25.470  -28.434  68.418 0.0000000000
128091  25.995  -28.228  68.644 0.0000000000
42036  25.874  -27.538  68.149 0.0000000000
61038  68.540  -7.644  27.438 0.0000000000
62043  68.127  -6.806  27.535 0.0000000000
60026  67.588  -8.283  28.710 0.0000000000
63995  64.494  -4.461  29.035 0.0000000000
64977  64.912  -4.333  29.593 0.0000000000
64976  65.615  -4.291  29.030 0.0000000000
64967  65.342  -4.435  29.889 0.0000000000
64949  64.227  -4.353  32.547 0.0000000000
63959  63.896  -4.449  31.608 0.0000000000
116546  65.409  -5.672  32.146 0.0000000000
62970  65.749  -5.415  30.885 0.0000000000
61992  65.721  -5.964  31.513 0.0000000000
134768  65.651  -6.487  31.577 0.0000000000
61023  53.880  -7.347  29.128 0.0000000000
120259  55.362  -7.251  28.766 0.0000000000
62013  53.858  -7.071  30.900 0.0000000000
112409  56.344  -6.621  31.031 0.0000000000
62978  56.824  -6.102  31.714 0.0000000000
63944  57.760  -5.130  32.789 0.0000000000
63928  58.548  -4.217  33.882 0.0000000000
60950  52.564  -7.458  35.536 0.0000000000
61953  53.402  -6.886  35.690 0.0000000000
127392  53.658  -6.516  35.216 0.0000000000
63896  56.363  -4.775  36.776 0.0000000000
62936  55.497  -5.197  35.374 0.0000000000
55178  48.343  -13.571  38.806 0.0000000000
56105  49.330  -12.692  38.832 0.0000000000
56098  49.529  -12.853  39.617 0.0000000000
56084  49.070  -13.474  41.010 0.0000000000
56072  51.533  -12.528  42.448 0.0000000000
56082  50.610  -12.797  41.646 0.0000000000
56081  51.328  -12.383  41.836 0.0000000000
57004  51.069  -12.178  41.093 0.0000000000
57003  51.804  -11.712  41.344 0.0000000000
56992  52.557  -11.784  42.509 0.0000000000
56970  53.869  -12.141  44.434 0.0000000000
56979  54.281  -11.519  43.992 0.0000000000
57870  54.916  -11.228  44.249 0.0000000000
49724  47.721  -19.674  48.486 0.0000000000
49740  48.190  -19.167  46.941 0.0000000000
49729  47.663  -19.709  47.454 0.0000000000
50689  48.059  -19.085  46.064 0.0000000000
51565  49.818  -17.455  46.705 0.0000000000
125089  50.088  -16.852  46.445 0.0000000000
51476  49.218  -18.140  54.391 0.0000000000
52305  50.049  -16.924  53.514 0.0000000000
52319  49.980  -16.951  52.602 0.0000000000
53236  51.414  -15.293  51.290 0.0000000000
53226  51.355  -15.227  52.224 0.0000000000
53237  50.950  -15.878  50.853 0.0000000000
52344  50.576  -16.468  50.424 0.0000000000
52359  50.832  -16.476  49.586 0.0000000000
53248  51.413  -15.907  49.454 0.0000000000
54146  51.937  -14.724  48.359 0.0000000000
53256  51.616  -15.671  48.613 0.0000000000
53262  51.520  -15.355  47.783 0.0000000000
126381  51.202  -15.050  47.147 0.0000000000
54153  51.008  -14.449  46.704 0.0000000000
55093  52.379  -13.292  48.228 0.0000000000
133681  52.101  -13.186  47.581 0.0000000000
56018  52.216  -12.947  47.093 0.0000000000
55968  53.456  -12.096  50.976 0.0000000000
56921  53.938  -11.622  50.493 0.0000000000
116502  54.444  -11.515  49.102 0.0000000000
56942  54.903  -11.696  47.479 0.0000000000
56950  54.855  -11.954  46.541 0.0000000000
65856  66.607  -2.293  19.748 0.0000000000
63055  60.767  -5.088  21.749 0.0000000000
64065  60.526  -4.306  21.061 0.0000000000
64064  61.278  -4.899  20.985 0.0000000000
64071  65.320  -4.492  20.653 0.0000000000
114772  66.230  -4.130  20.766 0.0000000000
64063  66.831  -4.638  21.332 0.0000000000
128928  66.940  -5.868  22.148 0.0000000000
63043  67.611  -6.435  22.469 0.0000000000
61047  64.575  -7.441  23.729 0.0000000000
61061  64.929  -7.462  22.714 0.0000000000
61053  65.466  -7.838  23.338 0.0000000000
61050  67.913  -8.128  23.144 0.0000000000
60072  68.350  -9.418  24.017 0.0000000000
63085  67.069  -5.512  17.641 0.0000000000
63101  66.639  -5.844  16.999 0.0000000000
45674  38.211  -23.641  61.078 0.0000000000
41120  24.101  -28.290  63.214 0.0000000000
121915  24.055  -28.527  63.968 0.0000000000
41111  24.348  -28.356  64.774 0.0000000000
41105  24.452  -28.377  65.627 0.0000000000
58882  55.092  -9.129  42.024 0.0000000000
59859  55.998  -8.970  43.211 0.0000000000
115397  39.839  -21.667  49.703 0.0000000000
47635  39.601  -21.341  50.625 0.0000000000
43992  32.838  -25.981  54.704 0.0000000000
131254  33.528  -25.799  51.941 0.0000000000
43991  33.597  -26.016  54.235 0.0000000000
116884  31.177  -24.785  62.431 0.0000000000
44749  31.314  -24.730  63.417 0.0000000000
44742  30.747  -24.585  64.119 0.0000000000
63028  63.886  -4.858  25.494 0.0000000000
64026  65.196  -4.556  26.245 0.0000000000
64027  64.504  -4.525  26.067 0.0000000000
64017  64.467  -4.399  26.441 0.0000000000
64994  64.443  -4.286  27.035 0.0000000000
63941  60.894  -4.568  32.751 0.0000000000
132033  62.125  -3.912  33.594 0.0000000000
60986  51.430  -7.538  32.373 0.0000000000
61968  52.856  -6.847  34.168 0.0000000000
54182  48.216  -14.592  43.850 0.0000000000
55128  48.558  -14.258  44.030 0.0000000000
55127  49.129  -14.115  44.502 0.0000000000
55116  49.735  -14.159  45.120 0.0000000000
128547  50.403  -14.059  45.717 0.0000000000
48670  47.069  -20.432  52.609 0.0000000000
49689  47.534  -19.880  52.187 0.0000000000
50608  48.035  -19.261  52.551 0.0000000000
50607  48.589  -18.697  52.962 0.0000000000
64052  61.109  -4.740  23.905 0.0000000000
115555  62.794  -5.281  24.428 0.0000000000
63036  63.420  -5.266  24.862 0.0000000000
63066  68.578  -4.843  19.977 0.0000000000
123860  68.659  -5.496  19.839 0.0000000000
64061  68.193  -4.774  21.158 0.0000000000
47566  37.816  -22.239  54.631 0.0000000000
48597  38.901  -20.881  56.656 0.0000000000
42994  25.968  -26.197  66.131 0.0000000000
133053  59.507  -5.584  27.575 0.0000000000
62032  57.243  -6.844  28.380 0.0000000000
127083  58.584  -6.759  29.591 0.0000000000
62990  58.973  -6.378  30.877 0.0000000000
62976  58.545  -5.969  31.541 0.0000000000
59911  54.516  -8.246  38.984 0.0000000000
64032  58.605  -4.354  25.266 0.0000000000
38633  20.842  -30.763  65.659 0.0000000000
38627  21.788  -31.507  66.589 0.0000000000
38621  21.727  -31.753  67.456 0.0000000000
59964  48.981  -9.056  33.899 0.0000000000
57952  49.582  -11.246  37.195 0.0000000000
57925  51.656  -10.667  39.129 0.0000000000
57924  52.151  -10.621  39.869 0.0000000000
57903  52.494  -11.051  41.295 0.0000000000
134791  42.084  -22.536  47.608 0.0000000000
47632  42.890  -21.900  50.760 0.0000000000
47612  43.509  -21.698  51.446 0.0000000000
47611  44.351  -21.717  51.252 0.0000000000
47590  44.796  -21.559  51.845 0.0000000000
48672  44.778  -21.374  52.529 0.0000000000
48653  45.508  -20.894  53.940 0.0000000000
49675  39.945  -19.905  55.075 0.0000000000
49659  41.169  -19.648  55.345 0.0000000000
126552  41.817  -19.561  55.462 0.0000000000
49623  44.842  -19.001  57.467 0.0000000000
49638  45.367  -19.461  56.744 0.0000000000
43915  36.375  -25.850  59.483 0.0000000000
43061  34.918  -26.387  59.491 0.0000000000
43930  33.227  -26.050  58.518 0.0000000000
43919  31.422  -25.494  58.947 0.0000000000
44799  30.602  -25.181  58.823 0.0000000000
44856  28.334  -25.049  54.219 0.0000000000
44830  26.158  -25.163  55.882 0.0000000000
112345  26.999  -24.974  56.560 0.0000000000
130108  27.909  -24.755  57.726 0.0000000000
115757  27.177  -24.708  59.081 0.0000000000
42109  23.636  -27.608  59.500 0.0000000000
117564  23.243  -28.042  60.129 0.0000000000
45774  35.498  -23.541  49.701 0.0000000000
46630  36.111  -22.964  50.074 0.0000000000
46643  36.467  -22.237  49.672 0.0000000000
135541  36.379  -23.071  50.732 0.0000000000
46611  37.350  -22.465  52.570 0.0000000000
43973  35.536  -25.678  55.566 0.0000000000
44838  36.274  -24.957  55.263 0.0000000000
116810  36.606  -25.246  58.095 0.0000000000
39424  24.339  -29.957  67.541 0.0000000000
62029  67.622  -6.153  27.990 0.0000000000
61021  67.376  -7.449  28.881 0.0000000000
60017  67.047  -7.965  29.094 0.0000000000
115344  66.418  -8.024  29.365 0.0000000000
60018  65.877  -7.544  29.972 0.0000000000
63997  63.092  -5.001  28.561 0.0000000000
63985  64.305  -4.550  30.028 0.0000000000
63924  64.244  -4.702  33.446 0.0000000000
63938  64.385  -4.547  32.850 0.0000000000
133772  53.615  -7.337  29.717 0.0000000000
61987  53.897  -6.663  32.313 0.0000000000
61996  54.427  -6.748  31.598 0.0000000000
62965  56.429  -5.668  32.618 0.0000000000
63930  57.048  -4.592  34.212 0.0000000000
61941  53.887  -6.906  36.379 0.0000000000
62924  55.143  -5.726  36.428 0.0000000000
63905  57.175  -3.981  36.404 0.0000000000
56092  49.005  -13.395  40.099 0.0000000000
56064  50.602  -13.347  43.306 0.0000000000
56063  51.405  -12.862  43.051 0.0000000000
56982  52.026  -12.365  42.846 0.0000000000
56981  52.742  -12.189  43.388 0.0000000000
49711  48.042  -19.277  49.161 0.0000000000
49723  48.278  -19.096  48.618 0.0000000000
50672  48.807  -18.658  47.392 0.0000000000
51553  49.916  -17.591  47.494 0.0000000000
51544  50.485  -17.131  47.914 0.0000000000
120753  50.593  -16.341  54.024 0.0000000000
116329  51.591  -15.436  50.278 0.0000000000
126229  52.158  -14.745  50.025 0.0000000000
55085  52.302  -13.953  48.496 0.0000000000
55084  52.687  -13.544  49.017 0.0000000000
56005  52.900  -12.856  48.702 0.0000000000
131476  62.053  -5.976  21.834 0.0000000000
63063  62.052  -5.222  20.838 0.0000000000
113910  62.411  -5.808  21.261 0.0000000000
63060  64.822  -5.188  20.809 0.0000000000
63051  65.297  -5.754  21.271 0.0000000000
63050  66.352  -5.410  21.601 0.0000000000
60064  66.093  -8.187  24.554 0.0000000000
60062  68.103  -9.259  24.881 0.0000000000
62121  67.231  -6.451  16.772 0.0000000000
60110  68.365  -8.635  20.005 0.0000000000
59091  68.483  -9.510  20.458 0.0000000000
46568  37.753  -22.852  57.253 0.0000000000
46567  38.253  -22.113  57.666 0.0000000000
130245  37.951  -22.667  58.209 0.0000000000
46533  38.426  -22.998  60.609 0.0000000000
43028  25.324  -26.687  62.173 0.0000000000
43014  25.338  -26.732  63.705 0.0000000000
42035  26.334  -27.116  67.672 0.0000000000
62021  56.845  -7.111  29.250 0.0000000000
59912  53.965  -8.900  39.390 0.0000000000
59890  54.246  -9.088  40.292 0.0000000000
59876  55.568  -8.546  41.602 0.0000000000
59866  56.260  -8.083  41.976 0.0000000000
121881  20.084  -30.305  67.157 0.0000000000
38615  20.446  -31.318  68.375 0.0000000000
38607  20.511  -31.634  69.515 0.0000000000
38599  21.216  -32.147  70.485 0.0000000000
57037  49.683  -12.054  38.412 0.0000000000
47654  41.391  -22.010  49.845 0.0000000000
47634  40.606  -21.698  50.389 0.0000000000
47633  41.441  -21.811  50.571 0.0000000000
115840  41.990  -21.707  51.091 0.0000000000
47593  42.557  -21.245  52.313 0.0000000000
48674  43.010  -21.026  52.851 0.0000000000
43941  35.416  -25.986  57.309 0.0000000000
119908  33.235  -26.034  56.027 0.0000000000
43964  25.581  -25.432  56.497 0.0000000000
43948  25.516  -25.872  57.786 0.0000000000
116244  25.165  -25.850  57.036 0.0000000000
44905  34.766  -24.838  50.568 0.0000000000
44895  35.568  -24.709  51.765 0.0000000000
44886  35.946  -24.548  52.610 0.0000000000
44004  35.160  -25.712  54.125 0.0000000000
126451  66.508  -6.968  25.900 0.0000000000
122167  67.885  -6.950  26.586 0.0000000000
62055  67.316  -6.095  26.585 0.0000000000
63016  67.481  -5.483  27.172 0.0000000000
64015  65.676  -4.348  26.733 0.0000000000
64014  66.430  -4.457  27.022 0.0000000000
131705  67.306  -5.286  27.450 0.0000000000
63993  66.806  -5.075  28.041 0.0000000000
63983  66.437  -5.002  28.699 0.0000000000
62972  62.060  -5.567  30.891 0.0000000000
63939  63.304  -4.392  32.386 0.0000000000
64950  63.528  -4.164  33.313 0.0000000000
64940  62.876  -3.935  34.011 0.0000000000
64939  63.526  -4.194  33.935 0.0000000000
61013  52.587  -7.320  30.637 0.0000000000
136004  53.299  -6.871  32.231 0.0000000000
61919  56.024  -6.390  38.486 0.0000000000
55158  48.319  -13.701  40.633 0.0000000000
115384  48.317  -13.719  41.579 0.0000000000
56065  49.633  -13.650  43.429 0.0000000000
55138  49.526  -13.824  44.194 0.0000000000
56054  50.753  -13.454  44.196 0.0000000000
115171  51.597  -13.144  44.606 0.0000000000
56041  51.879  -13.101  45.462 0.0000000000
133135  45.582  -21.495  49.441 0.0000000000
126753  46.367  -20.932  49.147 0.0000000000
48711  46.897  -20.480  49.866 0.0000000000
49694  47.400  -19.963  51.296 0.0000000000
50645  48.083  -19.152  49.975 0.0000000000
119120  48.649  -18.565  50.026 0.0000000000
63045  61.468  -5.656  22.256 0.0000000000
62077  63.478  -6.830  22.336 0.0000000000
62067  64.150  -6.624  24.478 0.0000000000
62066  64.872  -7.103  24.821 0.0000000000
64092  66.760  -4.764  17.754 0.0000000000
64083  67.902  -4.469  18.254 0.0000000000
125699  67.773  -5.169  18.233 0.0000000000
63084  67.706  -6.030  18.024 0.0000000000
133419  68.491  -6.927  19.410 0.0000000000
61068  68.657  -6.851  20.074 0.0000000000
61066  68.705  -6.617  21.098 0.0000000000
48678  38.544  -21.036  52.504 0.0000000000
48636  39.396  -20.367  54.592 0.0000000000
48637  38.852  -20.769  54.948 0.0000000000
49661  39.906  -19.842  55.943 0.0000000000
47538  38.713  -21.478  58.040 0.0000000000
48581  38.971  -20.924  57.537 0.0000000000
48568  39.129  -20.902  58.414 0.0000000000
121667  39.426  -20.541  57.911 0.0000000000
113888  31.337  -25.725  52.809 0.0000000000
44762  28.927  -24.458  60.977 0.0000000000
45665  28.524  -24.221  61.897 0.0000000000
45659  28.522  -23.938  62.990 0.0000000000
45655  28.542  -23.960  63.759 0.0000000000
45660  27.961  -23.979  63.570 0.0000000000
45651  28.197  -24.106  64.144 0.0000000000
43863  26.495  -25.244  64.265 0.0000000000
43854  26.650  -25.574  64.784 0.0000000000
64018  62.217  -4.391  26.085 0.0000000000
126925  61.489  -4.519  26.549 0.0000000000
64008  61.566  -4.892  27.390 0.0000000000
131209  60.133  -4.730  26.772 0.0000000000
116860  58.805  -5.703  27.428 0.0000000000
63004  59.179  -6.158  28.201 0.0000000000
62987  61.395  -5.897  30.582 0.0000000000
62973  61.237  -5.638  31.342 0.0000000000
63962  60.643  -5.221  32.013 0.0000000000
63927  60.137  -4.124  33.475 0.0000000000
118417  53.672  -7.446  36.782 0.0000000000
60881  55.732  -7.793  40.273 0.0000000000
60899  55.126  -7.703  39.062 0.0000000000
60915  55.560  -7.149  38.759 0.0000000000
122184  49.529  -15.685  45.231 0.0000000000
50584  48.732  -18.610  55.835 0.0000000000
50592  48.694  -18.747  54.793 0.0000000000
117598  59.501  -4.280  22.942 0.0000000000
64045  58.731  -4.133  24.306 0.0000000000
116082  61.097  -4.368  24.936 0.0000000000
65037  68.216  -2.987  19.644 0.0000000000
40245  22.297  -29.846  63.383 0.0000000000
39431  22.997  -30.248  64.787 0.0000000000
39419  23.894  -30.817  67.429 0.0000000000
38611  24.579  -31.507  69.662 0.0000000000
115075  50.997  -7.648  31.709 0.0000000000
112853  50.906  -7.759  32.906 0.0000000000
60977  50.864  -7.874  33.617 0.0000000000
60969  50.904  -8.052  34.412 0.0000000000
60953  50.920  -8.310  35.017 0.0000000000
59950  51.253  -8.498  35.602 0.0000000000
59943  51.597  -8.801  36.315 0.0000000000
59936  51.917  -9.093  37.076 0.0000000000
58953  49.716  -10.070  36.031 0.0000000000
58940  51.534  -9.802  37.478 0.0000000000
58927  52.627  -9.637  38.613 0.0000000000
58893  53.705  -9.687  40.609 0.0000000000
58871  54.722  -9.778  42.444 0.0000000000
57869  56.051  -9.966  44.248 0.0000000000
47692  44.069  -22.112  47.106 0.0000000000
133878  45.236  -21.688  48.712 0.0000000000
46658  41.594  -22.485  48.136 0.0000000000
46657  42.535  -22.490  48.208 0.0000000000
47653  42.797  -22.206  49.882 0.0000000000
46656  43.249  -22.380  48.612 0.0000000000
47671  43.980  -22.231  48.536 0.0000000000
121820  46.395  -20.900  52.173 0.0000000000
123995  47.519  -19.999  53.835 0.0000000000
49669  47.500  -19.929  54.653 0.0000000000
48677  39.350  -20.804  52.434 0.0000000000
48676  40.265  -20.712  52.656 0.0000000000
48675  41.185  -20.748  52.769 0.0000000000
48656  42.643  -20.639  53.564 0.0000000000
49641  42.130  -19.235  56.180 0.0000000000
49658  42.602  -19.591  55.548 0.0000000000
49640  42.920  -19.281  56.266 0.0000000000
49672  42.996  -19.972  54.863 0.0000000000
116621  44.009  -20.690  54.028 0.0000000000
48632  44.712  -20.710  54.304 0.0000000000
48631  45.420  -20.620  54.720 0.0000000000
49655  45.771  -19.973  56.013 0.0000000000
48611  46.037  -20.420  55.269 0.0000000000
49670  46.815  -20.306  55.014 0.0000000000
49652  48.091  -19.300  55.187 0.0000000000
43891  38.413  -25.625  62.387 0.0000000000
43034  37.388  -26.106  62.188 0.0000000000
129705  35.595  -26.570  62.366 0.0000000000
43036  34.735  -26.482  61.795 0.0000000000
43037  33.748  -26.205  61.715 0.0000000000
133175  31.296  -25.735  53.361 0.0000000000
115634  31.275  -25.740  53.917 0.0000000000
134969  30.674  -25.570  55.168 0.0000000000
113136  28.029  -24.997  54.839 0.0000000000
44841  28.444  -25.004  55.623 0.0000000000
128201  29.884  -25.055  57.739 0.0000000000
44775  26.848  -24.746  60.762 0.0000000000
44788  26.944  -24.707  59.860 0.0000000000
43897  26.336  -25.280  61.017 0.0000000000
42119  24.465  -26.830  58.572 0.0000000000
43065  25.408  -26.411  59.787 0.0000000000
43042  25.342  -26.640  61.414 0.0000000000
117021  24.442  -27.784  61.985 0.0000000000
130208  23.945  -28.217  61.527 0.0000000000
41132  23.958  -28.309  62.244 0.0000000000
40244  22.863  -29.392  62.981 0.0000000000
40258  22.058  -29.154  61.953 0.0000000000
39444  21.589  -30.088  63.790 0.0000000000
39440  21.014  -30.196  64.323 0.0000000000
39434  20.604  -30.227  65.012 0.0000000000
48736  38.242  -21.202  47.555 0.0000000000
47675  38.578  -21.371  48.419 0.0000000000
119784  37.840  -21.332  50.523 0.0000000000
47578  37.872  -21.957  53.816 0.0000000000
44871  36.261  -24.464  53.464 0.0000000000
45728  36.665  -23.976  54.103 0.0000000000
45708  37.359  -23.416  56.007 0.0000000000
125645  37.463  -23.329  56.675 0.0000000000
113700  37.624  -23.276  57.919 0.0000000000
45680  37.502  -23.880  59.316 0.0000000000
44797  37.036  -24.616  58.617 0.0000000000
114265  37.605  -24.172  60.377 0.0000000000
129398  29.731  -24.183  63.057 0.0000000000
45653  29.965  -24.235  63.858 0.0000000000
40236  23.600  -29.600  64.849 0.0000000000
41101  24.683  -28.376  66.731 0.0000000000
116508  24.757  -28.877  67.706 0.0000000000
61040  68.544  -7.374  26.967 0.0000000000
64993  65.194  -4.181  27.642 0.0000000000
63996  63.964  -4.577  28.414 0.0000000000
64986  64.513  -4.357  27.858 0.0000000000
64985  65.715  -4.227  28.194 0.0000000000
64975  66.008  -4.378  28.518 0.0000000000
116544  66.086  -4.834  29.237 0.0000000000
131714  66.128  -5.194  29.441 0.0000000000
63976  63.609  -4.781  30.726 0.0000000000
133253  64.395  -4.441  30.929 0.0000000000
64948  64.695  -4.578  32.093 0.0000000000
64962  65.072  -4.580  30.983 0.0000000000
63957  65.390  -4.880  30.940 0.0000000000
63974  65.745  -5.055  30.077 0.0000000000
62985  66.045  -5.615  30.089 0.0000000000
62008  65.877  -6.529  30.932 0.0000000000
62011  56.757  -6.961  30.148 0.0000000000
61011  54.183  -7.265  30.045 0.0000000000
112788  55.140  -7.130  30.201 0.0000000000
62012  55.903  -6.968  30.403 0.0000000000
62963  58.127  -5.511  32.213 0.0000000000
62964  57.319  -5.599  32.336 0.0000000000
61967  53.542  -6.490  34.548 0.0000000000
61939  55.494  -5.872  37.214 0.0000000000
62945  55.497  -5.348  34.423 0.0000000000
62944  56.180  -4.941  34.289 0.0000000000
118494  57.418  -3.890  35.451 0.0000000000
63915  57.887  -4.037  34.541 0.0000000000
63914  58.664  -3.634  34.877 0.0000000000
64933  59.465  -3.395  35.319 0.0000000000
131532  60.132  -3.368  35.687 0.0000000000
56119  48.962  -12.487  38.059 0.0000000000
56091  49.686  -12.983  40.465 0.0000000000
56097  50.209  -12.442  39.954 0.0000000000
57013  50.852  -11.982  40.308 0.0000000000
57893  52.972  -11.036  42.046 0.0000000000
56991  53.259  -11.474  42.870 0.0000000000
57892  53.699  -10.780  42.480 0.0000000000
57881  54.654  -10.831  43.605 0.0000000000
57880  55.422  -10.534  44.093 0.0000000000
48723  46.506  -20.801  48.252 0.0000000000
48734  46.560  -20.671  47.375 0.0000000000
48748  47.090  -20.172  47.034 0.0000000000
50702  48.394  -18.130  45.153 0.0000000000
50687  49.302  -17.874  46.231 0.0000000000
51578  49.054  -17.568  45.542 0.0000000000
52406  49.339  -16.676  45.319 0.0000000000
50599  48.650  -18.756  53.839 0.0000000000
51490  49.047  -18.083  52.581 0.0000000000
51475  49.670  -17.540  53.957 0.0000000000
51482  49.570  -17.536  53.034 0.0000000000
125616  49.030  -18.026  51.862 0.0000000000
51500  49.399  -17.648  51.232 0.0000000000
53204  50.960  -15.746  53.588 0.0000000000
53215  50.894  -15.791  52.642 0.0000000000
52318  50.452  -16.414  52.167 0.0000000000
52333  50.460  -16.430  51.284 0.0000000000
52345  49.973  -16.971  50.794 0.0000000000
51530  50.497  -16.997  48.863 0.0000000000
52370  50.887  -16.655  48.210 0.0000000000
53257  51.291  -16.127  47.998 0.0000000000
52380  50.828  -16.524  47.507 0.0000000000
52393  50.553  -16.169  46.585 0.0000000000
53271  50.125  -15.258  45.832 0.0000000000
54160  50.519  -14.491  46.065 0.0000000000
125539  50.852  -14.072  46.296 0.0000000000
55104  51.128  -13.707  46.198 0.0000000000
56030  51.823  -13.175  46.279 0.0000000000
126892  52.460  -12.874  45.746 0.0000000000
55976  53.454  -12.294  50.045 0.0000000000
55990  53.418  -12.383  49.191 0.0000000000
56927  54.522  -11.226  50.034 0.0000000000
127157  53.824  -11.956  48.868 0.0000000000
56004  53.385  -12.362  48.380 0.0000000000
127252  53.420  -12.366  47.557 0.0000000000
56016  53.400  -12.490  46.719 0.0000000000
56028  53.272  -12.648  45.789 0.0000000000
56951  54.117  -12.341  46.160 0.0000000000
56959  54.798  -12.059  45.659 0.0000000000
56958  55.492  -11.751  46.024 0.0000000000
56968  55.324  -11.709  45.322 0.0000000000
64062  67.654  -4.625  21.325 0.0000000000
63048  67.915  -5.233  21.681 0.0000000000
62081  68.135  -5.918  21.945 0.0000000000
62073  68.170  -6.764  22.297 0.0000000000
60075  65.898  -8.166  23.830 0.0000000000
61052  66.342  -7.975  23.292 0.0000000000
61059  67.015  -7.348  22.880 0.0000000000
61057  68.295  -7.712  22.616 0.0000000000
60085  68.593  -8.659  22.670 0.0000000000
59067  68.932  -9.899  23.809 0.0000000000
44030  33.732  -25.662  51.443 0.0000000000
48684  46.745  -20.642  51.332 0.0000000000
56029  52.639  -12.796  46.496 0.0000000000
56971  53.195  -12.304  44.113 0.0000000000
61031  68.306  -7.516  27.862 0.0000000000
62961  65.163  -5.130  32.408 0.0000000000
62971  65.418  -5.255  31.649 0.0000000000
63001  67.258  -5.454  27.734 0.0000000000
63009  66.977  -4.876  27.310 0.0000000000
63937  64.725  -4.749  32.635 0.0000000000
63984  65.687  -4.463  29.196 0.0000000000
64003  66.911  -4.918  27.647 0.0000000000
117935  55.433  -8.362  40.901 0.0000000000
132634  64.559  -4.405  28.436 0.0000000000
134390  67.286  -6.882  26.238 0.0000000000
