#!ascii label  , from subject sub-v2s0x29049_ses-1 vox2ras=TkReg
1203
98855  -29.026  -75.446  23.125 0.5000000000
2090  -28.224  -75.275  21.753 0.6000000238
4404  -31.388  -70.292  27.636 0.3000000119
1804  -27.213  -76.071  21.873 0.5000000000
3366  -32.262  -72.103  26.007 0.4000000060
108280  -32.479  -70.921  26.432 0.4000000060
4936  -32.464  -69.544  26.768 0.4000000060
4405  -32.170  -70.484  26.986 0.3000000119
4427  -32.706  -70.873  25.924 0.4000000060
2925  -29.502  -73.575  19.983 0.5000000000
2918  -29.844  -73.902  20.972 0.5000000000
2086  -29.001  -74.996  22.198 0.5000000000
2938  -28.980  -73.109  19.019 0.6000000238
2429  -28.691  -73.885  19.708 0.5000000000
2414  -28.707  -74.785  21.246 0.6000000238
5442  -31.265  -68.715  27.976 0.3000000119
2098  -27.977  -75.043  20.939 0.5000000000
3377  -32.435  -72.222  25.210 0.5000000000
3376  -32.009  -72.839  25.683 0.5000000000
2419  -27.717  -74.832  20.085 0.6000000238
2089  -27.572  -75.556  21.398 0.5000000000
3918  -32.785  -71.635  24.667 0.5000000000
3903  -32.662  -71.433  25.499 0.4000000060
4414  -32.664  -70.286  26.284 0.4000000060
5452  -32.186  -68.739  27.281 0.3000000119
3931  -33.152  -70.971  24.103 0.4000000060
3904  -32.873  -70.809  25.312 0.4000000060
4415  -33.001  -70.124  25.466 0.4000000060
106583  -33.195  -70.399  24.689 0.4000000060
4498  -30.616  -70.439  19.113 0.6999999881
3983  -30.737  -71.432  18.812 0.6999999881
3464  -30.499  -72.069  18.952 0.6999999881
2409  -29.656  -74.912  22.880 0.5000000000
4490  -29.680  -70.933  19.242 0.6999999881
4497  -29.912  -70.981  18.946 0.6999999881
3476  -29.798  -71.892  18.521 0.8000000119
2939  -29.912  -72.749  19.213 0.5000000000
2953  -29.203  -72.398  18.535 0.6999999881
109428  -30.236  -74.663  23.443 0.5000000000
3993  -28.750  -71.623  18.614 0.6999999881
2406  -31.327  -73.763  23.822 0.4000000060
3407  -31.987  -73.022  23.859 0.5000000000
5943  -30.956  -67.680  28.355 0.3000000119
102224  -27.614  -72.494  18.197 0.6000000238
3408  -32.415  -72.328  23.606 0.5000000000
3393  -32.470  -72.331  24.350 0.5000000000
5954  -31.899  -67.908  27.772 0.3000000119
2937  -28.110  -73.414  18.691 0.5000000000
3930  -32.804  -71.744  23.823 0.5000000000
109869  -33.746  -69.752  22.829 0.4000000060
4449  -33.468  -70.359  23.358 0.4000000060
116341  -33.390  -69.678  24.788 0.4000000060
5463  -33.363  -68.432  25.773 0.4000000060
5462  -32.829  -68.641  26.568 0.4000000060
4985  -33.816  -69.634  23.420 0.3000000119
115991  -33.479  -70.240  23.967 0.4000000060
5005  -29.477  -68.888  21.422 0.5000000000
5007  -30.058  -69.107  20.942 0.6000000238
5519  -30.029  -68.382  20.561 0.6000000238
5011  -30.783  -69.465  19.806 0.6000000238
5015  -30.828  -69.821  19.501 0.6000000238
5000  -28.898  -69.509  22.895 0.5000000000
4461  -29.728  -69.912  22.278 0.6000000238
4482  -30.224  -69.876  20.919 0.6000000238
100587  -30.150  -70.333  19.956 0.6999999881
2926  -30.300  -73.277  20.382 0.6000000238
111609  -29.490  -65.776  30.719 0.3000000119
4436  -27.990  -70.534  24.918 0.6999999881
4984  -28.880  -69.987  23.638 0.6000000238
4447  -29.170  -70.505  23.338 0.6000000238
4469  -29.830  -70.231  21.663 0.6000000238
108386  -29.455  -70.881  19.679 0.6999999881
3450  -31.459  -72.276  20.449 0.6000000238
2920  -31.207  -73.198  21.859 0.6000000238
2894  -30.821  -74.093  23.163 0.5000000000
4967  -27.828  -70.014  24.869 0.6999999881
3917  -28.594  -70.639  24.175 0.6000000238
3943  -29.024  -71.152  22.713 0.6000000238
3957  -29.113  -70.968  21.542 0.6999999881
106590  -28.025  -71.466  19.237 0.6999999881
2907  -31.446  -73.358  22.874 0.5000000000
5942  -30.048  -67.433  28.989 0.3000000119
4426  -27.227  -70.334  25.567 0.6999999881
3902  -27.591  -71.052  25.410 0.6000000238
3942  -28.249  -71.673  22.995 0.6000000238
117754  -27.611  -71.724  21.594 0.6000000238
3474  -28.136  -72.035  18.327 0.6999999881
3436  -31.637  -72.554  21.440 0.5000000000
107300  -32.693  -71.476  22.402 0.5000000000
3916  -28.000  -71.303  24.829 0.6000000238
3941  -27.419  -72.116  23.325 0.6000000238
99228  -26.920  -71.639  20.095 0.6000000238
3462  -26.529  -72.212  18.550 0.6000000238
3473  -26.879  -72.667  18.267 0.6000000238
3958  -32.542  -71.312  21.597 0.5000000000
3900  -26.321  -71.823  25.847 0.6999999881
3914  -26.140  -72.248  25.154 0.6000000238
3927  -27.369  -72.045  24.283 0.6000000238
103299  -27.330  -71.981  22.231 0.6000000238
3435  -26.287  -72.141  21.708 0.5000000000
3954  -26.074  -71.906  20.585 0.5000000000
3472  -26.145  -72.967  18.367 0.5000000000
2951  -27.310  -73.208  18.209 0.5000000000
3959  -32.979  -70.812  22.119 0.5000000000
5493  -34.740  -68.147  22.794 0.3000000119
4986  -34.266  -68.772  23.575 0.3000000119
5473  -33.974  -68.256  24.977 0.4000000060
4955  -33.376  -69.121  25.221 0.4000000060
5507  -34.497  -68.062  21.914 0.3000000119
101063  -34.173  -68.934  22.603 0.3000000119
5482  -33.856  -68.908  24.460 0.4000000060
5506  -27.284  -68.578  21.551 0.5000000000
5004  -28.494  -68.822  21.745 0.5000000000
5517  -28.109  -67.876  20.858 0.5000000000
5518  -28.898  -68.088  20.894 0.5000000000
5492  -25.778  -69.085  22.698 0.5000000000
5505  -26.389  -68.766  21.948 0.5000000000
4999  -27.764  -69.146  22.496 0.5000000000
5523  -30.703  -68.791  20.113 0.6000000238
5012  -30.966  -69.092  19.734 0.6000000238
4982  -27.004  -69.330  23.381 0.5000000000
5016  -31.080  -69.720  19.334 0.6000000238
113473  -31.382  -71.081  19.126 0.8000000119
6361  -29.869  -65.865  31.375 0.3000000119
112358  -26.236  -69.457  25.287 0.6000000238
4966  -27.050  -69.585  24.636 0.6000000238
103132  -27.831  -69.701  24.300 0.6000000238
5013  -32.028  -69.064  19.509 0.4000000060
6860  -29.890  -65.131  30.985 0.3000000119
4946  -26.448  -70.036  26.200 0.6999999881
3972  -32.408  -70.937  20.584 0.5000000000
3971  -31.820  -71.498  19.992 0.6000000238
6382  -29.991  -66.078  29.447 0.3000000119
6383  -30.626  -65.876  29.026 0.3000000119
112964  -26.099  -70.523  26.696 0.6999999881
107580  -32.526  -70.156  20.094 0.4000000060
6391  -31.367  -66.131  28.525 0.3000000119
4413  -26.649  -70.700  26.187 0.6000000238
3901  -26.972  -71.209  25.884 0.6999999881
116310  -32.703  -70.349  20.650 0.4000000060
100459  -32.681  -67.942  27.107 0.3000000119
105534  -25.659  -71.186  26.874 0.6000000238
103684  -25.644  -71.778  26.377 0.6999999881
3391  -26.383  -72.357  24.381 0.6000000238
3421  -26.465  -72.315  22.743 0.5000000000
3420  -25.655  -72.365  22.226 0.5000000000
3461  -25.735  -72.579  18.883 0.6000000238
106094  -33.451  -68.934  20.679 0.4000000060
4472  -33.279  -70.012  21.672 0.4000000060
6470  -34.860  -66.788  21.925 0.3000000119
6006  -34.935  -67.425  22.240 0.3000000119
6007  -35.423  -66.910  22.708 0.3000000119
5996  -35.232  -67.535  23.056 0.3000000119
108456  -34.649  -68.134  24.186 0.4000000060
3390  -25.377  -72.481  24.547 0.6000000238
3405  -25.477  -72.480  23.309 0.5000000000
3419  -24.734  -72.538  22.076 0.5000000000
3434  -25.362  -72.298  21.249 0.5000000000
3447  -25.243  -72.399  19.992 0.5000000000
2936  -25.457  -73.465  18.511 0.5000000000
5003  -34.065  -68.654  21.602 0.3000000119
6016  -34.523  -67.424  21.427 0.3000000119
3404  -24.418  -72.639  23.916 0.5000000000
3446  -24.450  -73.170  20.077 0.5000000000
3445  -23.651  -73.579  20.633 0.5000000000
6012  -25.532  -67.936  21.667 0.5000000000
5510  -25.756  -68.150  21.570 0.5000000000
5512  -27.620  -68.167  21.087 0.5000000000
6015  -27.950  -67.592  21.054 0.5000000000
6480  -28.913  -67.242  20.964 0.5000000000
6018  -29.650  -67.524  20.605 0.5000000000
5491  -24.928  -68.945  22.853 0.5000000000
5511  -26.655  -68.165  21.275 0.5000000000
6019  -30.472  -67.408  20.312 0.4000000060
4965  -25.806  -69.281  23.856 0.5000000000
6024  -30.934  -67.838  19.970 0.4000000060
5910  -30.942  -66.340  31.748 0.3000000119
6846  -31.410  -64.689  32.025 0.3000000119
105928  -25.318  -69.136  24.650 0.6000000238
6025  -31.697  -68.025  19.796 0.4000000060
5525  -31.529  -68.693  19.634 0.4000000060
5472  -25.412  -69.074  25.482 0.6000000238
6873  -29.968  -65.121  30.367 0.3000000119
7431  -30.604  -64.700  29.942 0.3000000119
4945  -25.826  -69.396  26.282 0.6000000238
5014  -32.742  -68.709  19.981 0.4000000060
4934  -25.670  -69.865  27.076 0.6000000238
6022  -33.611  -67.822  20.453 0.4000000060
5521  -33.416  -68.380  20.439 0.4000000060
5944  -31.603  -67.005  28.138 0.3000000119
4402  -25.535  -70.605  27.208 0.6999999881
5515  -33.876  -68.475  20.916 0.3000000119
6485  -34.306  -67.034  21.117 0.3000000119
6013  -26.283  -67.963  21.397 0.5000000000
6014  -27.186  -67.888  21.113 0.5000000000
101702  -28.040  -67.050  21.454 0.5000000000
108270  -29.183  -66.770  21.350 0.4000000060
5504  -25.255  -68.563  22.094 0.5000000000
107246  -30.081  -66.923  20.839 0.4000000060
5503  -24.408  -68.363  22.418 0.6000000238
106579  -31.258  -66.504  20.919 0.4000000060
6020  -31.335  -67.340  20.086 0.4000000060
7419  -30.440  -64.562  30.758 0.3000000119
6861  -30.564  -65.039  31.507 0.3000000119
4944  -25.411  -69.090  26.895 0.6000000238
116880  -32.509  -67.961  19.903 0.4000000060
6026  -32.274  -68.446  19.762 0.4000000060
105832  -33.084  -67.615  20.169 0.4000000060
6484  -33.674  -66.628  20.899 0.4000000060
6023  -34.125  -67.593  20.854 0.3000000119
6469  -34.318  -66.380  21.550 0.3000000119
3861  -24.315  -71.268  28.156 0.6000000238
6478  -25.868  -67.704  21.734 0.5000000000
6479  -26.863  -67.528  21.528 0.5000000000
6448  -27.829  -66.294  23.412 0.4000000060
6465  -28.437  -66.589  22.295 0.4000000060
6005  -24.803  -67.991  21.912 0.5000000000
6462  -25.022  -67.326  22.120 0.5000000000
6466  -29.599  -66.384  22.235 0.4000000060
5481  -24.722  -68.953  23.800 0.6000000238
6004  -23.897  -67.645  22.358 0.6000000238
118489  -24.288  -67.362  22.201 0.6000000238
6481  -30.374  -66.536  21.288 0.4000000060
5471  -24.577  -68.671  24.897 0.6000000238
5480  -23.906  -68.376  23.746 0.6000000238
101147  -31.334  -66.231  21.583 0.4000000060
6482  -31.888  -66.317  21.036 0.4000000060
5461  -25.046  -68.623  26.168 0.6000000238
6483  -32.704  -66.376  20.916 0.4000000060
6468  -32.248  -65.997  21.622 0.4000000060
6980  -33.386  -65.961  21.598 0.4000000060
114983  -33.565  -65.543  22.456 0.4000000060
6878  -31.125  -65.257  29.075 0.3000000119
7447  -31.338  -64.561  29.517 0.3000000119
6972  -34.205  -65.834  22.013 0.4000000060
104347  -32.965  -65.921  28.058 0.3000000119
4933  -25.220  -69.297  27.635 0.6000000238
4401  -25.096  -70.303  27.886 0.6000000238
107078  -24.615  -68.950  28.824 0.6999999881
5953  -24.597  -67.816  27.684 0.6999999881
4922  -24.810  -69.537  28.433 0.6000000238
5932  -24.525  -68.125  28.786 0.6999999881
4914  -24.319  -69.625  29.215 0.6000000238
5952  -24.292  -66.945  27.684 0.6999999881
6403  -23.961  -66.040  27.574 0.6000000238
5431  -24.282  -68.844  29.508 0.6999999881
5940  -24.332  -67.381  29.089 0.6999999881
6464  -27.063  -66.747  22.551 0.5000000000
6446  -25.256  -66.414  22.617 0.5000000000
6447  -26.090  -66.287  23.251 0.5000000000
111135  -28.389  -65.880  24.139 0.5000000000
6449  -28.966  -66.206  23.240 0.4000000060
5994  -23.299  -67.640  22.881 0.6000000238
6461  -23.835  -66.793  22.117 0.6000000238
104530  -24.416  -66.643  22.183 0.6000000238
6951  -25.673  -65.531  23.336 0.6000000238
6450  -29.989  -66.009  23.157 0.4000000060
5983  -23.849  -68.084  24.676 0.6000000238
6969  -24.901  -65.816  22.214 0.6000000238
6467  -30.642  -66.172  22.321 0.4000000060
5974  -24.252  -68.018  25.626 0.6000000238
6445  -22.994  -66.906  23.193 0.6000000238
6950  -23.079  -66.130  22.669 0.6000000238
6967  -23.563  -66.051  22.038 0.6000000238
7503  -32.752  -64.743  24.571 0.4000000060
5973  -23.632  -67.394  25.112 0.6000000238
98281  -22.881  -66.148  23.516 0.6000000238
7527  -23.311  -65.283  22.109 0.6000000238
103298  -24.004  -64.341  21.145 0.6000000238
6957  -32.869  -65.345  23.162 0.4000000060
6939  -33.258  -65.034  23.776 0.4000000060
5963  -24.555  -67.915  26.651 0.6000000238
5962  -24.038  -67.317  26.181 0.5000000000
6432  -23.111  -66.631  24.414 0.6000000238
107333  -23.613  -64.460  21.654 0.6000000238
8760  -23.943  -63.708  21.469 0.6999999881
5451  -24.987  -68.523  27.192 0.6999999881
6423  -23.539  -66.536  25.773 0.6000000238
6932  -22.957  -65.692  24.323 0.6000000238
100488  -23.268  -64.425  22.610 0.6000000238
8761  -24.352  -62.992  21.398 0.6000000238
9397  -25.520  -62.165  21.098 0.6000000238
99373  -23.075  -64.862  24.423 0.6000000238
7517  -23.167  -64.270  23.771 0.6000000238
8134  -23.548  -63.642  22.198 0.6000000238
114307  -24.323  -62.335  21.826 0.6000000238
104294  -24.000  -66.686  26.818 0.6000000238
6920  -23.444  -65.652  25.936 0.6000000238
7498  -23.196  -64.083  24.794 0.5000000000
8126  -23.359  -63.550  23.265 0.6000000238
8744  -23.630  -62.789  22.889 0.6000000238
100585  -23.411  -64.868  25.926 0.5000000000
5931  -24.113  -67.991  29.826 0.6999999881
6389  -24.188  -66.590  28.647 0.6999999881
6905  -23.794  -65.239  27.776 0.5000000000
6911  -23.634  -65.245  26.867 0.6000000238
7478  -23.335  -64.104  25.702 0.5000000000
8115  -23.269  -63.442  24.315 0.5000000000
7471  -23.475  -64.325  26.604 0.6000000238
10659  -19.697  -59.897  27.026 0.6000000238
9985  -18.734  -60.699  28.295 0.6000000238
9309  -18.511  -61.309  27.575 0.6000000238
111170  -26.866  -66.199  23.628 0.5000000000
6952  -26.365  -65.665  24.091 0.5000000000
6953  -27.329  -65.826  24.244 0.5000000000
6954  -29.433  -65.780  23.999 0.5000000000
6979  -24.480  -65.199  21.467 0.5000000000
7518  -25.372  -65.224  22.686 0.5000000000
7519  -25.769  -64.717  23.374 0.5000000000
108530  -30.296  -65.665  23.836 0.4000000060
6937  -31.101  -65.385  24.145 0.4000000060
7528  -25.044  -65.152  21.902 0.5000000000
7529  -25.714  -64.622  22.083 0.5000000000
6970  -31.602  -65.896  22.411 0.4000000060
7502  -31.686  -64.866  24.844 0.4000000060
7536  -24.511  -64.478  21.112 0.5000000000
114866  -26.203  -63.913  21.129 0.5000000000
6938  -32.260  -65.172  23.973 0.4000000060
8142  -24.503  -63.766  21.093 0.6000000238
8143  -25.396  -63.802  20.931 0.6000000238
8762  -25.063  -62.997  21.102 0.6000000238
8766  -25.944  -62.971  20.808 0.5000000000
10077  -25.201  -61.409  21.586 0.4000000060
98582  -25.959  -61.343  21.248 0.4000000060
9398  -26.957  -61.318  21.138 0.4000000060
9388  -24.142  -61.986  22.570 0.6000000238
9389  -24.603  -61.597  21.976 0.6000000238
10078  -25.653  -60.611  21.744 0.5000000000
111719  -26.320  -60.628  21.481 0.4000000060
10079  -27.008  -60.277  21.481 0.4000000060
104063  -23.568  -68.409  30.570 0.6999999881
8735  -23.455  -62.772  23.919 0.6000000238
10070  -24.996  -60.686  22.184 0.5000000000
10740  -26.156  -59.731  21.842 0.4000000060
6893  -23.917  -65.598  28.529 0.6000000238
8089  -23.277  -63.281  25.332 0.5000000000
103687  -23.339  -62.792  24.728 0.5000000000
110102  -24.329  -61.189  23.337 0.5000000000
10734  -25.161  -59.822  22.621 0.5000000000
10071  -25.490  -60.014  22.166 0.4000000060
11367  -26.613  -58.902  21.954 0.4000000060
7467  -23.619  -64.539  27.508 0.6000000238
104387  -24.182  -61.259  24.488 0.5000000000
10684  -20.288  -59.334  26.454 0.6999999881
10660  -20.231  -59.448  27.549 0.6000000238
10661  -20.798  -58.994  28.138 0.6999999881
10639  -19.501  -60.066  27.893 0.6000000238
10641  -21.014  -59.120  28.910 0.6000000238
9291  -18.474  -61.169  28.965 0.6000000238
9987  -19.891  -59.932  29.481 0.6000000238
10628  -20.768  -59.518  29.691 0.6000000238
10629  -21.615  -58.849  29.585 0.6000000238
11244  -22.538  -58.645  31.268 0.6000000238
8663  -18.370  -61.945  29.207 0.5000000000
9269  -18.681  -60.885  30.122 0.6000000238
9974  -19.971  -60.002  30.287 0.6000000238
10618  -20.857  -59.817  30.679 0.6000000238
10620  -22.094  -58.974  30.620 0.6000000238
6935  -28.816  -65.315  24.845 0.5000000000
116739  -18.457  -62.350  30.104 0.5000000000
8649  -18.463  -61.631  30.175 0.5000000000
9959  -21.032  -60.262  31.227 0.5000000000
10619  -21.811  -59.744  31.116 0.5000000000
6933  -26.088  -64.852  24.218 0.4000000060
8116  -26.580  -64.305  24.676 0.5000000000
7500  -29.509  -64.890  25.365 0.5000000000
6936  -29.982  -65.387  24.587 0.4000000060
107396  -18.704  -62.282  30.875 0.5000000000
9270  -18.914  -61.333  30.820 0.5000000000
9947  -21.710  -60.618  31.412 0.5000000000
10604  -22.592  -60.054  31.340 0.5000000000
8127  -26.251  -64.093  24.065 0.5000000000
7501  -30.587  -64.957  25.129 0.4000000060
7483  -31.113  -64.405  25.762 0.4000000060
8094  -31.801  -63.923  26.146 0.4000000060
8021  -18.904  -63.156  31.179 0.5000000000
105715  -20.333  -61.664  31.560 0.5000000000
9257  -21.303  -61.448  31.525 0.6000000238
9258  -22.176  -61.265  31.410 0.6000000238
8023  -20.061  -63.465  31.780 0.6000000238
8636  -21.016  -62.285  31.620 0.6000000238
8637  -21.940  -62.071  31.359 0.6999999881
8135  -26.505  -63.984  21.795 0.4000000060
8145  -27.022  -63.337  20.813 0.5000000000
5905  -20.289  -67.297  31.687 0.6000000238
8768  -27.464  -62.950  20.762 0.5000000000
8769  -28.074  -62.623  20.989 0.4000000060
5906  -21.185  -67.601  31.780 0.6000000238
9405  -27.314  -62.350  20.845 0.4000000060
5921  -22.626  -67.709  31.361 0.6000000238
6373  -23.565  -66.430  30.440 0.6000000238
10080  -27.804  -60.828  21.294 0.4000000060
7446  -23.671  -65.002  29.321 0.6000000238
105031  -24.041  -66.959  29.725 0.6999999881
8065  -23.455  -63.677  27.246 0.6000000238
8680  -23.413  -62.704  26.937 0.6000000238
8070  -23.388  -63.477  26.316 0.5000000000
8716  -23.441  -62.423  25.400 0.5000000000
11290  -20.703  -58.678  27.209 0.6999999881
11268  -21.287  -58.568  28.679 0.6999999881
107039  -21.467  -57.588  29.227 0.6000000238
11255  -21.630  -58.166  29.300 0.6000000238
12001  -21.894  -57.838  29.958 0.6000000238
11256  -21.994  -58.377  30.189 0.6000000238
11977  -23.311  -58.285  32.083 0.6999999881
11233  -24.123  -58.770  31.903 0.6000000238
10605  -22.770  -59.282  31.214 0.6000000238
7479  -27.193  -64.175  25.189 0.5000000000
7499  -27.823  -64.766  25.213 0.5000000000
112824  -27.835  -65.409  24.720 0.5000000000
110933  -28.602  -64.673  25.506 0.5000000000
10606  -23.557  -59.516  31.456 0.6000000238
108395  -25.088  -59.049  31.839 0.5000000000
7480  -28.008  -64.034  25.811 0.5000000000
7482  -30.020  -64.474  25.906 0.5000000000
111175  -30.985  -63.894  26.430 0.4000000060
9259  -22.953  -61.059  31.196 0.6000000238
117722  -22.502  -60.670  31.371 0.6000000238
10607  -24.410  -59.437  31.568 0.5000000000
112532  -20.301  -66.406  31.829 0.6000000238
107093  -20.573  -64.973  31.855 0.4000000060
7417  -19.915  -64.310  31.797 0.6000000238
9272  -22.735  -61.814  31.012 0.6000000238
9961  -24.848  -60.436  30.672 0.6000000238
8136  -27.131  -63.590  22.201 0.4000000060
8128  -26.838  -63.446  23.587 0.4000000060
6858  -21.155  -65.775  31.846 0.5000000000
7428  -21.518  -64.914  31.667 0.5000000000
7418  -21.179  -63.959  31.696 0.6000000238
8651  -21.695  -62.934  31.439 0.6999999881
8652  -22.681  -62.665  30.877 0.6000000238
8653  -23.206  -62.197  30.317 0.6000000238
9273  -23.438  -61.517  30.591 0.6000000238
8137  -27.932  -63.184  21.508 0.5000000000
6358  -21.179  -66.764  31.884 0.6000000238
7429  -22.299  -64.501  31.287 0.6000000238
8035  -22.447  -63.578  31.151 0.6000000238
9283  -23.728  -61.820  29.566 0.6000000238
9284  -24.403  -61.222  29.203 0.6000000238
9975  -25.061  -60.767  29.758 0.6000000238
8763  -27.752  -63.116  20.975 0.4000000060
6871  -22.999  -65.889  31.047 0.5000000000
111922  -22.239  -65.389  31.436 0.6000000238
8052  -23.191  -63.311  30.164 0.6000000238
99442  -23.587  -62.324  28.594 0.6000000238
113640  -23.968  -61.633  28.694 0.6000000238
6372  -22.899  -66.819  31.198 0.6000000238
108020  -22.984  -65.030  30.836 0.6000000238
106165  -23.423  -64.144  29.654 0.6000000238
98566  -23.478  -63.371  28.976 0.6000000238
8059  -23.556  -63.946  28.150 0.6000000238
7462  -23.713  -64.767  28.361 0.6000000238
9328  -23.534  -62.031  26.207 0.5000000000
9352  -23.776  -61.618  25.419 0.5000000000
12029  -20.697  -57.416  26.926 0.6999999881
12013  -21.251  -57.908  28.402 0.6999999881
13359  -20.157  -55.901  26.478 0.6999999881
104904  -20.467  -56.657  27.189 0.6999999881
12694  -20.789  -57.327  27.789 0.6999999881
12686  -20.992  -57.189  28.630 0.6999999881
12673  -21.478  -57.245  29.998 0.6000000238
11990  -21.837  -57.595  30.940 0.6000000238
11976  -22.867  -57.516  32.615 0.5000000000
11991  -22.462  -58.020  31.636 0.6999999881
115982  -23.526  -57.745  32.537 0.5000000000
11227  -24.081  -57.989  32.451 0.5000000000
11234  -24.921  -58.284  32.278 0.5000000000
8091  -27.986  -63.178  25.999 0.4000000060
106309  -28.655  -63.561  26.387 0.5000000000
8072  -29.227  -63.110  26.936 0.5000000000
8073  -30.263  -63.437  26.919 0.5000000000
8699  -30.796  -62.772  27.394 0.4000000060
8117  -26.952  -63.524  24.739 0.4000000060
8071  -28.555  -62.771  26.559 0.4000000060
10622  -25.786  -59.897  30.765 0.6000000238
9962  -25.653  -60.348  30.185 0.6000000238
9988  -25.137  -60.769  28.785 0.6000000238
9976  -26.012  -60.352  29.353 0.6000000238
114318  -23.540  -62.287  27.693 0.6000000238
9292  -23.845  -61.676  27.943 0.6000000238
9989  -25.858  -60.433  28.407 0.6000000238
8672  -23.449  -63.043  27.928 0.6000000238
9293  -24.443  -61.173  28.276 0.5000000000
9310  -23.686  -61.776  27.079 0.5000000000
9329  -24.107  -61.195  26.297 0.5000000000
13358  -19.776  -55.100  26.145 0.6999999881
13347  -20.094  -55.943  27.570 0.6999999881
13336  -20.139  -55.924  28.574 0.6999999881
12685  -20.663  -56.533  29.004 0.6999999881
12672  -20.858  -56.625  29.901 0.6000000238
118531  -21.540  -57.254  31.619 0.4000000060
14021  -19.175  -54.687  25.807 0.6999999881
115528  -19.301  -55.021  27.471 0.6999999881
13346  -19.582  -55.454  27.999 0.6000000238
13323  -20.258  -56.008  29.577 0.6000000238
12655  -22.143  -57.017  32.856 0.5000000000
14047  -17.959  -54.505  24.537 0.6999999881
14036  -18.316  -54.460  25.514 0.6999999881
12644  -22.916  -56.524  33.169 0.5000000000
14046  -16.985  -54.617  24.458 0.6999999881
11968  -23.841  -57.210  32.821 0.5000000000
13369  -15.602  -55.026  25.331 0.6000000238
13368  -14.292  -55.869  25.201 0.6000000238
12703  -12.811  -56.628  25.715 0.5000000000
114235  -12.413  -56.364  26.944 0.5000000000
8697  -29.097  -62.291  27.087 0.4000000060
8698  -29.822  -62.566  27.392 0.4000000060
10004  -26.151  -60.184  27.663 0.6000000238
12661  -20.408  -56.233  30.634 0.5000000000
12662  -21.122  -56.916  31.021 0.5000000000
14007  -18.820  -54.759  27.338 0.6000000238
13997  -18.966  -55.027  28.264 0.6000000238
13335  -19.504  -55.518  29.164 0.6000000238
13309  -19.921  -55.921  31.389 0.6000000238
13301  -20.891  -56.164  32.947 0.5000000000
12654  -21.343  -56.896  32.336 0.5000000000
14019  -17.740  -54.483  26.272 0.6999999881
109906  -18.063  -54.606  27.166 0.6000000238
118161  -18.328  -54.806  27.891 0.6000000238
101220  -18.736  -55.200  29.276 0.6000000238
13964  -18.794  -55.340  31.585 0.6000000238
13292  -24.069  -55.318  32.586 0.5000000000
14018  -16.864  -54.553  26.129 0.6999999881
104819  -17.200  -54.654  27.029 0.6000000238
13995  -17.010  -55.039  28.779 0.6000000238
13981  -17.258  -55.051  29.726 0.6000000238
13963  -18.127  -55.079  31.132 0.6000000238
14004  -15.756  -55.129  27.128 0.6000000238
14005  -16.511  -55.004  27.820 0.6000000238
13994  -16.022  -55.191  29.024 0.6000000238
99904  -16.433  -54.911  30.466 0.6000000238
13357  -15.110  -55.357  26.337 0.6000000238
13345  -14.791  -55.574  27.559 0.6000000238
13979  -14.780  -55.124  29.635 0.6000000238
13961  -15.536  -54.386  31.030 0.6000000238
110128  -14.278  -55.805  26.977 0.5000000000
104022  -13.426  -56.154  27.019 0.5000000000
13334  -14.177  -55.519  28.743 0.5000000000
13978  -13.999  -54.375  30.353 0.6000000238
112700  -14.865  -54.585  30.499 0.6000000238
8681  -29.693  -61.740  27.526 0.4000000060
12702  -11.687  -56.637  26.330 0.5000000000
13333  -13.038  -55.547  28.841 0.5000000000
13977  -13.158  -54.149  30.013 0.6000000238
14646  -13.811  -53.520  30.443 0.6000000238
115285  -11.557  -56.085  27.213 0.5000000000
14003  -11.659  -55.142  28.371 0.5000000000
13332  -12.180  -55.411  28.684 0.4000000060
13991  -12.607  -54.799  29.405 0.5000000000
15326  -13.810  -52.705  30.170 0.6000000238
13300  -20.085  -55.895  32.547 0.6000000238
13289  -21.489  -55.470  33.403 0.5000000000
12643  -21.827  -56.352  33.224 0.5000000000
13299  -19.404  -55.616  32.092 0.6000000238
13288  -20.577  -55.325  33.282 0.5000000000
13291  -23.354  -55.482  33.090 0.5000000000
102435  -18.117  -54.912  32.250 0.6999999881
13939  -19.354  -54.281  33.267 0.6999999881
13948  -16.799  -54.405  31.900 0.6000000238
13949  -17.492  -54.063  32.557 0.6999999881
101253  -16.365  -54.554  31.293 0.6000000238
14612  -17.355  -53.077  32.614 0.6999999881
14630  -15.880  -53.283  31.785 0.6000000238
14631  -16.607  -53.456  32.226 0.6999999881
14629  -15.451  -52.684  31.428 0.6000000238
15307  -16.234  -52.622  31.763 0.6999999881
14032  -10.539  -55.019  26.475 0.5000000000
14671  -11.770  -54.315  28.135 0.5000000000
14661  -12.002  -54.540  28.939 0.4000000060
15336  -13.076  -53.070  29.486 0.6000000238
15316  -15.188  -52.090  30.861 0.6000000238
14687  -11.842  -53.780  27.132 0.5000000000
14672  -12.434  -53.498  28.637 0.4000000060
15337  -13.810  -52.346  29.187 0.5000000000
13943  -22.914  -54.646  33.218 0.5000000000
13942  -22.079  -54.676  33.455 0.5000000000
13287  -19.700  -55.197  33.029 0.6000000238
14616  -21.015  -53.362  33.470 0.5000000000
99567  -21.837  -52.859  33.443 0.5000000000
14614  -19.047  -53.256  33.249 0.6999999881
14613  -18.117  -53.179  32.955 0.6999999881
15293  -17.935  -52.238  32.303 0.6000000238
15317  -15.963  -51.969  31.213 0.6999999881
16030  -17.380  -51.760  31.502 0.6000000238
16053  -15.175  -51.607  30.166 0.6000000238
16054  -16.061  -51.259  29.842 0.6000000238
14688  -12.929  -53.158  26.760 0.5000000000
15351  -14.060  -52.394  28.038 0.4000000060
16064  -15.378  -51.454  29.224 0.6000000238
100358  -13.839  -52.785  26.414 0.4000000060
15368  -14.427  -52.626  26.876 0.4000000060
15352  -15.024  -52.268  27.458 0.5000000000
15338  -14.694  -51.898  28.648 0.5000000000
14615  -19.993  -53.346  33.399 0.6000000238
15296  -21.310  -52.234  33.256 0.5000000000
15295  -19.758  -52.412  33.070 0.6000000238
100261  -20.523  -52.540  33.271 0.5000000000
15294  -18.874  -52.353  32.747 0.6000000238
16032  -18.840  -51.681  31.989 0.6000000238
16033  -20.274  -51.533  31.773 0.5000000000
16044  -18.952  -51.395  30.891 0.6000000238
112174  -17.347  -51.114  30.125 0.6999999881
16043  -17.875  -51.279  30.598 0.5000000000
16065  -16.475  -51.240  28.731 0.5000000000
15369  -15.254  -52.479  26.492 0.4000000060
16083  -16.546  -51.714  27.540 0.5000000000
20536  -10.873  -45.205  27.645 0.4000000060
21266  -11.363  -44.303  27.639 0.3000000119
20537  -11.748  -45.148  27.296 0.4000000060
16024  -21.625  -51.512  32.700 0.5000000000
19797  -12.161  -46.790  27.155 0.3000000119
104134  -12.411  -45.905  26.964 0.4000000060
16045  -20.041  -51.472  30.707 0.5000000000
16034  -21.091  -51.316  31.954 0.5000000000
18296  -13.300  -48.613  27.105 0.3000000119
19805  -12.949  -46.848  26.890 0.4000000060
114520  -19.481  -51.340  29.983 0.5000000000
17556  -13.710  -49.360  26.532 0.3000000119
16056  -17.790  -51.042  29.636 0.6000000238
16066  -17.500  -51.064  28.816 0.6999999881
99712  -18.424  -51.140  28.896 0.6000000238
16099  -16.666  -52.125  26.390 0.5000000000
16084  -17.276  -51.385  27.920 0.5000000000
104630  -17.178  -51.781  27.054 0.4000000060
16085  -18.704  -51.607  27.150 0.4000000060
22043  -11.258  -43.595  29.614 0.3000000119
22074  -10.665  -43.548  28.226 0.3000000119
22088  -11.762  -43.616  27.738 0.3000000119
21267  -12.048  -44.282  27.329 0.3000000119
20545  -12.990  -45.198  26.807 0.4000000060
100529  -20.784  -51.381  31.094 0.5000000000
19062  -13.548  -47.686  26.877 0.4000000060
109143  -13.319  -46.049  26.628 0.4000000060
16046  -20.903  -51.278  30.220 0.5000000000
18297  -14.120  -48.504  26.582 0.4000000060
19070  -15.074  -47.539  25.856 0.4000000060
16058  -20.273  -51.365  29.609 0.5000000000
18304  -14.860  -48.390  25.991 0.4000000060
101138  -19.511  -51.316  28.986 0.5000000000
99311  -18.125  -51.339  28.038 0.5000000000
98911  -19.106  -51.389  28.027 0.5000000000
108355  -16.145  -51.887  24.983 0.3000000119
16120  -16.878  -52.132  25.340 0.4000000060
16101  -18.348  -51.825  26.161 0.4000000060
16086  -19.659  -51.508  27.003 0.4000000060
21231  -10.893  -43.841  30.345 0.3000000119
22061  -11.738  -43.415  28.963 0.3000000119
22089  -12.535  -43.562  27.451 0.4000000060
21276  -13.372  -44.487  26.694 0.4000000060
16739  -24.239  -50.251  32.137 0.4000000060
20546  -13.702  -45.298  26.440 0.4000000060
16738  -23.201  -50.431  31.903 0.4000000060
19806  -13.815  -46.851  26.524 0.4000000060
19815  -14.876  -46.114  25.824 0.4000000060
16747  -22.157  -50.729  30.329 0.4000000060
109141  -15.620  -46.134  25.421 0.4000000060
109491  -20.489  -51.315  28.756 0.5000000000
18305  -15.552  -48.163  25.510 0.4000000060
17566  -16.183  -49.805  24.873 0.3000000119
16068  -20.992  -51.157  28.329 0.5000000000
16820  -18.258  -51.227  24.756 0.3000000119
22044  -11.989  -43.862  29.730 0.3000000119
21247  -12.723  -43.900  29.373 0.3000000119
117009  -12.176  -43.243  27.882 0.3000000119
22879  -12.923  -43.059  27.738 0.4000000060
22098  -13.605  -42.964  26.849 0.4000000060
22100  -14.698  -42.683  25.984 0.3000000119
21277  -14.016  -44.509  26.285 0.4000000060
16740  -25.950  -49.842  32.237 0.4000000060
117336  -26.725  -49.400  32.152 0.4000000060
21288  -14.742  -44.521  25.880 0.4000000060
16749  -23.540  -49.907  31.156 0.4000000060
104812  -21.553  -51.024  29.969 0.4000000060
19816  -15.990  -46.921  25.105 0.3000000119
16757  -21.864  -50.672  29.403 0.4000000060
104798  -16.111  -48.692  25.017 0.3000000119
19071  -16.069  -47.769  25.115 0.3000000119
17573  -16.966  -49.235  24.683 0.3000000119
16102  -19.843  -51.360  25.908 0.4000000060
20502  -12.911  -45.631  30.623 0.3000000119
107454  -13.195  -43.049  28.124 0.4000000060
22880  -13.556  -42.638  27.712 0.4000000060
22907  -13.927  -42.133  26.894 0.4000000060
17498  -27.691  -49.371  32.006 0.4000000060
22111  -15.088  -43.715  25.723 0.4000000060
17506  -24.234  -49.499  31.423 0.4000000060
20559  -15.912  -45.386  25.234 0.4000000060
17504  -23.073  -49.781  30.390 0.4000000060
18257  -24.339  -48.790  31.094 0.4000000060
109278  -16.294  -46.117  24.960 0.3000000119
16758  -22.517  -50.126  29.802 0.4000000060
19078  -17.080  -47.435  24.570 0.3000000119
16771  -21.536  -50.637  28.455 0.5000000000
18311  -16.690  -48.104  24.776 0.3000000119
117720  -18.137  -47.953  24.220 0.3000000119
16790  -21.502  -50.175  27.687 0.5000000000
16830  -19.552  -50.436  24.516 0.3000000119
16805  -20.531  -50.997  26.720 0.4000000060
16122  -18.947  -51.532  25.302 0.4000000060
21234  -13.343  -44.922  29.990 0.3000000119
22908  -14.467  -41.854  26.424 0.3000000119
22112  -15.575  -42.970  25.453 0.3000000119
21290  -16.177  -44.633  25.065 0.3000000119
18243  -25.858  -48.899  32.031 0.4000000060
18244  -26.852  -48.532  32.103 0.3000000119
20566  -16.606  -45.378  24.852 0.3000000119
17505  -23.626  -49.213  30.533 0.4000000060
18242  -25.060  -48.418  31.543 0.4000000060
103102  -18.180  -46.770  24.161 0.3000000119
19080  -18.716  -47.597  24.015 0.3000000119
113576  -22.078  -49.179  28.632 0.4000000060
18313  -18.613  -48.610  24.169 0.3000000119
102454  -19.972  -49.417  24.349 0.3000000119
17567  -20.347  -50.251  24.873 0.3000000119
17557  -21.113  -49.644  26.426 0.3000000119
22113  -16.384  -43.735  24.928 0.3000000119
106347  -16.210  -42.819  25.001 0.3000000119
21295  -16.889  -44.631  24.730 0.3000000119
19010  -25.821  -48.030  31.892 0.3000000119
108953  -19.502  -46.200  23.855 0.3000000119
18271  -23.233  -48.609  29.875 0.4000000060
18256  -23.813  -48.317  30.486 0.4000000060
18314  -19.673  -48.353  24.073 0.3000000119
116296  -19.344  -49.000  24.167 0.3000000119
17532  -21.692  -49.320  27.859 0.3000000119
18298  -21.057  -48.974  25.843 0.3000000119
20569  -19.278  -45.430  23.888 0.3000000119
19825  -20.123  -46.731  23.855 0.3000000119
118347  -23.347  -47.857  30.052 0.3000000119
105927  -24.556  -47.239  30.983 0.3000000119
18315  -20.607  -47.897  24.301 0.3000000119
18285  -22.163  -48.165  28.773 0.3000000119
17568  -20.690  -49.265  24.981 0.3000000119
18292  -21.433  -48.635  27.440 0.3000000119
108884  -20.956  -45.207  24.228 0.3000000119
21300  -21.096  -43.642  24.883 0.3000000119
19826  -21.049  -46.691  24.354 0.3000000119
109700  -23.202  -47.153  29.879 0.3000000119
20560  -21.323  -45.934  24.750 0.3000000119
21292  -21.251  -44.358  25.515 0.3000000119
16821  -19.817  -51.048  24.979 0.4000000060
16828  -17.761  -50.608  24.592 0.3000000119
17575  -19.038  -49.635  24.258 0.3000000119
3449  -30.771  -72.594  19.871 0.6000000238
2919  -30.546  -73.570  21.384 0.5000000000
2415  -29.410  -74.445  21.532 0.5000000000
2420  -28.376  -74.532  20.380 0.5000000000
2416  -30.075  -74.122  21.846 0.5000000000
2879  -31.616  -73.529  24.599 0.5000000000
3994  -29.444  -71.498  18.648 0.6999999881
4499  -31.315  -70.237  19.153 0.6999999881
3982  -28.811  -71.285  19.093 0.6999999881
3475  -28.932  -71.947  18.410 0.6999999881
2402  -31.159  -74.042  24.502 0.4000000060
3981  -27.988  -71.677  18.676 0.6999999881
3423  -32.086  -72.598  22.948 0.5000000000
6392  -32.275  -66.419  28.010 0.3000000119
3945  -33.055  -71.118  23.071 0.5000000000
5002  -33.717  -69.458  22.104 0.3000000119
5520  -30.292  -68.009  20.176 0.6000000238
5010  -30.487  -69.392  20.304 0.6000000238
4983  -28.285  -69.601  23.649 0.6000000238
4481  -29.701  -70.536  20.622 0.6999999881
6381  -29.322  -66.368  30.048 0.3000000119
3929  -28.788  -71.165  23.515 0.6000000238
3970  -28.713  -71.153  20.050 0.6999999881
3451  -32.043  -71.823  21.036 0.5000000000
3422  -31.743  -72.786  22.243 0.6000000238
2906  -30.742  -73.816  22.290 0.5000000000
3955  -26.973  -71.795  21.179 0.6000000238
3968  -27.152  -71.655  19.016 0.6999999881
3406  -26.640  -72.361  23.622 0.5000000000
3448  -26.174  -71.899  19.414 0.5000000000
6404  -33.169  -66.606  27.525 0.3000000119
3375  -25.343  -72.309  25.593 0.6000000238
5483  -35.304  -67.652  23.790 0.3000000119
4492  -32.097  -69.855  19.504 0.5000000000
5955  -33.279  -67.277  27.013 0.3000000119
3433  -24.466  -72.739  20.966 0.5000000000
7432  -31.200  -63.988  30.304 0.3000000119
118465  -23.446  -68.027  23.256 0.6000000238
5440  -24.836  -68.686  28.100 0.6999999881
105429  -24.364  -67.299  26.998 0.6000000238
6413  -23.687  -66.038  26.620 0.6000000238
6460  -23.347  -66.910  22.465 0.6000000238
6955  -30.928  -65.816  23.219 0.4000000060
7535  -23.864  -65.155  21.409 0.6000000238
100430  -22.973  -65.266  23.277 0.6000000238
9404  -26.409  -62.182  20.881 0.4000000060
5922  -23.511  -67.518  30.668 0.6000000238
6380  -23.875  -66.000  29.490 0.6999999881
9986  -19.329  -60.208  28.904 0.6000000238
6934  -26.885  -65.019  24.768 0.4000000060
104404  -26.185  -64.043  22.962 0.4000000060
9399  -27.922  -61.784  21.072 0.4000000060
9376  -23.860  -62.014  23.643 0.4000000060
103186  -22.999  -68.407  31.136 0.6000000238
10640  -20.269  -59.633  28.625 0.6000000238
9958  -20.218  -60.373  30.999 0.6000000238
8092  -29.541  -63.875  26.511 0.5000000000
8022  -19.439  -63.118  31.580 0.5000000000
9949  -24.164  -60.071  31.270 0.6000000238
110134  -19.297  -63.769  31.510 0.4000000060
116082  -23.378  -64.768  30.134 0.5000000000
8129  -27.911  -63.053  22.604 0.5000000000
8665  -23.382  -62.606  29.588 0.6000000238
7430  -23.059  -64.201  30.597 0.5000000000
13381  -15.184  -55.588  24.681 0.6000000238
110696  -11.871  -55.814  27.922 0.5000000000
13308  -19.398  -55.584  31.096 0.5000000000
13996  -18.030  -54.980  28.808 0.6000000238
13982  -18.084  -55.089  29.995 0.6000000238
13950  -18.881  -55.070  32.664 0.6000000238
13993  -15.395  -55.349  28.301 0.6000000238
14015  -10.898  -55.894  26.978 0.5000000000
13941  -21.210  -54.526  33.512 0.5000000000
105461  -12.349  -53.445  27.584 0.5000000000
16055  -16.976  -51.046  29.632 0.6000000238
19796  -11.538  -46.144  27.335 0.3000000119
16023  -20.584  -51.808  32.721 0.5000000000
15386  -15.888  -52.358  25.761 0.3000000119
100334  -22.370  -50.734  31.444 0.4000000060
16100  -17.471  -51.946  26.158 0.4000000060
16819  -17.159  -51.411  24.799 0.3000000119
16789  -21.045  -50.834  27.652 0.5000000000
98981  -24.914  -49.799  32.055 0.4000000060
21233  -12.473  -44.626  30.182 0.3000000119
19817  -16.688  -46.773  24.737 0.3000000119
113411  -22.442  -49.533  29.273 0.4000000060
16822  -20.462  -50.755  25.638 0.3000000119
109277  -17.009  -46.074  24.660 0.3000000119
17545  -21.115  -50.310  26.969 0.4000000060
21235  -14.274  -45.251  29.805 0.3000000119
20568  -18.169  -45.363  24.274 0.3000000119
103453  -22.603  -48.798  29.285 0.4000000060
20570  -20.435  -45.931  23.961 0.3000000119
2914  -20.519  -73.547  21.237 0.5000000000
2915  -21.023  -74.296  21.139 0.5000000000
2916  -21.904  -74.441  20.878 0.5000000000
2917  -22.848  -74.005  21.109 0.4000000060
3940  -20.160  -71.699  21.878 0.5000000000
3417  -20.117  -73.262  22.119 0.5000000000
2903  -20.554  -74.130  21.939 0.5000000000
2904  -21.362  -74.301  21.917 0.5000000000
2905  -22.417  -73.994  21.923 0.5000000000
3432  -23.604  -73.203  21.788 0.4000000060
104575  -19.961  -72.499  22.814 0.4000000060
3401  -19.830  -73.584  23.085 0.5000000000
102344  -21.874  -74.077  22.941 0.5000000000
102166  -19.718  -73.749  23.943 0.5000000000
2892  -20.965  -74.292  23.455 0.5000000000
108549  -20.782  -74.257  22.703 0.5000000000
109775  -20.510  -74.232  24.278 0.5000000000
2893  -21.750  -74.121  23.996 0.5000000000
3402  -22.802  -73.516  23.704 0.5000000000
3403  -23.599  -72.967  23.530 0.4000000060
2877  -19.815  -73.771  25.021 0.5000000000
2878  -21.567  -74.064  24.921 0.5000000000
3387  -22.641  -73.580  24.611 0.5000000000
3388  -23.559  -72.983  24.325 0.5000000000
3872  -19.957  -72.040  27.918 0.5000000000
2863  -19.775  -73.411  25.943 0.5000000000
2865  -21.458  -73.934  25.935 0.5000000000
2850  -20.800  -73.753  26.764 0.5000000000
102122  -22.422  -73.641  25.391 0.5000000000
3372  -22.748  -73.403  26.164 0.5000000000
3373  -23.439  -73.053  25.335 0.5000000000
3389  -24.426  -72.646  24.908 0.5000000000
3352  -20.688  -73.118  28.080 0.5000000000
3337  -20.688  -72.648  28.635 0.5000000000
3842  -21.172  -71.689  29.796 0.5000000000
2836  -21.213  -73.451  27.594 0.5000000000
3859  -22.330  -72.307  28.938 0.5000000000
3843  -22.076  -71.806  29.660 0.5000000000
100866  -23.103  -72.961  27.125 0.5000000000
3873  -22.753  -72.662  28.114 0.5000000000
3860  -23.319  -71.901  28.559 0.5000000000
3354  -24.224  -72.315  26.875 0.5000000000
3874  -23.755  -72.167  27.721 0.5000000000
3364  -23.723  -72.775  26.251 0.5000000000
3374  -24.361  -72.552  25.775 0.5000000000
109066  -22.016  -69.399  31.400 0.5000000000
5419  -23.078  -69.324  30.873 0.6000000238
4373  -21.899  -71.147  30.425 0.5000000000
115033  -22.873  -71.702  29.245 0.5000000000
4375  -23.702  -70.408  29.582 0.5000000000
4388  -24.364  -70.384  28.745 0.5000000000
3889  -25.028  -71.733  26.910 0.5000000000
3875  -24.506  -71.723  27.429 0.5000000000
3365  -24.847  -72.199  26.318 0.5000000000
5401  -20.577  -68.143  31.555 0.5000000000
5402  -21.308  -68.246  31.664 0.5000000000
4913  -23.781  -69.595  30.023 0.6000000238
10039  -19.744  -60.429  25.245 0.5000000000
10683  -19.653  -60.131  26.214 0.6000000238
10050  -20.016  -60.700  24.261 0.5000000000
10703  -20.301  -59.651  25.453 0.5000000000
101271  -20.728  -58.952  25.600 0.6000000238
101076  -20.932  -59.035  24.606 0.5000000000
11325  -20.980  -58.047  25.146 0.6000000238
12074  -20.878  -57.191  24.176 0.5000000000
11312  -20.737  -58.460  26.220 0.6000000238
12040  -20.707  -57.631  26.102 0.6000000238
12735  -20.436  -56.263  23.902 0.5000000000
12059  -20.713  -57.055  25.307 0.6000000238
12704  -20.520  -56.809  26.254 0.6000000238
12734  -19.973  -55.600  23.800 0.5000000000
12721  -20.191  -55.625  24.666 0.5000000000
13398  -18.268  -55.426  23.375 0.5000000000
13382  -16.698  -55.176  23.962 0.6000000238
101851  -15.298  -56.318  24.200 0.6000000238
12732  -16.043  -56.382  23.799 0.5000000000
13371  -18.945  -54.616  24.806 0.6000000238
13372  -19.727  -54.961  25.185 0.5000000000
100400  -15.930  -55.667  24.084 0.5000000000
12731  -13.777  -56.940  24.770 0.6000000238
12720  -14.483  -56.322  24.665 0.6000000238
13355  -13.455  -56.230  25.947 0.6000000238
5956  -34.020  -67.274  26.437 0.3000000119
115737  -35.668  -66.903  26.215 0.3000000119
6415  -36.853  -66.456  26.087 0.3000000119
5975  -34.910  -67.618  24.875 0.3000000119
5965  -34.037  -67.734  25.681 0.3000000119
5964  -33.341  -67.837  26.415 0.3000000119
107445  -24.119  -72.743  22.904 0.4000000060
10002  -18.978  -60.549  27.075 0.5000000000
3418  -23.085  -73.383  22.807 0.4000000060
109476  -20.602  -74.096  25.228 0.5000000000
3888  -19.851  -72.217  26.967 0.5000000000
3351  -20.235  -73.302  27.376 0.5000000000
115656  -20.205  -72.275  28.560 0.5000000000
3857  -20.575  -72.087  29.198 0.5000000000
3338  -21.579  -72.942  28.403 0.5000000000
4374  -22.893  -71.183  29.825 0.5000000000
5976  -35.830  -67.052  25.214 0.3000000119
5966  -34.878  -67.274  25.840 0.3000000119
5967  -36.308  -66.747  25.840 0.3000000119
19027  -25.090  -47.588  31.444 0.3000000119
2097  -27.328  -75.344  20.578 0.5000000000
2405  -30.772  -74.354  24.000 0.4000000060
2410  -30.203  -74.368  22.640 0.5000000000
2421  -29.113  -74.229  20.650 0.5000000000
2849  -20.089  -73.530  26.573 0.5000000000
2864  -20.307  -73.842  25.928 0.5000000000
2891  -20.186  -74.134  23.341 0.5000000000
2927  -31.017  -72.954  20.903 0.6000000238
2952  -28.375  -72.525  18.315 0.6000000238
3336  -20.137  -72.755  28.054 0.5000000000
3353  -22.155  -73.242  27.680 0.5000000000
3363  -19.733  -73.067  26.762 0.5000000000
3392  -32.116  -72.926  24.849 0.5000000000
3437  -32.232  -72.106  22.098 0.5000000000
3463  -27.343  -72.074  18.346 0.6999999881
3465  -31.175  -71.882  19.468 0.6999999881
3858  -21.366  -72.323  29.181 0.5000000000
3876  -25.066  -71.138  27.443 0.5000000000
3890  -26.292  -71.231  26.371 0.6000000238
3891  -32.419  -71.405  26.225 0.4000000060
3915  -27.079  -71.815  25.220 0.6000000238
3919  -32.928  -71.056  24.886 0.5000000000
3928  -28.203  -71.579  23.947 0.6000000238
3944  -32.586  -71.916  23.002 0.5000000000
3956  -27.932  -71.523  20.879 0.6000000238
3969  -27.703  -71.473  19.782 0.6999999881
3984  -32.004  -70.635  19.606 0.5000000000
3995  -30.188  -71.218  18.704 0.6999999881
3996  -30.814  -70.833  18.845 0.6999999881
4387  -23.614  -71.145  29.037 0.5000000000
4448  -29.397  -69.910  22.900 0.6000000238
4460  -29.504  -70.432  22.486 0.6000000238
4462  -33.391  -70.272  22.559 0.4000000060
4470  -29.867  -69.628  21.638 0.5000000000
4471  -32.827  -70.537  21.233 0.4000000060
4483  -33.067  -69.734  20.669 0.4000000060
4491  -30.475  -70.287  19.530 0.6000000238
4496  -29.286  -71.299  18.853 0.6999999881
4500  -31.509  -69.549  19.352 0.4000000060
4935  -31.800  -69.573  27.421 0.3000000119
4947  -32.947  -69.366  26.025 0.4000000060
4968  -28.334  -70.046  24.355 0.6000000238
4969  -33.660  -69.630  24.150 0.4000000060
5001  -29.444  -69.493  22.217 0.6000000238
5006  -33.622  -69.204  21.239 0.4000000060
5008  -32.618  -69.394  19.932 0.4000000060
5009  -33.096  -69.017  20.263 0.4000000060
5417  -20.984  -69.004  31.551 0.5000000000
5418  -22.086  -68.523  31.537 0.6000000238
5430  -23.846  -68.832  30.204 0.6999999881
5513  -28.634  -68.242  20.999 0.5000000000
5514  -29.472  -68.406  20.861 0.5000000000
5516  -34.254  -67.985  21.115 0.3000000119
5522  -33.939  -67.996  20.710 0.3000000119
5524  -31.006  -68.422  19.861 0.6000000238
5907  -21.849  -67.856  31.630 0.5000000000
5941  -24.420  -67.354  28.380 0.6999999881
5982  -23.348  -67.629  23.877 0.6000000238
5995  -23.736  -68.196  22.841 0.6000000238
6017  -28.839  -67.676  20.838 0.5000000000
6021  -32.277  -67.425  20.042 0.4000000060
6027  -32.994  -68.156  20.071 0.4000000060
6359  -22.011  -67.168  31.622 0.6000000238
6374  -29.723  -65.684  30.042 0.3000000119
6390  -30.605  -66.694  28.785 0.3000000119
6416  -37.435  -66.222  26.456 0.3000000119
6463  -25.915  -67.023  22.340 0.5000000000
6486  -30.848  -66.870  20.530 0.4000000060
6487  -31.897  -66.763  20.451 0.4000000060
6488  -32.959  -66.977  20.385 0.4000000060
6489  -33.720  -67.301  20.579 0.4000000060
6859  -22.133  -66.291  31.586 0.6000000238
6872  -23.491  -65.505  30.237 0.6000000238
6877  -30.259  -65.384  29.623 0.3000000119
6879  -32.005  -64.945  28.940 0.3000000119
6956  -31.887  -65.551  23.238 0.4000000060
6968  -24.071  -65.962  21.837 0.6000000238
6971  -32.587  -65.662  22.402 0.4000000060
7481  -28.987  -64.310  26.040 0.5000000000
7537  -25.186  -64.587  21.235 0.5000000000
8093  -30.380  -64.063  26.347 0.4000000060
8144  -27.161  -63.527  21.276 0.5000000000
8634  -19.205  -62.603  31.417 0.5000000000
8635  -19.999  -62.575  31.691 0.5000000000
8650  -18.625  -63.084  30.458 0.5000000000
8678  -18.442  -61.438  28.400 0.6000000238
8696  -23.403  -62.778  26.044 0.5000000000
8753  -23.915  -62.899  21.972 0.6000000238
8764  -28.262  -62.826  21.241 0.4000000060
8767  -26.794  -62.932  20.703 0.4000000060
9256  -19.394  -61.889  31.380 0.5000000000
9271  -19.737  -61.050  31.257 0.5000000000
9274  -24.189  -61.103  30.148 0.6000000238
9282  -18.444  -61.228  29.588 0.6000000238
9368  -23.613  -62.130  24.613 0.5000000000
9377  -24.520  -61.151  22.551 0.5000000000
9396  -24.789  -62.230  21.461 0.6000000238
9946  -20.690  -60.866  31.425 0.6000000238
9948  -23.234  -60.344  31.307 0.6000000238
9957  -19.365  -60.595  30.619 0.6000000238
9960  -23.809  -60.797  30.944 0.6000000238
9972  -18.736  -60.718  29.310 0.6000000238
9973  -19.230  -60.335  29.827 0.6000000238
10003  -25.194  -60.667  27.737 0.5000000000
10040  -20.454  -59.947  24.527 0.5000000000
10621  -25.072  -59.745  31.301 0.6000000238
10630  -26.285  -59.983  30.153 0.6000000238
11232  -23.350  -58.909  31.598 0.6000000238
11291  -21.040  -58.409  27.957 0.6999999881
11975  -21.979  -57.452  32.087 0.6000000238
12002  -22.148  -58.109  30.721 0.6000000238
12030  -20.969  -57.962  27.479 0.6999999881
12072  -15.596  -57.035  23.966 0.5000000000
12653  -20.539  -56.426  31.849 0.5000000000
12693  -20.517  -56.591  28.126 0.6999999881
12717  -11.466  -57.126  25.699 0.5000000000
12719  -13.670  -56.413  25.105 0.6000000238
12722  -20.557  -56.457  24.696 0.5000000000
12747  -19.934  -56.219  23.202 0.5000000000
13290  -22.423  -55.566  33.354 0.5000000000
13322  -19.774  -55.730  30.317 0.6000000238
13343  -12.682  -55.987  27.984 0.5000000000
13344  -13.685  -55.915  27.939 0.5000000000
13356  -14.248  -55.808  26.086 0.6000000238
13370  -16.112  -55.028  24.558 0.5000000000
13373  -20.087  -55.477  25.595 0.6999999881
13383  -17.605  -54.889  23.856 0.5000000000
13384  -18.638  -54.803  23.917 0.6000000238
13385  -19.578  -54.982  24.207 0.5000000000
13938  -18.432  -54.186  33.000 0.6999999881
13940  -20.293  -54.375  33.416 0.6000000238
13947  -16.019  -54.005  31.726 0.6000000238
13960  -14.569  -53.827  30.902 0.6000000238
13962  -17.215  -54.944  30.930 0.6000000238
13980  -15.689  -54.944  30.083 0.6000000238
13983  -18.952  -55.338  30.327 0.6000000238
13992  -13.501  -54.992  29.664 0.6000000238
14006  -17.535  -54.836  27.906 0.6000000238
14008  -19.287  -54.858  26.723 0.6999999881
14016  -11.257  -55.235  27.673 0.5000000000
14017  -16.037  -54.838  26.138 0.6000000238
14020  -18.605  -54.583  26.478 0.6999999881
14033  -11.043  -54.479  26.902 0.5000000000
14034  -16.451  -54.593  25.242 0.6999999881
14035  -17.357  -54.402  25.289 0.6999999881
14617  -22.559  -53.118  33.389 0.5000000000
14647  -15.267  -53.521  31.409 0.6000000238
14662  -12.595  -53.913  29.559 0.5000000000
14673  -13.305  -52.910  27.491 0.5000000000
15308  -16.976  -52.466  32.117 0.6999999881
15315  -14.545  -52.885  30.948 0.6000000238
15318  -16.638  -51.977  31.513 0.6999999881
15325  -13.213  -53.463  30.011 0.5000000000
15327  -14.495  -51.913  29.710 0.6000000238
15350  -13.255  -52.759  28.614 0.5000000000
15353  -15.891  -52.270  26.906 0.5000000000
16022  -19.634  -51.804  32.390 0.6000000238
16031  -18.193  -51.596  31.489 0.6000000238
16047  -21.561  -51.119  30.961 0.5000000000
16057  -18.659  -51.190  29.818 0.6000000238
16059  -21.145  -51.134  29.189 0.5000000000
16067  -20.297  -51.346  27.880 0.5000000000
16082  -15.680  -51.772  28.095 0.5000000000
16121  -17.849  -51.803  25.246 0.4000000060
16748  -22.826  -50.313  30.792 0.4000000060
16772  -22.078  -50.076  28.938 0.4000000060
16829  -18.652  -50.529  24.461 0.3000000119
17497  -24.992  -49.193  31.758 0.4000000060
17516  -22.951  -49.376  29.806 0.4000000060
17546  -21.366  -49.478  27.172 0.3000000119
17574  -17.991  -49.578  24.398 0.3000000119
18270  -22.755  -47.835  29.448 0.3000000119
18312  -17.580  -48.304  24.431 0.3000000119
19025  -23.888  -47.374  30.469 0.3000000119
19026  -24.454  -47.964  30.985 0.4000000060
19055  -11.577  -47.205  27.543 0.3000000119
19063  -14.363  -47.619  26.365 0.4000000060
19079  -17.807  -47.438  24.298 0.3000000119
19081  -19.830  -47.439  23.896 0.3000000119
19082  -20.675  -47.263  24.104 0.3000000119
19807  -14.599  -46.842  26.066 0.4000000060
19823  -17.397  -46.744  24.464 0.3000000119
19824  -19.126  -46.796  23.893 0.3000000119
20544  -12.362  -44.983  27.044 0.4000000060
20557  -14.424  -45.331  26.016 0.4000000060
20558  -15.194  -45.362  25.655 0.4000000060
21232  -11.693  -44.266  30.336 0.3000000119
21265  -10.679  -44.140  27.879 0.3000000119
21275  -12.709  -44.347  27.005 0.3000000119
21289  -15.499  -44.610  25.498 0.4000000060
21291  -21.330  -45.129  25.117 0.3000000119
21299  -21.051  -44.444  24.548 0.3000000119
22060  -10.862  -43.346  28.796 0.3000000119
22075  -11.472  -43.260  28.191 0.3000000119
22087  -11.150  -43.663  27.917 0.3000000119
22090  -13.148  -43.147  27.315 0.4000000060
22097  -13.142  -43.681  26.972 0.4000000060
22099  -14.252  -43.522  26.238 0.3000000119
22114  -16.971  -43.036  24.669 0.3000000119
22120  -17.166  -43.960  24.613 0.3000000119
22897  -13.533  -42.648  27.326 0.4000000060
22909  -15.039  -41.853  25.804 0.3000000119
22923  -16.398  -42.218  24.900 0.3000000119
99087  -23.583  -64.252  28.883 0.6000000238
99178  -21.832  -51.037  32.061 0.5000000000
99312  -16.519  -55.080  29.594 0.6000000238
100239  -19.866  -72.745  27.439 0.5000000000
100289  -10.402  -43.485  29.469 0.3000000119
100296  -21.882  -53.753  33.482 0.5000000000
100427  -23.194  -65.271  25.176 0.6000000238
100842  -14.583  -52.192  30.434 0.6000000238
102928  -19.102  -51.071  24.653 0.3000000119
103009  -14.875  -55.454  25.434 0.6000000238
103023  -13.828  -45.910  30.438 0.3000000119
103215  -29.534  -67.856  20.555 0.5000000000
103421  -21.951  -73.613  26.920 0.5000000000
103510  -20.799  -58.028  26.771 0.6999999881
103582  -13.666  -43.824  26.608 0.4000000060
103995  -20.384  -56.212  25.504 0.6000000238
104116  -15.755  -43.951  25.327 0.4000000060
104211  -21.510  -59.341  30.312 0.6000000238
105019  -17.498  -54.811  31.840 0.6000000238
105341  -18.615  -46.098  24.041 0.3000000119
105726  -24.251  -68.654  23.038 0.6000000238
106053  -20.213  -45.154  23.874 0.3000000119
106196  -29.063  -66.550  30.832 0.3000000119
106444  -31.722  -73.351  25.288 0.5000000000
106692  -19.694  -55.338  27.058 0.6999999881
107496  -15.313  -46.837  25.640 0.4000000060
107929  -17.759  -46.064  24.394 0.3000000119
107964  -29.671  -74.569  22.223 0.5000000000
108608  -32.474  -67.190  27.549 0.3000000119
108999  -16.476  -54.789  26.842 0.6999999881
109013  -28.281  -71.548  22.031 0.6000000238
109253  -12.437  -43.213  28.377 0.3000000119
109266  -14.150  -42.557  26.497 0.4000000060
109279  -14.102  -46.093  26.204 0.4000000060
109401  -31.358  -69.174  19.478 0.4000000060
110050  -21.842  -49.949  28.266 0.4000000060
111565  -17.854  -51.677  27.121 0.4000000060
111668  -23.203  -65.958  25.144 0.6000000238
111855  -20.868  -49.937  25.591 0.3000000119
112323  -19.135  -51.671  26.283 0.4000000060
112341  -26.321  -63.422  20.767 0.6000000238
113129  -20.882  -50.384  26.252 0.3000000119
113353  -19.549  -51.559  31.576 0.5000000000
113386  -15.793  -51.572  30.582 0.6000000238
113718  -22.589  -68.927  31.286 0.6000000238
113950  -19.922  -67.925  31.331 0.5000000000
113989  -23.229  -64.629  25.211 0.5000000000
114550  -20.790  -63.045  31.694 0.6000000238
114937  -21.144  -57.023  29.318 0.6999999881
114967  -20.183  -73.990  22.638 0.5000000000
115877  -17.411  -49.970  24.584 0.3000000119
116217  -24.306  -72.449  26.298 0.5000000000
116263  -16.741  -51.397  30.656 0.6999999881
116582  -27.800  -75.754  22.066 0.6000000238
116707  -34.877  -68.053  23.474 0.3000000119
117006  -20.187  -65.695  31.840 0.6000000238
117011  -16.482  -47.385  24.840 0.3000000119
117334  -15.614  -47.444  25.448 0.3000000119
117340  -27.834  -72.855  18.201 0.6000000238
117691  -23.167  -62.692  30.232 0.6000000238
117874  -26.075  -69.938  26.612 0.6000000238
118869  -30.294  -71.625  18.638 0.6999999881
