#!ascii label  , from subject sub-v2s0x29007_ses-1 vox2ras=TkReg
980
148725  -29.740  -25.198  65.055 0.0000000000
54481  -22.748  -27.742  69.138 0.0000000000
144372  -29.661  -30.079  71.584 0.0000000000
78326  -41.787  -1.682  46.789 0.0000000000
80124  -49.176  0.530  43.045 0.0000000000
60216  -11.616  -21.821  71.581 0.0000000000
74726  -37.770  -5.330  49.723 0.0000000000
60329  -31.166  -21.417  62.645 0.0000000000
52593  -28.711  -28.824  66.902 0.0000000000
58404  -17.407  -23.784  67.009 0.0000000000
54469  -15.481  -27.082  70.137 0.0000000000
57480  -26.324  -24.393  66.993 0.0000000000
60317  -26.455  -21.502  62.975 0.0000000000
51589  -26.057  -30.151  73.970 0.0000000000
55417  -29.268  -26.706  70.825 0.0000000000
65798  -36.760  -15.892  51.766 0.0000000000
69412  -39.578  -11.462  49.733 0.0000000000
73888  -42.265  -6.830  48.092 0.0000000000
56339  -9.777  -25.195  78.188 0.0000000000
55303  -9.169  -26.594  81.947 0.0000000000
62990  -27.575  -19.326  58.991 0.0000000000
64853  -28.993  -16.567  56.356 0.0000000000
64885  -33.180  -16.920  54.305 0.0000000000
56376  -11.564  -25.367  73.922 0.0000000000
51670  -21.947  -29.906  67.056 0.0000000000
51628  -23.813  -30.063  69.928 0.0000000000
54523  -29.578  -27.357  65.729 0.0000000000
56442  -21.583  -25.620  69.481 0.0000000000
56484  -20.420  -25.940  66.576 0.0000000000
54498  -18.308  -27.585  66.976 0.0000000000
58375  -27.086  -23.637  69.467 0.0000000000
56455  -27.579  -25.728  69.135 0.0000000000
148307  -36.394  -13.317  51.051 0.0000000000
67588  -38.570  -13.518  50.535 0.0000000000
69391  -37.536  -10.914  50.183 0.0000000000
73885  -39.412  -6.250  48.438 0.0000000000
75625  -41.188  -4.629  46.842 0.0000000000
73912  -44.145  -6.326  46.929 0.0000000000
76541  -43.580  -3.398  45.263 0.0000000000
76552  -45.689  -3.174  44.469 0.0000000000
62964  -27.517  -19.118  63.379 0.0000000000
145369  -27.111  -20.963  60.900 0.0000000000
149603  -27.454  -17.225  60.864 0.0000000000
66644  -27.057  -14.741  57.369 0.0000000000
67544  -28.654  -13.552  54.938 0.0000000000
65772  -30.644  -16.029  55.021 0.0000000000
130607  -30.825  -13.891  54.024 0.0000000000
67558  -33.080  -13.577  53.270 0.0000000000
51592  -28.214  -30.660  73.507 0.0000000000
58324  -9.895  -23.791  74.300 0.0000000000
57423  -11.261  -24.332  72.622 0.0000000000
52439  -7.930  -29.433  83.423 0.0000000000
52433  -6.209  -29.433  85.933 0.0000000000
72048  -36.704  -7.759  51.327 0.0000000000
62122  -31.804  -19.625  61.896 0.0000000000
52548  -28.750  -29.207  69.234 0.0000000000
59335  -13.715  -22.545  69.665 0.0000000000
56425  -13.309  -25.023  70.610 0.0000000000
56451  -15.567  -25.563  68.189 0.0000000000
81022  -50.759  1.196  42.281 0.0000000000
56507  -27.463  -25.423  64.778 0.0000000000
58443  -27.604  -23.905  62.961 0.0000000000
58425  -26.048  -23.388  65.603 0.0000000000
54461  -23.405  -26.737  71.092 0.0000000000
52523  -24.256  -29.244  71.457 0.0000000000
53480  -25.183  -28.203  73.176 0.0000000000
52487  -27.101  -28.704  74.290 0.0000000000
51594  -29.141  -29.415  73.320 0.0000000000
53482  -30.041  -28.014  73.271 0.0000000000
136122  -29.817  -28.490  71.481 0.0000000000
54482  -28.411  -28.147  69.166 0.0000000000
149448  -27.504  -27.303  66.965 0.0000000000
63949  -37.672  -17.082  54.045 0.0000000000
72072  -38.624  -8.476  49.334 0.0000000000
129531  -41.007  -8.742  49.347 0.0000000000
77459  -47.161  -2.726  44.083 0.0000000000
55318  -9.636  -25.724  79.521 0.0000000000
52445  -9.027  -29.129  80.817 0.0000000000
59427  -28.591  -22.997  61.579 0.0000000000
150145  -29.878  -20.801  60.225 0.0000000000
62985  -30.179  -18.703  59.394 0.0000000000
65720  -26.670  -15.732  59.034 0.0000000000
63895  -27.969  -17.143  57.239 0.0000000000
145336  -30.764  -17.348  58.349 0.0000000000
64836  -31.851  -17.012  57.815 0.0000000000
63897  -33.644  -17.422  57.106 0.0000000000
63936  -35.229  -17.742  55.260 0.0000000000
64903  -34.525  -16.322  52.759 0.0000000000
67566  -34.429  -13.781  52.439 0.0000000000
51608  -25.194  -30.955  72.765 0.0000000000
58304  -8.409  -23.412  76.733 0.0000000000
56357  -10.599  -25.605  76.007 0.0000000000
56400  -12.933  -25.861  72.227 0.0000000000
50665  -4.211  -31.228  85.929 0.0000000000
53542  -22.498  -28.517  67.618 0.0000000000
52562  -23.302  -29.938  68.548 0.0000000000
53530  -23.229  -29.196  68.897 0.0000000000
55484  -29.490  -25.831  65.135 0.0000000000
153708  -22.307  -26.638  69.401 0.0000000000
56453  -21.376  -25.766  68.478 0.0000000000
55446  -21.987  -27.289  67.581 0.0000000000
54510  -21.574  -27.725  66.746 0.0000000000
68485  -36.388  -12.306  51.418 0.0000000000
69390  -36.873  -11.905  50.782 0.0000000000
70279  -36.757  -10.552  51.088 0.0000000000
77434  -40.854  -2.033  47.842 0.0000000000
76526  -40.210  -3.677  47.349 0.0000000000
76533  -41.332  -3.249  46.484 0.0000000000
75633  -42.431  -4.302  46.024 0.0000000000
77446  -42.534  -2.639  45.766 0.0000000000
77448  -43.757  -2.557  45.103 0.0000000000
63842  -27.562  -18.289  61.874 0.0000000000
68428  -27.977  -12.066  56.124 0.0000000000
67545  -29.372  -13.679  54.507 0.0000000000
69351  -30.145  -11.698  54.628 0.0000000000
68458  -31.444  -12.276  54.187 0.0000000000
51602  -29.337  -29.823  72.912 0.0000000000
135056  -28.579  -30.777  73.194 0.0000000000
51601  -29.182  -30.853  72.753 0.0000000000
58341  -10.288  -23.088  72.811 0.0000000000
59310  -11.216  -22.518  71.772 0.0000000000
134633  -49.089  -0.976  43.174 0.0000000000
152991  -7.515  -29.515  84.294 0.0000000000
60307  -31.655  -21.469  64.018 0.0000000000
61231  -31.533  -20.564  62.303 0.0000000000
52563  -28.743  -29.575  68.418 0.0000000000
52579  -29.351  -29.617  67.387 0.0000000000
58387  -18.569  -23.273  68.103 0.0000000000
136140  -16.498  -22.301  69.149 0.0000000000
60232  -14.923  -21.524  70.253 0.0000000000
58385  -15.600  -23.309  68.037 0.0000000000
57461  -14.713  -24.277  68.573 0.0000000000
56465  -16.147  -25.204  67.469 0.0000000000
51658  -19.889  -30.183  67.777 0.0000000000
53528  -18.167  -28.780  68.118 0.0000000000
56498  -26.638  -25.439  65.638 0.0000000000
57500  -26.420  -24.829  65.192 0.0000000000
58416  -26.091  -23.846  66.267 0.0000000000
54449  -24.315  -26.912  72.178 0.0000000000
53489  -24.266  -27.765  71.919 0.0000000000
54438  -25.211  -27.087  73.404 0.0000000000
52489  -28.224  -28.368  74.228 0.0000000000
51583  -28.448  -29.349  73.742 0.0000000000
52498  -28.804  -29.029  73.769 0.0000000000
55407  -29.713  -26.628  71.441 0.0000000000
54464  -30.102  -27.835  72.047 0.0000000000
52525  -30.022  -28.521  72.268 0.0000000000
150311  -29.501  -28.110  70.762 0.0000000000
53521  -29.096  -28.373  69.990 0.0000000000
54473  -29.200  -27.491  70.435 0.0000000000
56454  -27.132  -25.371  68.499 0.0000000000
55436  -27.394  -26.163  68.452 0.0000000000
55447  -26.849  -26.120  66.703 0.0000000000
55472  -27.495  -26.499  65.638 0.0000000000
64906  -37.102  -16.406  52.400 0.0000000000
64897  -38.289  -16.591  53.409 0.0000000000
65806  -38.335  -15.573  51.868 0.0000000000
68500  -39.143  -12.782  50.225 0.0000000000
67576  -39.869  -13.782  51.002 0.0000000000
73871  -36.878  -6.492  50.797 0.0000000000
72064  -37.059  -8.118  50.171 0.0000000000
136498  -37.772  -6.791  49.459 0.0000000000
144654  -40.649  -6.410  48.098 0.0000000000
72082  -40.060  -7.761  48.981 0.0000000000
72084  -41.741  -8.223  49.294 0.0000000000
149926  -42.341  -9.166  49.888 0.0000000000
148180  -46.583  -3.354  44.337 0.0000000000
78344  -46.399  -1.365  44.179 0.0000000000
78345  -47.209  -1.201  43.929 0.0000000000
58298  -8.876  -24.035  78.172 0.0000000000
57360  -9.223  -24.886  79.382 0.0000000000
131433  -9.586  -25.256  78.872 0.0000000000
53425  -9.760  -28.190  79.605 0.0000000000
52444  -8.546  -29.727  81.516 0.0000000000
58454  -26.477  -23.031  62.783 0.0000000000
58456  -28.052  -23.535  62.265 0.0000000000
59416  -26.904  -22.754  62.082 0.0000000000
62130  -27.451  -19.910  59.586 0.0000000000
61242  -28.182  -21.014  59.994 0.0000000000
61249  -28.694  -20.521  59.541 0.0000000000
61251  -30.225  -20.165  60.217 0.0000000000
62991  -29.404  -19.089  58.898 0.0000000000
66630  -27.070  -14.367  59.583 0.0000000000
152517  -27.675  -15.762  56.569 0.0000000000
65743  -27.250  -15.658  57.075 0.0000000000
63896  -28.925  -17.030  56.954 0.0000000000
63882  -29.284  -17.488  57.616 0.0000000000
64819  -30.190  -17.208  57.203 0.0000000000
64821  -31.645  -17.113  58.236 0.0000000000
133994  -30.469  -16.997  56.642 0.0000000000
64883  -31.486  -16.377  55.018 0.0000000000
129488  -31.698  -16.925  55.923 0.0000000000
63934  -33.484  -17.392  55.402 0.0000000000
133481  -34.395  -17.652  56.556 0.0000000000
150553  -33.823  -17.338  54.576 0.0000000000
63957  -35.342  -17.342  53.695 0.0000000000
64893  -33.695  -16.871  53.821 0.0000000000
67549  -33.590  -12.525  53.572 0.0000000000
66690  -33.730  -13.894  52.814 0.0000000000
67559  -34.245  -12.913  53.038 0.0000000000
52505  -25.093  -29.128  73.083 0.0000000000
51607  -24.778  -30.369  72.184 0.0000000000
51600  -25.575  -30.531  73.477 0.0000000000
57400  -11.007  -24.922  74.355 0.0000000000
57392  -10.252  -24.809  75.631 0.0000000000
56366  -10.777  -25.302  75.171 0.0000000000
55413  -14.250  -26.124  70.635 0.0000000000
56412  -13.088  -25.495  71.407 0.0000000000
55404  -14.207  -26.477  71.299 0.0000000000
51660  -21.660  -30.666  67.390 0.0000000000
50787  -23.016  -31.381  68.127 0.0000000000
50773  -23.674  -31.554  68.848 0.0000000000
50765  -24.559  -31.556  70.631 0.0000000000
53557  -28.449  -28.200  66.506 0.0000000000
53559  -29.997  -28.792  66.601 0.0000000000
57454  -20.540  -24.511  69.542 0.0000000000
57463  -19.825  -24.139  68.083 0.0000000000
57491  -18.692  -24.833  66.543 0.0000000000
55457  -17.470  -26.007  66.815 0.0000000000
140691  -19.555  -27.024  66.257 0.0000000000
52590  -20.905  -29.118  66.635 0.0000000000
58408  -26.596  -23.931  67.833 0.0000000000
145737  -26.563  -23.037  67.810 0.0000000000
56430  -28.728  -25.958  70.584 0.0000000000
55427  -28.762  -26.796  70.066 0.0000000000
57455  -27.319  -24.521  69.679 0.0000000000
66703  -36.421  -14.305  51.138 0.0000000000
66705  -38.036  -14.842  51.144 0.0000000000
66710  -37.070  -13.823  50.764 0.0000000000
68499  -38.236  -12.550  50.260 0.0000000000
69411  -38.785  -11.192  49.697 0.0000000000
74727  -38.327  -5.177  48.956 0.0000000000
75617  -39.243  -4.373  48.143 0.0000000000
74743  -40.758  -5.220  47.327 0.0000000000
73898  -41.932  -6.213  47.516 0.0000000000
73899  -43.651  -6.736  47.618 0.0000000000
151237  -43.041  -5.544  46.531 0.0000000000
75642  -44.004  -4.881  45.698 0.0000000000
75643  -44.910  -4.755  45.393 0.0000000000
76542  -44.342  -3.239  44.933 0.0000000000
77456  -44.499  -2.410  44.755 0.0000000000
55332  -10.506  -26.447  77.559 0.0000000000
55319  -10.061  -26.519  78.909 0.0000000000
143973  -10.436  -26.875  78.133 0.0000000000
61222  -26.780  -20.722  63.192 0.0000000000
60327  -26.648  -21.577  62.043 0.0000000000
61230  -26.993  -20.176  61.987 0.0000000000
62121  -27.041  -19.463  60.892 0.0000000000
136320  -26.796  -18.393  59.828 0.0000000000
67509  -27.083  -13.469  58.449 0.0000000000
68408  -27.522  -12.551  56.943 0.0000000000
66659  -27.705  -14.229  55.822 0.0000000000
66660  -28.248  -15.161  55.679 0.0000000000
64871  -29.972  -16.505  55.957 0.0000000000
66679  -29.318  -14.632  54.751 0.0000000000
65781  -31.086  -15.623  54.479 0.0000000000
65789  -31.680  -15.193  53.968 0.0000000000
154385  -32.769  -15.199  53.358 0.0000000000
66687  -31.591  -14.272  53.783 0.0000000000
155908  -26.961  -30.431  74.226 0.0000000000
51590  -26.546  -30.644  74.177 0.0000000000
58333  -10.054  -23.492  73.501 0.0000000000
57411  -11.117  -24.639  73.480 0.0000000000
53416  -8.950  -27.909  82.106 0.0000000000
55302  -8.908  -26.638  82.701 0.0000000000
143669  -8.258  -28.022  83.812 0.0000000000
53410  -7.927  -27.965  84.720 0.0000000000
53401  -6.033  -28.060  86.117 0.0000000000
62979  -31.884  -18.723  61.513 0.0000000000
141725  -29.426  -30.332  70.612 0.0000000000
51620  -29.538  -30.927  71.467 0.0000000000
131580  -13.642  -21.317  70.845 0.0000000000
60230  -13.011  -21.717  70.690 0.0000000000
58351  -12.028  -23.198  70.999 0.0000000000
58361  -13.222  -23.371  69.913 0.0000000000
141968  -14.298  -24.876  69.277 0.0000000000
54478  -15.586  -26.782  69.331 0.0000000000
54496  -16.928  -26.861  67.657 0.0000000000
54479  -16.508  -27.597  68.973 0.0000000000
53517  -16.651  -28.084  69.820 0.0000000000
81021  -49.935  0.973  42.697 0.0000000000
56509  -29.066  -25.443  64.763 0.0000000000
57509  -28.681  -24.906  64.310 0.0000000000
57508  -27.793  -24.913  64.202 0.0000000000
57517  -26.501  -24.022  64.005 0.0000000000
59396  -26.125  -22.531  64.268 0.0000000000
59380  -26.186  -22.786  66.351 0.0000000000
60293  -26.312  -21.711  64.881 0.0000000000
60306  -26.757  -20.817  64.525 0.0000000000
62107  -27.409  -19.494  64.047 0.0000000000
54471  -23.123  -27.726  69.983 0.0000000000
53509  -23.528  -28.417  70.294 0.0000000000
53500  -23.958  -28.304  71.232 0.0000000000
149721  -24.806  -28.613  72.661 0.0000000000
52496  -26.121  -29.208  73.933 0.0000000000
53472  -26.068  -28.239  74.084 0.0000000000
52497  -26.700  -29.712  74.168 0.0000000000
51582  -27.769  -29.890  73.921 0.0000000000
51593  -28.708  -29.910  73.402 0.0000000000
52514  -29.668  -29.441  72.743 0.0000000000
53474  -29.723  -27.927  73.859 0.0000000000
52506  -29.571  -28.888  73.228 0.0000000000
137952  -29.912  -28.779  72.811 0.0000000000
52524  -29.863  -29.316  72.110 0.0000000000
133923  -29.260  -29.368  70.189 0.0000000000
53531  -28.302  -28.673  68.304 0.0000000000
136883  -28.214  -27.090  69.233 0.0000000000
54490  -27.993  -27.723  68.438 0.0000000000
53543  -27.865  -27.865  67.123 0.0000000000
54511  -27.847  -27.521  66.410 0.0000000000
55473  -28.246  -26.742  65.416 0.0000000000
55416  -22.856  -26.419  70.594 0.0000000000
133436  -38.984  -14.803  51.407 0.0000000000
143994  -36.967  -8.947  50.454 0.0000000000
70295  -37.780  -10.197  49.856 0.0000000000
71184  -39.305  -9.840  49.421 0.0000000000
73024  -39.085  -7.691  49.040 0.0000000000
72073  -39.579  -8.436  49.191 0.0000000000
130512  -40.167  -10.175  49.466 0.0000000000
70298  -41.487  -10.480  49.888 0.0000000000
77469  -48.515  -2.461  43.677 0.0000000000
145026  -48.528  -0.867  43.394 0.0000000000
80123  -48.444  0.371  43.493 0.0000000000
57349  -9.178  -25.139  80.239 0.0000000000
56315  -9.461  -25.993  80.586 0.0000000000
149468  -9.778  -26.595  79.858 0.0000000000
152736  -9.587  -26.794  80.537 0.0000000000
54370  -9.215  -27.316  81.622 0.0000000000
53418  -8.745  -28.768  81.779 0.0000000000
58444  -29.362  -23.731  63.364 0.0000000000
58458  -29.814  -23.043  62.832 0.0000000000
59429  -30.067  -22.175  61.646 0.0000000000
59434  -27.754  -22.098  60.878 0.0000000000
60347  -29.191  -21.864  60.642 0.0000000000
61237  -30.462  -21.450  61.316 0.0000000000
132059  -30.852  -20.082  60.858 0.0000000000
62127  -31.331  -19.397  61.114 0.0000000000
62986  -31.353  -18.446  60.719 0.0000000000
64792  -27.267  -16.513  60.373 0.0000000000
63872  -26.668  -17.754  59.177 0.0000000000
66638  -26.820  -14.873  58.250 0.0000000000
64818  -26.653  -17.003  58.545 0.0000000000
62997  -27.768  -18.650  58.382 0.0000000000
62998  -28.944  -18.407  58.226 0.0000000000
63873  -30.448  -17.815  59.052 0.0000000000
64855  -31.239  -17.036  56.808 0.0000000000
64837  -32.774  -17.121  57.647 0.0000000000
63947  -35.889  -17.636  54.568 0.0000000000
64895  -35.758  -16.942  52.916 0.0000000000
64904  -35.229  -16.256  52.323 0.0000000000
64902  -33.924  -15.983  52.898 0.0000000000
65797  -34.454  -15.662  52.394 0.0000000000
65803  -35.726  -14.833  51.478 0.0000000000
67575  -35.690  -13.900  51.491 0.0000000000
67568  -35.792  -12.986  51.799 0.0000000000
52535  -23.853  -29.208  70.602 0.0000000000
51619  -24.575  -30.759  71.307 0.0000000000
133707  -26.027  -31.024  73.971 0.0000000000
57383  -9.568  -24.483  76.912 0.0000000000
58317  -9.185  -23.635  75.517 0.0000000000
57391  -9.686  -24.317  76.035 0.0000000000
56347  -9.992  -25.140  77.386 0.0000000000
56349  -10.841  -26.767  76.860 0.0000000000
57434  -12.088  -24.421  71.528 0.0000000000
136690  -12.310  -25.492  72.653 0.0000000000
56386  -12.159  -25.783  73.505 0.0000000000
50667  -5.338  -31.775  85.459 0.0000000000
51517  -4.912  -30.336  85.746 0.0000000000
52428  -4.479  -28.821  86.060 0.0000000000
57511  -29.953  -24.438  64.830 0.0000000000
53529  -22.835  -28.493  68.526 0.0000000000
55426  -22.353  -27.052  68.926 0.0000000000
55435  -21.999  -26.913  68.176 0.0000000000
144010  -22.399  -27.679  68.142 0.0000000000
54500  -22.095  -27.818  67.245 0.0000000000
69379  -36.640  -11.348  51.285 0.0000000000
77439  -41.095  -2.373  46.924 0.0000000000
77440  -41.829  -2.513  46.278 0.0000000000
76534  -42.066  -3.388  46.030 0.0000000000
78327  -42.365  -1.804  46.134 0.0000000000
68442  -29.250  -12.011  54.805 0.0000000000
51609  -29.602  -30.272  72.366 0.0000000000
60206  -11.130  -21.665  72.032 0.0000000000
59302  -10.635  -22.430  72.315 0.0000000000
79279  -49.476  -0.373  42.925 0.0000000000
60319  -31.592  -21.069  63.250 0.0000000000
61223  -31.904  -20.422  63.215 0.0000000000
52578  -28.692  -29.256  67.569 0.0000000000
51649  -29.073  -29.833  67.862 0.0000000000
58386  -17.693  -23.124  67.739 0.0000000000
59356  -16.954  -22.666  68.368 0.0000000000
59369  -16.789  -23.228  67.561 0.0000000000
59355  -16.147  -22.531  68.581 0.0000000000
58402  -16.064  -23.577  67.626 0.0000000000
57462  -15.410  -24.055  67.916 0.0000000000
56480  -16.819  -24.624  66.976 0.0000000000
139412  -26.543  -25.310  66.893 0.0000000000
57493  -26.270  -24.816  66.083 0.0000000000
52488  -27.576  -28.412  74.302 0.0000000000
52490  -28.803  -28.119  74.226 0.0000000000
132541  -30.129  -26.999  71.959 0.0000000000
54463  -29.733  -27.466  71.266 0.0000000000
57481  -26.727  -24.894  67.769 0.0000000000
137062  -26.976  -25.910  67.636 0.0000000000
56485  -26.590  -25.584  66.237 0.0000000000
65799  -37.513  -15.939  51.972 0.0000000000
68512  -39.829  -12.220  50.036 0.0000000000
131408  -39.822  -12.865  50.356 0.0000000000
69413  -40.267  -11.605  49.863 0.0000000000
138432  -37.258  -5.890  50.316 0.0000000000
73877  -37.144  -6.683  50.017 0.0000000000
149701  -37.520  -6.120  49.691 0.0000000000
73887  -41.384  -6.662  48.104 0.0000000000
73039  -41.759  -7.423  48.710 0.0000000000
73025  -42.533  -7.889  49.195 0.0000000000
56340  -9.945  -25.766  78.612 0.0000000000
59415  -26.485  -22.268  62.454 0.0000000000
61248  -27.960  -20.458  59.605 0.0000000000
62131  -28.209  -19.959  59.157 0.0000000000
62132  -29.077  -19.905  59.115 0.0000000000
62135  -28.505  -19.280  58.711 0.0000000000
65758  -28.180  -15.875  56.162 0.0000000000
64834  -27.919  -16.412  56.730 0.0000000000
152933  -29.558  -16.972  56.691 0.0000000000
64854  -29.795  -16.866  56.507 0.0000000000
64884  -32.434  -16.513  54.462 0.0000000000
64873  -32.252  -16.840  55.242 0.0000000000
64874  -32.953  -17.126  54.943 0.0000000000
64892  -33.066  -16.390  53.799 0.0000000000
131865  -25.578  -29.641  73.520 0.0000000000
52513  -25.050  -30.032  72.963 0.0000000000
56367  -11.334  -25.725  74.726 0.0000000000
56368  -11.627  -26.464  75.019 0.0000000000
55414  -14.804  -26.691  70.652 0.0000000000
56301  -9.220  -25.954  81.502 0.0000000000
56290  -8.985  -25.897  82.323 0.0000000000
59398  -31.228  -22.217  64.257 0.0000000000
50796  -22.400  -31.079  67.740 0.0000000000
51661  -22.454  -30.249  67.492 0.0000000000
51638  -23.631  -30.493  69.048 0.0000000000
151142  -23.952  -30.906  69.553 0.0000000000
50774  -24.208  -31.609  69.749 0.0000000000
51629  -24.235  -30.813  70.333 0.0000000000
53567  -29.134  -28.021  66.013 0.0000000000
56427  -21.127  -24.987  70.017 0.0000000000
56468  -21.166  -25.991  67.401 0.0000000000
56452  -20.845  -25.222  68.016 0.0000000000
56467  -20.599  -25.328  67.192 0.0000000000
57478  -19.643  -24.358  67.227 0.0000000000
57492  -20.023  -25.008  66.806 0.0000000000
56483  -19.388  -25.508  66.382 0.0000000000
139050  -19.764  -26.331  66.281 0.0000000000
52591  -21.666  -29.191  66.837 0.0000000000
53554  -20.563  -28.348  66.447 0.0000000000
51669  -21.230  -29.881  66.984 0.0000000000
58389  -26.830  -23.377  68.563 0.0000000000
58376  -27.383  -24.005  70.268 0.0000000000
57465  -26.975  -24.402  68.722 0.0000000000
67586  -37.042  -13.116  50.678 0.0000000000
150091  -37.428  -11.665  50.401 0.0000000000
68498  -37.387  -12.462  50.494 0.0000000000
155544  -37.794  -12.078  50.285 0.0000000000
69392  -38.101  -11.625  50.024 0.0000000000
69410  -38.124  -10.871  49.815 0.0000000000
75616  -38.727  -4.403  48.780 0.0000000000
76525  -39.589  -3.810  47.869 0.0000000000
75631  -40.895  -3.888  46.817 0.0000000000
75624  -40.480  -4.480  47.219 0.0000000000
73897  -41.060  -5.976  47.607 0.0000000000
74744  -41.657  -5.405  46.990 0.0000000000
73910  -42.519  -5.818  46.979 0.0000000000
74751  -42.421  -5.146  46.463 0.0000000000
75641  -43.331  -4.208  45.574 0.0000000000
75634  -43.155  -4.975  46.048 0.0000000000
130845  -44.198  -4.079  45.244 0.0000000000
78336  -43.994  -1.625  45.097 0.0000000000
129674  -27.148  -20.021  63.060 0.0000000000
62116  -27.285  -19.397  62.452 0.0000000000
63851  -27.221  -18.098  60.864 0.0000000000
62978  -27.177  -18.878  61.276 0.0000000000
62984  -26.927  -18.967  60.457 0.0000000000
68441  -28.235  -12.749  55.374 0.0000000000
68427  -27.639  -12.803  56.051 0.0000000000
67536  -27.742  -13.383  55.752 0.0000000000
66671  -28.508  -14.364  55.166 0.0000000000
65769  -28.900  -15.148  55.229 0.0000000000
153894  -28.925  -14.068  54.773 0.0000000000
67546  -30.145  -13.549  54.233 0.0000000000
66680  -30.086  -14.336  54.322 0.0000000000
66681  -30.880  -14.800  54.165 0.0000000000
68459  -32.435  -12.179  54.054 0.0000000000
51591  -27.240  -30.716  74.091 0.0000000000
58334  -10.658  -23.890  73.059 0.0000000000
153763  -8.582  -28.426  82.518 0.0000000000
54366  -8.630  -27.577  83.025 0.0000000000
53413  -8.286  -28.578  83.213 0.0000000000
154486  -7.126  -29.538  85.067 0.0000000000
53409  -7.482  -28.828  84.889 0.0000000000
52435  -6.783  -29.005  85.635 0.0000000000
134707  -6.666  -28.155  85.924 0.0000000000
53403  -6.177  -28.836  86.028 0.0000000000
62109  -32.097  -19.785  62.794 0.0000000000
62972  -32.321  -18.947  62.330 0.0000000000
52549  -29.163  -30.058  69.645 0.0000000000
60246  -14.458  -21.982  69.697 0.0000000000
134592  -14.397  -21.286  70.789 0.0000000000
60231  -13.760  -21.767  70.225 0.0000000000
59321  -13.066  -22.466  70.215 0.0000000000
58371  -13.850  -23.409  69.351 0.0000000000
131008  -15.225  -24.787  68.227 0.0000000000
56450  -14.912  -25.234  68.771 0.0000000000
56440  -14.634  -25.719  69.492 0.0000000000
55432  -15.229  -26.059  69.006 0.0000000000
55458  -18.076  -26.675  66.692 0.0000000000
143508  -17.371  -26.639  67.125 0.0000000000
54497  -17.551  -27.287  67.357 0.0000000000
53519  -17.950  -29.013  68.949 0.0000000000
54488  -17.086  -27.648  68.222 0.0000000000
54480  -17.024  -28.105  69.020 0.0000000000
56508  -28.278  -25.512  64.674 0.0000000000
146028  -26.118  -24.129  65.421 0.0000000000
148318  -26.311  -24.282  64.713 0.0000000000
58432  -26.096  -23.482  64.684 0.0000000000
58441  -26.232  -23.249  63.646 0.0000000000
59389  -26.099  -22.592  65.290 0.0000000000
59371  -26.748  -22.189  67.724 0.0000000000
59370  -26.422  -22.682  67.191 0.0000000000
59381  -26.566  -21.919  66.920 0.0000000000
61194  -27.061  -20.055  66.337 0.0000000000
60294  -26.653  -21.024  65.348 0.0000000000
136747  -27.064  -20.318  63.870 0.0000000000
150353  -23.133  -27.096  70.448 0.0000000000
54472  -23.527  -27.594  70.757 0.0000000000
54450  -24.733  -27.681  72.593 0.0000000000
53481  -25.620  -28.726  73.589 0.0000000000
53473  -26.628  -28.557  74.231 0.0000000000
51581  -27.234  -29.759  74.141 0.0000000000
142156  -30.218  -27.662  73.286 0.0000000000
52499  -29.326  -28.616  73.602 0.0000000000
52537  -29.619  -29.403  71.124 0.0000000000
53510  -29.476  -28.752  70.702 0.0000000000
56443  -28.148  -26.070  69.740 0.0000000000
142917  -27.826  -26.384  68.994 0.0000000000
150561  -27.339  -26.632  67.889 0.0000000000
55437  -27.677  -26.916  68.462 0.0000000000
54489  -27.600  -27.350  67.691 0.0000000000
54501  -27.975  -28.039  67.794 0.0000000000
56499  -27.166  -25.838  65.339 0.0000000000
55482  -27.893  -26.074  65.093 0.0000000000
55483  -28.801  -26.179  65.055 0.0000000000
55406  -23.078  -25.916  71.363 0.0000000000
146325  -22.701  -26.970  69.774 0.0000000000
139640  -37.406  -17.439  54.806 0.0000000000
65792  -38.976  -16.011  52.844 0.0000000000
64898  -39.000  -16.412  53.715 0.0000000000
151497  -38.512  -14.280  50.908 0.0000000000
71160  -36.653  -8.609  51.321 0.0000000000
71171  -36.708  -9.645  51.358 0.0000000000
72063  -36.804  -8.169  50.701 0.0000000000
72071  -37.612  -8.524  49.718 0.0000000000
71183  -38.320  -9.431  49.542 0.0000000000
70296  -38.603  -10.380  49.595 0.0000000000
73884  -38.750  -5.815  48.639 0.0000000000
73037  -38.661  -6.754  48.930 0.0000000000
73038  -39.636  -7.035  48.673 0.0000000000
72074  -40.368  -8.409  49.201 0.0000000000
71185  -40.114  -9.212  49.317 0.0000000000
71186  -41.055  -9.718  49.531 0.0000000000
71172  -42.631  -9.658  50.245 0.0000000000
73911  -43.324  -6.093  46.975 0.0000000000
75657  -46.108  -3.997  44.687 0.0000000000
76553  -47.506  -3.615  44.251 0.0000000000
77460  -48.029  -2.984  43.932 0.0000000000
79270  -47.512  -0.363  43.861 0.0000000000
78351  -47.964  -1.082  43.651 0.0000000000
79277  -48.187  -0.339  43.566 0.0000000000
57359  -8.680  -24.401  79.927 0.0000000000
54386  -10.267  -27.299  78.626 0.0000000000
54377  -9.974  -27.340  79.326 0.0000000000
53422  -9.418  -28.224  80.427 0.0000000000
54376  -9.689  -27.420  80.117 0.0000000000
54373  -9.422  -27.418  80.864 0.0000000000
53419  -9.143  -28.127  81.274 0.0000000000
51530  -8.177  -30.342  82.120 0.0000000000
57519  -28.339  -24.367  63.573 0.0000000000
57510  -29.334  -24.339  64.137 0.0000000000
58457  -29.023  -23.430  62.416 0.0000000000
59417  -29.564  -22.810  61.977 0.0000000000
59418  -30.269  -22.449  62.432 0.0000000000
60337  -27.058  -21.693  61.240 0.0000000000
60338  -27.618  -21.372  60.571 0.0000000000
61243  -29.129  -21.151  60.093 0.0000000000
60346  -28.387  -21.698  60.432 0.0000000000
60348  -29.873  -21.376  60.598 0.0000000000
60339  -29.815  -21.887  61.040 0.0000000000
61245  -30.977  -20.715  61.414 0.0000000000
61244  -30.427  -20.791  60.733 0.0000000000
62133  -29.870  -19.611  59.575 0.0000000000
62126  -30.664  -19.230  60.262 0.0000000000
62992  -30.851  -18.096  59.909 0.0000000000
65721  -27.029  -15.219  59.635 0.0000000000
65706  -27.385  -15.501  60.318 0.0000000000
130446  -26.870  -16.059  59.621 0.0000000000
135987  -26.659  -16.896  59.441 0.0000000000
64803  -26.540  -16.389  59.004 0.0000000000
135235  -26.929  -14.184  58.023 0.0000000000
64833  -27.015  -16.462  57.609 0.0000000000
63894  -27.184  -17.291  57.846 0.0000000000
63881  -27.993  -17.845  57.820 0.0000000000
62999  -29.888  -17.812  58.343 0.0000000000
63874  -31.198  -17.290  59.451 0.0000000000
65771  -29.982  -16.002  55.353 0.0000000000
64872  -30.713  -16.622  55.805 0.0000000000
64857  -32.965  -17.244  56.729 0.0000000000
144768  -32.151  -17.028  56.837 0.0000000000
148195  -35.144  -17.782  56.077 0.0000000000
131172  -35.934  -17.781  55.651 0.0000000000
63937  -36.743  -17.651  55.190 0.0000000000
64894  -34.885  -16.889  53.039 0.0000000000
65791  -33.205  -15.656  53.227 0.0000000000
66689  -33.119  -14.677  53.071 0.0000000000
153345  -34.054  -14.420  52.500 0.0000000000
142966  -34.410  -14.805  52.210 0.0000000000
149814  -35.069  -15.324  51.881 0.0000000000
66696  -35.015  -14.379  51.840 0.0000000000
68479  -35.472  -12.593  52.645 0.0000000000
131297  -24.471  -29.965  71.640 0.0000000000
148982  -24.871  -31.065  72.009 0.0000000000
148309  -26.906  -30.965  74.222 0.0000000000
50734  -26.597  -31.421  74.158 0.0000000000
58305  -8.992  -23.942  77.289 0.0000000000
154538  -9.088  -22.900  74.429 0.0000000000
59276  -8.779  -22.888  75.009 0.0000000000
137249  -9.321  -23.394  74.690 0.0000000000
57384  -10.165  -25.011  76.522 0.0000000000
56348  -10.460  -25.891  76.926 0.0000000000
57444  -12.885  -24.143  70.406 0.0000000000
143954  -11.861  -23.779  71.342 0.0000000000
57435  -12.673  -24.718  71.104 0.0000000000
56399  -12.475  -25.153  71.846 0.0000000000
56387  -12.810  -26.144  73.094 0.0000000000
80128  -50.497  0.266  42.405 0.0000000000
150493  -4.494  -31.663  85.857 0.0000000000
139228  -4.668  -31.071  85.765 0.0000000000
132836  -4.879  -29.537  85.822 0.0000000000
51516  -4.432  -30.418  85.842 0.0000000000
52592  -22.365  -29.354  67.288 0.0000000000
52577  -22.979  -30.127  67.929 0.0000000000
52561  -22.916  -29.332  68.008 0.0000000000
142762  -23.512  -29.775  69.227 0.0000000000
55474  -29.594  -26.487  65.392 0.0000000000
55434  -21.907  -26.372  68.939 0.0000000000
144864  -21.644  -26.347  68.065 0.0000000000
55445  -21.658  -26.757  67.430 0.0000000000
154203  -21.183  -26.851  66.687 0.0000000000
54499  -21.739  -27.273  67.057 0.0000000000
53556  -21.990  -28.483  66.946 0.0000000000
59341  -27.254  -22.901  70.168 0.0000000000
68497  -36.772  -12.625  50.808 0.0000000000
136307  -37.028  -11.071  50.690 0.0000000000
76518  -39.812  -3.114  47.977 0.0000000000
77433  -40.449  -2.786  47.475 0.0000000000
75632  -41.590  -4.047  46.382 0.0000000000
74750  -41.840  -4.710  46.504 0.0000000000
76540  -42.812  -3.470  45.604 0.0000000000
77447  -43.134  -2.781  45.399 0.0000000000
78335  -43.125  -1.868  45.556 0.0000000000
62970  -27.611  -18.638  62.687 0.0000000000
62971  -27.947  -17.861  62.696 0.0000000000
64771  -27.841  -17.360  61.795 0.0000000000
155775  -28.729  -12.289  55.041 0.0000000000
148145  -28.956  -12.813  54.748 0.0000000000
68457  -29.847  -12.706  54.404 0.0000000000
135535  -30.739  -12.986  54.114 0.0000000000
151910  -30.646  -12.233  54.340 0.0000000000
140918  -28.943  -30.348  73.125 0.0000000000
58342  -10.956  -23.394  72.235 0.0000000000
146995  -49.354  -1.629  43.201 0.0000000000
78359  -49.796  -1.147  42.943 0.0000000000
51526  -7.493  -30.399  83.672 0.0000000000
51524  -7.084  -30.269  84.703 0.0000000000
51522  -6.499  -30.013  85.527 0.0000000000
51639  -28.902  -29.992  68.997 0.0000000000
51663  -29.699  -30.070  67.693 0.0000000000
58373  -18.716  -23.190  69.022 0.0000000000
59357  -17.950  -22.877  68.651 0.0000000000
59339  -17.435  -22.531  69.433 0.0000000000
59338  -16.024  -22.015  69.734 0.0000000000
131368  -15.711  -22.230  69.051 0.0000000000
59337  -14.989  -22.322  69.061 0.0000000000
59353  -14.833  -22.831  68.715 0.0000000000
58372  -14.437  -23.445  68.833 0.0000000000
58384  -15.028  -23.406  68.351 0.0000000000
56464  -15.647  -24.791  67.807 0.0000000000
53541  -19.327  -28.723  67.003 0.0000000000
53540  -18.560  -28.403  67.299 0.0000000000
52574  -18.845  -29.143  67.716 0.0000000000
52559  -18.509  -29.438  68.531 0.0000000000
56506  -26.860  -25.305  65.031 0.0000000000
54462  -23.899  -27.260  71.501 0.0000000000
54451  -30.264  -27.384  72.698 0.0000000000
53491  -30.134  -28.094  72.771 0.0000000000
54483  -28.738  -27.572  69.766 0.0000000000
55448  -27.215  -26.721  67.204 0.0000000000
55461  -27.323  -26.801  66.380 0.0000000000
55471  -26.903  -26.130  65.958 0.0000000000
63959  -36.992  -17.141  53.597 0.0000000000
152158  -37.461  -16.754  53.151 0.0000000000
64907  -37.967  -16.271  52.565 0.0000000000
66712  -39.210  -14.058  50.933 0.0000000000
67589  -39.481  -13.393  50.585 0.0000000000
72994  -36.729  -7.050  51.255 0.0000000000
73011  -36.850  -7.401  50.509 0.0000000000
73022  -37.357  -7.531  49.810 0.0000000000
73023  -38.148  -7.634  49.358 0.0000000000
73886  -40.078  -6.519  48.321 0.0000000000
147253  -40.648  -7.130  48.548 0.0000000000
72083  -40.952  -7.922  49.057 0.0000000000
71187  -41.744  -9.011  49.613 0.0000000000
72075  -42.425  -8.561  49.614 0.0000000000
77457  -45.277  -2.365  44.461 0.0000000000
77458  -46.209  -2.366  44.215 0.0000000000
134738  -46.941  -1.944  44.045 0.0000000000
77468  -47.776  -2.017  43.819 0.0000000000
57369  -9.281  -24.694  78.581 0.0000000000
58442  -26.770  -23.690  63.198 0.0000000000
58455  -27.144  -23.375  62.456 0.0000000000
58466  -27.590  -23.040  61.753 0.0000000000
140047  -27.916  -22.646  61.223 0.0000000000
61241  -27.396  -20.550  60.233 0.0000000000
61250  -29.507  -20.381  59.758 0.0000000000
66629  -26.835  -14.995  58.980 0.0000000000
65757  -27.547  -15.093  56.436 0.0000000000
136050  -31.508  -17.142  58.512 0.0000000000
64820  -31.098  -17.221  57.923 0.0000000000
64835  -31.086  -17.162  57.455 0.0000000000
64856  -32.717  -17.166  55.882 0.0000000000
63918  -33.597  -17.451  56.192 0.0000000000
63935  -34.348  -17.646  55.501 0.0000000000
140048  -34.838  -17.560  54.526 0.0000000000
63956  -34.447  -17.182  53.782 0.0000000000
138105  -34.176  -16.633  53.264 0.0000000000
67567  -35.145  -13.410  52.147 0.0000000000
52512  -24.682  -29.416  72.307 0.0000000000
57399  -10.360  -24.543  74.749 0.0000000000
58318  -9.812  -24.057  75.167 0.0000000000
56358  -10.891  -26.419  76.201 0.0000000000
138874  -11.081  -26.085  75.473 0.0000000000
56426  -14.038  -25.446  70.125 0.0000000000
56413  -13.722  -25.823  70.966 0.0000000000
55403  -13.571  -26.197  71.776 0.0000000000
59407  -31.237  -21.757  63.437 0.0000000000
59419  -30.799  -22.065  62.901 0.0000000000
50794  -20.993  -31.206  67.879 0.0000000000
50795  -21.740  -31.489  67.872 0.0000000000
50786  -22.436  -31.847  68.049 0.0000000000
51648  -23.284  -30.713  68.354 0.0000000000
57453  -19.930  -24.057  69.050 0.0000000000
56441  -20.964  -25.140  69.027 0.0000000000
57464  -20.427  -24.602  68.546 0.0000000000
58388  -19.292  -23.620  68.557 0.0000000000
58406  -19.144  -23.786  67.651 0.0000000000
58405  -18.347  -23.627  67.266 0.0000000000
58415  -18.157  -24.257  66.743 0.0000000000
57490  -17.570  -24.521  66.737 0.0000000000
56482  -18.283  -25.623  66.450 0.0000000000
55459  -18.977  -26.362  66.296 0.0000000000
54507  -18.812  -27.104  66.459 0.0000000000
54509  -20.926  -27.610  66.398 0.0000000000
54508  -20.106  -27.663  66.309 0.0000000000
53553  -19.848  -28.332  66.544 0.0000000000
52576  -20.383  -29.717  67.116 0.0000000000
51659  -20.703  -30.479  67.478 0.0000000000
57456  -27.685  -25.235  69.774 0.0000000000
57466  -27.308  -25.071  69.214 0.0000000000
65804  -36.542  -15.157  51.350 0.0000000000
65805  -37.392  -15.379  51.457 0.0000000000
66704  -37.197  -14.632  51.025 0.0000000000
66711  -37.820  -14.092  50.741 0.0000000000
67587  -37.674  -13.276  50.535 0.0000000000
68511  -38.942  -11.997  49.929 0.0000000000
74734  -38.945  -5.062  48.409 0.0000000000
151130  -39.338  -5.590  48.244 0.0000000000
75623  -39.839  -4.397  47.650 0.0000000000
74742  -40.128  -4.988  47.577 0.0000000000
73896  -40.108  -5.760  47.914 0.0000000000
73889  -42.995  -6.916  48.048 0.0000000000
138247  -42.778  -6.442  47.529 0.0000000000
74752  -43.845  -5.634  46.336 0.0000000000
76543  -45.135  -3.868  44.883 0.0000000000
76551  -44.966  -3.029  44.628 0.0000000000
78342  -44.792  -1.578  44.674 0.0000000000
133717  -10.169  -25.779  77.823 0.0000000000
153756  -10.244  -26.260  78.213 0.0000000000
61229  -26.755  -20.838  62.423 0.0000000000
61236  -26.880  -20.925  61.582 0.0000000000
131942  -27.024  -20.200  61.040 0.0000000000
155777  -27.362  -18.933  61.969 0.0000000000
139807  -27.134  -19.521  61.588 0.0000000000
62125  -27.090  -19.707  60.295 0.0000000000
130905  -27.021  -19.181  59.652 0.0000000000
68398  -27.342  -12.660  58.065 0.0000000000
67515  -27.150  -13.610  57.383 0.0000000000
67528  -27.401  -13.465  56.389 0.0000000000
133176  -27.273  -14.237  56.637 0.0000000000
151324  -29.122  -15.948  55.718 0.0000000000
155377  -29.458  -16.522  56.136 0.0000000000
65770  -29.476  -15.434  55.105 0.0000000000
65780  -30.186  -15.280  54.687 0.0000000000
65782  -31.805  -15.907  54.306 0.0000000000
65790  -32.441  -15.695  53.755 0.0000000000
66688  -32.392  -14.654  53.478 0.0000000000
67557  -32.280  -13.699  53.553 0.0000000000
67547  -31.705  -13.164  53.846 0.0000000000
67548  -32.764  -12.822  53.675 0.0000000000
68460  -33.378  -11.960  53.981 0.0000000000
50728  -27.711  -31.367  73.823 0.0000000000
155331  -28.089  -31.543  73.530 0.0000000000
58323  -9.417  -23.015  73.905 0.0000000000
144276  -9.813  -22.835  73.269 0.0000000000
57410  -10.500  -24.228  73.891 0.0000000000
54470  -16.014  -27.730  70.421 0.0000000000
54367  -9.035  -27.202  82.297 0.0000000000
54364  -8.300  -27.294  84.057 0.0000000000
52437  -7.942  -28.719  84.055 0.0000000000
54360  -7.295  -27.441  85.553 0.0000000000
54357  -6.481  -27.350  86.043 0.0000000000
72049  -36.841  -8.112  52.332 0.0000000000
73858  -37.010  -6.474  51.685 0.0000000000
74706  -37.256  -5.772  51.239 0.0000000000
74720  -37.700  -5.153  50.698 0.0000000000
62980  -32.417  -17.996  61.923 0.0000000000
52594  -29.326  -29.173  66.922 0.0000000000
60218  -13.186  -21.125  71.295 0.0000000000
60217  -12.319  -21.594  71.247 0.0000000000
59311  -11.803  -22.466  71.260 0.0000000000
59320  -12.410  -22.421  70.747 0.0000000000
58360  -12.568  -23.268  70.451 0.0000000000
139827  -14.147  -24.087  69.134 0.0000000000
57452  -13.612  -24.365  69.774 0.0000000000
55424  -15.025  -26.427  69.784 0.0000000000
56466  -16.826  -25.600  67.099 0.0000000000
55444  -16.956  -26.278  67.259 0.0000000000
55443  -16.332  -26.179  67.755 0.0000000000
53539  -17.832  -28.054  67.738 0.0000000000
54487  -16.434  -26.997  68.339 0.0000000000
133809  -16.070  -27.066  68.961 0.0000000000
135371  -16.048  -27.402  69.610 0.0000000000
80127  -49.850  0.175  42.712 0.0000000000
142116  -29.354  -24.864  64.605 0.0000000000
57518  -27.259  -24.335  63.674 0.0000000000
57507  -26.893  -24.778  64.453 0.0000000000
59405  -26.236  -22.399  63.304 0.0000000000
58407  -26.297  -23.450  67.087 0.0000000000
60283  -26.909  -20.983  66.660 0.0000000000
60282  -26.433  -21.669  65.934 0.0000000000
60305  -26.342  -21.675  63.922 0.0000000000
134921  -27.680  -18.922  64.907 0.0000000000
53520  -23.154  -28.468  69.433 0.0000000000
53490  -24.444  -28.519  72.038 0.0000000000
53471  -25.657  -27.730  73.786 0.0000000000
52491  -29.280  -27.972  74.114 0.0000000000
53544  -28.237  -28.530  67.362 0.0000000000
54522  -28.559  -27.480  65.801 0.0000000000
54521  -27.825  -27.092  65.862 0.0000000000
136535  -28.973  -26.911  65.368 0.0000000000
56428  -21.826  -25.322  70.435 0.0000000000
55415  -22.504  -25.613  70.898 0.0000000000
55425  -22.240  -26.147  69.942 0.0000000000
64886  -38.538  -16.790  54.263 0.0000000000
65807  -39.327  -15.324  52.101 0.0000000000
66706  -39.837  -14.380  51.486 0.0000000000
70280  -37.122  -10.100  50.482 0.0000000000
71182  -37.468  -9.445  49.940 0.0000000000
70297  -39.443  -10.686  49.540 0.0000000000
73878  -38.049  -6.000  49.150 0.0000000000
130230  -39.183  -9.087  49.331 0.0000000000
134012  -40.216  -10.969  49.641 0.0000000000
70281  -41.824  -11.134  50.267 0.0000000000
70299  -41.928  -9.749  49.882 0.0000000000
78352  -48.632  -1.639  43.457 0.0000000000
79278  -48.806  -0.284  43.229 0.0000000000
57348  -8.676  -24.628  80.797 0.0000000000
56314  -9.089  -25.300  81.121 0.0000000000
55306  -9.379  -26.658  81.186 0.0000000000
52441  -8.304  -29.331  82.484 0.0000000000
51527  -7.933  -30.097  82.875 0.0000000000
131094  -28.473  -23.835  62.888 0.0000000000
60328  -30.674  -21.813  62.122 0.0000000000
59425  -26.808  -22.178  61.809 0.0000000000
59426  -27.301  -22.435  61.453 0.0000000000
59435  -28.522  -22.340  60.920 0.0000000000
59428  -29.326  -22.417  61.215 0.0000000000
60340  -31.004  -21.206  61.936 0.0000000000
153560  -31.349  -20.105  61.488 0.0000000000
63861  -26.876  -17.507  60.073 0.0000000000
62996  -26.945  -18.614  58.986 0.0000000000
65733  -26.727  -15.476  58.521 0.0000000000
65742  -26.848  -15.563  57.867 0.0000000000
64817  -26.653  -16.124  58.435 0.0000000000
63880  -27.019  -17.923  58.369 0.0000000000
146976  -29.778  -18.343  58.765 0.0000000000
63862  -31.542  -17.472  60.332 0.0000000000
63863  -32.207  -16.964  60.748 0.0000000000
65722  -31.958  -16.889  58.923 0.0000000000
63948  -36.843  -17.444  54.279 0.0000000000
63958  -36.257  -17.315  53.631 0.0000000000
64896  -36.642  -16.868  52.969 0.0000000000
64905  -36.219  -16.408  52.269 0.0000000000
151493  -35.885  -15.699  51.728 0.0000000000
146966  -33.603  -16.343  53.388 0.0000000000
66695  -33.767  -15.037  52.630 0.0000000000
69369  -36.341  -11.522  52.211 0.0000000000
52547  -23.518  -29.187  69.732 0.0000000000
52536  -24.169  -30.016  70.893 0.0000000000
50741  -25.660  -31.368  73.444 0.0000000000
156157  -25.439  -31.674  72.882 0.0000000000
133752  -29.467  -31.394  72.201 0.0000000000
57376  -9.430  -24.586  77.765 0.0000000000
58311  -8.562  -23.238  75.872 0.0000000000
58312  -9.079  -23.833  76.398 0.0000000000
58350  -11.497  -23.249  71.519 0.0000000000
57433  -11.531  -24.020  71.867 0.0000000000
57424  -11.875  -24.768  72.244 0.0000000000
57412  -11.728  -25.057  73.074 0.0000000000
54458  -14.831  -27.075  71.612 0.0000000000
55393  -14.140  -26.833  72.165 0.0000000000
55377  -12.610  -26.452  73.945 0.0000000000
56377  -11.949  -26.096  74.332 0.0000000000
50670  -5.868  -31.778  85.321 0.0000000000
51519  -5.814  -30.771  85.530 0.0000000000
50666  -4.870  -31.704  85.685 0.0000000000
141207  -4.920  -30.837  85.650 0.0000000000
151698  -5.868  -29.673  85.770 0.0000000000
52430  -5.513  -29.065  85.842 0.0000000000
53399  -5.229  -28.246  86.148 0.0000000000
50669  -3.691  -31.551  85.978 0.0000000000
51515  -3.741  -30.493  85.936 0.0000000000
134121  -4.165  -29.596  85.939 0.0000000000
49793  -4.165  -31.980  85.973 0.0000000000
51518  -5.423  -30.211  85.653 0.0000000000
51662  -22.845  -30.719  67.898 0.0000000000
52429  -4.992  -28.902  85.961 0.0000000000
52432  -6.186  -30.045  85.676 0.0000000000
52575  -19.580  -29.466  67.379 0.0000000000
52589  -20.089  -28.988  66.761 0.0000000000
53400  -5.654  -28.232  86.051 0.0000000000
53406  -7.282  -28.270  85.410 0.0000000000
53527  -17.535  -28.422  68.576 0.0000000000
53552  -19.185  -27.864  66.560 0.0000000000
53555  -21.319  -28.394  66.590 0.0000000000
55423  -14.524  -26.106  70.125 0.0000000000
55433  -15.834  -26.472  68.572 0.0000000000
55460  -20.386  -26.873  66.312 0.0000000000
56481  -17.485  -25.201  66.716 0.0000000000
57443  -12.299  -23.946  70.924 0.0000000000
57476  -16.069  -24.337  67.436 0.0000000000
57477  -18.920  -24.192  66.926 0.0000000000
57479  -20.282  -24.717  67.594 0.0000000000
58403  -16.591  -23.860  67.220 0.0000000000
59301  -10.059  -22.273  72.881 0.0000000000
59336  -14.340  -22.689  69.158 0.0000000000
59354  -15.484  -22.724  68.499 0.0000000000
59368  -16.158  -22.935  68.048 0.0000000000
60219  -14.017  -21.027  71.486 0.0000000000
60247  -15.272  -21.906  69.642 0.0000000000
60318  -26.676  -21.019  63.685 0.0000000000
66639  -26.952  -14.227  58.788 0.0000000000
67537  -28.119  -13.663  55.370 0.0000000000
74735  -39.557  -5.043  47.929 0.0000000000
76532  -40.752  -3.196  46.936 0.0000000000
132650  -4.713  -29.627  85.843 0.0000000000
136374  -5.923  -28.867  85.966 0.0000000000
143160  -5.525  -31.095  85.458 0.0000000000
147950  -18.024  -24.869  66.563 0.0000000000
151846  -19.368  -24.736  66.700 0.0000000000
152919  -6.012  -29.344  85.962 0.0000000000
154066  -22.715  -29.768  67.639 0.0000000000
155156  -38.042  -4.642  50.194 0.0000000000
156184  -14.368  -21.598  70.217 0.0000000000
