#!ascii label  , from subject sub-v2s0x29007_ses-1 vox2ras=TkReg
1804
141267  32.396  -51.383  2.642 0.8999999762
31512  32.830  -51.949  2.068 0.8000000119
31523  33.237  -51.655  1.403 0.8000000119
29673  32.887  -53.795  1.015 0.6999999881
153654  32.964  -52.912  -0.366 0.8000000119
32521  31.785  -51.082  3.130 0.8999999762
31511  33.012  -51.206  1.982 1.0000000000
32530  33.649  -50.390  1.145 1.0000000000
31535  33.562  -51.186  0.690 0.8999999762
30636  33.154  -52.411  -0.231 0.8000000119
30637  32.962  -52.724  -1.014 0.8000000119
30645  33.212  -51.856  -0.881 0.8999999762
136553  32.658  -52.834  -1.934 0.8000000119
134364  32.133  -52.896  -2.642 0.6999999881
29702  31.784  -53.675  -2.856 0.6999999881
32510  30.666  -50.615  3.415 0.8000000119
32509  31.422  -50.446  3.308 0.8999999762
155038  31.322  -49.915  3.378 0.8999999762
32511  30.048  -50.274  3.414 0.8999999762
139459  28.273  -50.321  2.530 0.8999999762
137792  33.029  -49.974  2.376 0.8999999762
33475  33.621  -49.609  1.687 1.0000000000
31554  33.473  -51.080  -0.702 0.8999999762
33500  33.584  -49.638  -0.901 1.0000000000
32554  33.370  -50.416  -1.234 0.8999999762
31555  33.141  -51.210  -1.489 0.8999999762
30651  32.416  -52.111  -2.415 0.8000000119
143903  30.717  -52.829  -3.502 0.6999999881
33446  32.048  -48.961  3.261 0.8999999762
33447  31.180  -49.347  3.448 0.8999999762
34255  29.642  -48.983  3.395 0.8999999762
33450  28.870  -49.215  3.132 0.8999999762
138650  28.297  -49.526  2.643 0.8999999762
32508  31.849  -49.776  3.235 0.8999999762
33461  32.587  -49.476  2.851 0.8999999762
33482  33.894  -49.654  0.804 1.0000000000
32565  32.242  -50.609  -2.558 0.8000000119
31567  32.037  -51.400  -2.780 0.8000000119
31579  30.589  -51.464  -3.480 0.8000000119
31580  29.840  -51.287  -3.607 0.8000000119
149788  29.340  -51.725  -3.728 0.8000000119
138995  28.329  -50.999  -3.683 0.8000000119
134960  29.863  -48.275  3.520 0.8999999762
134330  27.629  -48.527  2.326 0.8999999762
34279  26.972  -48.490  1.822 0.8999999762
34253  31.380  -48.398  3.516 0.8999999762
35204  27.297  -47.746  2.231 0.8999999762
34280  26.258  -48.492  1.422 0.8000000119
34287  25.182  -48.904  0.723 0.8000000119
34267  32.813  -48.591  2.879 0.8999999762
140228  25.842  -47.796  1.318 0.6999999881
34288  24.529  -48.565  0.493 0.6999999881
138433  22.984  -49.059  -0.514 0.6999999881
34266  33.445  -48.181  2.412 0.8999999762
34296  22.442  -48.244  -1.101 0.6999999881
34302  21.529  -48.234  -2.001 0.6999999881
35203  33.823  -47.752  1.855 1.0000000000
35229  20.931  -47.418  -2.668 0.6000000238
34286  33.945  -48.984  1.179 1.0000000000
136574  33.977  -48.880  0.396 1.0000000000
34294  33.772  -48.855  -0.505 1.0000000000
34299  33.288  -48.870  -1.336 1.0000000000
32555  32.900  -50.506  -1.987 0.8999999762
138291  33.506  -48.067  -0.965 1.0000000000
34300  32.657  -48.914  -2.060 0.8999999762
33507  32.446  -49.766  -2.341 0.8000000119
33508  31.673  -49.910  -2.837 0.8000000119
32573  30.360  -50.711  -3.449 0.8000000119
33515  29.382  -49.764  -3.425 0.8000000119
32575  28.850  -50.379  -3.551 0.8000000119
32576  28.033  -50.251  -3.569 0.8000000119
34317  29.133  -49.112  -3.314 0.8000000119
33517  27.808  -49.429  -3.467 0.8000000119
35179  30.582  -47.762  3.650 0.8999999762
34256  28.999  -48.317  3.315 0.8999999762
138215  30.080  -46.970  3.766 0.8999999762
35180  29.608  -47.616  3.561 0.8999999762
35194  28.139  -47.799  2.858 0.8999999762
150146  26.843  -46.987  2.131 0.8999999762
34252  32.250  -48.072  3.317 0.8999999762
35216  24.076  -47.765  0.315 0.6999999881
35193  32.983  -47.705  2.928 0.8999999762
145974  23.319  -47.064  -0.361 0.6000000238
35228  22.019  -47.513  -1.727 0.6000000238
35192  33.509  -47.308  2.452 1.0000000000
144391  18.777  -47.403  -0.899 0.5000000000
146631  33.915  -47.332  1.285 1.0000000000
35217  19.631  -47.085  0.071 0.5000000000
35214  33.883  -47.251  0.443 1.0000000000
134433  33.926  -48.057  -0.053 1.0000000000
35220  33.594  -47.236  -0.553 1.0000000000
132922  32.837  -48.118  -1.657 1.0000000000
34301  32.061  -48.177  -2.192 0.8999999762
33509  30.862  -49.212  -3.000 0.8000000119
35233  31.180  -48.280  -2.533 0.8999999762
33510  29.865  -49.075  -3.239 0.8000000119
35234  30.615  -47.539  -2.425 0.8999999762
34307  30.254  -48.323  -2.815 0.8000000119
142087  29.738  -47.569  -2.603 0.8999999762
34309  28.302  -47.923  -2.990 0.8000000119
34319  27.602  -48.588  -3.310 0.8000000119
35237  26.789  -47.184  -2.754 0.8000000119
145934  26.522  -47.735  -3.077 0.8000000119
144119  27.591  -46.949  2.675 0.8999999762
142556  30.996  -46.835  3.800 0.8999999762
36117  30.351  -46.221  3.933 0.8999999762
35205  26.125  -47.013  1.634 0.6999999881
35215  24.677  -47.056  0.727 0.8000000119
36115  32.652  -46.533  3.374 0.8999999762
133337  31.349  -45.863  3.915 0.8999999762
36162  23.651  -46.169  0.000 0.6999999881
153039  21.549  -46.708  -2.311 0.6000000238
144560  20.406  -46.562  -3.073 0.6000000238
134875  22.089  -45.980  -1.908 0.6999999881
36178  20.956  -45.825  -2.870 0.6000000238
36165  18.708  -46.042  -2.054 0.5000000000
135055  33.814  -46.925  1.884 1.0000000000
36164  19.063  -45.512  -1.294 0.5000000000
36144  20.556  -46.745  0.808 0.5000000000
130635  33.837  -46.601  1.064 1.0000000000
151934  33.623  -46.206  -0.081 1.0000000000
36161  33.131  -45.883  -0.901 1.0000000000
35224  33.054  -47.357  -1.323 1.0000000000
35226  31.463  -47.487  -2.166 0.8999999762
37019  33.239  -45.404  -0.507 1.0000000000
135342  32.418  -46.067  -1.372 0.8999999762
146754  32.533  -46.819  -1.483 0.8999999762
35227  30.945  -46.926  -2.121 0.8999999762
37030  31.510  -45.855  -1.590 0.8999999762
36183  30.100  -46.729  -2.225 0.8999999762
36184  29.165  -46.913  -2.436 0.8999999762
147557  28.517  -47.201  -2.615 0.8999999762
37031  30.745  -45.567  -1.641 0.8999999762
36172  29.253  -46.068  -2.081 0.8999999762
35236  27.749  -47.178  -2.669 0.8999999762
136754  28.817  -45.387  -1.859 0.8999999762
36118  29.655  -46.427  3.803 0.8999999762
136475  29.267  -46.918  3.587 0.8999999762
36129  27.831  -46.142  3.013 0.8999999762
36120  28.412  -46.022  3.393 0.8999999762
36982  27.441  -45.337  2.847 1.0000000000
36141  25.657  -46.213  1.488 0.8000000119
36969  30.425  -45.406  4.120 0.8999999762
36151  24.426  -46.166  0.632 0.6999999881
36966  33.154  -46.059  3.133 0.8999999762
36967  32.402  -45.876  3.599 0.8999999762
37006  23.979  -45.408  0.317 0.6999999881
37035  21.501  -45.020  -2.509 0.6999999881
37036  20.272  -44.900  -2.984 0.5000000000
36127  33.518  -46.447  2.498 1.0000000000
37008  19.761  -45.372  -0.229 0.5000000000
36143  21.314  -46.313  1.397 0.5000000000
36139  33.763  -46.082  1.797 1.0000000000
139596  33.719  -45.833  0.928 1.0000000000
37867  33.517  -44.388  1.122 1.0000000000
37004  33.545  -45.074  0.313 1.0000000000
37896  32.938  -44.592  -0.622 1.0000000000
37882  33.304  -44.077  0.181 1.0000000000
37911  32.122  -44.777  -1.216 0.8999999762
37912  31.361  -45.114  -1.452 0.8999999762
37913  30.592  -44.857  -1.501 0.8999999762
37071  28.111  -46.054  -4.711 0.6999999881
37059  27.338  -45.235  -4.319 0.8000000119
37060  26.180  -45.078  -4.466 0.8000000119
37951  26.621  -44.334  -3.843 0.8000000119
36968  31.156  -45.047  4.142 0.8999999762
37844  29.563  -44.823  4.135 1.0000000000
36971  28.751  -45.407  3.719 1.0000000000
37854  27.449  -44.540  2.934 1.0000000000
36983  26.680  -45.475  2.277 0.6999999881
36993  25.543  -45.291  1.531 0.6999999881
146575  32.997  -45.179  3.345 0.8999999762
132571  32.056  -44.943  3.868 0.8999999762
37021  23.296  -45.332  -0.432 0.6999999881
37023  19.182  -44.671  -2.053 0.6000000238
37853  33.577  -44.513  2.132 1.0000000000
36981  33.503  -45.431  2.542 0.8999999762
37842  32.792  -44.259  3.486 0.8999999762
36995  21.198  -45.351  1.277 0.4000000060
38848  33.118  -43.229  0.273 1.0000000000
138027  32.203  -44.075  -1.044 1.0000000000
39830  32.493  -42.735  -0.387 1.0000000000
37931  25.596  -43.967  -2.989 0.8999999762
37069  30.247  -46.073  -4.782 0.6000000238
37057  29.524  -45.517  -4.120 0.6000000238
37058  28.472  -45.462  -4.199 0.8000000119
37950  27.847  -44.661  -3.874 0.8000000119
37952  25.561  -44.431  -4.019 0.8999999762
37046  24.972  -44.513  -3.313 0.8999999762
37832  31.320  -44.342  4.177 0.8999999762
37833  30.526  -44.605  4.268 0.8999999762
37868  26.162  -44.779  1.960 0.8000000119
138312  24.917  -44.957  1.162 0.6999999881
37902  22.842  -44.407  -0.901 0.6999999881
150318  20.746  -43.390  -2.510 0.6000000238
37870  21.106  -44.372  1.129 0.4000000060
133939  33.333  -44.465  2.941 1.0000000000
38812  33.475  -43.750  2.539 1.0000000000
38831  33.529  -43.750  1.692 1.0000000000
38847  33.380  -43.052  1.195 1.0000000000
39818  33.020  -42.283  0.573 1.0000000000
40821  32.339  -41.829  -0.216 1.0000000000
37916  26.333  -44.274  -2.297 0.8999999762
38878  27.052  -43.015  -2.392 0.8999999762
38879  26.371  -43.525  -2.668 0.8999999762
38917  26.058  -43.886  -3.391 0.8999999762
38908  26.097  -43.666  -3.161 0.8999999762
37969  32.151  -45.410  -5.309 0.6000000238
37068  31.258  -45.824  -4.985 0.6000000238
37939  29.731  -44.649  -3.706 0.8000000119
37942  26.764  -43.598  -3.358 0.8999999762
37845  28.734  -44.590  3.866 0.8999999762
140114  27.143  -43.941  2.703 0.6999999881
38804  29.062  -43.874  4.154 0.8999999762
136543  28.349  -44.005  3.725 0.8999999762
134877  24.774  -44.092  1.026 0.6000000238
37843  32.073  -43.950  3.938 1.0000000000
38803  32.060  -43.232  4.002 1.0000000000
38791  31.326  -43.490  4.265 1.0000000000
38850  23.225  -43.621  -0.445 0.6000000238
38870  22.314  -43.374  -1.473 0.6000000238
38882  20.028  -43.119  -1.812 0.5000000000
38801  33.205  -43.592  3.145 1.0000000000
39769  33.138  -42.657  3.292 1.0000000000
144968  33.424  -43.072  2.819 1.0000000000
137371  33.536  -43.042  2.128 1.0000000000
39805  33.410  -42.290  1.635 1.0000000000
39806  33.193  -41.554  1.239 1.0000000000
40800  32.729  -41.350  0.515 1.0000000000
40801  32.209  -40.993  -0.086 1.0000000000
40822  31.626  -41.403  -0.696 1.0000000000
40823  30.859  -41.772  -1.193 1.0000000000
138961  30.114  -42.876  -1.414 1.0000000000
39854  29.894  -42.090  -1.476 1.0000000000
39833  29.291  -42.735  -1.539 0.8999999762
38867  29.785  -43.445  -1.458 0.8999999762
37901  27.268  -43.910  -1.912 0.8999999762
38896  26.697  -43.013  -2.926 0.8999999762
146211  34.138  -43.046  -6.573 0.6000000238
38927  33.289  -44.147  -5.287 0.6000000238
37960  31.694  -45.137  -4.384 0.6000000238
37056  30.616  -45.409  -4.146 0.6000000238
37949  28.818  -44.926  -3.826 0.8000000119
37941  27.495  -43.819  -3.560 0.8000000119
38793  29.650  -43.156  4.383 0.8999999762
38813  27.411  -43.237  2.987 0.6999999881
138313  25.990  -43.985  1.762 0.6000000238
38833  25.443  -43.417  1.391 0.6000000238
39759  31.644  -42.700  4.236 0.8999999762
146837  23.668  -42.838  0.001 0.6000000238
139213  21.740  -42.419  -1.772 0.5000000000
39770  32.438  -42.610  3.831 1.0000000000
145958  33.318  -41.889  3.136 1.0000000000
40746  32.838  -41.739  3.624 0.8999999762
39786  33.482  -42.290  2.589 1.0000000000
40783  33.473  -41.482  2.059 1.0000000000
152693  33.300  -41.124  1.577 1.0000000000
41719  33.050  -40.764  1.132 1.0000000000
153297  32.591  -40.655  0.471 1.0000000000
41738  32.229  -40.127  0.048 1.0000000000
41758  31.672  -40.570  -0.555 1.0000000000
41759  30.981  -40.904  -1.095 1.0000000000
40845  30.163  -41.215  -1.521 1.0000000000
40846  29.245  -41.412  -1.842 1.0000000000
40847  28.422  -41.613  -2.367 0.8999999762
39835  27.588  -42.636  -2.197 0.8999999762
39880  27.501  -42.441  -3.144 0.8999999762
151051  33.989  -42.965  -5.709 0.6000000238
38926  33.694  -43.342  -4.967 0.6000000238
148479  32.124  -44.339  -3.996 0.6000000238
38915  31.523  -43.661  -3.697 0.6999999881
38904  29.247  -43.766  -3.598 0.6999999881
38906  27.426  -43.083  -3.321 0.8999999762
39910  34.427  -42.412  -7.133 0.6000000238
39878  29.398  -42.932  -3.617 0.6999999881
38905  28.333  -43.345  -3.537 0.8000000119
39879  28.272  -42.585  -3.465 0.8999999762
38832  26.238  -43.295  1.877 0.6999999881
39808  25.175  -42.403  1.057 0.6000000238
39760  30.296  -42.576  4.470 0.8999999762
39761  29.486  -42.182  4.418 0.8000000119
39771  28.218  -42.467  3.761 0.6999999881
39758  32.009  -41.937  4.166 0.8999999762
135939  31.050  -42.053  4.465 0.8000000119
40745  33.317  -41.197  3.197 1.0000000000
40727  32.281  -41.120  4.092 0.8000000119
41680  33.409  -40.358  3.195 0.8999999762
41681  32.939  -40.763  3.642 0.8000000119
41698  33.499  -40.867  2.631 1.0000000000
41718  33.411  -40.684  1.896 1.0000000000
145652  33.240  -39.946  1.530 1.0000000000
147062  32.778  -40.024  0.769 1.0000000000
42611  32.486  -39.452  0.449 1.0000000000
151923  31.715  -39.880  -0.460 1.0000000000
147007  31.199  -40.067  -0.981 1.0000000000
41779  30.387  -40.295  -1.578 1.0000000000
41780  29.638  -40.795  -1.878 1.0000000000
41781  28.998  -40.914  -2.363 0.8999999762
40862  28.355  -41.179  -2.912 0.8999999762
138865  27.279  -42.497  -2.711 0.8999999762
40871  27.990  -41.813  -3.182 0.8999999762
38914  32.945  -43.770  -4.312 0.6000000238
138151  30.708  -42.980  -3.632 0.6999999881
39889  28.352  -41.880  -3.496 0.8999999762
40903  34.447  -41.635  -6.921 0.6000000238
39902  34.270  -42.261  -6.059 0.6000000238
39887  30.151  -42.225  -3.773 0.6999999881
39888  29.037  -42.044  -3.787 0.6999999881
39772  27.674  -42.510  3.267 0.6999999881
39807  25.921  -42.564  1.586 0.6000000238
40730  29.836  -41.437  4.501 0.8000000119
39762  28.645  -41.958  4.131 0.8000000119
145341  27.958  -41.693  3.551 0.6999999881
40766  27.369  -41.895  2.984 0.6999999881
41660  31.646  -40.621  4.396 0.6999999881
40729  30.647  -41.052  4.530 0.8000000119
41659  32.463  -40.293  4.108 0.6999999881
42568  33.082  -39.908  3.681 0.6999999881
137244  33.622  -39.048  2.667 0.8000000119
43453  33.580  -38.270  2.404 0.8000000119
42596  33.451  -39.085  1.917 0.8000000119
43454  33.182  -38.155  1.415 0.8000000119
42597  32.975  -39.205  1.082 0.8999999762
145794  31.993  -39.323  -0.078 1.0000000000
42627  31.428  -39.311  -0.684 1.0000000000
146791  29.634  -40.191  -2.219 1.0000000000
42628  30.843  -39.408  -1.315 1.0000000000
41792  29.036  -40.200  -2.926 1.0000000000
40848  27.838  -41.974  -2.768 0.8999999762
40870  28.315  -41.215  -3.382 0.8999999762
149704  34.241  -41.801  -5.178 0.6000000238
39897  34.018  -42.521  -4.976 0.6000000238
147188  32.324  -43.064  -3.803 0.6000000238
156158  31.530  -43.017  -3.663 0.6999999881
40883  28.439  -41.280  -3.816 0.8999999762
40881  30.873  -41.531  -3.987 0.6999999881
40882  28.872  -41.355  -4.091 0.8999999762
40731  29.168  -41.328  4.376 0.6999999881
40747  28.502  -41.112  4.030 0.6000000238
138678  27.354  -41.046  3.034 0.6000000238
40785  25.729  -41.740  1.359 0.6000000238
133059  31.009  -40.074  4.536 0.6999999881
41662  28.996  -40.509  4.337 0.6000000238
42557  31.877  -39.826  4.404 0.6999999881
42556  32.596  -39.508  4.117 0.6999999881
136413  33.147  -39.079  3.705 0.6999999881
44459  33.496  -37.136  2.239 0.8000000119
44478  32.572  -37.618  0.689 0.8000000119
43472  32.438  -38.590  0.450 0.8000000119
43486  31.705  -38.578  -0.304 1.0000000000
44479  31.956  -37.814  0.047 0.8000000119
140115  30.396  -38.051  -1.901 1.0000000000
42645  30.224  -39.450  -1.962 1.0000000000
42646  29.621  -39.416  -2.579 1.0000000000
44513  29.931  -37.723  -2.543 1.0000000000
43502  30.090  -38.657  -2.282 1.0000000000
42654  29.195  -39.361  -3.163 1.0000000000
43512  28.817  -38.847  -3.831 1.0000000000
42655  28.794  -39.724  -3.528 1.0000000000
41795  28.576  -40.464  -3.545 0.8999999762
38913  33.325  -42.776  -4.291 0.6000000238
41806  28.501  -40.690  -4.142 0.8999999762
41831  34.506  -40.834  -6.752 0.6000000238
131400  34.225  -41.046  -4.995 0.6000000238
39886  32.561  -42.044  -3.920 0.6999999881
40880  31.972  -41.300  -4.050 0.6999999881
148580  30.118  -41.038  -4.490 0.6999999881
41805  29.292  -40.912  -4.660 0.8999999762
41699  27.089  -40.173  2.824 0.5000000000
42559  29.586  -39.964  4.483 0.6000000238
41682  28.347  -40.302  3.928 0.5000000000
42558  31.335  -39.269  4.502 0.6999999881
140158  30.343  -39.422  4.543 0.6999999881
43412  31.847  -38.560  4.437 0.6999999881
44411  32.558  -37.866  4.171 0.6999999881
43411  32.602  -38.757  4.150 0.6999999881
44439  33.599  -37.127  3.052 0.6999999881
45347  33.548  -36.496  2.907 0.6999999881
44460  33.017  -37.215  1.301 0.8000000119
135362  32.532  -36.791  0.758 0.8000000119
157700  32.126  -37.169  0.280 0.8000000119
45384  31.924  -36.521  0.208 0.8000000119
150312  31.373  -36.449  -0.289 0.8000000119
45402  30.873  -36.894  -0.885 0.8999999762
140120  30.803  -37.894  -1.288 1.0000000000
135146  30.978  -35.968  -0.539 0.8000000119
45419  30.385  -36.534  -1.606 0.8999999762
44512  30.427  -37.302  -1.757 1.0000000000
43511  29.511  -38.619  -2.962 1.0000000000
156496  28.345  -38.537  -4.295 1.0000000000
42665  28.387  -39.916  -4.264 0.8999999762
42679  28.351  -40.354  -5.044 0.8999999762
41822  34.475  -40.473  -5.749 0.6000000238
40878  33.488  -40.758  -4.482 0.6000000238
41804  31.121  -40.643  -4.463 0.6999999881
41815  29.900  -40.527  -5.062 0.8000000119
41816  28.929  -40.362  -5.384 0.8999999762
133639  34.530  -40.028  -6.647 0.6000000238
42677  31.960  -39.791  -4.540 0.6999999881
42678  30.739  -39.814  -5.037 0.6999999881
42689  28.278  -39.931  -5.846 0.8999999762
42687  29.639  -39.911  -5.671 0.6999999881
148888  29.532  -39.258  4.486 0.5000000000
42569  28.048  -39.523  3.781 0.5000000000
43413  30.883  -38.545  4.563 0.6999999881
43415  29.095  -38.718  4.444 0.5000000000
45318  32.149  -36.998  4.365 0.6999999881
44412  31.510  -37.750  4.511 0.6999999881
44426  32.876  -37.076  3.947 0.6999999881
45331  33.282  -36.716  3.452 0.6999999881
46275  33.435  -35.793  2.291 0.6999999881
46299  32.966  -35.608  1.473 0.8000000119
45383  32.371  -35.859  0.761 0.8000000119
154245  31.040  -35.509  -0.292 0.8000000119
46349  30.500  -35.943  -1.144 0.8000000119
45420  30.013  -36.714  -2.303 0.8999999762
137434  29.465  -36.924  -3.056 1.0000000000
140119  29.266  -37.827  -3.423 1.0000000000
135202  28.586  -37.912  -4.086 1.0000000000
46338  30.601  -35.233  -0.635 0.8000000119
46350  29.956  -35.791  -1.920 0.8000000119
44538  28.077  -37.249  -4.199 1.0000000000
45436  28.329  -36.508  -3.897 0.8999999762
43521  27.782  -38.327  -4.550 1.0000000000
42666  28.042  -39.298  -4.622 1.0000000000
140510  27.351  -39.309  -5.031 1.0000000000
42680  27.801  -39.863  -5.426 0.8999999762
41803  32.459  -40.577  -4.304 0.6999999881
41814  34.102  -40.134  -4.912 0.6000000238
151746  33.187  -39.814  -4.517 0.6000000238
42690  27.538  -39.795  -6.138 0.8999999762
42685  32.626  -39.176  -4.579 0.6999999881
42688  28.811  -39.832  -6.155 0.6999999881
42698  28.169  -39.569  -6.493 0.8000000119
43551  29.415  -39.376  -6.135 0.6999999881
42699  27.473  -39.493  -6.469 0.8000000119
43552  26.790  -39.518  -6.230 0.8999999762
43562  28.917  -39.183  -6.562 0.6999999881
43414  29.914  -38.594  4.560 0.6000000238
45319  31.141  -36.907  4.581 0.6999999881
44413  30.365  -37.668  4.620 0.5000000000
45332  32.686  -36.224  4.012 0.6999999881
46250  32.768  -35.392  3.818 0.6999999881
46231  32.151  -35.472  4.293 0.6999999881
47234  33.069  -34.820  3.397 0.6999999881
47233  33.361  -34.986  2.801 0.6999999881
151048  33.372  -35.068  2.324 0.6999999881
47256  33.299  -34.499  2.330 0.6999999881
140918  33.180  -35.030  1.837 0.6999999881
46300  32.562  -34.986  1.194 0.8000000119
46320  31.796  -35.021  0.540 0.8000000119
47271  32.021  -34.139  1.008 0.8000000119
46321  31.100  -35.059  -0.029 0.8000000119
46339  30.119  -35.229  -1.296 0.8000000119
48143  30.606  -33.718  0.098 0.8000000119
47293  29.942  -34.456  -0.925 0.8000000119
46356  29.411  -35.337  -2.453 0.8000000119
45427  28.956  -36.222  -3.488 0.8999999762
45437  27.558  -36.547  -4.062 0.8999999762
48168  29.179  -33.958  -1.344 0.8000000119
47312  28.900  -34.792  -2.535 0.8000000119
44539  27.184  -37.530  -4.393 1.0000000000
43547  33.936  -38.599  -5.138 0.6000000238
43522  26.627  -38.698  -4.894 1.0000000000
42686  31.672  -38.847  -4.794 0.6999999881
43550  30.383  -38.982  -5.564 0.6999999881
43537  26.828  -39.430  -5.700 0.8999999762
43538  25.769  -39.043  -5.385 1.0000000000
43561  29.681  -38.582  -6.214 0.6999999881
47210  32.463  -34.691  4.053 0.6999999881
155287  31.998  -34.354  4.391 0.6999999881
144870  32.877  -34.113  3.611 0.6999999881
147454  33.256  -34.025  2.995 0.6999999881
132877  33.128  -33.039  2.768 0.6999999881
48119  33.132  -33.691  2.252 0.6999999881
48132  31.912  -33.314  1.141 0.6999999881
139035  32.796  -32.930  2.031 0.6999999881
47282  31.206  -34.320  0.350 0.8000000119
48155  30.136  -33.893  -0.420 0.8000000119
49123  30.580  -32.893  0.367 0.8000000119
48156  29.547  -33.648  -0.726 0.8000000119
46358  27.374  -34.989  -3.349 0.8999999762
46368  28.111  -35.684  -3.675 0.8999999762
149786  28.325  -34.410  -2.536 0.8000000119
45438  26.424  -36.797  -4.137 0.8999999762
43548  32.902  -38.468  -4.690 0.6000000238
46359  26.223  -35.171  -3.387 0.8999999762
46370  25.990  -36.090  -3.773 0.8999999762
44540  26.172  -37.746  -4.489 1.0000000000
44561  33.404  -37.688  -5.073 0.6000000238
43523  25.519  -38.411  -4.862 0.8999999762
148617  30.554  -37.959  -5.673 0.6999999881
43539  25.086  -38.781  -5.063 0.8999999762
43563  27.812  -39.024  -6.824 0.8000000119
43565  26.062  -39.142  -6.274 0.8999999762
156092  25.554  -39.146  -5.957 0.8000000119
146578  32.335  -33.910  4.166 0.6999999881
48081  32.836  -33.235  3.580 0.6999999881
137806  32.246  -32.904  1.488 0.6999999881
49109  32.346  -32.285  1.753 0.6999999881
49110  31.494  -32.507  1.050 0.6999999881
47303  28.715  -34.194  -2.007 0.8000000119
47314  26.862  -34.414  -2.894 0.8000000119
48181  27.292  -33.968  -2.455 0.8000000119
48182  26.610  -33.809  -2.431 0.8000000119
154733  25.751  -37.259  -4.231 0.8999999762
44562  32.180  -37.747  -4.920 0.6000000238
46360  25.196  -34.981  -3.131 0.8999999762
45439  25.165  -36.905  -3.899 0.8999999762
44541  25.263  -37.706  -4.335 0.8999999762
43549  31.189  -38.202  -5.197 0.6999999881
43524  24.607  -38.171  -4.591 0.8999999762
44573  29.060  -38.146  -6.662 0.6999999881
43555  24.517  -38.588  -5.101 0.8000000119
44575  27.454  -38.211  -6.953 0.6999999881
49056  32.470  -32.340  3.919 0.6999999881
50111  32.693  -31.586  2.806 0.6999999881
50112  32.294  -31.034  2.324 0.6999999881
137106  28.916  -33.378  -0.967 0.8000000119
48169  28.323  -33.476  -1.527 0.8000000119
48170  27.330  -33.396  -1.938 0.8000000119
47315  25.988  -34.350  -2.855 0.8000000119
46371  25.186  -35.895  -3.516 0.8999999762
46372  24.390  -36.533  -3.541 0.8999999762
45455  31.936  -37.051  -5.294 0.6000000238
45440  24.103  -37.154  -3.728 0.8999999762
44571  31.034  -36.900  -5.603 0.6999999881
44572  29.947  -37.487  -6.114 0.6999999881
44542  23.959  -37.589  -4.063 0.8999999762
45471  27.970  -37.210  -6.817 0.6999999881
151441  25.822  -38.300  -6.468 0.8000000119
44564  24.011  -38.367  -5.211 0.8000000119
45473  26.154  -37.175  -6.686 0.6999999881
44578  24.443  -38.157  -5.892 0.8000000119
151575  24.657  -38.673  -5.482 0.8000000119
44577  25.230  -37.748  -6.380 0.8000000119
50090  32.503  -31.592  3.540 0.6999999881
51186  32.454  -30.837  3.167 0.6000000238
45468  32.121  -36.276  -5.515 0.6000000238
147898  25.245  -34.269  -2.702 0.8000000119
46361  24.287  -35.749  -3.207 0.8999999762
45428  23.531  -36.617  -3.433 0.8999999762
44528  23.133  -36.857  -3.625 0.8999999762
133190  28.668  -37.340  -6.717 0.8000000119
44543  23.374  -37.271  -3.980 0.8999999762
131729  26.812  -36.309  -6.653 0.6999999881
139012  23.828  -37.667  -5.626 0.8000000119
45457  22.953  -36.815  -4.748 0.8000000119
45469  30.253  -36.313  -6.007 0.6999999881
47316  24.326  -34.708  -2.752 0.8000000119
46398  29.593  -35.673  -6.355 0.5000000000
45470  29.353  -36.864  -6.434 0.6000000238
132290  28.606  -36.182  -6.596 0.6000000238
45441  22.701  -36.739  -3.721 0.8000000119
46399  27.601  -36.178  -6.673 0.6000000238
46400  26.155  -35.999  -6.450 0.6000000238
45456  23.931  -36.650  -5.880 0.6999999881
46386  23.319  -36.116  -5.365 0.8000000119
154943  23.414  -37.477  -4.385 0.8000000119
46402  24.787  -36.156  -6.120 0.6000000238
154116  23.437  -34.698  -2.588 0.8000000119
132446  22.737  -35.058  -2.606 0.8000000119
137910  22.557  -36.392  -3.298 0.8999999762
47349  29.000  -34.908  -6.566 0.6000000238
46387  22.477  -36.118  -4.681 0.8000000119
45458  22.261  -36.586  -4.190 0.8000000119
45442  21.991  -36.367  -3.542 0.8000000119
46385  24.220  -35.626  -5.748 0.6000000238
48186  22.849  -34.139  -2.440 0.8000000119
141557  21.960  -34.933  -2.603 0.8000000119
136472  28.070  -35.131  -6.510 0.6000000238
47350  26.967  -35.199  -6.386 0.6000000238
46378  21.203  -35.829  -4.009 0.8000000119
131402  25.988  -35.155  -6.099 0.6000000238
47330  21.092  -35.019  -4.307 0.6999999881
47323  20.764  -35.108  -3.221 0.8000000119
47339  23.496  -34.447  -5.082 0.6000000238
153719  22.290  -34.467  -4.762 0.6000000238
47331  20.458  -34.479  -4.080 0.6999999881
153850  26.415  -34.528  -5.968 0.6000000238
47338  24.498  -34.586  -5.457 0.6000000238
50165  23.487  -31.486  -1.598 0.8000000119
47305  21.759  -34.083  -2.418 0.8000000119
49148  23.024  -32.371  -1.988 0.8000000119
47365  29.427  -33.878  -6.609 0.5000000000
48176  20.567  -33.737  -2.603 0.8000000119
47306  20.940  -34.104  -2.494 0.8000000119
146922  27.680  -34.273  -6.292 0.6000000238
48187  20.147  -33.636  -3.210 0.6000000238
48216  28.130  -33.423  -6.269 0.5000000000
47351  26.983  -34.270  -6.039 0.6000000238
47352  25.603  -34.334  -5.673 0.6000000238
48218  26.453  -33.765  -5.684 0.6000000238
48209  24.180  -33.724  -5.017 0.6000000238
48210  23.232  -33.618  -4.869 0.6000000238
48211  22.268  -33.427  -4.746 0.6000000238
153803  22.544  -31.789  -1.789 0.8000000119
49149  21.983  -32.450  -2.008 0.8000000119
51241  23.333  -30.574  -1.391 0.8000000119
141091  21.776  -30.821  -1.536 0.6999999881
50167  21.571  -31.630  -1.716 0.6999999881
48217  27.316  -33.614  -5.951 0.6000000238
48201  20.404  -33.073  -4.235 0.6000000238
50196  19.451  -31.976  -3.686 0.6000000238
157358  20.166  -32.406  -2.424 0.6999999881
49222  26.905  -33.128  -5.553 0.5000000000
49194  21.180  -32.370  -4.681 0.6000000238
49209  25.684  -32.822  -4.977 0.5000000000
49211  23.845  -32.982  -4.738 0.6000000238
49193  22.306  -32.502  -4.769 0.6000000238
49208  26.452  -32.729  -5.104 0.5000000000
52255  22.796  -29.444  -1.447 0.6999999881
52266  21.402  -30.181  -1.550 0.6000000238
50184  19.666  -31.878  -2.791 0.6000000238
50168  20.393  -31.773  -1.972 0.6000000238
51263  19.103  -31.156  -3.287 0.6000000238
141265  20.356  -30.176  -1.692 0.6000000238
49190  25.038  -32.334  -4.561 0.5000000000
49192  23.324  -32.330  -4.644 0.6000000238
50211  22.740  -31.721  -4.660 0.6000000238
49195  20.183  -32.235  -4.319 0.6000000238
51264  19.018  -30.340  -2.796 0.6000000238
50210  23.545  -31.710  -4.400 0.6000000238
51289  22.928  -31.058  -4.394 0.6000000238
50231  25.884  -32.301  -4.590 0.5000000000
50209  24.356  -31.728  -4.214 0.5000000000
50208  25.213  -31.747  -4.059 0.4000000060
51287  24.475  -31.057  -3.659 0.5000000000
52265  21.956  -29.491  -1.549 0.6000000238
143745  20.971  -29.427  -1.698 0.6000000238
50212  21.023  -31.479  -4.959 0.6000000238
51277  19.078  -30.996  -4.014 0.6000000238
52267  19.899  -29.409  -1.959 0.6000000238
152561  22.129  -31.129  -4.820 0.6000000238
52309  20.673  -30.022  -5.072 0.6000000238
51288  23.644  -31.081  -3.949 0.5000000000
51275  23.050  -30.382  -3.972 0.6000000238
51274  23.805  -30.320  -3.555 0.5000000000
51273  25.416  -30.993  -3.342 0.4000000060
135702  24.627  -30.211  -3.170 0.4000000060
51292  18.958  -30.073  -4.181 0.6000000238
147424  18.832  -29.045  -3.006 0.5000000000
53239  20.549  -28.551  -2.086 0.5000000000
135764  21.634  -28.805  -1.737 0.5000000000
51291  19.774  -30.498  -4.645 0.6000000238
53270  18.618  -29.000  -3.617 0.5000000000
151930  21.703  -29.457  -4.839 0.6000000238
52298  22.595  -29.752  -4.198 0.5000000000
52297  23.230  -29.609  -3.731 0.4000000060
54189  21.754  -27.544  -2.189 0.4000000060
135137  20.625  -29.270  -5.038 0.6000000238
136073  19.196  -27.981  -4.243 0.5000000000
53269  22.598  -28.989  -4.086 0.4000000060
139205  20.125  -27.930  -4.686 0.6000000238
54244  19.004  -27.205  -3.882 0.4000000060
53283  22.879  -28.074  -4.124 0.4000000060
55145  19.264  -26.620  -3.577 0.4000000060
135630  21.980  -28.302  -4.638 0.4000000060
54243  19.683  -26.992  -4.313 0.4000000060
53268  23.439  -28.743  -3.661 0.4000000060
54242  21.055  -27.404  -4.810 0.4000000060
55120  23.480  -25.859  -2.507 0.4000000060
56096  21.281  -25.655  -2.786 0.4000000060
55164  19.714  -26.080  -4.082 0.4000000060
54240  23.268  -27.211  -4.342 0.4000000060
54241  22.318  -27.357  -4.595 0.4000000060
55162  21.738  -26.505  -4.788 0.4000000060
55163  20.562  -26.253  -4.540 0.4000000060
55121  22.427  -25.859  -2.628 0.4000000060
133253  21.823  -25.178  -3.036 0.4000000060
56097  20.291  -25.343  -3.036 0.4000000060
55161  22.743  -26.529  -4.722 0.3000000119
144065  20.321  -25.346  -4.216 0.4000000060
56115  20.188  -25.034  -3.698 0.4000000060
57104  23.274  -24.538  -3.270 0.4000000060
57120  21.042  -24.532  -3.737 0.4000000060
37061  25.235  -45.123  -4.607 0.8000000119
37052  25.001  -44.692  -4.044 0.8999999762
36176  25.224  -45.460  -2.896 0.8999999762
37047  24.581  -45.315  -3.740 0.8999999762
37897  31.274  -44.238  -1.347 0.8999999762
38865  31.724  -43.277  -1.078 1.0000000000
39831  31.648  -42.282  -0.862 1.0000000000
36173  28.258  -46.369  -2.294 0.8999999762
152297  30.153  -45.292  -1.613 0.8999999762
37914  29.836  -44.761  -1.540 0.8999999762
39832  30.826  -42.635  -1.260 1.0000000000
36174  27.300  -45.684  -2.151 0.8999999762
37032  29.543  -45.364  -1.720 0.8999999762
145222  29.054  -44.747  -1.627 0.8999999762
37898  30.263  -44.145  -1.461 1.0000000000
145831  26.548  -45.059  -2.156 0.8999999762
38868  28.855  -43.351  -1.537 0.8999999762
54191  19.780  -27.718  -2.583 0.4000000060
54225  19.006  -27.468  -3.478 0.4000000060
140009  21.023  -26.973  -2.465 0.4000000060
55105  23.099  -26.637  -2.245 0.4000000060
32520  32.304  -50.418  2.894 0.8999999762
32537  33.792  -50.369  0.353 1.0000000000
30652  31.778  -52.158  -3.008 0.8000000119
33449  29.447  -49.750  3.273 0.8999999762
34278  33.796  -48.629  1.816 1.0000000000
32572  30.973  -50.912  -3.351 0.8000000119
36116  31.929  -46.646  3.659 0.8999999762
35225  32.275  -47.429  -1.784 0.8999999762
34306  31.829  -49.024  -2.539 0.8000000119
34308  29.263  -48.335  -3.015 0.8000000119
34318  28.476  -48.823  -3.300 0.8000000119
35235  29.007  -47.595  -2.713 0.8999999762
36185  27.111  -46.457  -2.432 0.8999999762
36186  26.004  -46.435  -2.683 0.8000000119
152034  32.039  -45.413  -1.365 0.8999999762
149199  28.106  -45.503  -1.997 0.8999999762
36970  29.606  -45.770  3.958 0.8999999762
36972  28.084  -45.542  3.291 1.0000000000
37917  20.959  -44.052  -2.691 0.6000000238
37007  20.330  -44.742  0.272 0.4000000060
37904  19.537  -43.792  -1.591 0.4000000060
38864  32.690  -43.645  -0.499 1.0000000000
36196  25.922  -45.819  -4.971 0.6999999881
37834  29.976  -43.977  4.371 0.8999999762
37034  25.684  -44.748  -2.585 0.8999999762
37070  29.196  -46.154  -4.703 0.6000000238
38814  26.836  -43.254  2.411 0.6999999881
37885  20.489  -43.830  0.322 0.4000000060
37033  27.276  -44.886  -1.934 0.8999999762
38907  26.712  -43.136  -3.106 0.8999999762
37948  31.040  -44.583  -3.771 0.6999999881
38916  30.279  -43.768  -3.604 0.6999999881
38794  28.778  -42.924  4.136 0.8000000119
38792  30.475  -43.342  4.417 0.8999999762
37899  29.391  -44.090  -1.499 0.8999999762
39855  28.788  -42.064  -1.832 0.8999999762
38869  27.874  -43.211  -1.827 0.8999999762
37900  28.445  -44.021  -1.597 0.8999999762
137509  27.083  -42.695  -2.945 0.8999999762
40728  31.532  -41.357  4.375 0.8000000119
39809  24.251  -42.006  0.415 0.5000000000
39872  27.543  -42.280  -2.909 0.8999999762
42567  33.475  -39.467  3.199 0.8000000119
42581  33.530  -39.922  2.455 0.8999999762
157361  31.738  -41.798  -3.851 0.6999999881
138287  29.656  -41.504  -4.130 0.8000000119
40767  26.797  -41.704  2.390 0.6000000238
157271  30.244  -40.253  4.548 0.8000000119
140116  27.975  -40.875  3.598 0.6000000238
153060  32.071  -39.182  4.372 0.6999999881
43423  33.524  -38.504  3.207 0.6999999881
156841  33.651  -37.721  2.924 0.6999999881
43487  31.118  -38.614  -0.967 1.0000000000
132422  28.771  -40.801  -4.537 0.8999999762
41683  27.702  -40.233  3.402 0.6000000238
41720  26.230  -41.210  1.795 0.5000000000
44425  33.310  -37.615  3.518 0.6999999881
44493  31.346  -37.819  -0.614 0.8999999762
42570  27.369  -39.494  3.224 0.5000000000
46249  33.291  -35.761  3.287 0.6999999881
155697  28.023  -39.995  -4.857 0.8999999762
145496  28.702  -38.140  4.332 0.5000000000
45426  29.546  -36.036  -2.787 0.8999999762
47292  30.582  -34.449  -0.253 0.8000000119
47302  29.498  -34.785  -1.808 0.8000000119
146399  29.573  -37.211  4.579 0.5000000000
138521  30.840  -36.120  4.642 0.6999999881
47270  32.868  -34.296  1.672 0.6999999881
48142  31.291  -33.486  0.657 0.8000000119
46357  28.942  -35.426  -3.090 0.8999999762
46369  26.960  -35.834  -3.772 0.8999999762
44574  28.273  -38.186  -6.913 0.8000000119
43564  27.002  -39.098  -6.654 0.8000000119
49076  32.871  -32.311  3.197 0.6999999881
49094  32.788  -32.288  2.452 0.6999999881
49136  29.206  -32.945  -0.505 0.8000000119
50070  32.157  -31.690  4.149 0.6000000238
45474  25.395  -36.630  -6.435 0.6999999881
46362  23.261  -35.622  -2.920 0.8999999762
131455  22.856  -35.298  -5.030 0.6999999881
147390  23.684  -35.180  -5.401 0.6000000238
47324  20.266  -34.530  -3.512 0.8000000119
48200  21.233  -34.071  -4.530 0.6000000238
143041  20.929  -32.467  -2.045 0.6999999881
49210  24.818  -33.063  -4.878 0.6000000238
50213  19.910  -31.371  -4.463 0.6000000238
49191  24.186  -32.356  -4.540 0.6000000238
51278  18.743  -30.367  -3.628 0.6000000238
55106  21.872  -26.620  -2.424 0.4000000060
55108  20.049  -26.859  -2.676 0.4000000060
56094  23.843  -25.104  -2.771 0.4000000060
55174  21.452  -25.528  -4.765 0.4000000060
36175  26.300  -45.670  -2.372 0.8999999762
153384  29.225  -59.512  3.195 0.4000000060
24120  28.331  -59.121  4.312 0.4000000060
145676  27.765  -58.403  4.698 0.4000000060
25028  30.534  -58.765  1.774 0.4000000060
24980  28.514  -58.254  4.176 0.4000000060
25810  27.866  -57.435  4.435 0.4000000060
141450  31.436  -58.008  0.987 0.3000000119
25839  30.136  -58.127  3.095 0.4000000060
25861  31.152  -58.046  0.198 0.4000000060
25886  31.250  -57.299  -1.376 0.4000000060
26774  30.975  -57.018  -2.287 0.4000000060
26780  30.569  -56.671  -3.019 0.4000000060
155726  28.951  -56.848  3.766 0.5000000000
25825  28.288  -56.692  4.071 0.4000000060
25838  30.854  -57.663  2.616 0.4000000060
25823  30.234  -57.139  3.169 0.4000000060
25860  31.736  -57.473  0.502 0.5000000000
135908  31.899  -56.716  -0.944 0.4000000060
26773  31.668  -56.550  -1.871 0.4000000060
27728  31.081  -55.298  -3.168 0.5000000000
27729  30.340  -55.321  -3.518 0.5000000000
29706  29.489  -53.768  -4.038 0.6000000238
28726  29.161  -54.640  -4.192 0.5000000000
29715  27.973  -54.179  -4.426 0.6000000238
147967  27.040  -53.517  -4.365 0.4000000060
139963  28.765  -56.145  3.701 0.5000000000
132030  27.871  -55.795  3.898 0.5000000000
26718  26.885  -55.849  4.106 0.5000000000
26719  25.954  -55.882  4.160 0.5000000000
26728  30.914  -56.752  2.772 0.6000000238
26716  30.183  -56.236  3.213 0.6000000238
26739  32.045  -56.660  1.758 0.5000000000
27686  32.167  -55.806  1.999 0.6000000238
26748  32.317  -56.247  0.419 0.5000000000
26762  32.322  -55.974  -0.400 0.5000000000
27718  32.267  -55.199  -1.947 0.4000000060
27724  31.728  -55.242  -2.612 0.6000000238
29704  30.947  -53.650  -3.390 0.6000000238
29705  30.168  -53.214  -3.728 0.6000000238
30657  29.517  -52.922  -3.927 0.6000000238
31581  28.643  -51.694  -3.789 0.6000000238
149694  27.931  -51.597  -3.837 0.6000000238
138315  28.774  -53.127  -4.170 0.6000000238
29708  27.844  -53.434  -4.313 0.6000000238
143310  27.140  -52.795  -4.230 0.6000000238
30659  26.253  -52.296  -4.255 0.6000000238
147572  29.382  -55.753  3.462 0.5000000000
27667  28.581  -55.354  3.565 0.5000000000
27668  27.153  -55.115  3.639 0.5000000000
27670  25.471  -55.315  3.618 0.5000000000
27677  31.564  -55.397  2.559 0.6000000238
27679  30.043  -55.371  3.282 0.6000000238
26738  32.368  -56.070  1.190 0.6000000238
27676  32.187  -54.928  2.150 0.6000000238
155768  32.486  -55.350  -0.247 0.5000000000
28682  32.619  -54.391  1.629 0.6000000238
28714  32.506  -54.381  -1.657 0.6000000238
27723  32.093  -54.449  -2.432 0.6000000238
30656  30.041  -52.234  -3.702 0.6000000238
142065  27.209  -51.892  -4.039 0.6000000238
32577  26.550  -50.567  -3.830 0.6999999881
28660  28.384  -54.553  3.376 0.6000000238
28662  26.547  -54.533  3.214 0.5000000000
28663  25.760  -54.709  3.199 0.5000000000
28670  31.581  -54.516  2.707 0.6000000238
28672  29.843  -54.635  3.346 0.6000000238
28659  29.213  -54.931  3.418 0.6000000238
28675  25.969  -54.100  2.665 0.5000000000
28684  24.655  -54.141  1.991 0.5000000000
135802  31.005  -54.083  3.167 0.6000000238
28706  32.670  -54.219  -0.744 0.6000000238
134165  27.142  -50.052  -3.629 0.6999999881
130572  29.130  -54.022  3.321 0.6000000238
139198  28.111  -53.755  3.064 0.6000000238
28674  26.731  -53.854  2.695 0.6000000238
131488  30.176  -54.028  3.318 0.6000000238
29650  27.711  -52.983  2.538 0.6000000238
29651  26.917  -53.202  2.239 0.6000000238
28683  25.400  -53.771  2.095 0.6000000238
29665  24.114  -53.737  1.283 0.6000000238
29648  29.662  -53.250  3.289 0.6000000238
29674  23.424  -53.538  0.736 0.5000000000
28669  32.238  -54.068  2.332 0.6000000238
29686  22.894  -53.138  0.276 0.6000000238
132813  26.161  -49.843  -3.743 0.6999999881
29649  28.663  -53.142  3.038 0.6000000238
30608  27.105  -52.624  2.001 0.6000000238
132402  30.121  -52.539  3.327 0.6000000238
30606  29.172  -52.492  3.122 0.6000000238
30607  28.298  -52.378  2.693 0.6000000238
29664  25.523  -53.142  1.571 0.6000000238
150514  24.013  -53.065  0.782 0.6000000238
29647  30.757  -53.279  3.276 0.6000000238
30627  24.536  -52.402  0.735 0.6000000238
29645  32.256  -53.214  2.471 0.6000000238
29661  33.011  -52.962  1.262 0.6000000238
33519  25.805  -48.879  -3.620 0.6999999881
34312  25.196  -48.237  -3.683 0.6999999881
156792  30.949  -52.486  3.300 0.6000000238
31517  28.061  -51.664  2.400 0.6999999881
30617  26.962  -52.059  1.652 0.6999999881
30604  32.282  -52.346  2.594 0.6000000238
36187  24.917  -46.387  -3.366 0.6999999881
139289  28.788  -51.789  2.888 0.6999999881
31506  31.026  -51.175  3.359 0.6999999881
137964  29.624  -51.845  3.233 0.6999999881
32523  27.867  -50.976  2.175 0.6999999881
31525  26.825  -51.349  1.471 0.6999999881
30618  25.473  -52.339  1.108 0.6000000238
31537  25.029  -51.641  0.668 0.6999999881
32539  24.594  -50.984  0.420 0.6000000238
31538  24.200  -51.725  0.421 0.5000000000
37062  24.720  -45.510  -4.466 0.8000000119
31515  29.200  -51.277  3.093 0.6999999881
31516  28.545  -51.093  2.680 0.6999999881
145636  27.641  -50.403  2.035 0.6999999881
151164  26.218  -50.125  1.119 0.6999999881
155467  22.113  -51.026  -0.943 0.5000000000
33483  25.363  -49.791  0.706 0.6999999881
32547  23.992  -50.321  0.220 0.6000000238
33492  23.160  -50.026  -0.251 0.6000000238
48171  26.420  -33.183  -1.969 0.6999999881
130717  30.498  -31.925  0.596 0.6999999881
49124  29.734  -32.452  0.007 0.6999999881
48157  28.435  -32.817  -0.867 0.6999999881
50129  31.814  -31.543  1.578 0.6000000238
154282  31.188  -31.756  1.053 0.6000000238
48158  27.667  -32.801  -1.296 0.6999999881
138147  27.039  -32.249  -1.113 0.6999999881
48172  25.522  -32.945  -1.926 0.6999999881
48184  24.898  -33.739  -2.399 0.6999999881
50142  29.497  -31.629  0.213 0.6999999881
50155  28.057  -31.579  -0.388 0.6999999881
51187  32.088  -30.196  2.646 0.6000000238
49146  26.321  -32.522  -1.512 0.6999999881
136052  24.960  -32.286  -1.651 0.6999999881
48174  23.489  -33.144  -2.187 0.6999999881
50130  30.924  -31.071  1.090 0.6000000238
51210  29.405  -30.800  0.396 0.6000000238
50143  28.664  -31.233  -0.013 0.6999999881
50156  27.201  -31.475  -0.606 0.6999999881
50157  25.401  -31.642  -1.258 0.6999999881
50164  24.551  -31.565  -1.435 0.6999999881
51199  31.648  -30.569  1.817 0.6000000238
51200  30.956  -30.111  1.366 0.6000000238
51209  30.233  -30.424  0.784 0.5000000000
51211  28.558  -30.333  0.191 0.6000000238
51212  27.688  -30.066  -0.067 0.5000000000
131542  26.390  -30.967  -0.632 0.6999999881
51214  25.765  -29.781  -0.506 0.6999999881
51240  24.232  -30.763  -1.250 0.6999999881
53265  26.459  -28.055  -2.872 0.3000000119
54222  25.655  -27.607  -3.297 0.3000000119
54224  23.756  -27.849  -3.782 0.3000000119
24136  28.101  -59.858  4.294 0.4000000060
24121  27.624  -59.394  4.878 0.3000000119
24107  26.158  -59.443  5.740 0.4000000060
24173  29.857  -59.359  1.748 0.3000000119
24982  26.252  -58.152  5.270 0.4000000060
25053  30.450  -58.448  0.039 0.4000000060
25811  26.965  -57.657  4.846 0.4000000060
25887  30.449  -57.666  -1.758 0.4000000060
25891  30.171  -57.385  -2.597 0.4000000060
26781  29.781  -57.033  -3.296 0.4000000060
27730  29.588  -55.411  -3.872 0.5000000000
28732  27.700  -54.761  -4.474 0.4000000060
26705  25.497  -56.588  4.464 0.4000000060
29709  26.406  -53.216  -4.386 0.5000000000
26721  24.220  -55.996  3.553 0.5000000000
31584  25.575  -51.550  -4.327 0.6000000238
27671  24.690  -55.370  3.302 0.5000000000
137696  24.539  -54.797  2.601 0.5000000000
26740  23.076  -55.364  1.876 0.5000000000
132800  25.318  -49.644  -4.039 0.6000000238
28686  22.990  -54.811  1.370 0.5000000000
28707  21.808  -54.451  0.198 0.4000000060
33520  24.991  -48.790  -3.992 0.6999999881
30638  22.694  -52.301  -0.200 0.5000000000
35242  24.470  -47.375  -4.014 0.6999999881
31549  21.890  -51.790  -0.875 0.5000000000
36198  24.537  -46.335  -4.696 0.8000000119
36197  25.001  -45.950  -4.982 0.6999999881
31558  20.504  -51.433  -2.062 0.5000000000
32556  21.915  -50.345  -1.242 0.6000000238
134326  31.740  -36.204  4.467 0.6000000238
141407  31.717  -34.819  4.499 0.6000000238
155853  30.960  -29.537  1.560 0.5000000000
52224  30.404  -29.471  1.078 0.5000000000
53205  28.760  -28.618  0.257 0.5000000000
52237  28.034  -29.370  0.084 0.5000000000
52238  26.521  -29.556  -0.361 0.5000000000
52239  25.992  -29.025  -0.471 0.5000000000
52253  24.359  -29.336  -0.979 0.5000000000
54221  26.627  -27.296  -3.309 0.3000000119
55143  26.021  -26.716  -3.767 0.3000000119
54239  24.163  -27.019  -4.119 0.3000000119
30616  32.778  -52.740  2.024 0.6000000238
29662  32.715  -53.550  1.842 0.6000000238
132000  32.798  -54.002  0.134 0.6000000238
150235  27.325  -49.216  1.949 0.8000000119
31582  27.385  -50.959  -3.788 0.6999999881
33518  26.869  -49.201  -3.498 0.6999999881
35238  25.817  -47.230  -3.027 0.6999999881
48185  23.940  -33.892  -2.435 0.6999999881
51228  23.939  -30.001  -1.140 0.6000000238
54223  24.659  -27.666  -3.564 0.3000000119
36192  24.325  -46.133  -4.142 0.8000000119
36208  25.773  -46.781  -5.248 0.6999999881
49125  28.751  -32.126  -0.311 0.6999999881
24994  29.629  -58.906  3.180 0.4000000060
25010  30.648  -58.361  2.385 0.4000000060
25042  30.793  -58.551  0.932 0.3000000119
25848  31.769  -57.433  1.407 0.5000000000
26704  26.558  -56.703  4.514 0.5000000000
27731  28.842  -55.453  -4.249 0.3000000119
29717  26.477  -54.076  -4.443 0.4000000060
25814  24.054  -57.204  4.377 0.5000000000
32548  23.334  -50.857  -0.144 0.6000000238
49138  26.264  -31.736  -1.068 0.6999999881
48173  24.493  -33.035  -2.087 0.6999999881
148672  30.101  -31.177  0.599 0.6999999881
50144  27.856  -30.890  -0.201 0.6999999881
52235  29.498  -29.930  0.550 0.5000000000
51226  27.077  -30.608  -0.372 0.6999999881
51227  25.711  -30.531  -0.675 0.6999999881
50158  25.092  -30.955  -1.016 0.6999999881
53204  29.601  -29.018  0.652 0.5000000000
52236  28.767  -29.518  0.320 0.5000000000
137822  26.974  -29.985  -0.280 0.5000000000
51213  26.393  -30.245  -0.441 0.5000000000
52252  25.181  -29.215  -0.667 0.5000000000
130659  24.881  -30.085  -0.800 0.6999999881
52213  31.377  -28.800  2.637 0.5000000000
53206  27.703  -28.712  -0.134 0.5000000000
53221  26.316  -28.301  -0.581 0.5000000000
35246  24.566  -47.675  -4.470 0.6000000238
36209  24.855  -46.839  -5.073 0.6000000238
143259  27.610  -47.343  -5.495 0.5000000000
157670  26.044  -47.592  -5.439 0.6000000238
36207  26.810  -46.606  -5.238 0.6000000238
35262  29.652  -47.320  -5.903 0.5000000000
35249  28.580  -47.325  -5.590 0.5000000000
34304  19.303  -48.188  -2.714 0.5000000000
37072  27.008  -45.866  -4.874 0.6000000238
36222  30.630  -46.974  -6.122 0.5000000000
36204  29.919  -46.646  -5.461 0.5000000000
36221  31.484  -46.655  -6.292 0.5000000000
134934  18.864  -47.523  -2.352 0.4000000060
34291  18.747  -48.224  -0.753 0.4000000060
34290  19.583  -47.961  0.143 0.4000000060
37082  30.889  -46.406  -5.646 0.5000000000
37979  33.200  -45.158  -6.520 0.5000000000
37081  31.756  -46.028  -5.873 0.5000000000
35208  20.598  -47.746  0.978 0.4000000060
37967  33.463  -44.391  -6.262 0.5000000000
37968  32.856  -44.894  -5.760 0.5000000000
35207  21.389  -47.241  1.484 0.4000000060
147353  23.249  -41.808  -0.482 0.4000000060
39857  21.277  -42.231  -1.723 0.4000000060
144997  20.416  -42.539  -1.137 0.4000000060
38835  20.948  -43.344  0.944 0.3000000119
43426  27.665  -38.760  3.604 0.4000000060
42582  26.756  -39.483  2.644 0.4000000060
40786  25.053  -41.502  0.829 0.4000000060
40803  23.714  -41.158  -0.030 0.4000000060
43427  27.222  -38.054  3.378 0.4000000060
41722  24.891  -40.827  0.692 0.4000000060
40824  22.836  -41.101  -0.755 0.4000000060
41739  24.199  -40.500  0.382 0.4000000060
41740  23.268  -40.560  -0.128 0.4000000060
40849  21.344  -41.674  -1.155 0.4000000060
39820  20.636  -41.894  -0.357 0.4000000060
132811  26.578  -40.057  2.338 0.4000000060
42583  26.175  -39.548  2.063 0.4000000060
42598  26.165  -40.334  1.815 0.4000000060
44427  27.994  -37.930  3.991 0.4000000060
144118  26.345  -38.841  2.409 0.4000000060
42584  25.751  -38.898  1.801 0.4000000060
42599  25.584  -39.678  1.349 0.4000000060
137767  24.924  -39.261  0.859 0.4000000060
42612  23.603  -39.852  0.345 0.4000000060
41760  22.414  -40.671  -0.568 0.4000000060
42613  23.053  -39.200  0.355 0.4000000060
41762  21.714  -40.204  0.070 0.4000000060
40805  20.888  -41.153  -0.284 0.4000000060
45320  30.195  -36.705  4.640 0.4000000060
150458  27.424  -37.411  3.683 0.4000000060
43438  26.555  -38.128  2.772 0.4000000060
43439  25.919  -38.206  2.178 0.4000000060
45321  29.250  -36.423  4.577 0.4000000060
143996  28.729  -37.323  4.405 0.4000000060
44415  27.926  -37.031  4.103 0.4000000060
44440  26.144  -37.587  2.538 0.4000000060
44441  25.533  -37.501  1.968 0.4000000060
43455  25.433  -38.244  1.522 0.4000000060
43473  24.063  -38.939  0.607 0.4000000060
43457  24.097  -37.998  0.764 0.4000000060
42614  22.154  -39.557  0.290 0.4000000060
46232  31.329  -35.497  4.583 0.5000000000
153041  30.619  -35.490  4.688 0.5000000000
46234  29.375  -35.593  4.653 0.5000000000
45323  27.778  -36.221  4.183 0.4000000060
45333  27.269  -36.734  3.731 0.4000000060
44428  26.741  -37.305  3.164 0.4000000060
43456  24.878  -38.339  0.998 0.4000000060
134034  30.030  -35.061  4.776 0.5000000000
138624  28.509  -35.673  4.502 0.4000000060
45334  26.616  -36.401  3.373 0.4000000060
45348  25.992  -36.797  2.657 0.4000000060
47212  29.116  -34.906  4.718 0.4000000060
47213  28.247  -34.701  4.595 0.4000000060
46235  27.465  -35.303  4.252 0.4000000060
46251  27.130  -36.032  3.861 0.4000000060
152755  26.041  -36.025  3.111 0.4000000060
48085  28.646  -33.380  4.954 0.4000000060
48086  27.825  -33.357  4.782 0.4000000060
48087  26.989  -33.293  4.555 0.4000000060
48106  26.446  -33.984  4.233 0.4000000060
48088  26.099  -33.110  4.375 0.4000000060
149144  31.414  -34.010  4.718 0.5000000000
139121  30.207  -32.785  5.160 0.5000000000
49059  29.238  -32.655  5.158 0.4000000060
49061  26.714  -32.465  4.639 0.4000000060
152649  25.175  -32.761  4.141 0.3000000119
48082  32.080  -33.112  4.388 0.5000000000
139073  28.892  -34.120  4.830 0.5000000000
47214  27.403  -34.200  4.487 0.4000000060
46236  26.761  -34.742  4.133 0.4000000060
47235  26.037  -34.675  3.759 0.4000000060
138855  28.184  -33.962  4.738 0.4000000060
49058  30.935  -32.089  5.028 0.5000000000
138861  28.323  -32.633  5.037 0.4000000060
148918  27.501  -32.591  4.834 0.4000000060
50071  31.562  -31.475  4.581 0.5000000000
132289  29.951  -31.883  5.176 0.5000000000
50073  28.844  -31.731  5.143 0.4000000060
49060  27.957  -31.987  5.056 0.4000000060
135374  26.537  -31.772  4.664 0.4000000060
49062  25.953  -32.213  4.470 0.3000000119
49077  24.560  -31.998  4.087 0.3000000119
48109  24.325  -32.767  3.675 0.3000000119
50072  30.731  -31.224  4.909 0.5000000000
51136  32.084  -30.895  4.024 0.4000000060
131261  28.781  -30.858  5.040 0.3000000119
131260  27.952  -31.191  5.023 0.4000000060
155971  27.339  -31.162  4.887 0.4000000060
50076  25.951  -31.259  4.560 0.3000000119
49063  25.299  -31.863  4.332 0.3000000119
141299  24.048  -31.334  3.973 0.3000000119
49078  23.823  -32.087  3.667 0.3000000119
131693  29.730  -30.873  5.024 0.3000000119
131822  31.402  -30.779  4.516 0.4000000060
51137  31.630  -30.120  4.226 0.4000000060
52197  31.656  -29.405  3.863 0.4000000060
52223  31.476  -29.616  2.115 0.4000000060
51140  28.242  -30.306  4.893 0.3000000119
51141  27.351  -30.531  4.840 0.3000000119
51142  26.502  -30.451  4.696 0.3000000119
51144  24.918  -31.044  4.311 0.3000000119
49079  23.178  -32.112  3.177 0.3000000119
49096  22.485  -32.236  2.598 0.3000000119
51139  29.123  -30.161  4.844 0.3000000119
51166  24.143  -30.514  4.138 0.3000000119
156541  23.594  -30.862  3.853 0.3000000119
50092  22.693  -31.470  3.185 0.3000000119
51138  30.755  -30.283  4.647 0.3000000119
52175  30.484  -29.462  4.480 0.3000000119
53181  31.468  -28.727  3.433 0.3000000119
138492  30.953  -28.973  1.810 0.4000000060
53193  30.345  -28.383  1.354 0.4000000060
149471  29.641  -28.224  0.708 0.4000000060
146750  27.267  -29.430  -0.194 0.4000000060
50113  21.983  -31.461  2.715 0.3000000119
154592  28.947  -29.073  4.589 0.3000000119
52177  28.633  -29.540  4.706 0.3000000119
52176  29.517  -29.367  4.612 0.3000000119
53163  30.851  -28.126  3.680 0.3000000119
53182  31.234  -28.160  3.014 0.3000000119
53192  30.923  -28.167  2.308 0.4000000060
54148  30.540  -27.430  2.018 0.3000000119
54149  30.039  -27.500  1.151 0.4000000060
54160  28.306  -27.838  -0.155 0.4000000060
53220  27.215  -28.105  -0.410 0.4000000060
53145  30.264  -28.684  4.330 0.3000000119
139491  30.168  -26.702  1.695 0.3000000119
138866  29.785  -26.817  0.873 0.3000000119
154931  28.913  -27.325  -0.026 0.4000000060
55076  28.611  -27.001  -0.349 0.4000000060
55090  27.134  -26.824  -1.054 0.4000000060
54173  25.840  -27.769  -0.940 0.4000000060
54175  24.219  -27.993  -1.380 0.4000000060
53224  23.890  -28.700  -1.279 0.5000000000
154649  29.690  -26.391  0.653 0.3000000119
55075  29.339  -26.760  0.175 0.3000000119
140048  28.156  -26.525  -0.873 0.4000000060
55101  27.618  -26.021  -1.388 0.3000000119
55091  26.219  -27.069  -1.228 0.4000000060
54186  24.590  -27.295  -1.559 0.3000000119
53237  23.340  -28.081  -1.565 0.3000000119
53225  23.071  -28.787  -1.453 0.4000000060
54187  23.708  -27.342  -1.783 0.3000000119
54188  22.724  -27.438  -1.999 0.3000000119
138812  29.856  -26.029  1.197 0.3000000119
56065  29.581  -25.286  0.027 0.3000000119
55089  29.147  -26.087  -0.446 0.3000000119
56067  28.614  -25.653  -1.114 0.3000000119
56078  27.013  -25.517  -1.818 0.3000000119
56079  26.070  -25.788  -1.962 0.3000000119
55103  25.715  -26.527  -1.640 0.3000000119
137264  24.993  -26.721  -1.734 0.3000000119
56052  29.702  -25.307  0.831 0.3000000119
56076  28.930  -24.902  -1.221 0.3000000119
56077  28.104  -25.082  -1.648 0.3000000119
56091  26.451  -24.962  -2.318 0.3000000119
56080  25.117  -25.991  -2.156 0.3000000119
55104  24.200  -26.539  -2.077 0.3000000119
56092  25.629  -25.321  -2.341 0.3000000119
55119  24.310  -25.726  -2.427 0.3000000119
57103  24.229  -24.324  -3.076 0.3000000119
47211  30.496  -34.374  4.905 0.5000000000
134819  30.929  -34.879  4.746 0.5000000000
34321  24.693  -48.027  -3.978 0.6000000238
34331  24.870  -48.708  -5.032 0.5000000000
34330  25.195  -48.343  -5.264 0.5000000000
35250  27.370  -48.054  -5.733 0.5000000000
34342  26.271  -48.777  -5.638 0.5000000000
35261  31.317  -47.322  -6.559 0.5000000000
135803  29.789  -48.128  -6.304 0.5000000000
35263  28.275  -47.989  -5.830 0.5000000000
150774  23.672  -49.525  0.071 0.6000000238
33493  22.401  -49.772  -0.862 0.6000000238
146424  22.048  -49.000  -1.360 0.6000000238
141984  19.995  -48.770  -2.846 0.5000000000
33494  18.249  -49.242  -1.652 0.5000000000
133534  18.443  -48.553  -1.471 0.5000000000
33485  19.794  -49.349  0.654 0.5000000000
34282  20.371  -48.646  0.952 0.4000000060
156100  21.002  -48.365  1.293 0.4000000060
35196  22.134  -47.660  2.051 0.4000000060
137470  22.689  -47.124  2.494 0.4000000060
37856  22.457  -44.500  2.393 0.3000000119
38816  21.774  -43.921  1.774 0.3000000119
39819  20.834  -42.256  0.578 0.4000000060
41724  21.194  -40.013  1.081 0.4000000060
40804  20.854  -41.310  0.390 0.4000000060
42615  21.607  -39.591  0.587 0.4000000060
45349  25.366  -36.755  2.064 0.4000000060
43474  23.349  -38.340  0.583 0.4000000060
43476  21.974  -38.714  0.849 0.4000000060
45369  25.058  -37.080  1.467 0.4000000060
44462  24.673  -37.497  1.027 0.4000000060
46253  25.431  -36.001  2.507 0.4000000060
44463  23.951  -37.228  0.811 0.4000000060
48107  25.475  -33.823  3.888 0.4000000060
48108  24.748  -33.397  3.661 0.4000000060
47257  25.177  -35.230  2.726 0.4000000060
47236  25.285  -34.642  3.272 0.4000000060
48120  24.128  -33.526  3.110 0.3000000119
49095  23.621  -32.776  3.215 0.3000000119
134737  23.393  -33.355  2.596 0.3000000119
36220  32.269  -46.294  -6.478 0.5000000000
36984  22.738  -45.821  2.578 0.4000000060
41703  21.799  -39.508  1.728 0.4000000060
42600  21.476  -39.222  1.137 0.4000000060
45350  24.897  -36.337  1.769 0.4000000060
45370  24.461  -36.728  1.155 0.4000000060
36131  22.508  -46.419  2.377 0.4000000060
36206  27.833  -46.667  -5.168 0.5000000000
43425  28.374  -38.776  4.131 0.4000000060
51165  32.112  -30.069  3.558 0.5000000000
49057  31.786  -32.267  4.562 0.5000000000
53222  25.491  -28.466  -0.736 0.4000000060
54172  26.695  -27.567  -0.753 0.4000000060
35251  26.709  -47.401  -5.481 0.6000000238
140829  29.072  -47.865  -5.972 0.5000000000
149943  30.532  -47.671  -6.404 0.5000000000
41741  22.750  -40.063  0.038 0.4000000060
41761  22.114  -40.300  -0.150 0.4000000060
40789  21.068  -40.634  0.389 0.4000000060
46233  30.038  -35.900  4.682 0.5000000000
45322  28.424  -36.541  4.384 0.4000000060
138159  23.470  -37.695  0.682 0.4000000060
43475  22.641  -38.550  0.536 0.4000000060
139074  29.732  -34.269  4.946 0.5000000000
46252  26.533  -35.508  3.690 0.4000000060
141996  31.170  -32.980  4.925 0.5000000000
48084  29.510  -33.483  5.080 0.5000000000
48083  30.422  -33.654  5.059 0.5000000000
53144  31.102  -28.928  4.101 0.3000000119
52212  31.857  -29.385  3.055 0.4000000060
54159  29.293  -27.599  0.383 0.4000000060
53146  29.335  -28.612  4.449 0.3000000119
54171  27.661  -27.326  -0.590 0.4000000060
55102  26.611  -26.314  -1.520 0.3000000119
54185  25.390  -27.229  -1.363 0.4000000060
135903  29.630  -25.980  0.375 0.3000000119
57067  29.594  -24.671  0.519 0.3000000119
56066  29.279  -25.136  -0.683 0.3000000119
57080  29.318  -24.318  -0.835 0.3000000119
56093  24.850  -25.025  -2.577 0.3000000119
135788  22.842  -37.775  0.627 0.4000000060
144399  21.448  -53.961  -0.382 0.4000000060
30639  21.924  -52.555  -0.585 0.4000000060
157047  19.222  -53.119  -2.148 0.4000000060
30647  19.013  -52.293  -2.463 0.3000000119
30646  20.538  -52.229  -1.780 0.4000000060
31559  18.404  -51.435  -2.194 0.3000000119
31585  24.893  -51.740  -4.643 0.5000000000
32568  19.487  -50.636  -2.785 0.5000000000
32550  18.046  -50.626  -1.737 0.3000000119
131815  25.107  -51.042  -4.501 0.5000000000
32583  24.731  -50.207  -4.865 0.5000000000
143780  24.682  -51.047  -4.824 0.5000000000
32557  21.132  -50.019  -1.988 0.5000000000
33504  19.364  -49.917  -2.856 0.4000000060
137671  24.887  -49.413  -4.477 0.5000000000
31593  24.551  -51.221  -5.010 0.5000000000
32586  24.736  -50.656  -5.105 0.3000000119
33524  24.804  -49.131  -4.776 0.5000000000
33527  24.872  -49.659  -5.035 0.4000000060
33539  25.205  -49.152  -5.287 0.4000000060
140775  25.706  -50.908  -5.859 0.3000000119
32595  25.290  -50.145  -5.438 0.3000000119
138336  26.977  -50.157  -6.096 0.3000000119
33538  25.832  -49.403  -5.587 0.3000000119
33535  28.425  -49.516  -6.194 0.3000000119
33536  27.490  -49.491  -6.028 0.3000000119
33537  26.624  -49.455  -5.845 0.4000000060
34343  25.641  -48.764  -5.453 0.4000000060
33467  22.127  -49.497  2.050 0.3000000119
34338  29.923  -48.956  -6.446 0.4000000060
34339  28.983  -48.680  -6.138 0.4000000060
34340  27.941  -48.746  -5.961 0.4000000060
33465  22.891  -49.134  2.594 0.3000000119
36122  23.117  -46.503  2.818 0.3000000119
39810  21.403  -41.736  1.265 0.3000000119
40788  21.241  -40.883  1.095 0.3000000119
40769  22.679  -41.034  2.317 0.3000000119
41723  21.815  -40.421  1.672 0.3000000119
41701  23.311  -40.472  2.901 0.3000000119
41702  22.598  -40.056  2.335 0.3000000119
43458  21.792  -38.192  1.552 0.3000000119
44480  23.134  -37.118  0.671 0.3000000119
137841  22.370  -37.851  0.703 0.3000000119
131623  21.953  -37.363  1.080 0.3000000119
43441  22.096  -37.785  2.250 0.3000000119
44442  22.829  -37.160  3.103 0.3000000119
46276  24.745  -35.534  2.140 0.3000000119
46301  24.256  -35.904  1.441 0.3000000119
45371  23.615  -36.384  0.850 0.3000000119
44481  22.353  -37.068  0.682 0.3000000119
47258  24.604  -34.683  2.623 0.3000000119
46277  24.092  -35.049  1.817 0.3000000119
46322  23.045  -35.838  0.663 0.3000000119
45385  22.733  -36.410  0.558 0.3000000119
143638  21.669  -36.767  0.647 0.3000000119
46303  22.851  -35.172  0.872 0.3000000119
46323  22.438  -35.699  0.440 0.3000000119
45386  21.937  -36.250  0.360 0.3000000119
154587  24.333  -34.104  2.832 0.3000000119
47259  23.840  -34.181  2.343 0.3000000119
47272  23.336  -34.675  1.518 0.3000000119
47283  22.144  -34.931  0.596 0.3000000119
140718  25.737  -52.965  -4.440 0.5000000000
35195  22.965  -48.081  2.674 0.3000000119
46302  23.554  -35.492  1.138 0.3000000119
32542  18.266  -50.052  -0.850 0.3000000119
32541  19.273  -50.054  0.349 0.3000000119
32533  21.011  -50.268  1.577 0.3000000119
25815  23.580  -57.726  4.459 0.4000000060
24996  22.884  -57.963  4.171 0.4000000060
138031  22.482  -57.538  3.475 0.4000000060
25843  20.566  -57.531  2.109 0.4000000060
25850  20.533  -56.911  1.412 0.3000000119
25840  22.905  -56.755  3.121 0.4000000060
26731  22.313  -56.514  2.290 0.4000000060
149350  21.854  -56.336  1.695 0.4000000060
27736  28.114  -55.431  -4.442 0.3000000119
26730  23.007  -56.030  2.468 0.4000000060
26750  20.607  -55.828  0.230 0.3000000119
27709  20.422  -55.276  -0.512 0.3000000119
27687  22.414  -55.291  1.257 0.4000000060
155565  19.061  -55.034  -1.431 0.3000000119
27710  19.544  -55.326  -1.088 0.3000000119
29698  18.977  -53.831  -1.940 0.3000000119
28695  22.496  -54.652  0.834 0.4000000060
28715  20.202  -54.592  -1.118 0.3000000119
29689  20.783  -53.864  -0.969 0.3000000119
24998  21.389  -58.442  3.503 0.4000000060
25841  22.084  -57.180  2.713 0.4000000060
130573  18.669  -53.056  -2.062 0.3000000119
25812  25.933  -57.342  4.913 0.3000000119
29691  17.671  -54.176  -0.967 0.3000000119
24106  26.892  -59.455  5.371 0.4000000060
24135  28.650  -59.859  3.613 0.4000000060
24156  29.574  -59.562  2.520 0.4000000060
24971  26.444  -58.867  5.473 0.4000000060
24981  27.042  -58.636  5.185 0.4000000060
24984  24.288  -57.897  4.983 0.4000000060
24995  29.265  -58.198  3.643 0.4000000060
24997  22.123  -58.230  3.791 0.4000000060
25029  19.877  -57.757  2.201 0.4000000060
25813  24.944  -57.224  4.749 0.4000000060
25824  29.486  -57.404  3.547 0.4000000060
25826  23.743  -56.646  3.748 0.5000000000
25827  23.262  -57.293  3.912 0.4000000060
25828  21.722  -57.818  3.118 0.4000000060
25837  31.516  -57.219  2.208 0.4000000060
25842  21.353  -57.445  2.406 0.4000000060
25849  31.242  -58.127  1.824 0.4000000060
25851  19.762  -57.237  1.471 0.3000000119
25874  31.503  -57.445  -0.428 0.4000000060
25875  30.649  -58.014  -0.768 0.4000000060
25876  29.850  -58.154  -1.319 0.4000000060
26703  27.458  -56.585  4.312 0.5000000000
26706  24.566  -56.564  4.195 0.5000000000
26717  29.517  -56.572  3.495 0.6000000238
26720  25.045  -55.901  3.978 0.5000000000
26727  31.578  -56.308  2.399 0.6000000238
26729  23.829  -55.471  2.684 0.4000000060
26732  21.646  -56.861  2.024 0.4000000060
26741  22.386  -55.894  1.770 0.4000000060
26749  32.184  -56.844  0.895 0.5000000000
26763  32.057  -56.814  -0.009 0.5000000000
26765  19.054  -56.003  -0.842 0.3000000119
26779  31.299  -56.124  -2.691 0.5000000000
26786  30.057  -56.150  -3.498 0.4000000060
26787  29.202  -56.387  -3.862 0.3000000119
27669  26.295  -55.222  3.694 0.5000000000
27678  30.865  -55.834  2.912 0.6000000238
27680  25.238  -54.386  2.617 0.5000000000
27685  32.513  -55.241  1.414 0.6000000238
27688  21.716  -55.843  1.148 0.4000000060
27694  32.526  -55.487  0.445 0.6000000238
27695  21.832  -55.193  0.657 0.4000000060
27696  21.285  -55.625  0.574 0.3000000119
27707  32.457  -55.132  -0.941 0.6000000238
27708  21.181  -55.188  0.085 0.3000000119
27719  32.172  -55.937  -1.420 0.4000000060
27720  18.656  -55.496  -1.225 0.3000000119
28661  27.445  -54.336  3.203 0.5000000000
28671  30.739  -54.855  3.091 0.6000000238
28673  27.381  -53.613  2.736 0.6000000238
28685  23.778  -54.642  1.817 0.5000000000
28693  32.734  -54.640  0.777 0.6000000238
28694  23.254  -54.218  1.069 0.5000000000
28708  20.990  -54.581  -0.463 0.3000000119
28716  19.384  -54.537  -1.534 0.3000000119
28717  18.611  -54.645  -1.559 0.3000000119
28723  31.438  -54.479  -3.052 0.6000000238
28724  30.677  -54.536  -3.452 0.5000000000
28725  29.912  -54.598  -3.805 0.5000000000
28731  28.408  -54.718  -4.396 0.3000000119
28733  26.960  -54.802  -4.478 0.4000000060
29646  31.620  -53.678  2.889 0.6000000238
29652  26.155  -53.451  2.125 0.6000000238
29663  26.367  -52.681  1.642 0.6000000238
29672  32.988  -53.101  0.290 0.6999999881
29675  22.666  -53.941  0.524 0.5000000000
29685  32.843  -53.418  -0.511 0.8000000119
29687  22.071  -53.603  0.008 0.4000000060
29688  21.508  -53.226  -0.678 0.4000000060
29695  32.708  -53.544  -1.367 0.6000000238
29696  20.663  -53.058  -1.445 0.4000000060
29697  19.850  -53.689  -1.683 0.3000000119
29699  18.285  -53.796  -1.570 0.3000000119
29701  32.400  -53.644  -2.206 0.8000000119
29707  28.613  -53.965  -4.323 0.6000000238
29716  27.329  -54.111  -4.428 0.4000000060
30605  31.610  -52.826  3.007 0.6000000238
30615  33.064  -52.309  1.511 0.8000000119
30619  24.758  -53.030  1.169 0.6000000238
30626  33.259  -52.193  0.692 0.6000000238
30628  23.622  -52.494  0.388 0.6000000238
30640  21.303  -52.459  -1.142 0.4000000060
30653  19.802  -51.877  -2.437 0.5000000000
30655  30.990  -52.173  -3.397 0.8000000119
30658  28.082  -52.416  -4.039 0.6000000238
30660  25.306  -52.383  -4.476 0.5000000000
31513  31.564  -51.892  3.127 0.8999999762
31514  30.555  -51.848  3.350 0.6999999881
31524  27.434  -51.523  1.882 0.6999999881
31526  26.271  -51.855  1.280 0.6000000238
31536  26.223  -51.066  1.100 0.6999999881
31546  33.458  -51.629  -0.084 0.8999999762
31547  23.429  -51.657  0.053 0.5000000000
31548  22.705  -51.381  -0.455 0.6000000238
31556  21.329  -51.001  -1.593 0.6000000238
31557  21.130  -51.789  -1.471 0.4000000060
31566  32.660  -51.318  -2.195 0.8000000119
31568  19.876  -51.161  -2.624 0.5000000000
31569  19.089  -51.236  -2.729 0.3000000119
31570  18.440  -50.742  -2.371 0.3000000119
31578  31.334  -51.472  -3.237 0.8000000119
31583  26.433  -51.313  -4.036 0.6000000238
32519  33.271  -50.486  1.832 1.0000000000
32522  30.022  -51.090  3.363 0.6999999881
32531  27.284  -50.839  1.719 0.6999999881
32532  26.731  -50.693  1.398 0.6999999881
32538  25.456  -50.781  0.707 0.6000000238
32540  23.913  -51.114  0.228 0.6000000238
32546  33.690  -50.355  -0.436 1.0000000000
32549  22.613  -50.575  -0.620 0.6000000238
32558  20.334  -50.541  -2.503 0.5000000000
32559  18.277  -50.181  -2.215 0.4000000060
32566  31.573  -50.742  -3.052 0.8000000119
32567  30.957  -50.202  -3.243 0.8000000119
32569  18.770  -50.347  -2.637 0.4000000060
32574  29.615  -50.520  -3.517 0.8000000119
32578  25.674  -50.611  -4.122 0.6000000238
32579  25.004  -50.315  -4.527 0.5000000000
32594  26.123  -50.139  -5.855 0.3000000119
33448  30.266  -49.533  3.454 0.8999999762
33460  33.308  -49.089  2.394 0.8999999762
33462  29.160  -50.536  3.100 0.8999999762
33463  28.801  -49.878  2.940 0.8999999762
33464  27.734  -49.789  2.187 0.8999999762
33476  27.094  -50.053  1.665 0.6999999881
33477  25.877  -49.183  1.089 0.8000000119
33478  21.455  -49.739  1.699 0.3000000119
33479  20.727  -49.512  1.299 0.4000000060
33484  24.486  -49.447  0.413 0.6000000238
33486  18.757  -49.127  -0.488 0.5000000000
33491  33.893  -49.634  -0.056 1.0000000000
33495  18.052  -49.867  -1.863 0.3000000119
33501  33.101  -49.680  -1.702 1.0000000000
33502  21.737  -49.637  -1.533 0.6000000238
33503  20.222  -49.548  -2.734 0.5000000000
33511  18.534  -49.562  -2.325 0.5000000000
33514  30.187  -49.889  -3.357 0.8000000119
33516  28.624  -49.631  -3.447 0.8000000119
34254  30.491  -48.727  3.518 0.8999999762
34268  28.282  -48.760  2.781 0.8999999762
34269  22.190  -48.576  2.064 0.3000000119
34281  21.377  -48.927  1.564 0.4000000060
34289  23.812  -48.745  0.141 0.6999999881
34295  23.240  -48.078  -0.368 0.6999999881
34297  18.468  -47.827  -1.715 0.4000000060
34303  20.380  -48.141  -2.754 0.6999999881
34305  18.605  -48.542  -2.195 0.5000000000
34310  27.315  -47.826  -3.051 0.8000000119
34311  25.828  -47.993  -3.349 0.6999999881
34313  24.967  -47.448  -3.577 0.6999999881
34320  26.681  -48.374  -3.313 0.8000000119
34325  24.688  -48.547  -4.408 0.5000000000
34328  26.563  -48.117  -5.627 0.5000000000
34329  25.823  -48.180  -5.466 0.6000000238
34341  27.053  -48.764  -5.833 0.4000000060
35176  33.131  -46.870  2.998 0.8999999762
35177  32.459  -47.225  3.357 0.8999999762
35178  31.615  -47.495  3.595 0.8999999762
35181  28.869  -47.484  3.358 0.8999999762
35206  25.057  -47.955  0.828 0.6999999881
35221  22.721  -47.554  -0.917 0.6000000238
35222  18.539  -46.952  -1.912 0.5000000000
35230  19.608  -47.238  -3.006 0.6000000238
35231  19.029  -46.575  -2.547 0.6000000238
35252  25.329  -47.560  -5.290 0.5000000000
35253  24.809  -47.751  -4.959 0.6000000238
36119  28.998  -46.231  3.661 0.8999999762
36128  28.425  -46.793  3.250 0.8999999762
36130  27.126  -46.194  2.489 0.8999999762
36132  22.013  -46.777  1.988 0.4000000060
36140  26.417  -46.249  1.976 0.6999999881
36142  25.018  -46.466  1.072 0.6999999881
36152  18.912  -46.515  -1.086 0.5000000000
36160  33.171  -46.564  -1.068 1.0000000000
36163  22.940  -46.116  -0.862 0.6999999881
36170  31.699  -46.689  -1.765 0.8999999762
36171  30.843  -46.274  -1.877 0.8999999762
36177  22.490  -46.837  -1.306 0.6999999881
36179  19.577  -46.333  -3.052 0.6000000238
36188  24.458  -46.840  -3.862 0.6999999881
36199  24.385  -46.869  -4.349 0.6999999881
36205  28.887  -46.726  -5.270 0.5000000000
36210  24.581  -47.044  -4.730 0.8000000119
36985  22.017  -45.842  1.981 0.4000000060
36991  33.663  -45.219  1.504 1.0000000000
36992  26.091  -45.602  1.846 0.8000000119
36994  25.004  -45.757  1.148 0.6999999881
36996  20.502  -45.805  0.644 0.5000000000
37005  24.533  -45.410  0.807 0.6999999881
37020  32.707  -45.332  -1.068 0.8999999762
37022  22.502  -45.203  -1.404 0.6999999881
37037  19.339  -45.525  -2.644 0.5000000000
37080  32.519  -45.599  -6.154 0.5000000000
37855  26.903  -44.676  2.484 0.6999999881
37857  21.834  -44.888  1.844 0.3000000119
37869  25.470  -44.425  1.484 0.6999999881
37883  24.312  -44.726  0.657 0.6999999881
37884  23.612  -44.576  0.002 0.6999999881
37886  19.912  -43.799  -0.627 0.4000000060
37903  21.962  -44.207  -1.999 0.6000000238
37915  28.178  -44.766  -1.767 0.8999999762
37918  20.237  -43.932  -2.663 0.6000000238
37919  19.748  -43.818  -2.282 0.6000000238
37940  28.546  -44.192  -3.664 0.8000000119
37943  25.369  -44.063  -3.545 0.8999999762
37947  32.591  -44.672  -4.774 0.6000000238
38802  32.666  -43.383  3.609 1.0000000000
38805  28.076  -43.236  3.604 0.6999999881
38834  24.563  -43.118  0.748 0.6000000238
38849  24.016  -43.847  0.402 0.6000000238
38851  20.333  -42.902  -0.265 0.3000000119
38866  30.676  -43.441  -1.364 1.0000000000
38871  21.417  -43.270  -2.302 0.6000000238
38880  21.008  -42.738  -2.217 0.5000000000
38881  20.396  -43.229  -2.276 0.6000000238
38934  33.728  -43.616  -5.984 0.6000000238
39787  27.108  -42.524  2.677 0.6999999881
39788  26.545  -42.550  2.103 0.6999999881
39834  28.328  -42.645  -1.804 0.8999999762
39836  22.265  -41.727  -1.124 0.4000000060
39837  21.661  -41.873  -1.344 0.4000000060
39838  20.883  -41.788  -0.907 0.4000000060
39856  27.950  -42.218  -2.322 0.8999999762
39858  20.756  -42.468  -1.699 0.4000000060
39898  33.623  -41.756  -4.499 0.6000000238
40765  33.462  -41.551  2.769 1.0000000000
40784  26.267  -41.955  1.823 0.6000000238
40787  22.316  -42.007  2.118 0.3000000119
40802  24.448  -41.203  0.455 0.4000000060
40825  22.002  -41.205  -1.120 0.4000000060
40826  21.614  -40.784  -0.650 0.4000000060
40827  21.087  -41.122  -0.698 0.4000000060
40863  27.939  -41.760  -2.979 0.8999999762
40879  32.894  -41.281  -4.160 0.6999999881
40896  34.462  -41.351  -5.895 0.6000000238
40902  34.643  -41.089  -7.640 0.6000000238
41661  29.725  -40.757  4.501 0.8000000119
41700  26.697  -40.754  2.368 0.5000000000
41721  25.562  -40.774  1.182 0.4000000060
41742  21.338  -40.079  0.570 0.4000000060
41743  21.218  -40.671  -0.126 0.4000000060
42560  28.828  -39.581  4.300 0.5000000000
42684  33.861  -39.399  -4.910 0.6000000238
43424  33.108  -38.358  3.776 0.6999999881
43437  26.971  -38.794  3.020 0.4000000060
43501  30.591  -38.682  -1.621 1.0000000000
43536  33.352  -39.067  -4.698 0.6000000238
43553  25.962  -39.262  -5.921 0.8000000119
43554  25.216  -38.919  -5.579 0.8000000119
43566  25.190  -38.855  -6.012 0.8000000119
44414  29.381  -37.944  4.523 0.5000000000
44461  25.143  -37.723  1.338 0.4000000060
44526  28.803  -37.076  -3.716 1.0000000000
44527  23.576  -37.141  -3.736 0.8999999762
44554  23.875  -37.951  -4.604 0.8000000119
44563  31.367  -37.554  -5.312 0.6000000238
44565  23.363  -37.695  -4.838 0.8000000119
44576  26.576  -38.267  -6.752 0.8000000119
45368  33.029  -36.393  1.447 0.8000000119
45401  31.601  -37.113  -0.225 0.8000000119
45429  21.781  -36.076  -3.180 0.8000000119
45430  21.373  -35.541  -2.929 0.8000000119
45443  21.299  -35.834  -3.498 0.8000000119
45447  22.922  -37.022  -4.189 0.8000000119
45448  21.717  -36.292  -3.859 0.8000000119
45454  32.816  -36.909  -5.287 0.6000000238
45459  21.777  -36.186  -4.208 0.8000000119
45472  27.103  -37.200  -6.861 0.6999999881
45475  24.522  -37.198  -6.207 0.8000000119
46337  31.510  -35.768  0.042 0.8000000119
46363  22.188  -35.713  -2.858 0.8999999762
46401  25.519  -35.799  -6.205 0.6000000238
47237  24.743  -34.043  3.269 0.3000000119
47304  27.966  -33.923  -2.236 0.8000000119
47313  27.693  -34.391  -2.777 0.8000000119
47317  21.098  -34.771  -2.696 0.8000000119
47318  20.514  -34.369  -2.929 0.8000000119
47340  21.889  -35.519  -4.509 0.6999999881
47353  25.144  -35.258  -5.840 0.6000000238
48131  32.541  -33.534  1.577 0.6999999881
48144  29.968  -33.246  -0.211 0.8000000119
48175  22.431  -33.228  -2.229 0.8000000119
48183  25.786  -33.691  -2.391 0.8000000119
48193  20.200  -33.785  -3.824 0.6000000238
48207  26.233  -33.159  -5.336 0.5000000000
48208  24.969  -33.802  -5.286 0.6000000238
49137  27.847  -32.178  -0.736 0.6999999881
49145  26.964  -32.813  -1.571 0.8000000119
49147  24.022  -32.307  -1.818 0.6999999881
49150  20.423  -33.071  -2.523 0.6999999881
49163  19.890  -32.667  -3.095 0.6999999881
49176  19.889  -32.933  -3.710 0.6000000238
49212  23.049  -32.927  -4.769 0.6000000238
50074  27.251  -31.762  4.873 0.4000000060
50075  26.819  -31.157  4.776 0.4000000060
50091  23.372  -31.449  3.597 0.3000000119
50128  32.472  -31.714  2.154 0.6999999881
50166  22.541  -31.091  -1.541 0.8000000119
51229  23.234  -29.918  -1.356 0.6999999881
51230  22.453  -30.216  -1.465 0.6999999881
51242  20.844  -30.950  -1.611 0.6000000238
51243  19.748  -30.956  -2.194 0.6000000238
51244  19.518  -30.102  -2.079 0.6000000238
51276  22.359  -30.366  -4.580 0.6000000238
51290  20.567  -30.784  -4.974 0.6000000238
52174  31.199  -29.603  4.316 0.4000000060
52254  23.565  -29.365  -1.280 0.6000000238
52268  19.125  -29.550  -2.512 0.6000000238
52287  18.711  -29.684  -3.255 0.6000000238
52299  18.615  -29.669  -3.831 0.6000000238
52310  19.757  -29.619  -4.746 0.6000000238
53207  26.810  -28.853  -0.344 0.5000000000
53223  24.689  -28.601  -0.976 0.5000000000
53238  22.366  -28.259  -1.764 0.5000000000
53240  19.359  -28.619  -2.540 0.5000000000
53257  18.869  -28.330  -3.269 0.5000000000
53284  20.942  -28.514  -4.970 0.6000000238
53285  19.877  -28.733  -4.749 0.5000000000
53286  18.908  -29.048  -4.200 0.6000000238
54174  25.027  -27.894  -1.117 0.4000000060
54190  20.782  -27.651  -2.347 0.4000000060
54205  19.178  -27.784  -2.960 0.4000000060
55107  20.589  -26.177  -2.734 0.4000000060
55109  19.356  -27.005  -3.054 0.4000000060
55122  19.683  -26.021  -3.136 0.4000000060
55144  19.657  -25.774  -3.677 0.4000000060
55165  19.305  -26.473  -3.867 0.4000000060
56095  22.869  -25.206  -2.930 0.4000000060
57102  25.666  -24.701  -2.558 0.3000000119
57105  22.276  -24.673  -3.377 0.4000000060
57106  21.292  -24.717  -3.389 0.4000000060
57107  20.453  -24.854  -3.428 0.4000000060
57121  20.580  -24.703  -3.771 0.4000000060
130605  21.472  -30.520  -5.067 0.6000000238
130979  25.736  -35.355  3.201 0.4000000060
131157  34.035  -48.123  1.019 1.0000000000
131544  31.433  -42.363  -3.727 0.6999999881
131759  19.697  -44.523  -2.600 0.6000000238
131989  31.906  -55.846  -2.163 0.4000000060
132747  30.103  -45.893  -1.838 0.8999999762
132871  21.081  -57.093  1.815 0.3000000119
133659  25.331  -38.867  1.263 0.4000000060
133897  19.203  -49.044  -2.741 0.5000000000
134646  28.275  -34.862  -3.094 0.8999999762
134881  32.904  -52.019  -1.697 0.8000000119
135064  29.906  -30.033  4.716 0.3000000119
135186  28.969  -58.972  3.726 0.4000000060
135290  19.386  -44.580  -0.933 0.5000000000
135336  21.489  -48.100  1.572 0.4000000060
136232  27.887  -55.022  3.558 0.6000000238
136442  23.538  -56.175  3.125 0.4000000060
136546  32.636  -54.811  -0.090 0.5000000000
136756  22.217  -52.967  -0.201 0.5000000000
136778  20.637  -35.244  -3.767 0.8000000119
137361  20.025  -45.814  -3.147 0.6000000238
137523  21.294  -33.185  -4.619 0.6000000238
137673  30.711  -55.938  -3.233 0.4000000060
138787  21.458  -28.184  -2.039 0.5000000000
139031  26.573  -47.746  1.733 0.8000000119
139290  19.806  -52.718  -2.061 0.4000000060
139597  27.726  -43.959  3.238 0.8999999762
139623  30.248  -41.861  4.504 0.8999999762
139786  26.545  -43.988  2.199 0.6999999881
140651  25.122  -54.882  3.118 0.5000000000
142094  28.558  -34.096  -6.487 0.5000000000
142152  18.754  -28.136  -3.825 0.5000000000
142268  29.076  -52.341  -3.909 0.6000000238
142965  19.446  -48.657  0.156 0.4000000060
143339  25.389  -47.090  1.198 0.8000000119
143355  26.627  -49.262  1.503 0.8999999762
143952  22.379  -28.943  -1.551 0.4000000060
144349  31.424  -52.900  -3.181 0.6999999881
144384  27.574  -52.207  2.169 0.6999999881
144392  30.160  -58.909  2.499 0.4000000060
144606  28.050  -44.776  3.402 0.8999999762
144655  30.816  -50.036  3.443 0.8999999762
144690  24.037  -46.854  0.292 0.6000000238
145434  21.052  -49.046  -2.279 0.5000000000
145883  21.278  -33.316  -2.257 0.8000000119
145960  22.715  -42.594  -0.892 0.6000000238
146022  29.101  -51.098  -3.649 0.8000000119
146249  19.970  -25.318  -3.391 0.4000000060
146254  30.255  -53.943  -3.700 0.6000000238
146267  24.971  -40.124  0.793 0.4000000060
146349  25.700  -32.225  -1.472 0.6999999881
146462  33.691  -50.946  -0.043 0.8999999762
146661  30.716  -43.960  4.335 1.0000000000
146720  22.396  -45.239  2.340 0.4000000060
146965  33.373  -50.995  1.410 1.0000000000
148038  24.543  -37.560  -4.092 0.8999999762
148545  33.378  -43.697  0.878 1.0000000000
148842  25.640  -48.474  1.078 0.8000000119
148905  28.230  -29.830  0.158 0.5000000000
149820  24.750  -48.334  -4.728 0.5000000000
150085  24.803  -50.271  0.474 0.6000000238
150673  28.460  -38.910  -6.788 0.8000000119
150859  28.726  -57.463  3.967 0.5000000000
151170  32.810  -50.699  2.365 0.8999999762
151442  23.074  -32.706  2.762 0.3000000119
151459  22.264  -36.601  -3.875 0.8000000119
151998  24.379  -39.733  0.582 0.4000000060
152118  21.872  -41.226  1.684 0.3000000119
153162  19.688  -46.171  -0.099 0.5000000000
153414  18.913  -45.411  -2.100 0.5000000000
153801  25.639  -33.464  -5.313 0.6000000238
153811  23.399  -37.055  -5.367 0.8000000119
154140  28.632  -45.832  -2.065 0.8999999762
154567  30.170  -59.053  1.173 0.3000000119
154858  32.310  -43.734  -3.873 0.6000000238
154866  24.883  -53.540  1.608 0.6000000238
155109  27.218  -57.097  4.547 0.4000000060
155299  30.951  -42.840  4.429 0.8999999762
155601  25.770  -31.160  -0.898 0.6999999881
156277  19.951  -43.183  -1.189 0.5000000000
156469  28.553  -43.521  3.942 0.8999999762
156620  21.924  -31.812  -4.844 0.6000000238
156797  20.569  -33.754  -4.281 0.6000000238
156826  27.837  -49.167  2.375 0.8999999762
157473  23.505  -53.074  0.546 0.6000000238
157589  25.709  -51.540  0.932 0.6999999881
157997  20.905  -25.028  -3.063 0.4000000060
