#!ascii label  , from subject sub-v2s0x29056_ses-1 vox2ras=TkReg
978
53494  27.092  -14.834  24.572 0.0000000000
114262  42.008  -2.371  9.649 0.0000000000
59291  34.885  -8.911  14.903 0.0000000000
45530  11.729  -22.285  39.893 0.0000000000
53436  22.293  -14.085  29.092 0.0000000000
65934  33.222  -1.908  15.315 0.0000000000
49570  15.880  -18.682  33.472 0.0000000000
44598  14.540  -23.123  36.552 0.0000000000
50565  18.296  -17.352  30.482 0.0000000000
108606  46.873  -4.426  9.763 0.0000000000
56433  29.215  -11.823  23.145 0.0000000000
55491  32.491  -12.616  21.096 0.0000000000
53492  31.456  -14.823  25.143 0.0000000000
66854  45.428  -0.664  8.060 0.0000000000
65201  48.874  -2.008  5.776 0.0000000000
68603  39.483  1.496  11.814 0.0000000000
64117  40.079  -3.499  12.525 0.0000000000
65133  36.353  -2.268  12.430 0.0000000000
60311  37.760  -6.689  15.110 0.0000000000
49631  25.653  -18.367  28.389 0.0000000000
42882  10.524  -26.290  43.822 0.0000000000
42862  7.570  -25.318  47.377 0.0000000000
43639  7.934  -23.928  50.911 0.0000000000
53468  23.838  -14.252  26.874 0.0000000000
49623  21.624  -18.352  29.416 0.0000000000
57419  32.375  -10.753  17.257 0.0000000000
105181  36.865  -11.956  20.635 0.0000000000
69492  49.444  1.889  1.762 0.0000000000
63230  44.416  -3.959  9.727 0.0000000000
64131  43.379  -4.162  11.702 0.0000000000
55470  27.614  -13.012  23.695 0.0000000000
53538  30.166  -14.257  22.754 0.0000000000
52493  29.299  -15.314  25.114 0.0000000000
66827  43.171  0.001  9.596 0.0000000000
67741  44.863  0.422  9.314 0.0000000000
66006  44.027  -1.984  8.667 0.0000000000
65169  46.006  -3.099  7.854 0.0000000000
41309  5.342  -27.626  51.903 0.0000000000
66821  37.633  -0.406  11.656 0.0000000000
67706  36.116  0.845  13.423 0.0000000000
62372  33.533  -5.556  14.788 0.0000000000
63196  34.735  -4.622  14.433 0.0000000000
59289  36.799  -7.987  14.885 0.0000000000
57424  38.048  -10.097  16.756 0.0000000000
44573  12.630  -23.224  38.448 0.0000000000
43743  14.065  -24.413  39.389 0.0000000000
116459  12.214  -24.656  40.449 0.0000000000
42887  12.671  -25.901  43.295 0.0000000000
43717  10.095  -24.440  41.953 0.0000000000
44497  8.890  -23.619  45.655 0.0000000000
43653  8.104  -24.446  49.113 0.0000000000
53453  23.351  -14.421  28.232 0.0000000000
51497  22.600  -17.031  26.223 0.0000000000
52445  20.975  -15.517  27.651 0.0000000000
47623  17.938  -20.369  32.766 0.0000000000
49583  19.802  -18.317  32.053 0.0000000000
55466  34.532  -12.359  23.424 0.0000000000
55507  34.711  -12.337  21.046 0.0000000000
67697  34.988  0.880  15.663 0.0000000000
65055  32.978  -2.831  16.920 0.0000000000
61332  32.599  -6.350  15.835 0.0000000000
46611  16.544  -21.292  33.576 0.0000000000
44607  16.818  -23.190  36.124 0.0000000000
46596  14.942  -21.432  34.742 0.0000000000
47579  13.772  -21.350  36.836 0.0000000000
47565  13.509  -20.677  38.598 0.0000000000
52432  19.192  -15.528  28.976 0.0000000000
52408  18.190  -15.203  30.707 0.0000000000
49602  16.850  -18.047  31.760 0.0000000000
58307  29.802  -9.553  22.237 0.0000000000
57374  29.701  -10.543  19.937 0.0000000000
55494  29.802  -12.213  21.762 0.0000000000
54520  32.322  -13.872  23.259 0.0000000000
67767  47.779  0.600  5.112 0.0000000000
66018  47.236  -1.449  6.309 0.0000000000
64169  48.103  -3.981  8.250 0.0000000000
120994  40.406  -0.602  10.297 0.0000000000
64147  40.703  -3.556  10.952 0.0000000000
104708  38.954  -1.501  10.829 0.0000000000
65132  38.046  -2.998  12.203 0.0000000000
64077  37.624  -3.437  14.514 0.0000000000
111451  34.497  -1.957  13.612 0.0000000000
63194  36.451  -4.344  14.525 0.0000000000
51502  26.364  -16.488  25.899 0.0000000000
52469  28.410  -15.508  26.806 0.0000000000
68582  41.863  2.046  11.511 0.0000000000
45502  10.763  -22.367  41.960 0.0000000000
43706  9.161  -24.449  43.468 0.0000000000
107215  8.172  -25.670  45.367 0.0000000000
41349  8.252  -27.548  47.141 0.0000000000
41341  6.847  -27.381  48.962 0.0000000000
42074  5.919  -26.753  50.607 0.0000000000
119126  6.243  -24.554  52.315 0.0000000000
107142  5.626  -23.436  53.881 0.0000000000
53496  25.034  -14.471  24.772 0.0000000000
117155  24.133  -16.705  25.585 0.0000000000
49633  23.592  -18.605  28.286 0.0000000000
50563  19.947  -17.741  29.918 0.0000000000
57437  33.846  -10.310  16.005 0.0000000000
55527  31.755  -12.361  18.851 0.0000000000
120429  33.821  -12.260  17.731 0.0000000000
56514  36.471  -11.431  17.504 0.0000000000
53467  30.774  -14.989  27.311 0.0000000000
67806  50.704  0.543  0.573 0.0000000000
66887  48.806  0.071  3.840 0.0000000000
66902  50.644  -0.362  2.536 0.0000000000
64161  43.411  -3.132  9.347 0.0000000000
63221  43.807  -4.078  10.283 0.0000000000
64145  42.334  -3.651  10.323 0.0000000000
54513  27.011  -13.550  23.944 0.0000000000
53510  28.156  -14.676  23.930 0.0000000000
52495  27.782  -14.906  24.410 0.0000000000
65997  42.550  -1.527  9.376 0.0000000000
66836  43.725  -0.542  9.160 0.0000000000
65161  43.525  -2.391  9.022 0.0000000000
65172  44.063  -2.811  8.848 0.0000000000
41299  4.605  -26.980  53.426 0.0000000000
68579  37.335  1.842  13.564 0.0000000000
68574  36.360  1.768  14.866 0.0000000000
60323  34.349  -7.507  14.629 0.0000000000
60322  35.161  -7.134  14.521 0.0000000000
59299  36.079  -8.231  14.738 0.0000000000
58377  37.167  -9.238  15.603 0.0000000000
58372  36.888  -9.886  15.983 0.0000000000
44556  12.115  -23.267  39.019 0.0000000000
43745  12.367  -23.999  39.389 0.0000000000
43746  11.736  -23.684  39.729 0.0000000000
119080  11.129  -24.373  40.812 0.0000000000
43737  10.834  -23.969  40.766 0.0000000000
53435  23.182  -14.186  29.047 0.0000000000
52444  21.912  -15.035  27.583 0.0000000000
53454  21.603  -14.575  28.309 0.0000000000
46609  18.157  -21.251  34.003 0.0000000000
59239  30.944  -8.532  20.443 0.0000000000
55474  35.142  -12.010  23.212 0.0000000000
63170  32.477  -4.710  16.166 0.0000000000
62339  32.576  -5.210  16.608 0.0000000000
47609  15.720  -20.287  33.455 0.0000000000
46595  15.797  -21.630  34.102 0.0000000000
48578  15.338  -19.905  34.125 0.0000000000
48549  15.076  -19.300  35.986 0.0000000000
47571  14.150  -20.476  37.121 0.0000000000
47572  13.602  -21.003  37.676 0.0000000000
54444  19.554  -13.644  30.607 0.0000000000
51432  16.785  -16.561  33.288 0.0000000000
51439  16.993  -16.499  32.425 0.0000000000
109774  16.102  -18.981  32.801 0.0000000000
48605  16.713  -19.307  32.218 0.0000000000
56443  29.505  -11.351  21.941 0.0000000000
107614  29.412  -12.057  22.462 0.0000000000
108552  30.867  -14.752  23.611 0.0000000000
53537  30.938  -14.296  22.803 0.0000000000
53506  32.291  -14.230  24.013 0.0000000000
54503  32.947  -13.858  24.639 0.0000000000
53491  32.761  -14.180  25.529 0.0000000000
66834  45.418  0.108  8.619 0.0000000000
66861  46.996  -0.531  6.288 0.0000000000
112547  46.223  -1.572  7.177 0.0000000000
63239  46.561  -4.060  8.768 0.0000000000
64182  46.747  -3.291  7.722 0.0000000000
125340  47.709  -4.231  8.828 0.0000000000
66818  39.792  -0.089  10.696 0.0000000000
65988  39.660  -1.244  10.522 0.0000000000
67720  39.017  0.073  11.174 0.0000000000
66808  36.917  -0.999  11.857 0.0000000000
65980  37.629  -1.469  11.505 0.0000000000
65117  37.164  -2.734  12.381 0.0000000000
64095  37.744  -3.227  13.095 0.0000000000
64096  37.135  -3.282  13.722 0.0000000000
66783  33.977  -0.218  15.586 0.0000000000
66793  34.660  0.108  14.303 0.0000000000
65951  34.000  -1.741  14.068 0.0000000000
106746  36.093  -5.924  14.554 0.0000000000
63195  35.625  -4.464  14.417 0.0000000000
62368  36.858  -5.200  14.713 0.0000000000
122734  37.428  -4.946  14.966 0.0000000000
110560  26.210  -17.659  27.280 0.0000000000
50594  26.868  -17.046  27.186 0.0000000000
68584  40.110  2.135  12.067 0.0000000000
68602  40.308  1.416  11.430 0.0000000000
67732  41.191  0.172  10.305 0.0000000000
44597  15.469  -23.391  36.498 0.0000000000
119158  15.576  -23.946  37.834 0.0000000000
42888  11.160  -26.154  43.369 0.0000000000
118445  12.136  -26.265  43.849 0.0000000000
42123  11.439  -26.874  45.224 0.0000000000
42124  10.427  -26.858  45.110 0.0000000000
122673  11.204  -21.603  43.136 0.0000000000
106102  9.765  -23.149  42.862 0.0000000000
44514  9.633  -23.070  43.563 0.0000000000
120742  8.064  -24.545  46.502 0.0000000000
43689  8.392  -24.440  45.164 0.0000000000
42868  7.802  -25.905  46.055 0.0000000000
41355  8.447  -27.152  46.448 0.0000000000
42102  7.493  -26.805  47.264 0.0000000000
41350  7.545  -27.421  47.713 0.0000000000
104892  7.307  -26.110  47.615 0.0000000000
43645  8.210  -24.087  50.073 0.0000000000
124991  7.156  -25.305  49.983 0.0000000000
42840  6.887  -25.232  50.625 0.0000000000
42834  6.470  -25.094  51.454 0.0000000000
43635  6.971  -24.096  51.911 0.0000000000
54480  24.805  -13.025  26.807 0.0000000000
55442  25.264  -12.462  26.200 0.0000000000
53497  24.387  -14.017  25.290 0.0000000000
51504  24.640  -16.154  25.282 0.0000000000
52471  23.900  -15.959  25.561 0.0000000000
49644  21.751  -17.948  27.389 0.0000000000
50597  23.028  -18.276  26.886 0.0000000000
49634  22.752  -18.539  28.283 0.0000000000
50576  18.745  -16.730  29.718 0.0000000000
51465  19.269  -16.372  29.035 0.0000000000
50564  19.127  -17.494  30.120 0.0000000000
49582  20.647  -18.165  32.533 0.0000000000
64134  40.444  -3.648  11.700 0.0000000000
64115  41.981  -3.950  11.902 0.0000000000
117635  41.421  -3.378  13.250 0.0000000000
59276  33.105  -8.644  16.914 0.0000000000
59282  33.013  -8.528  16.062 0.0000000000
57430  33.009  -10.297  16.795 0.0000000000
55529  30.614  -12.009  19.970 0.0000000000
56485  30.529  -11.675  19.281 0.0000000000
118536  31.773  -12.463  19.708 0.0000000000
55506  35.454  -12.283  20.671 0.0000000000
55525  34.583  -12.513  19.337 0.0000000000
55524  35.339  -12.422  19.300 0.0000000000
55546  35.132  -12.101  17.773 0.0000000000
55539  36.200  -12.195  18.996 0.0000000000
56500  37.605  -11.456  18.458 0.0000000000
52454  29.856  -15.187  27.708 0.0000000000
68671  49.820  1.588  0.991 0.0000000000
66029  48.439  -1.275  5.378 0.0000000000
67772  48.295  0.319  4.428 0.0000000000
66039  48.842  -0.922  4.754 0.0000000000
66046  50.878  -1.045  3.832 0.0000000000
66045  51.796  -1.187  3.757 0.0000000000
51425  16.590  -16.613  34.164 0.0000000000
49571  15.564  -18.889  34.304 0.0000000000
107101  46.071  -4.367  9.762 0.0000000000
63208  46.935  -4.371  11.162 0.0000000000
117636  45.205  -4.427  11.056 0.0000000000
55469  28.462  -12.893  23.360 0.0000000000
55468  29.162  -12.768  22.882 0.0000000000
54522  28.893  -13.684  23.055 0.0000000000
53508  29.967  -15.081  23.855 0.0000000000
53493  30.697  -15.115  25.467 0.0000000000
67729  44.577  0.944  9.910 0.0000000000
67742  44.098  0.225  9.431 0.0000000000
66835  44.442  -0.234  8.980 0.0000000000
66004  45.109  -1.563  8.103 0.0000000000
66012  45.699  -1.566  7.625 0.0000000000
65171  44.745  -2.444  8.395 0.0000000000
64159  44.934  -3.710  9.111 0.0000000000
40545  5.764  -28.250  51.497 0.0000000000
105955  38.716  1.526  12.216 0.0000000000
67721  38.298  0.240  11.565 0.0000000000
68586  37.817  1.428  12.655 0.0000000000
67712  36.509  0.405  12.686 0.0000000000
65970  35.486  -1.008  12.695 0.0000000000
64069  33.019  -3.372  15.136 0.0000000000
120310  33.711  -3.135  14.532 0.0000000000
62371  34.401  -5.450  14.538 0.0000000000
107071  35.778  -6.695  14.526 0.0000000000
115827  37.561  -7.652  15.152 0.0000000000
58376  37.930  -8.946  15.781 0.0000000000
58362  38.775  -9.837  17.045 0.0000000000
49619  25.459  -18.568  29.142 0.0000000000
44586  13.460  -23.188  37.542 0.0000000000
43752  14.474  -24.186  38.668 0.0000000000
43753  13.540  -24.040  38.674 0.0000000000
43734  13.615  -24.604  40.052 0.0000000000
43725  13.533  -25.119  41.505 0.0000000000
42895  11.027  -25.686  42.530 0.0000000000
42896  10.047  -25.162  42.479 0.0000000000
45481  10.353  -22.224  45.154 0.0000000000
44490  8.983  -23.506  46.500 0.0000000000
43673  8.021  -24.565  47.225 0.0000000000
43664  7.938  -24.672  48.141 0.0000000000
44473  8.515  -24.074  48.656 0.0000000000
44465  8.741  -23.807  49.402 0.0000000000
112010  8.551  -23.542  50.736 0.0000000000
53469  23.364  -14.622  27.314 0.0000000000
52472  23.257  -15.737  25.933 0.0000000000
52459  22.189  -15.554  26.860 0.0000000000
52460  21.537  -15.860  27.105 0.0000000000
50587  21.069  -17.532  27.758 0.0000000000
48617  18.070  -19.205  31.633 0.0000000000
49599  19.208  -18.310  31.287 0.0000000000
48603  18.515  -19.604  32.270 0.0000000000
64093  39.607  -3.150  13.450 0.0000000000
58351  31.518  -9.949  18.255 0.0000000000
55476  33.646  -12.596  22.271 0.0000000000
55508  33.211  -12.512  20.683 0.0000000000
55475  34.487  -12.302  22.595 0.0000000000
55488  35.350  -11.992  22.392 0.0000000000
69481  49.202  2.142  2.618 0.0000000000
42825  3.994  -25.375  53.824 0.0000000000
67689  35.097  0.710  16.510 0.0000000000
66768  34.091  -0.275  16.243 0.0000000000
65068  33.109  -2.104  16.411 0.0000000000
63183  32.743  -4.195  15.506 0.0000000000
62357  32.886  -5.751  15.325 0.0000000000
60324  33.654  -7.704  14.870 0.0000000000
46593  17.652  -21.869  34.383 0.0000000000
45583  17.423  -22.749  35.660 0.0000000000
45592  17.090  -22.428  34.801 0.0000000000
45585  15.585  -22.609  35.219 0.0000000000
45574  15.021  -22.842  35.850 0.0000000000
48564  15.161  -19.558  35.016 0.0000000000
46587  14.398  -21.611  35.565 0.0000000000
45576  13.801  -22.805  36.865 0.0000000000
45566  13.309  -22.534  37.389 0.0000000000
46561  13.092  -21.529  38.196 0.0000000000
46555  12.282  -21.743  39.441 0.0000000000
53438  20.229  -14.234  29.137 0.0000000000
53418  19.834  -13.822  29.909 0.0000000000
53440  18.657  -14.879  30.009 0.0000000000
51455  18.084  -16.571  30.317 0.0000000000
53398  17.819  -15.112  31.814 0.0000000000
51447  17.285  -16.444  31.607 0.0000000000
50566  17.660  -17.604  30.957 0.0000000000
48618  17.359  -19.061  31.650 0.0000000000
106715  17.831  -20.943  33.397 0.0000000000
59221  30.401  -8.620  22.266 0.0000000000
58324  30.096  -8.968  20.633 0.0000000000
58315  29.506  -9.865  21.421 0.0000000000
56453  29.721  -11.576  21.061 0.0000000000
55492  30.885  -12.549  21.146 0.0000000000
54530  30.430  -13.669  22.327 0.0000000000
54529  31.327  -13.566  22.234 0.0000000000
54528  32.320  -13.349  22.480 0.0000000000
54519  33.013  -13.328  23.212 0.0000000000
54511  33.990  -13.017  24.594 0.0000000000
67761  47.436  0.968  5.948 0.0000000000
66030  47.623  -0.920  5.706 0.0000000000
66017  48.010  -1.778  5.961 0.0000000000
65183  46.283  -2.442  7.397 0.0000000000
65182  47.181  -2.773  7.157 0.0000000000
65986  41.169  -2.019  9.854 0.0000000000
65153  41.403  -2.812  10.031 0.0000000000
65987  40.407  -1.677  10.170 0.0000000000
109652  39.741  -2.340  10.572 0.0000000000
65143  39.195  -3.133  11.359 0.0000000000
66820  38.410  -0.796  11.200 0.0000000000
65144  38.498  -2.795  11.529 0.0000000000
64118  39.166  -3.348  12.628 0.0000000000
64094  38.676  -3.126  13.625 0.0000000000
65096  38.826  -2.895  14.630 0.0000000000
67701  35.813  1.197  14.317 0.0000000000
66801  34.961  -0.438  13.446 0.0000000000
65959  35.070  -1.762  13.116 0.0000000000
64099  34.563  -3.159  14.098 0.0000000000
64098  35.391  -3.154  13.810 0.0000000000
64097  36.242  -3.240  13.673 0.0000000000
112368  36.811  -3.638  14.259 0.0000000000
52484  26.254  -15.836  25.225 0.0000000000
109663  27.796  -15.567  25.950 0.0000000000
52457  27.646  -15.859  26.784 0.0000000000
51484  28.005  -16.083  28.160 0.0000000000
67718  42.096  0.953  10.482 0.0000000000
66828  41.721  -0.504  9.818 0.0000000000
46543  12.077  -21.447  40.288 0.0000000000
46526  11.954  -21.210  41.190 0.0000000000
45513  10.932  -22.582  41.154 0.0000000000
45514  10.385  -23.083  41.637 0.0000000000
43718  9.578  -24.434  42.682 0.0000000000
42890  9.495  -25.171  43.166 0.0000000000
114371  8.943  -23.685  44.763 0.0000000000
43697  8.725  -24.438  44.264 0.0000000000
42137  9.099  -25.977  44.385 0.0000000000
42112  9.861  -27.132  45.755 0.0000000000
41348  9.303  -27.504  46.540 0.0000000000
41330  6.526  -27.867  49.645 0.0000000000
106073  7.134  -25.980  48.421 0.0000000000
42082  6.340  -27.063  49.681 0.0000000000
41324  6.063  -27.607  50.318 0.0000000000
42066  5.415  -26.858  51.495 0.0000000000
104860  5.378  -26.217  51.958 0.0000000000
42829  5.097  -25.791  52.585 0.0000000000
44455  6.733  -23.718  52.692 0.0000000000
43630  5.958  -24.025  53.086 0.0000000000
43631  5.125  -24.285  53.505 0.0000000000
54514  26.229  -13.280  24.314 0.0000000000
55462  25.572  -13.097  24.644 0.0000000000
53513  25.688  -13.879  24.502 0.0000000000
52485  25.253  -15.504  24.934 0.0000000000
51494  25.763  -16.958  25.932 0.0000000000
50595  25.339  -18.077  27.044 0.0000000000
51496  23.346  -16.725  25.841 0.0000000000
49651  23.816  -18.135  26.505 0.0000000000
49632  24.909  -18.570  28.536 0.0000000000
52446  20.139  -15.732  28.134 0.0000000000
51476  19.908  -16.715  28.554 0.0000000000
49624  20.770  -18.037  29.718 0.0000000000
115155  19.912  -18.032  31.321 0.0000000000
49611  20.481  -18.027  30.721 0.0000000000
49610  21.408  -18.285  30.436 0.0000000000
64132  42.084  -3.978  11.065 0.0000000000
61323  32.685  -7.028  16.237 0.0000000000
59293  33.357  -8.278  15.341 0.0000000000
58380  34.678  -9.638  15.353 0.0000000000
58339  30.134  -10.045  19.372 0.0000000000
56505  30.745  -11.341  18.616 0.0000000000
56519  31.778  -11.103  17.619 0.0000000000
112845  33.067  -12.592  19.785 0.0000000000
55542  33.346  -12.489  18.224 0.0000000000
119644  33.143  -11.552  17.143 0.0000000000
117701  34.203  -11.360  16.748 0.0000000000
57427  34.945  -10.732  16.187 0.0000000000
57426  35.740  -10.637  16.230 0.0000000000
57418  36.905  -10.886  17.011 0.0000000000
52482  28.723  -15.388  25.782 0.0000000000
52481  29.846  -15.274  25.905 0.0000000000
122792  31.250  -14.851  26.730 0.0000000000
53449  32.112  -14.639  28.093 0.0000000000
53465  32.387  -14.490  27.196 0.0000000000
68685  51.390  1.481  -0.838 0.0000000000
67780  48.579  0.833  3.789 0.0000000000
68661  49.268  1.216  2.387 0.0000000000
66038  49.656  -1.185  4.596 0.0000000000
66886  49.498  -0.262  3.475 0.0000000000
67792  50.155  0.123  2.009 0.0000000000
67807  50.484  0.305  1.295 0.0000000000
66934  51.349  -0.088  0.985 0.0000000000
64162  42.566  -3.129  9.694 0.0000000000
64144  43.120  -3.697  9.980 0.0000000000
53511  27.379  -14.344  24.079 0.0000000000
65162  42.879  -2.382  9.320 0.0000000000
42830  4.507  -26.121  53.262 0.0000000000
59300  35.206  -8.062  14.623 0.0000000000
117329  35.682  -8.722  14.859 0.0000000000
58378  36.491  -9.511  15.521 0.0000000000
58379  35.681  -9.450  15.256 0.0000000000
45548  11.573  -23.006  39.664 0.0000000000
44540  11.216  -23.468  40.288 0.0000000000
46592  18.419  -21.522  34.808 0.0000000000
47586  18.916  -21.053  35.247 0.0000000000
48593  15.737  -19.446  33.442 0.0000000000
109278  16.229  -18.064  32.997 0.0000000000
57349  29.513  -11.133  22.893 0.0000000000
53507  31.556  -14.651  24.239 0.0000000000
103730  32.198  -14.424  24.882 0.0000000000
106734  32.053  -14.587  25.753 0.0000000000
66844  45.863  0.202  8.277 0.0000000000
66853  45.997  -0.647  7.503 0.0000000000
63228  46.480  -4.267  9.251 0.0000000000
63238  47.090  -4.280  9.068 0.0000000000
63227  47.761  -4.391  9.616 0.0000000000
119382  6.934  -28.811  50.522 0.0000000000
106683  39.644  0.768  11.236 0.0000000000
65969  36.248  -1.470  12.212 0.0000000000
65968  36.931  -1.955  11.851 0.0000000000
124701  37.101  -3.114  12.995 0.0000000000
65118  36.553  -2.919  12.970 0.0000000000
65952  33.629  -0.983  15.239 0.0000000000
108106  33.964  -1.016  14.370 0.0000000000
121520  33.617  -1.552  14.674 0.0000000000
61348  36.974  -6.235  14.726 0.0000000000
50585  26.318  -18.000  28.186 0.0000000000
50584  27.024  -17.335  28.051 0.0000000000
105342  40.425  0.638  10.826 0.0000000000
116390  15.086  -23.672  37.177 0.0000000000
118824  11.334  -26.439  44.015 0.0000000000
42135  10.931  -26.666  44.498 0.0000000000
42136  9.961  -26.477  44.371 0.0000000000
45494  10.176  -22.580  43.200 0.0000000000
104584  7.964  -24.970  45.799 0.0000000000
109516  7.730  -25.201  46.600 0.0000000000
42114  7.502  -26.043  46.833 0.0000000000
43646  7.510  -24.630  50.404 0.0000000000
43640  7.252  -24.432  51.162 0.0000000000
44459  7.694  -23.671  51.605 0.0000000000
54481  24.444  -13.708  27.406 0.0000000000
54492  24.234  -13.707  26.287 0.0000000000
53481  23.883  -14.512  25.830 0.0000000000
109092  23.722  -15.256  25.689 0.0000000000
113426  21.808  -18.295  28.264 0.0000000000
49635  22.407  -18.295  27.473 0.0000000000
49622  22.486  -18.565  29.152 0.0000000000
49613  18.729  -17.946  30.766 0.0000000000
64116  41.117  -3.705  12.410 0.0000000000
58364  32.572  -9.974  17.376 0.0000000000
58363  33.010  -9.238  17.416 0.0000000000
58373  33.161  -9.418  16.608 0.0000000000
107363  31.413  -12.451  20.507 0.0000000000
55505  36.161  -12.148  20.674 0.0000000000
55523  35.825  -12.344  19.945 0.0000000000
56464  36.665  -12.108  19.898 0.0000000000
56483  37.161  -11.841  19.154 0.0000000000
69491  49.770  2.569  1.194 0.0000000000
66028  49.280  -1.554  5.204 0.0000000000
50532  16.185  -17.311  34.498 0.0000000000
51417  16.419  -16.659  35.044 0.0000000000
63229  45.240  -4.170  9.732 0.0000000000
63219  45.604  -4.420  10.462 0.0000000000
63220  44.675  -4.294  10.489 0.0000000000
63211  43.941  -4.295  11.051 0.0000000000
63210  44.635  -4.351  11.241 0.0000000000
54523  28.246  -13.592  23.393 0.0000000000
52494  28.578  -15.159  24.620 0.0000000000
53509  29.005  -14.931  23.834 0.0000000000
123401  29.365  -15.205  24.425 0.0000000000
52492  30.007  -15.286  24.855 0.0000000000
67731  42.976  0.801  10.145 0.0000000000
67730  43.734  0.670  9.881 0.0000000000
65996  43.380  -1.525  9.045 0.0000000000
65995  44.161  -1.078  8.786 0.0000000000
66845  44.844  -0.670  8.505 0.0000000000
66005  44.571  -1.547  8.441 0.0000000000
64160  44.191  -3.440  9.221 0.0000000000
64173  44.632  -3.196  8.735 0.0000000000
68578  38.552  2.121  12.856 0.0000000000
68587  36.899  1.176  13.090 0.0000000000
66809  36.283  -0.508  12.348 0.0000000000
66800  35.719  0.004  12.960 0.0000000000
63182  33.116  -4.899  15.081 0.0000000000
105684  33.836  -4.758  14.621 0.0000000000
60321  36.083  -7.440  14.602 0.0000000000
61349  35.041  -6.222  14.503 0.0000000000
118955  36.403  -6.702  14.611 0.0000000000
108717  37.375  -8.483  15.315 0.0000000000
58371  37.635  -9.653  16.157 0.0000000000
58370  38.380  -9.389  16.378 0.0000000000
57417  38.371  -10.479  17.442 0.0000000000
108840  39.178  2.617  13.179 0.0000000000
44572  13.143  -23.484  38.187 0.0000000000
119302  12.045  -24.253  39.904 0.0000000000
43735  12.748  -24.495  39.936 0.0000000000
107235  13.108  -24.845  40.641 0.0000000000
43716  12.745  -25.449  41.957 0.0000000000
42899  12.457  -25.067  41.171 0.0000000000
43727  10.785  -24.572  41.281 0.0000000000
42900  11.591  -25.282  41.699 0.0000000000
42901  10.622  -25.101  41.909 0.0000000000
44481  9.136  -23.392  47.349 0.0000000000
43672  8.505  -23.982  46.911 0.0000000000
43663  8.655  -23.932  47.875 0.0000000000
115425  9.297  -23.297  48.110 0.0000000000
44462  8.983  -23.429  50.211 0.0000000000
53434  24.094  -14.179  28.956 0.0000000000
53452  24.020  -14.267  27.915 0.0000000000
53470  22.724  -14.833  27.532 0.0000000000
51487  21.141  -16.626  27.238 0.0000000000
51475  20.525  -16.617  27.854 0.0000000000
55467  33.797  -12.749  23.169 0.0000000000
56432  35.699  -11.863  23.711 0.0000000000
56442  35.953  -11.813  23.010 0.0000000000
42826  3.491  -24.649  54.029 0.0000000000
64070  32.648  -3.424  15.783 0.0000000000
64057  32.723  -3.052  16.396 0.0000000000
62345  32.477  -5.527  16.009 0.0000000000
104820  32.691  -5.025  15.603 0.0000000000
61331  33.000  -6.620  15.276 0.0000000000
60312  33.158  -7.389  15.268 0.0000000000
46610  17.356  -21.418  33.712 0.0000000000
46594  16.757  -21.942  34.096 0.0000000000
47597  15.346  -20.811  34.050 0.0000000000
45594  15.380  -22.106  34.700 0.0000000000
45586  14.815  -22.213  35.264 0.0000000000
50533  15.740  -17.982  34.888 0.0000000000
49543  15.420  -18.671  35.407 0.0000000000
47578  14.245  -20.875  36.121 0.0000000000
48565  14.753  -20.174  35.605 0.0000000000
113206  13.966  -21.675  36.206 0.0000000000
46577  13.639  -22.101  36.734 0.0000000000
46562  12.550  -22.030  38.663 0.0000000000
46554  12.883  -21.210  39.019 0.0000000000
53417  20.823  -13.573  29.869 0.0000000000
54443  20.278  -13.328  30.573 0.0000000000
53420  18.623  -14.515  30.687 0.0000000000
53419  19.108  -14.168  30.254 0.0000000000
52418  18.346  -15.788  29.910 0.0000000000
52419  17.930  -15.926  30.573 0.0000000000
51448  16.904  -17.243  31.874 0.0000000000
50556  17.198  -17.667  31.382 0.0000000000
109999  17.346  -17.077  31.187 0.0000000000
49601  17.470  -18.331  31.332 0.0000000000
48619  16.921  -18.669  31.787 0.0000000000
47608  16.359  -20.627  33.118 0.0000000000
47624  16.916  -20.212  32.557 0.0000000000
47607  17.153  -20.865  33.129 0.0000000000
55493  30.224  -12.281  21.274 0.0000000000
54531  29.624  -13.700  22.631 0.0000000000
54521  31.718  -13.963  22.780 0.0000000000
54502  33.403  -13.690  25.397 0.0000000000
106166  33.589  -13.402  24.797 0.0000000000
67728  45.437  1.003  9.688 0.0000000000
68631  47.971  1.741  6.389 0.0000000000
67762  46.998  0.437  6.532 0.0000000000
66019  46.555  -1.081  6.769 0.0000000000
65170  45.513  -2.448  7.908 0.0000000000
64181  47.633  -3.476  7.629 0.0000000000
65181  48.075  -2.982  7.013 0.0000000000
104988  41.058  -0.968  9.875 0.0000000000
123392  39.320  -1.877  10.647 0.0000000000
123647  39.444  -2.846  10.920 0.0000000000
65978  39.025  -2.410  10.926 0.0000000000
67711  37.670  0.528  12.021 0.0000000000
65145  37.727  -2.376  11.704 0.0000000000
64136  38.805  -3.290  12.003 0.0000000000
124328  38.449  -3.241  12.675 0.0000000000
64076  38.055  -3.170  14.192 0.0000000000
64067  38.369  -3.112  14.946 0.0000000000
68571  35.640  1.361  15.267 0.0000000000
67702  35.092  0.795  14.739 0.0000000000
65960  34.488  -1.202  13.615 0.0000000000
123289  34.949  -1.080  13.128 0.0000000000
64080  34.189  -3.919  14.430 0.0000000000
64079  35.076  -3.824  14.226 0.0000000000
64078  35.955  -3.715  14.204 0.0000000000
52470  27.051  -15.931  25.937 0.0000000000
51492  27.007  -16.489  26.630 0.0000000000
51474  27.739  -16.701  28.430 0.0000000000
51485  27.505  -16.436  27.559 0.0000000000
68613  42.851  1.464  10.744 0.0000000000
119661  42.139  1.562  11.013 0.0000000000
122554  40.446  0.061  10.505 0.0000000000
105382  17.722  -22.970  36.660 0.0000000000
46542  12.710  -20.887  39.892 0.0000000000
46513  11.286  -21.687  42.420 0.0000000000
46512  11.872  -21.065  42.102 0.0000000000
46527  11.388  -21.843  41.583 0.0000000000
46544  11.518  -22.043  40.719 0.0000000000
44515  9.423  -23.736  43.069 0.0000000000
44522  9.864  -23.635  42.244 0.0000000000
44496  9.556  -23.011  45.402 0.0000000000
44505  9.586  -23.005  44.455 0.0000000000
125009  8.149  -25.065  45.214 0.0000000000
42138  8.455  -25.279  44.678 0.0000000000
42126  8.653  -26.078  44.980 0.0000000000
42125  9.382  -26.592  45.015 0.0000000000
41340  7.332  -27.709  48.353 0.0000000000
40563  7.204  -28.229  49.083 0.0000000000
40564  6.971  -28.541  49.862 0.0000000000
43665  7.532  -25.164  48.758 0.0000000000
42841  6.597  -26.085  49.963 0.0000000000
42065  5.815  -26.041  51.354 0.0000000000
43636  5.740  -25.438  52.051 0.0000000000
43637  5.487  -24.894  52.785 0.0000000000
44454  7.478  -23.251  52.354 0.0000000000
104583  7.093  -23.049  52.998 0.0000000000
44449  4.673  -23.614  54.043 0.0000000000
117709  26.811  -12.773  24.195 0.0000000000
54504  24.985  -13.477  24.882 0.0000000000
55452  25.308  -12.699  25.216 0.0000000000
53495  26.097  -14.906  24.640 0.0000000000
51495  24.895  -17.090  25.695 0.0000000000
50602  25.557  -17.515  26.407 0.0000000000
50596  24.682  -17.852  26.335 0.0000000000
52473  22.646  -16.189  26.262 0.0000000000
114326  23.080  -18.495  27.628 0.0000000000
49643  23.718  -18.468  27.355 0.0000000000
117399  24.351  -18.549  27.946 0.0000000000
111285  24.270  -18.630  28.649 0.0000000000
49620  24.634  -18.674  29.241 0.0000000000
52431  19.767  -15.053  28.640 0.0000000000
53455  20.616  -14.758  28.378 0.0000000000
50575  19.517  -17.165  29.354 0.0000000000
50574  20.237  -17.545  29.076 0.0000000000
125371  21.180  -18.160  31.853 0.0000000000
49598  20.527  -18.059  31.648 0.0000000000
104463  21.148  -18.165  31.211 0.0000000000
64146  41.442  -3.509  10.550 0.0000000000
119960  33.121  -6.067  17.400 0.0000000000
60305  32.909  -7.863  16.545 0.0000000000
107407  33.384  -9.178  15.770 0.0000000000
58381  33.905  -9.765  15.634 0.0000000000
59292  33.995  -9.044  15.212 0.0000000000
109238  29.791  -9.679  20.158 0.0000000000
56484  31.015  -11.965  18.770 0.0000000000
56504  31.495  -11.735  18.087 0.0000000000
57405  31.227  -10.866  18.058 0.0000000000
105351  33.896  -12.440  21.068 0.0000000000
104688  34.026  -12.487  20.192 0.0000000000
55541  34.431  -12.451  18.362 0.0000000000
112682  33.702  -12.603  19.124 0.0000000000
56518  33.100  -12.091  17.530 0.0000000000
56527  33.600  -11.225  16.740 0.0000000000
56517  33.850  -11.778  17.191 0.0000000000
56515  35.651  -11.581  17.302 0.0000000000
56525  35.337  -11.167  16.677 0.0000000000
56524  36.124  -11.060  16.822 0.0000000000
111893  36.527  -10.487  16.379 0.0000000000
56499  38.334  -11.183  18.578 0.0000000000
52467  30.108  -15.180  26.839 0.0000000000
53480  30.683  -15.070  26.387 0.0000000000
53464  33.163  -14.170  26.959 0.0000000000
68686  50.581  1.799  -0.241 0.0000000000
69506  51.026  2.707  -0.634 0.0000000000
68677  50.861  0.908  -0.178 0.0000000000
68638  47.948  1.472  5.399 0.0000000000
68651  48.867  1.435  3.164 0.0000000000
67779  49.146  0.518  3.066 0.0000000000
66885  50.333  -0.552  3.277 0.0000000000
66903  49.812  -0.083  2.719 0.0000000000
63231  43.767  -3.708  9.684 0.0000000000
63212  43.025  -4.077  10.834 0.0000000000
53527  27.771  -13.953  23.627 0.0000000000
66837  42.395  -0.654  9.560 0.0000000000
104706  43.016  -0.835  9.288 0.0000000000
42057  5.006  -26.811  52.457 0.0000000000
68580  36.570  1.550  13.922 0.0000000000
108432  34.027  -6.208  14.620 0.0000000000
61350  34.428  -6.811  14.558 0.0000000000
59290  36.497  -8.828  15.120 0.0000000000
57425  37.297  -10.303  16.559 0.0000000000
45559  12.480  -22.745  38.493 0.0000000000
44555  12.764  -23.743  38.786 0.0000000000
43726  11.585  -24.738  40.928 0.0000000000
43736  11.463  -24.195  40.342 0.0000000000
44530  10.347  -23.814  41.412 0.0000000000
44471  9.805  -22.846  48.781 0.0000000000
106168  22.543  -14.497  28.319 0.0000000000
47606  18.521  -20.569  33.571 0.0000000000
59254  31.424  -8.773  19.615 0.0000000000
55465  35.030  -12.181  24.106 0.0000000000
64045  32.793  -3.505  17.003 0.0000000000
63163  32.678  -4.451  17.004 0.0000000000
46612  15.899  -20.976  33.594 0.0000000000
48550  14.656  -19.904  36.557 0.0000000000
53397  18.301  -14.596  31.400 0.0000000000
52397  17.177  -15.810  32.995 0.0000000000
50549  16.613  -17.242  32.733 0.0000000000
121361  16.579  -17.813  32.307 0.0000000000
49585  16.512  -18.492  32.273 0.0000000000
48592  16.141  -19.851  32.817 0.0000000000
57359  29.524  -10.451  22.120 0.0000000000
53524  30.284  -14.647  23.180 0.0000000000
53523  31.634  -14.362  23.406 0.0000000000
104011  32.832  -13.735  23.823 0.0000000000
106801  44.998  0.075  8.884 0.0000000000
67739  46.155  0.785  9.013 0.0000000000
66852  46.497  -0.096  7.017 0.0000000000
64171  46.267  -3.669  8.304 0.0000000000
64170  47.155  -3.916  8.328 0.0000000000
63237  48.435  -4.289  9.003 0.0000000000
66819  39.151  -0.690  10.851 0.0000000000
67698  34.440  0.350  15.168 0.0000000000
66794  34.090  -0.318  14.765 0.0000000000
62370  35.344  -5.294  14.486 0.0000000000
62369  36.092  -5.046  14.537 0.0000000000
63193  37.286  -4.227  14.802 0.0000000000
51493  26.342  -17.076  26.521 0.0000000000
69429  39.922  2.691  12.787 0.0000000000
68583  40.995  2.105  11.739 0.0000000000
67719  41.271  1.311  11.001 0.0000000000
122972  16.264  -23.437  36.524 0.0000000000
44596  16.945  -23.432  36.986 0.0000000000
44584  16.104  -23.744  37.263 0.0000000000
106820  11.829  -26.014  43.088 0.0000000000
42134  11.864  -26.599  44.597 0.0000000000
45493  10.721  -22.172  42.776 0.0000000000
45503  10.193  -22.813  42.409 0.0000000000
43681  8.390  -24.145  46.068 0.0000000000
42113  8.588  -26.674  45.750 0.0000000000
42101  7.914  -26.722  46.524 0.0000000000
41339  7.963  -27.988  47.962 0.0000000000
42091  7.147  -26.870  48.140 0.0000000000
43654  7.610  -24.879  49.608 0.0000000000
107053  6.291  -25.839  50.768 0.0000000000
113734  5.095  -22.946  54.309 0.0000000000
54491  24.707  -13.134  25.706 0.0000000000
52486  24.366  -15.120  25.258 0.0000000000
50598  22.262  -17.706  26.729 0.0000000000
124277  23.185  -18.638  28.952 0.0000000000
49621  23.849  -18.684  29.166 0.0000000000
109422  18.805  -15.971  29.326 0.0000000000
103549  20.045  -18.407  32.879 0.0000000000
64133  41.278  -3.820  11.412 0.0000000000
112648  33.426  -9.941  16.153 0.0000000000
56465  29.962  -11.422  20.042 0.0000000000
55528  31.119  -12.197  19.459 0.0000000000
106770  34.990  -12.404  20.108 0.0000000000
105834  34.949  -12.481  18.879 0.0000000000
55540  35.367  -12.311  18.520 0.0000000000
56502  35.964  -11.937  18.037 0.0000000000
56501  36.801  -11.723  18.282 0.0000000000
52455  28.904  -15.442  27.647 0.0000000000
52442  29.262  -15.389  28.476 0.0000000000
53451  30.582  -15.014  28.100 0.0000000000
69499  50.077  2.140  0.418 0.0000000000
68678  50.298  1.285  0.359 0.0000000000
66866  48.079  -0.359  5.035 0.0000000000
66874  48.601  -0.301  4.423 0.0000000000
66873  49.217  -0.561  4.180 0.0000000000
66884  51.220  -0.740  3.134 0.0000000000
66883  52.138  -0.820  3.014 0.0000000000
49557  15.947  -18.024  33.940 0.0000000000
50540  16.378  -17.299  33.593 0.0000000000
63218  46.472  -4.457  10.484 0.0000000000
63209  45.995  -4.393  11.287 0.0000000000
118729  28.822  -11.902  23.692 0.0000000000
53525  29.483  -14.488  23.164 0.0000000000
53526  28.574  -14.300  23.445 0.0000000000
103493  30.781  -15.040  24.499 0.0000000000
64172  45.381  -3.305  8.402 0.0000000000
64158  45.818  -4.025  8.995 0.0000000000
67709  38.893  0.896  11.625 0.0000000000
67710  38.261  0.987  11.963 0.0000000000
124936  37.168  0.732  12.485 0.0000000000
110121  37.005  -0.026  12.112 0.0000000000
65078  33.207  -2.678  14.952 0.0000000000
65098  33.595  -2.249  14.525 0.0000000000
60320  36.968  -7.140  14.784 0.0000000000
60310  38.204  -7.391  15.413 0.0000000000
59288  38.127  -8.138  15.554 0.0000000000
59281  38.643  -8.587  16.078 0.0000000000
58369  39.120  -9.092  16.649 0.0000000000
49618  26.239  -18.293  28.961 0.0000000000
104654  26.033  -18.509  29.788 0.0000000000
68585  39.306  2.113  12.457 0.0000000000
44585  14.183  -23.458  37.270 0.0000000000
44570  14.781  -23.940  37.904 0.0000000000
44571  13.873  -23.772  37.979 0.0000000000
43744  13.157  -24.296  39.326 0.0000000000
42894  12.154  -25.741  42.518 0.0000000000
42889  10.253  -25.756  43.141 0.0000000000
114625  9.454  -23.093  46.149 0.0000000000
44472  9.089  -23.531  48.732 0.0000000000
53482  23.423  -14.919  26.354 0.0000000000
52458  22.875  -15.241  26.667 0.0000000000
51486  21.900  -16.646  26.671 0.0000000000
120930  21.551  -17.353  27.081 0.0000000000
49614  18.035  -18.011  30.867 0.0000000000
49600  18.307  -18.569  31.211 0.0000000000
49584  18.909  -18.896  31.797 0.0000000000
48602  19.417  -19.029  32.705 0.0000000000
48591  18.910  -19.872  33.080 0.0000000000
48590  19.481  -19.314  33.504 0.0000000000
64092  40.573  -3.274  13.303 0.0000000000
123436  32.067  -9.975  17.849 0.0000000000
57420  31.875  -10.452  17.717 0.0000000000
55477  32.819  -12.804  21.906 0.0000000000
55490  33.381  -12.551  21.503 0.0000000000
55489  34.155  -12.377  21.756 0.0000000000
103860  34.850  -12.198  21.866 0.0000000000
55487  35.602  -12.100  21.469 0.0000000000
69480  49.664  2.974  2.150 0.0000000000
65191  49.359  -2.602  6.281 0.0000000000
65200  49.738  -2.132  5.688 0.0000000000
68568  35.617  1.332  16.181 0.0000000000
67690  34.425  0.327  16.028 0.0000000000
125108  33.387  -1.395  15.905 0.0000000000
65917  33.590  -1.343  16.418 0.0000000000
65079  32.845  -2.719  15.637 0.0000000000
108593  32.528  -3.872  16.332 0.0000000000
109030  33.344  -6.224  14.902 0.0000000000
61351  33.632  -6.941  14.790 0.0000000000
59301  34.179  -8.289  14.810 0.0000000000
46586  17.976  -22.217  35.184 0.0000000000
45584  16.497  -22.820  35.328 0.0000000000
45593  16.153  -22.343  34.624 0.0000000000
44608  15.918  -23.138  35.860 0.0000000000
47587  14.959  -20.466  34.768 0.0000000000
47588  14.593  -20.922  35.315 0.0000000000
45575  14.226  -22.351  36.088 0.0000000000
44587  12.919  -22.933  37.952 0.0000000000
46570  13.309  -21.812  37.413 0.0000000000
45558  12.915  -22.296  37.989 0.0000000000
45547  12.045  -22.544  39.134 0.0000000000
53437  21.282  -14.051  29.102 0.0000000000
53439  19.300  -14.633  29.399 0.0000000000
52433  18.815  -15.333  29.466 0.0000000000
124005  17.994  -15.146  31.288 0.0000000000
52396  17.384  -15.741  32.118 0.0000000000
52409  17.710  -15.712  31.264 0.0000000000
51456  17.640  -16.458  30.903 0.0000000000
115676  17.749  -17.041  30.689 0.0000000000
124236  17.777  -18.847  31.385 0.0000000000
48604  17.544  -19.700  32.093 0.0000000000
59229  30.557  -8.471  21.271 0.0000000000
58314  29.887  -9.081  21.434 0.0000000000
119160  29.649  -9.499  20.845 0.0000000000
57375  29.476  -10.180  20.668 0.0000000000
57366  29.428  -10.711  21.277 0.0000000000
56466  29.550  -10.898  20.562 0.0000000000
55510  30.381  -12.122  20.652 0.0000000000
55478  31.728  -12.903  21.556 0.0000000000
108530  29.788  -12.933  22.215 0.0000000000
113720  30.588  -12.916  21.709 0.0000000000
54527  33.151  -12.935  22.599 0.0000000000
54512  33.518  -13.284  24.024 0.0000000000
55458  34.236  -12.683  24.019 0.0000000000
66867  47.391  0.037  5.708 0.0000000000
65194  46.799  -1.963  6.828 0.0000000000
65193  47.606  -2.272  6.563 0.0000000000
65192  48.479  -2.486  6.390 0.0000000000
64163  41.913  -3.150  9.988 0.0000000000
65154  40.633  -2.822  10.352 0.0000000000
64148  39.921  -3.261  11.036 0.0000000000
64135  39.591  -3.455  11.861 0.0000000000
65979  38.315  -1.960  11.176 0.0000000000
65116  39.309  -2.823  14.293 0.0000000000
67707  35.354  0.466  13.823 0.0000000000
65134  35.719  -1.852  12.597 0.0000000000
65097  34.193  -2.473  14.022 0.0000000000
65120  34.899  -2.505  13.599 0.0000000000
65119  35.701  -2.565  13.095 0.0000000000
64068  37.901  -3.696  15.043 0.0000000000
106757  27.034  -15.413  25.183 0.0000000000
52456  28.129  -15.759  27.590 0.0000000000
103915  42.250  0.163  9.949 0.0000000000
65998  41.794  -1.337  9.636 0.0000000000
45531  11.217  -22.788  40.392 0.0000000000
45532  10.757  -23.288  40.915 0.0000000000
42883  9.648  -25.861  43.749 0.0000000000
44506  9.135  -23.707  43.887 0.0000000000
116857  9.002  -25.200  43.909 0.0000000000
41347  10.203  -27.834  47.152 0.0000000000
40571  7.754  -28.269  48.545 0.0000000000
40554  6.404  -28.338  50.339 0.0000000000
42854  7.427  -25.443  48.030 0.0000000000
42081  6.817  -26.545  49.027 0.0000000000
42847  7.116  -25.671  49.274 0.0000000000
118571  5.966  -28.137  50.824 0.0000000000
41316  5.650  -27.550  51.057 0.0000000000
42824  4.700  -25.176  53.274 0.0000000000
58299  30.277  -9.349  23.168 0.0000000000
53512  26.552  -14.135  24.293 0.0000000000
55461  26.082  -12.519  24.767 0.0000000000
51503  25.539  -16.394  25.398 0.0000000000
50586  25.750  -18.147  27.725 0.0000000000
115239  23.976  -17.451  25.888 0.0000000000
50603  23.148  -17.633  26.253 0.0000000000
49642  24.513  -18.331  27.094 0.0000000000
49641  25.106  -18.390  27.774 0.0000000000
51477  19.589  -15.886  28.569 0.0000000000
50588  20.488  -17.324  28.352 0.0000000000
50573  20.960  -17.933  28.737 0.0000000000
49612  19.563  -17.905  30.692 0.0000000000
112186  22.286  -18.547  30.153 0.0000000000
105130  42.644  -4.055  11.542 0.0000000000
62338  32.865  -5.326  17.188 0.0000000000
61317  32.684  -6.071  16.644 0.0000000000
113307  32.797  -7.023  15.661 0.0000000000
60306  32.857  -7.703  15.784 0.0000000000
58323  30.476  -9.172  19.817 0.0000000000
58338  30.924  -9.513  19.006 0.0000000000
57392  30.146  -10.960  19.227 0.0000000000
57391  30.659  -10.470  18.675 0.0000000000
55509  32.383  -12.544  20.240 0.0000000000
104226  32.326  -12.557  19.489 0.0000000000
55526  32.738  -12.590  18.889 0.0000000000
56503  32.394  -12.274  18.065 0.0000000000
113901  32.411  -11.542  17.475 0.0000000000
56528  32.962  -11.040  16.926 0.0000000000
57429  33.491  -10.605  16.471 0.0000000000
57428  34.153  -10.838  16.311 0.0000000000
56516  34.767  -11.650  17.092 0.0000000000
56526  34.688  -11.175  16.578 0.0000000000
57436  34.446  -10.269  15.811 0.0000000000
57435  35.278  -10.175  15.708 0.0000000000
57434  36.123  -10.069  15.785 0.0000000000
107671  37.658  -10.688  17.206 0.0000000000
56513  37.261  -11.243  17.692 0.0000000000
56512  37.984  -11.013  17.879 0.0000000000
117955  38.566  -10.785  18.055 0.0000000000
52483  27.822  -15.277  25.058 0.0000000000
52468  29.308  -15.326  26.808 0.0000000000
119990  31.343  -14.881  26.016 0.0000000000
53450  31.267  -14.859  28.046 0.0000000000
53466  31.600  -14.722  27.332 0.0000000000
53479  31.866  -14.644  26.574 0.0000000000
53478  32.596  -14.365  26.362 0.0000000000
53477  33.265  -13.965  26.140 0.0000000000
68645  48.171  1.135  4.531 0.0000000000
69474  49.073  2.337  3.506 0.0000000000
66037  50.503  -1.375  4.486 0.0000000000
66872  50.026  -0.808  3.994 0.0000000000
67793  49.565  0.511  2.324 0.0000000000
67808  49.717  0.881  1.600 0.0000000000
105187  50.153  0.896  0.932 0.0000000000
66919  50.965  -0.215  1.795 0.0000000000
55547  34.418  -12.109  17.590 0.0000000000
66769  33.694  -0.789  16.036 0.0000000000
66802  34.391  -0.540  14.071 0.0000000000
67818  51.281  0.271  0.226 0.0000000000
110881  33.403  -4.052  14.848 0.0000000000
