#!ascii label  , from subject sub-v2s0x29009_ses-1 vox2ras=TkReg
1550
54567  -32.648  -18.000  68.959 0.0000000000
69916  -48.762  -2.611  50.777 0.0000000000
128786  -38.943  -9.647  58.284 0.0000000000
46147  -0.534  -28.774  61.118 0.0000000000
47161  -17.078  -24.517  67.059 0.0000000000
52783  -2.912  -22.249  64.967 0.0000000000
52709  0.878  -22.075  71.042 0.0000000000
68972  -42.911  -3.060  55.055 0.0000000000
54674  -5.833  -19.566  59.302 0.0000000000
128118  3.045  -32.343  66.850 0.0000000000
130173  -34.616  -19.154  62.494 0.0000000000
54598  -27.674  -18.611  66.477 0.0000000000
52729  -24.710  -20.915  69.592 0.0000000000
72700  -50.933  -0.337  47.943 0.0000000000
68005  -40.652  -5.864  57.307 0.0000000000
112131  -13.317  -24.481  64.491 0.0000000000
55575  -2.044  -17.125  62.595 0.0000000000
50091  0.873  -24.403  62.257 0.0000000000
51873  -0.450  -24.122  60.182 0.0000000000
46191  -0.865  -27.754  57.937 0.0000000000
45123  -2.544  -27.747  70.987 0.0000000000
45119  1.564  -28.440  71.422 0.0000000000
61382  -37.835  -11.327  60.830 0.0000000000
50063  -21.731  -23.715  70.856 0.0000000000
48216  -20.783  -23.737  65.126 0.0000000000
53648  -0.968  -22.326  68.291 0.0000000000
49164  2.053  -25.304  65.126 0.0000000000
69007  -45.463  -3.474  52.691 0.0000000000
46080  -5.427  -26.478  69.666 0.0000000000
48165  -8.797  -25.521  67.454 0.0000000000
52802  -5.319  -21.655  62.511 0.0000000000
51937  -2.249  -23.416  56.714 0.0000000000
51731  0.916  -22.599  74.369 0.0000000000
48151  3.190  -26.842  69.689 0.0000000000
44248  2.334  -30.503  63.649 0.0000000000
54570  -34.283  -17.826  67.587 0.0000000000
52764  -32.418  -20.073  66.115 0.0000000000
52767  -33.823  -19.592  65.779 0.0000000000
54580  -30.447  -18.661  68.505 0.0000000000
53688  -30.874  -20.027  65.467 0.0000000000
54553  -29.129  -18.151  69.841 0.0000000000
70843  -49.915  -1.853  49.299 0.0000000000
69056  -45.740  -3.122  49.676 0.0000000000
70846  -47.245  -2.107  48.312 0.0000000000
72704  -48.015  -0.546  46.773 0.0000000000
66055  -39.965  -7.684  57.657 0.0000000000
62306  -36.702  -10.349  57.759 0.0000000000
63219  -36.847  -9.142  56.757 0.0000000000
65085  -37.475  -7.675  55.913 0.0000000000
48272  1.088  -26.444  61.588 0.0000000000
48298  0.856  -25.705  60.243 0.0000000000
46174  -0.954  -28.210  59.525 0.0000000000
44371  -2.435  -30.110  56.878 0.0000000000
43480  -2.490  -31.069  59.015 0.0000000000
44181  -2.773  -29.067  68.751 0.0000000000
43257  -0.268  -29.804  69.746 0.0000000000
60468  -37.052  -12.861  63.171 0.0000000000
57513  -35.508  -16.984  63.639 0.0000000000
57518  -34.229  -16.482  61.808 0.0000000000
125296  -35.008  -14.217  62.762 0.0000000000
61365  -35.304  -12.519  61.323 0.0000000000
121329  -23.173  -21.343  72.129 0.0000000000
52774  -23.847  -20.771  66.383 0.0000000000
50081  -22.201  -22.757  67.154 0.0000000000
74616  -50.142  2.468  45.588 0.0000000000
76461  -50.824  3.630  44.203 0.0000000000
52722  0.369  -22.430  69.862 0.0000000000
51805  0.852  -23.552  67.210 0.0000000000
51800  1.390  -23.519  68.332 0.0000000000
68985  -44.367  -3.130  54.476 0.0000000000
68042  -39.576  -4.218  54.043 0.0000000000
69003  -41.049  -3.588  52.611 0.0000000000
111176  -42.719  -3.635  51.420 0.0000000000
46073  -5.983  -25.712  71.930 0.0000000000
112370  -7.809  -25.472  71.744 0.0000000000
125891  -5.066  -20.358  65.985 0.0000000000
54617  -5.380  -20.226  64.644 0.0000000000
51821  -4.207  -22.167  64.011 0.0000000000
50155  -0.077  -24.560  56.971 0.0000000000
51909  -1.527  -23.803  58.138 0.0000000000
51064  -0.815  -24.405  55.321 0.0000000000
50026  -0.408  -22.863  75.171 0.0000000000
127690  2.624  -30.397  70.036 0.0000000000
47084  2.613  -27.643  71.008 0.0000000000
126951  3.200  -29.565  68.492 0.0000000000
46101  2.519  -28.224  66.636 0.0000000000
44220  3.314  -30.890  65.722 0.0000000000
54626  -35.499  -18.985  65.069 0.0000000000
53579  -24.514  -20.112  71.923 0.0000000000
53598  -26.187  -19.144  71.016 0.0000000000
111635  -26.457  -18.904  68.378 0.0000000000
73686  -52.002  0.982  47.322 0.0000000000
73690  -48.558  0.728  46.036 0.0000000000
68959  -41.196  -3.876  56.356 0.0000000000
67087  -38.634  -5.827  55.222 0.0000000000
47208  -16.905  -24.553  64.708 0.0000000000
48194  -15.397  -24.455  65.859 0.0000000000
54660  -4.418  -17.819  61.317 0.0000000000
51829  -0.679  -23.289  63.582 0.0000000000
132121  -1.912  -22.874  62.894 0.0000000000
50980  0.234  -24.071  61.211 0.0000000000
49236  0.171  -25.340  58.875 0.0000000000
47282  -0.034  -26.743  55.808 0.0000000000
47047  -2.667  -25.711  73.428 0.0000000000
47029  -0.564  -25.552  73.540 0.0000000000
45116  -0.571  -28.268  71.097 0.0000000000
43254  1.383  -30.493  70.190 0.0000000000
62279  -38.376  -10.589  59.683 0.0000000000
121269  -35.555  -11.700  59.033 0.0000000000
47140  -20.131  -24.493  68.903 0.0000000000
50945  -23.224  -22.541  70.171 0.0000000000
49159  -21.575  -23.722  67.944 0.0000000000
47179  -19.515  -24.466  65.788 0.0000000000
53652  -4.293  -20.372  67.821 0.0000000000
53615  -3.320  -20.427  69.286 0.0000000000
52758  -1.431  -22.434  66.803 0.0000000000
51810  0.001  -23.406  65.910 0.0000000000
50085  1.149  -24.384  64.221 0.0000000000
114420  1.323  -26.783  63.315 0.0000000000
69018  -46.977  -3.072  51.788 0.0000000000
69027  -43.699  -3.582  50.416 0.0000000000
46058  -4.770  -25.812  72.539 0.0000000000
45128  -4.040  -27.366  69.924 0.0000000000
44192  -4.194  -28.888  67.904 0.0000000000
48169  -13.663  -24.513  67.657 0.0000000000
47131  -11.593  -24.902  69.534 0.0000000000
47102  -9.893  -25.404  70.888 0.0000000000
47127  -6.829  -25.929  68.435 0.0000000000
45153  -5.611  -27.965  66.932 0.0000000000
55558  -3.193  -17.312  64.207 0.0000000000
54637  -4.888  -18.626  62.736 0.0000000000
53723  -5.902  -20.750  60.521 0.0000000000
132670  -2.847  -23.065  60.978 0.0000000000
51894  -4.405  -22.936  59.698 0.0000000000
52855  -5.448  -22.355  57.789 0.0000000000
52665  1.099  -21.906  73.194 0.0000000000
48123  1.577  -25.128  73.016 0.0000000000
50057  2.240  -24.722  71.710 0.0000000000
50947  2.528  -24.120  69.941 0.0000000000
48164  2.590  -26.038  67.563 0.0000000000
46111  1.888  -27.897  65.223 0.0000000000
45193  0.840  -29.556  62.932 0.0000000000
110875  3.408  -34.091  64.251 0.0000000000
42512  3.095  -32.816  62.333 0.0000000000
42534  -0.258  -32.169  60.232 0.0000000000
54568  -32.978  -17.928  68.695 0.0000000000
55519  -32.178  -17.235  69.707 0.0000000000
53645  -32.358  -19.121  67.811 0.0000000000
53646  -33.764  -18.650  67.579 0.0000000000
53625  -31.857  -18.661  68.584 0.0000000000
52752  -31.484  -19.581  67.029 0.0000000000
122384  -31.683  -17.822  69.743 0.0000000000
54555  -31.230  -17.974  69.778 0.0000000000
70830  -49.260  -2.237  49.672 0.0000000000
69925  -46.732  -2.836  49.757 0.0000000000
69942  -46.098  -2.684  48.517 0.0000000000
69939  -47.666  -2.492  49.488 0.0000000000
70847  -48.581  -1.765  48.593 0.0000000000
65043  -39.415  -8.538  57.744 0.0000000000
66043  -40.962  -7.457  58.885 0.0000000000
65028  -40.513  -8.656  59.535 0.0000000000
62322  -36.622  -9.868  57.309 0.0000000000
130011  -37.847  -9.742  57.770 0.0000000000
65042  -38.670  -8.640  57.253 0.0000000000
47230  0.420  -27.324  61.443 0.0000000000
47243  0.208  -27.219  60.427 0.0000000000
46161  -0.785  -28.511  60.442 0.0000000000
45231  -2.375  -29.681  59.011 0.0000000000
44309  -1.638  -30.610  59.895 0.0000000000
43317  -2.631  -30.030  67.702 0.0000000000
43316  -1.874  -30.311  67.886 0.0000000000
58487  -36.031  -15.478  64.262 0.0000000000
58495  -35.065  -15.537  63.045 0.0000000000
59536  -36.232  -14.503  64.076 0.0000000000
60467  -36.082  -13.134  62.954 0.0000000000
74609  -51.981  2.281  46.349 0.0000000000
75503  -50.779  3.076  45.238 0.0000000000
76463  -52.647  3.913  44.856 0.0000000000
53610  0.614  -21.960  70.698 0.0000000000
52731  0.693  -22.956  69.342 0.0000000000
52720  1.147  -23.125  69.642 0.0000000000
68973  -43.790  -2.991  54.912 0.0000000000
69869  -44.487  -2.824  55.160 0.0000000000
68981  -40.418  -3.885  54.193 0.0000000000
68995  -40.296  -3.770  53.335 0.0000000000
68983  -42.577  -3.387  54.315 0.0000000000
111429  -43.280  -3.543  53.571 0.0000000000
47066  -8.312  -25.536  73.090 0.0000000000
133236  -8.884  -25.553  72.893 0.0000000000
47121  -17.498  -24.651  69.441 0.0000000000
47147  -16.337  -24.484  68.206 0.0000000000
54673  -5.185  -18.555  59.901 0.0000000000
52761  -4.282  -21.309  66.053 0.0000000000
52785  -4.688  -21.652  64.569 0.0000000000
52784  -3.900  -22.031  64.796 0.0000000000
49282  0.164  -25.406  55.899 0.0000000000
50169  -0.174  -24.488  56.302 0.0000000000
49291  -0.433  -25.529  54.745 0.0000000000
50884  -2.107  -22.572  76.395 0.0000000000
49103  -1.715  -23.551  75.497 0.0000000000
43315  2.707  -31.727  68.284 0.0000000000
121835  3.133  -29.952  69.231 0.0000000000
119684  3.151  -31.356  67.246 0.0000000000
44210  3.228  -30.700  66.640 0.0000000000
43358  3.274  -31.681  66.434 0.0000000000
127079  -35.223  -18.631  66.758 0.0000000000
54613  -35.087  -19.149  65.364 0.0000000000
55547  -36.086  -18.231  66.369 0.0000000000
56480  -36.409  -17.247  65.259 0.0000000000
111549  -28.741  -18.507  68.121 0.0000000000
54564  -27.475  -18.516  69.591 0.0000000000
54587  -26.919  -18.662  67.334 0.0000000000
54597  -25.948  -19.097  66.843 0.0000000000
73678  -51.421  0.206  47.645 0.0000000000
71771  -49.204  -0.614  47.502 0.0000000000
72711  -48.286  0.041  46.351 0.0000000000
72707  -50.415  0.063  47.426 0.0000000000
73685  -50.840  0.781  47.077 0.0000000000
68013  -40.707  -4.952  56.811 0.0000000000
68950  -41.347  -4.242  57.273 0.0000000000
120327  -41.123  -5.217  57.696 0.0000000000
66078  -39.192  -6.757  56.256 0.0000000000
128576  -38.357  -6.922  55.813 0.0000000000
67077  -39.186  -6.115  55.806 0.0000000000
119170  -39.708  -5.576  55.888 0.0000000000
55582  -1.807  -16.931  61.989 0.0000000000
54659  -3.270  -17.287  61.144 0.0000000000
54647  -3.483  -17.527  61.954 0.0000000000
51828  -0.012  -23.699  63.468 0.0000000000
113608  -0.344  -23.531  62.774 0.0000000000
50979  0.527  -24.224  61.661 0.0000000000
116616  0.205  -26.327  58.952 0.0000000000
49220  0.427  -25.114  59.898 0.0000000000
47264  0.256  -26.262  57.894 0.0000000000
48333  0.370  -25.702  57.125 0.0000000000
47283  -0.282  -27.307  56.475 0.0000000000
46201  -1.322  -28.715  56.533 0.0000000000
128579  -2.343  -26.918  72.051 0.0000000000
46055  -1.321  -26.725  72.502 0.0000000000
45117  -1.277  -27.982  71.244 0.0000000000
42408  0.464  -30.806  69.093 0.0000000000
43256  0.341  -30.060  69.967 0.0000000000
42407  1.220  -31.183  69.223 0.0000000000
42405  1.815  -31.403  69.417 0.0000000000
62270  -38.474  -10.886  60.537 0.0000000000
61366  -36.265  -12.109  61.336 0.0000000000
61380  -35.678  -12.094  60.587 0.0000000000
61396  -37.145  -11.207  59.824 0.0000000000
62291  -37.818  -10.746  59.226 0.0000000000
49142  -21.112  -24.127  71.209 0.0000000000
122409  -20.132  -24.692  70.525 0.0000000000
49149  -21.035  -24.379  70.323 0.0000000000
121138  -24.756  -20.916  70.744 0.0000000000
51789  -24.215  -21.225  71.322 0.0000000000
51794  -24.341  -21.364  69.954 0.0000000000
49166  -21.423  -23.209  66.235 0.0000000000
50077  -22.110  -23.047  67.450 0.0000000000
48197  -20.741  -23.882  66.250 0.0000000000
48185  -20.598  -24.111  67.026 0.0000000000
48214  -20.537  -24.026  65.318 0.0000000000
116480  -19.313  -24.559  64.452 0.0000000000
53630  -1.203  -21.857  69.143 0.0000000000
53631  -2.110  -21.403  68.684 0.0000000000
53650  -2.530  -21.397  67.998 0.0000000000
52744  -1.175  -22.357  67.597 0.0000000000
52769  -0.820  -23.059  66.170 0.0000000000
52768  -0.210  -23.258  66.658 0.0000000000
50961  1.504  -24.088  66.034 0.0000000000
50962  1.107  -23.958  65.738 0.0000000000
50084  1.579  -24.671  64.445 0.0000000000
49170  1.618  -25.160  63.598 0.0000000000
48204  1.951  -26.039  64.613 0.0000000000
69001  -46.720  -3.118  52.420 0.0000000000
110676  -48.263  -2.806  53.200 0.0000000000
69895  -47.450  -2.821  53.582 0.0000000000
69006  -44.834  -3.635  52.469 0.0000000000
69015  -43.600  -3.659  51.172 0.0000000000
111095  -45.036  -3.579  51.282 0.0000000000
69029  -45.771  -3.419  51.211 0.0000000000
47034  -6.359  -25.384  74.287 0.0000000000
125919  -5.900  -25.816  70.772 0.0000000000
46072  -4.790  -26.185  71.154 0.0000000000
46076  -4.616  -26.864  69.949 0.0000000000
45133  -4.036  -28.289  69.010 0.0000000000
46082  -4.976  -27.656  68.893 0.0000000000
111366  -13.951  -24.458  65.178 0.0000000000
113883  -13.952  -24.471  66.689 0.0000000000
48192  -12.960  -24.524  66.228 0.0000000000
48178  -10.176  -25.006  66.613 0.0000000000
48167  -11.008  -24.708  67.469 0.0000000000
48158  -10.458  -24.887  68.513 0.0000000000
116202  -10.973  -25.115  70.040 0.0000000000
115415  -9.689  -25.174  69.130 0.0000000000
47100  -8.157  -25.422  70.138 0.0000000000
47128  -7.746  -25.703  68.263 0.0000000000
45163  -6.037  -28.175  66.294 0.0000000000
55550  -3.444  -17.265  64.984 0.0000000000
52794  -5.199  -21.366  63.630 0.0000000000
54628  -5.306  -19.261  63.305 0.0000000000
53704  -5.544  -20.751  62.228 0.0000000000
53703  -5.437  -19.843  61.863 0.0000000000
52813  -5.527  -21.450  61.809 0.0000000000
51859  -1.312  -23.202  61.607 0.0000000000
111195  -2.181  -22.989  61.648 0.0000000000
51875  -1.607  -23.380  60.792 0.0000000000
51925  -1.343  -23.706  57.414 0.0000000000
51910  -2.484  -23.563  58.377 0.0000000000
51911  -3.606  -23.309  58.244 0.0000000000
51912  -4.742  -22.891  58.655 0.0000000000
52854  -3.731  -23.225  57.111 0.0000000000
52866  -4.438  -23.120  56.823 0.0000000000
52662  0.997  -21.928  73.866 0.0000000000
46052  0.900  -27.324  71.999 0.0000000000
121830  0.949  -25.772  72.944 0.0000000000
47062  1.477  -26.923  72.124 0.0000000000
48146  3.072  -26.939  70.515 0.0000000000
48142  2.552  -26.287  71.412 0.0000000000
49148  3.016  -25.254  70.613 0.0000000000
50938  2.178  -24.167  71.419 0.0000000000
49152  3.109  -25.303  69.726 0.0000000000
50073  2.642  -24.552  68.657 0.0000000000
49156  2.918  -25.945  68.413 0.0000000000
45170  2.585  -29.410  65.523 0.0000000000
111038  2.242  -27.820  65.951 0.0000000000
45180  1.669  -29.140  64.344 0.0000000000
46131  1.175  -28.667  63.906 0.0000000000
44249  1.614  -30.082  63.316 0.0000000000
119625  3.482  -34.827  62.920 0.0000000000
132526  3.570  -33.263  63.680 0.0000000000
55528  -34.654  -17.684  67.397 0.0000000000
52777  -32.387  -20.414  65.016 0.0000000000
51815  -33.042  -20.251  64.596 0.0000000000
52755  -33.568  -19.621  66.177 0.0000000000
53665  -34.638  -18.747  66.900 0.0000000000
111393  -29.443  -18.734  67.215 0.0000000000
53662  -30.973  -19.545  66.899 0.0000000000
52775  -31.402  -20.130  65.843 0.0000000000
117690  -30.081  -18.314  69.322 0.0000000000
71760  -50.055  -1.298  48.574 0.0000000000
69947  -45.679  -2.575  47.823 0.0000000000
70856  -45.904  -1.589  46.580 0.0000000000
71774  -46.334  -0.944  46.187 0.0000000000
71769  -47.720  -1.179  47.351 0.0000000000
133055  -48.891  -1.447  48.310 0.0000000000
67058  -40.482  -6.749  57.620 0.0000000000
67059  -41.023  -6.050  58.037 0.0000000000
67049  -41.048  -6.778  58.414 0.0000000000
67023  -41.840  -6.842  60.126 0.0000000000
127092  -35.368  -11.144  57.632 0.0000000000
62321  -36.047  -10.091  57.080 0.0000000000
62333  -35.721  -9.691  56.388 0.0000000000
63228  -35.956  -8.904  55.935 0.0000000000
65084  -36.173  -8.440  55.581 0.0000000000
127788  -36.937  -8.703  56.465 0.0000000000
128814  -38.519  -8.118  56.803 0.0000000000
127803  1.217  -24.871  62.024 0.0000000000
50102  0.780  -24.590  61.335 0.0000000000
119174  1.160  -25.707  61.028 0.0000000000
47254  -0.149  -27.249  59.444 0.0000000000
46182  -0.709  -27.712  58.774 0.0000000000
45252  -2.149  -29.216  57.179 0.0000000000
45241  -2.317  -29.027  58.223 0.0000000000
44345  -3.059  -30.504  58.030 0.0000000000
44171  -2.175  -28.483  70.062 0.0000000000
44170  -1.375  -28.776  70.228 0.0000000000
43275  -1.185  -29.606  69.128 0.0000000000
61356  -37.594  -12.256  62.522 0.0000000000
56494  -35.119  -17.620  62.880 0.0000000000
56498  -34.694  -18.073  61.991 0.0000000000
57519  -34.637  -17.030  62.243 0.0000000000
58503  -34.583  -16.004  62.419 0.0000000000
59557  -34.013  -14.518  61.632 0.0000000000
60480  -34.910  -13.163  61.842 0.0000000000
61355  -36.614  -12.419  62.340 0.0000000000
119736  -22.781  -22.103  71.886 0.0000000000
52751  -24.179  -20.875  68.291 0.0000000000
51799  -23.838  -21.467  68.631 0.0000000000
51807  -22.716  -21.747  66.649 0.0000000000
50964  -22.070  -22.417  65.821 0.0000000000
75502  -48.773  2.646  44.344 0.0000000000
75510  -49.951  3.650  43.435 0.0000000000
75515  -49.982  3.966  42.646 0.0000000000
76473  -50.321  4.300  42.306 0.0000000000
52733  -0.417  -22.533  68.672 0.0000000000
52756  -0.048  -23.170  67.375 0.0000000000
52741  0.588  -23.177  68.499 0.0000000000
51804  1.164  -23.593  67.589 0.0000000000
120599  1.685  -23.989  66.912 0.0000000000
68999  -44.847  -3.530  53.167 0.0000000000
111545  -46.038  -2.765  55.095 0.0000000000
68052  -39.384  -3.852  52.421 0.0000000000
69012  -40.113  -3.564  51.611 0.0000000000
69013  -41.061  -3.510  51.181 0.0000000000
113592  -41.755  -3.562  51.819 0.0000000000
68998  -44.005  -3.669  52.785 0.0000000000
47051  -6.784  -25.516  73.600 0.0000000000
47052  -7.403  -25.529  73.761 0.0000000000
111313  -6.899  -25.574  72.304 0.0000000000
47085  -6.129  -25.811  70.373 0.0000000000
48206  -9.654  -25.622  65.006 0.0000000000
47159  -7.886  -26.480  66.360 0.0000000000
55551  -5.179  -18.854  66.099 0.0000000000
54603  -5.205  -18.574  65.106 0.0000000000
54604  -5.308  -19.803  65.538 0.0000000000
53690  -5.206  -21.086  64.381 0.0000000000
52801  -4.990  -21.898  63.151 0.0000000000
51002  -0.696  -24.368  58.330 0.0000000000
51891  -1.170  -23.995  58.895 0.0000000000
51907  -0.859  -24.104  57.742 0.0000000000
51031  -0.822  -23.840  56.739 0.0000000000
51032  -1.256  -23.623  56.497 0.0000000000
52645  -2.293  -21.383  76.663 0.0000000000
51721  -0.981  -21.884  76.071 0.0000000000
50897  0.227  -22.540  74.950 0.0000000000
44161  2.206  -29.235  71.013 0.0000000000
46059  2.233  -27.778  71.422 0.0000000000
120470  2.720  -29.150  70.429 0.0000000000
46078  2.893  -28.471  70.299 0.0000000000
114704  3.049  -28.229  68.623 0.0000000000
47126  2.852  -27.381  68.299 0.0000000000
45150  2.943  -28.954  67.209 0.0000000000
44211  3.092  -29.999  66.033 0.0000000000
43396  2.955  -30.845  63.934 0.0000000000
53702  -33.979  -19.716  63.239 0.0000000000
52791  -33.348  -20.042  64.632 0.0000000000
53697  -34.058  -19.559  64.160 0.0000000000
55571  -34.928  -18.926  63.295 0.0000000000
56487  -35.983  -17.515  64.386 0.0000000000
57497  -36.284  -16.724  64.870 0.0000000000
53608  -25.600  -19.899  70.219 0.0000000000
54538  -27.202  -18.377  70.694 0.0000000000
131435  -25.877  -19.370  70.288 0.0000000000
52739  -25.213  -20.179  69.327 0.0000000000
129963  -25.108  -19.894  68.080 0.0000000000
73689  -47.780  0.460  45.702 0.0000000000
74607  -49.697  1.744  45.971 0.0000000000
74601  -51.246  1.606  46.613 0.0000000000
68971  -42.084  -3.173  55.752 0.0000000000
69853  -42.796  -2.764  56.142 0.0000000000
68960  -41.931  -3.285  56.728 0.0000000000
126472  -36.426  -7.923  55.134 0.0000000000
68032  -39.003  -4.930  54.670 0.0000000000
68969  -40.467  -4.038  55.089 0.0000000000
47176  -16.593  -24.515  65.973 0.0000000000
113169  -16.423  -24.476  66.701 0.0000000000
48195  -16.088  -24.481  65.533 0.0000000000
115699  -14.922  -24.445  64.292 0.0000000000
54671  -3.942  -17.418  60.633 0.0000000000
54662  -5.661  -19.609  60.202 0.0000000000
52782  -1.918  -22.546  65.153 0.0000000000
51819  -2.265  -22.628  64.293 0.0000000000
51830  -1.626  -22.910  63.584 0.0000000000
111319  -0.773  -23.295  62.120 0.0000000000
51857  -0.206  -23.919  60.843 0.0000000000
50109  0.449  -24.622  60.558 0.0000000000
50994  0.205  -24.480  60.451 0.0000000000
130349  -0.422  -24.600  59.159 0.0000000000
49252  0.076  -25.036  58.130 0.0000000000
48115  -1.588  -24.986  74.226 0.0000000000
47030  -1.317  -25.519  73.606 0.0000000000
46054  -0.562  -26.965  72.302 0.0000000000
46062  0.414  -28.041  71.470 0.0000000000
44165  -0.420  -28.986  70.527 0.0000000000
44163  0.662  -29.502  70.521 0.0000000000
127797  1.513  -29.564  70.775 0.0000000000
127817  2.096  -30.724  70.281 0.0000000000
127741  2.426  -31.399  69.138 0.0000000000
41604  2.369  -32.511  67.442 0.0000000000
62280  -38.920  -10.197  59.411 0.0000000000
64074  -40.206  -9.267  59.924 0.0000000000
63167  -39.487  -10.132  60.262 0.0000000000
111659  -34.052  -18.161  60.676 0.0000000000
61409  -34.895  -11.711  58.313 0.0000000000
112239  -37.735  -10.580  58.672 0.0000000000
47123  -18.962  -24.626  69.604 0.0000000000
47149  -18.643  -24.550  68.109 0.0000000000
52672  -23.834  -20.981  72.041 0.0000000000
51788  -23.678  -21.502  71.575 0.0000000000
50941  -23.025  -22.580  70.730 0.0000000000
50952  -23.244  -22.593  69.053 0.0000000000
50070  -22.377  -23.413  68.884 0.0000000000
49151  -21.841  -23.838  69.636 0.0000000000
118676  -21.021  -24.138  68.470 0.0000000000
47150  -19.635  -24.445  67.656 0.0000000000
113584  -17.808  -24.556  66.706 0.0000000000
47178  -18.191  -24.632  65.549 0.0000000000
131289  -51.180  5.060  41.934 0.0000000000
130686  -50.935  5.200  41.453 0.0000000000
115907  -51.131  6.352  40.850 0.0000000000
118230  -4.676  -20.364  67.052 0.0000000000
52760  -3.447  -21.580  66.441 0.0000000000
53633  -3.780  -20.504  68.567 0.0000000000
52746  -3.019  -21.447  67.218 0.0000000000
52771  -2.553  -22.152  65.735 0.0000000000
52781  -1.179  -22.903  65.409 0.0000000000
51811  -0.479  -23.253  65.190 0.0000000000
51816  0.591  -23.995  64.427 0.0000000000
51809  0.600  -23.706  65.805 0.0000000000
127858  0.757  -23.918  65.136 0.0000000000
50968  0.878  -24.333  63.300 0.0000000000
49173  1.473  -25.403  62.675 0.0000000000
48246  1.297  -26.391  62.530 0.0000000000
47218  0.405  -27.770  62.374 0.0000000000
69915  -47.944  -2.772  51.036 0.0000000000
69026  -42.138  -3.494  50.099 0.0000000000
111172  -42.966  -3.490  49.941 0.0000000000
128754  -42.949  -3.473  49.413 0.0000000000
131785  -44.529  -3.458  49.769 0.0000000000
69044  -46.145  -3.106  50.261 0.0000000000
47048  -3.479  -25.639  73.418 0.0000000000
114450  -3.725  -26.359  72.088 0.0000000000
46067  -5.370  -25.800  72.149 0.0000000000
46066  -4.308  -26.334  71.588 0.0000000000
45124  -3.201  -27.505  70.731 0.0000000000
44182  -3.533  -28.888  68.576 0.0000000000
48171  -15.327  -24.429  67.425 0.0000000000
48162  -14.143  -24.532  68.378 0.0000000000
47133  -13.816  -24.657  69.220 0.0000000000
48180  -12.464  -24.557  66.988 0.0000000000
48160  -12.460  -24.675  68.317 0.0000000000
117246  -12.561  -24.924  70.029 0.0000000000
47117  -11.658  -25.144  70.414 0.0000000000
47089  -10.548  -25.469  71.556 0.0000000000
111658  -9.735  -25.520  72.124 0.0000000000
112132  -8.974  -25.430  71.003 0.0000000000
47099  -6.972  -25.553  70.252 0.0000000000
46084  -5.889  -26.266  69.406 0.0000000000
47142  -6.702  -26.768  67.157 0.0000000000
115688  -6.142  -26.825  67.819 0.0000000000
46083  -5.400  -27.307  68.664 0.0000000000
45151  -4.752  -28.496  67.816 0.0000000000
55568  -2.928  -17.364  63.541 0.0000000000
54616  -4.973  -18.388  64.203 0.0000000000
54627  -4.773  -18.318  63.436 0.0000000000
126464  -4.093  -17.822  62.626 0.0000000000
54648  -4.603  -18.226  62.110 0.0000000000
53713  -5.510  -19.753  61.060 0.0000000000
117002  -6.046  -20.380  59.687 0.0000000000
51831  -2.710  -22.712  63.350 0.0000000000
113247  -3.429  -22.704  62.653 0.0000000000
129432  -4.058  -22.685  62.080 0.0000000000
112556  -2.504  -23.346  60.032 0.0000000000
51876  -3.633  -23.062  60.297 0.0000000000
51877  -4.632  -22.795  60.571 0.0000000000
127171  -5.375  -22.432  59.766 0.0000000000
118589  -6.064  -21.391  59.637 0.0000000000
52833  -5.897  -21.938  58.691 0.0000000000
110654  -4.967  -22.766  57.219 0.0000000000
49114  -0.535  -24.375  74.475 0.0000000000
125082  0.968  -24.275  73.982 0.0000000000
50041  1.183  -23.705  74.128 0.0000000000
48130  2.019  -25.887  72.164 0.0000000000
49133  2.135  -24.919  72.254 0.0000000000
112721  1.367  -22.929  73.423 0.0000000000
50934  1.556  -23.418  72.438 0.0000000000
50939  1.883  -23.506  71.173 0.0000000000
51793  1.604  -23.100  70.731 0.0000000000
50951  1.836  -23.542  69.010 0.0000000000
120295  2.258  -24.185  68.123 0.0000000000
114877  2.332  -25.249  66.803 0.0000000000
47141  2.539  -27.063  67.412 0.0000000000
112485  2.192  -26.558  66.050 0.0000000000
48187  2.069  -26.284  65.392 0.0000000000
47191  1.479  -27.541  64.445 0.0000000000
46132  0.819  -28.143  63.400 0.0000000000
45201  0.150  -29.407  62.244 0.0000000000
123035  2.588  -33.629  65.730 0.0000000000
112850  2.901  -34.656  64.647 0.0000000000
41626  3.061  -33.282  65.578 0.0000000000
42468  3.550  -32.892  64.384 0.0000000000
42482  3.441  -32.351  63.764 0.0000000000
43410  3.056  -31.839  63.144 0.0000000000
42513  2.520  -32.712  61.768 0.0000000000
43441  2.165  -31.839  61.967 0.0000000000
43442  1.340  -31.559  61.694 0.0000000000
43443  0.523  -31.199  61.386 0.0000000000
127695  -0.560  -30.075  61.118 0.0000000000
43478  -1.082  -31.911  59.842 0.0000000000
41694  -2.036  -33.558  58.533 0.0000000000
54557  -32.522  -18.032  68.989 0.0000000000
53626  -32.533  -18.429  68.585 0.0000000000
53627  -33.243  -18.177  68.345 0.0000000000
54566  -31.973  -18.119  69.354 0.0000000000
54556  -31.775  -18.033  69.497 0.0000000000
69928  -49.439  -2.450  50.380 0.0000000000
69929  -50.180  -2.423  50.633 0.0000000000
69917  -49.815  -2.571  51.148 0.0000000000
112893  -47.961  -2.680  50.496 0.0000000000
119538  -47.576  -2.684  50.084 0.0000000000
69927  -48.457  -2.501  50.029 0.0000000000
70841  -48.497  -2.203  49.275 0.0000000000
64091  -39.461  -9.171  58.351 0.0000000000
127724  -40.216  -8.286  58.585 0.0000000000
64083  -39.889  -9.185  59.123 0.0000000000
63178  -38.639  -10.021  58.563 0.0000000000
63189  -38.416  -9.717  58.005 0.0000000000
64090  -38.873  -9.239  57.784 0.0000000000
46160  -0.252  -28.005  60.937 0.0000000000
44282  -0.915  -29.419  60.662 0.0000000000
42431  -2.189  -30.646  67.305 0.0000000000
52721  0.859  -22.612  70.207 0.0000000000
69868  -43.592  -2.771  55.560 0.0000000000
121177  -42.018  -3.309  54.990 0.0000000000
68982  -41.423  -3.572  54.420 0.0000000000
111202  -9.774  -25.647  73.692 0.0000000000
47067  -9.013  -25.608  73.592 0.0000000000
111199  -9.647  -25.586  72.936 0.0000000000
47148  -17.034  -24.465  67.860 0.0000000000
113256  -16.995  -24.568  68.658 0.0000000000
130305  -16.527  -24.455  67.408 0.0000000000
54684  -5.400  -18.615  59.038 0.0000000000
52772  -3.538  -21.848  65.651 0.0000000000
52773  -4.361  -21.601  65.317 0.0000000000
49290  -0.053  -25.482  55.204 0.0000000000
49104  -2.337  -23.800  75.709 0.0000000000
43335  2.941  -31.743  67.542 0.0000000000
119394  3.008  -30.991  68.049 0.0000000000
132492  3.146  -31.898  67.046 0.0000000000
54590  -35.381  -18.209  66.928 0.0000000000
54602  -35.600  -18.565  66.600 0.0000000000
112872  -35.800  -18.134  66.793 0.0000000000
55548  -35.995  -17.779  66.744 0.0000000000
111122  -28.191  -18.487  67.302 0.0000000000
111573  -27.615  -18.545  68.196 0.0000000000
72699  -50.022  -0.626  47.874 0.0000000000
72706  -49.540  -0.126  47.205 0.0000000000
68012  -40.308  -5.753  56.749 0.0000000000
67069  -40.198  -6.311  56.984 0.0000000000
113978  -39.800  -6.147  56.380 0.0000000000
133490  -1.424  -16.987  62.778 0.0000000000
54646  -2.559  -17.241  62.143 0.0000000000
54636  -3.072  -17.473  62.598 0.0000000000
51827  0.411  -24.015  63.488 0.0000000000
50971  0.499  -24.108  62.513 0.0000000000
47265  -0.180  -27.082  58.394 0.0000000000
47273  -0.243  -27.149  57.411 0.0000000000
46200  -0.825  -27.920  57.009 0.0000000000
45118  -2.054  -27.592  71.424 0.0000000000
45122  -1.581  -28.260  70.835 0.0000000000
117314  0.839  -31.124  69.023 0.0000000000
125098  -39.074  -10.881  61.110 0.0000000000
62260  -38.613  -11.277  61.361 0.0000000000
54653  -34.377  -19.594  61.982 0.0000000000
61381  -37.019  -11.634  60.786 0.0000000000
62278  -37.934  -10.857  60.005 0.0000000000
50935  -21.996  -22.969  71.809 0.0000000000
50060  -21.532  -23.566  71.496 0.0000000000
49146  -21.215  -24.213  70.726 0.0000000000
49147  -21.544  -24.031  70.219 0.0000000000
51795  -24.901  -20.815  69.955 0.0000000000
52706  -24.851  -20.859  70.395 0.0000000000
118050  -21.138  -23.413  65.834 0.0000000000
49165  -21.187  -23.523  66.458 0.0000000000
48198  -20.855  -23.703  65.833 0.0000000000
125295  -20.339  -24.171  64.798 0.0000000000
48215  -20.569  -23.948  64.758 0.0000000000
53649  -1.648  -21.880  68.171 0.0000000000
52757  -0.703  -22.908  67.102 0.0000000000
52743  -0.501  -22.735  67.871 0.0000000000
124056  1.702  -24.435  65.405 0.0000000000
49167  1.870  -25.355  64.319 0.0000000000
69008  -45.986  -3.392  52.330 0.0000000000
131202  -46.833  -2.972  53.080 0.0000000000
126367  -46.181  -3.198  52.921 0.0000000000
111175  -44.400  -3.670  51.787 0.0000000000
69016  -45.394  -3.561  51.935 0.0000000000
112065  -5.311  -26.328  70.089 0.0000000000
46079  -4.889  -27.097  69.434 0.0000000000
114082  -5.270  -26.985  69.167 0.0000000000
126432  -13.723  -24.494  65.851 0.0000000000
48210  -13.115  -24.474  65.300 0.0000000000
48177  -9.251  -25.506  66.710 0.0000000000
48166  -9.828  -25.063  67.518 0.0000000000
48157  -9.284  -25.232  68.281 0.0000000000
47129  -8.675  -25.413  68.756 0.0000000000
47144  -8.420  -25.557  68.052 0.0000000000
126150  -4.497  -17.846  65.526 0.0000000000
132874  -5.250  -21.506  63.088 0.0000000000
128388  -5.474  -20.947  63.003 0.0000000000
51844  -5.262  -22.113  61.706 0.0000000000
51874  -0.811  -23.794  60.415 0.0000000000
122779  -1.771  -23.492  57.034 0.0000000000
111295  -2.061  -23.559  57.542 0.0000000000
51926  -2.635  -23.375  57.071 0.0000000000
51927  -3.104  -23.403  57.583 0.0000000000
52865  -3.188  -23.347  56.738 0.0000000000
51725  0.194  -22.061  74.985 0.0000000000
52658  0.908  -21.975  74.166 0.0000000000
128450  1.108  -26.470  72.442 0.0000000000
111934  2.922  -26.188  70.953 0.0000000000
114796  3.186  -26.098  70.165 0.0000000000
49155  3.155  -26.026  69.278 0.0000000000
50072  2.972  -25.219  68.878 0.0000000000
48155  3.051  -26.731  68.819 0.0000000000
45179  2.305  -29.638  64.748 0.0000000000
45183  1.973  -29.841  64.010 0.0000000000
39061  3.456  -36.343  62.180 0.0000000000
39053  3.305  -36.249  62.908 0.0000000000
39952  3.447  -35.584  62.548 0.0000000000
131758  -32.117  -20.247  65.875 0.0000000000
52765  -32.969  -20.042  65.796 0.0000000000
52754  -33.061  -19.670  66.497 0.0000000000
53628  -33.840  -17.966  67.914 0.0000000000
123141  -34.043  -19.069  67.066 0.0000000000
53647  -34.435  -18.334  67.295 0.0000000000
54581  -34.726  -18.149  67.194 0.0000000000
54588  -30.389  -19.036  67.513 0.0000000000
53661  -30.344  -19.342  66.636 0.0000000000
131098  -31.896  -19.554  67.174 0.0000000000
53677  -31.352  -19.881  66.425 0.0000000000
52763  -31.825  -20.019  66.339 0.0000000000
52776  -31.932  -20.328  65.529 0.0000000000
54565  -30.880  -18.374  69.259 0.0000000000
114630  -29.681  -18.679  68.096 0.0000000000
71761  -51.000  -1.515  49.275 0.0000000000
129208  -50.667  -1.974  49.862 0.0000000000
69055  -44.970  -3.350  49.481 0.0000000000
69062  -44.709  -3.311  48.826 0.0000000000
70845  -46.556  -2.306  48.100 0.0000000000
70849  -45.420  -2.231  46.982 0.0000000000
70850  -46.251  -1.987  47.342 0.0000000000
71768  -46.746  -1.354  46.950 0.0000000000
70851  -47.065  -1.766  47.698 0.0000000000
124817  -49.113  -1.935  49.085 0.0000000000
70842  -49.288  -1.579  48.639 0.0000000000
119922  -40.567  -7.404  58.214 0.0000000000
66030  -41.353  -7.464  59.676 0.0000000000
61428  -36.073  -10.730  57.642 0.0000000000
63203  -36.770  -9.548  57.080 0.0000000000
62334  -36.222  -9.588  56.770 0.0000000000
63217  -35.837  -9.318  56.194 0.0000000000
63218  -36.327  -9.220  56.519 0.0000000000
64118  -36.461  -8.774  56.230 0.0000000000
64103  -37.972  -8.539  56.877 0.0000000000
65053  -39.179  -7.932  57.113 0.0000000000
122351  1.330  -25.614  61.831 0.0000000000
47244  -0.390  -27.838  60.165 0.0000000000
46183  -1.462  -28.282  58.546 0.0000000000
45230  -1.802  -28.906  59.243 0.0000000000
44330  -2.202  -30.464  59.390 0.0000000000
44331  -2.736  -30.442  58.730 0.0000000000
43491  -2.908  -31.232  58.429 0.0000000000
114362  -2.846  -32.200  57.560 0.0000000000
116823  -2.870  -32.079  58.174 0.0000000000
44175  -2.454  -28.720  69.436 0.0000000000
44174  -1.637  -28.988  69.614 0.0000000000
43276  -1.943  -29.281  68.922 0.0000000000
57512  -35.092  -16.519  62.947 0.0000000000
59547  -35.129  -14.741  63.095 0.0000000000
59546  -34.568  -14.914  62.487 0.0000000000
60465  -34.607  -13.948  62.193 0.0000000000
112628  -22.569  -21.664  72.120 0.0000000000
51771  -22.847  -21.826  72.041 0.0000000000
52762  -23.943  -20.802  67.363 0.0000000000
51803  -23.538  -21.342  67.850 0.0000000000
51808  -23.283  -21.201  66.970 0.0000000000
74615  -49.260  2.280  45.241 0.0000000000
111558  -49.809  3.085  44.549 0.0000000000
76468  -50.605  4.026  43.128 0.0000000000
76469  -51.403  4.154  43.616 0.0000000000
53629  -0.254  -22.241  69.522 0.0000000000
52742  0.084  -22.984  68.180 0.0000000000
52732  0.180  -22.785  69.019 0.0000000000
51798  1.034  -23.302  68.812 0.0000000000
51801  0.932  -23.430  68.014 0.0000000000
50957  1.520  -23.737  67.574 0.0000000000
110722  -44.994  -3.270  53.960 0.0000000000
69883  -45.179  -2.908  54.735 0.0000000000
68041  -38.794  -4.596  53.901 0.0000000000
68047  -39.452  -3.995  53.235 0.0000000000
69002  -40.174  -3.672  52.510 0.0000000000
122678  -40.823  -3.565  51.919 0.0000000000
69004  -41.972  -3.588  52.702 0.0000000000
111177  -42.940  -3.633  52.774 0.0000000000
111409  -44.184  -3.472  53.718 0.0000000000
112010  -8.045  -25.600  74.250 0.0000000000
47076  -7.659  -25.503  72.426 0.0000000000
47075  -6.813  -25.570  71.472 0.0000000000
47086  -7.114  -25.503  71.037 0.0000000000
48189  -9.498  -25.590  65.878 0.0000000000
47175  -8.856  -26.162  65.245 0.0000000000
52793  -4.771  -21.855  63.808 0.0000000000
51833  -4.457  -22.225  63.271 0.0000000000
51015  -0.501  -24.328  57.516 0.0000000000
50170  -0.393  -24.522  55.656 0.0000000000
51048  -0.496  -24.160  56.291 0.0000000000
51936  -1.238  -23.614  56.932 0.0000000000
51049  -0.866  -23.946  55.974 0.0000000000
50891  -1.258  -22.487  75.979 0.0000000000
50883  -1.575  -22.249  76.324 0.0000000000
50890  -0.559  -22.223  75.599 0.0000000000
50898  -0.018  -22.427  75.083 0.0000000000
44172  2.495  -30.094  70.377 0.0000000000
118144  2.514  -29.340  70.633 0.0000000000
45129  2.754  -29.884  70.187 0.0000000000
119949  2.996  -29.322  69.857 0.0000000000
45140  3.187  -29.060  68.978 0.0000000000
46081  3.102  -28.386  69.525 0.0000000000
46092  3.103  -28.912  68.112 0.0000000000
45160  3.129  -29.809  66.902 0.0000000000
44221  2.971  -30.180  65.155 0.0000000000
44233  3.300  -31.041  64.687 0.0000000000
52808  -33.670  -20.100  62.700 0.0000000000
52779  -33.448  -19.940  65.231 0.0000000000
52780  -33.862  -19.660  65.239 0.0000000000
128644  -34.284  -19.483  64.921 0.0000000000
125310  -34.738  -19.311  64.620 0.0000000000
54634  -34.487  -19.325  63.751 0.0000000000
54635  -35.175  -18.952  64.234 0.0000000000
55572  -35.486  -18.366  63.902 0.0000000000
55564  -35.858  -18.446  64.674 0.0000000000
53687  -30.180  -19.748  65.073 0.0000000000
53589  -26.086  -19.077  71.393 0.0000000000
53597  -25.630  -19.869  71.031 0.0000000000
131574  -28.907  -17.645  71.115 0.0000000000
130199  -28.386  -18.038  70.460 0.0000000000
54578  -27.027  -18.695  69.046 0.0000000000
54551  -26.760  -18.667  70.222 0.0000000000
54577  -25.857  -19.261  69.231 0.0000000000
53622  -25.419  -19.915  69.919 0.0000000000
53643  -25.485  -19.626  68.625 0.0000000000
54609  -25.179  -19.624  66.333 0.0000000000
74603  -52.964  1.430  47.346 0.0000000000
71775  -47.184  -0.742  46.518 0.0000000000
72709  -46.722  -0.375  45.752 0.0000000000
73683  -49.057  0.286  46.621 0.0000000000
74606  -48.880  1.481  45.690 0.0000000000
73691  -49.372  0.987  46.295 0.0000000000
73692  -50.232  1.247  46.505 0.0000000000
74602  -52.267  1.689  46.867 0.0000000000
68942  -42.049  -3.862  58.795 0.0000000000
68951  -41.932  -3.494  57.747 0.0000000000
67986  -41.751  -5.798  59.250 0.0000000000
67997  -41.458  -5.463  58.503 0.0000000000
64131  -36.781  -8.202  55.898 0.0000000000
67086  -37.857  -6.338  55.022 0.0000000000
68022  -40.530  -4.392  55.948 0.0000000000
68021  -39.939  -4.822  55.582 0.0000000000
68970  -41.220  -3.648  55.434 0.0000000000
48213  -16.225  -24.484  64.812 0.0000000000
121531  -15.661  -24.451  64.137 0.0000000000
55588  -2.262  -16.949  60.913 0.0000000000
118304  -4.716  -17.877  60.571 0.0000000000
54661  -5.124  -18.745  60.780 0.0000000000
51818  -1.156  -22.980  64.506 0.0000000000
50972  0.226  -23.934  61.914 0.0000000000
112347  -0.138  -23.656  62.025 0.0000000000
130164  -0.037  -23.811  61.458 0.0000000000
49206  0.851  -25.060  60.715 0.0000000000
50119  0.077  -24.692  59.969 0.0000000000
127760  0.129  -25.186  59.004 0.0000000000
47272  0.121  -26.501  56.820 0.0000000000
45260  -1.735  -29.665  56.360 0.0000000000
44370  -1.854  -30.633  56.256 0.0000000000
47031  -2.089  -25.333  73.848 0.0000000000
47046  -1.730  -25.985  73.199 0.0000000000
46064  -0.944  -27.537  71.779 0.0000000000
46063  -0.241  -27.802  71.572 0.0000000000
45115  0.053  -28.526  70.984 0.0000000000
44166  -1.034  -28.726  70.539 0.0000000000
43255  0.896  -30.309  70.077 0.0000000000
43242  0.521  -29.749  70.332 0.0000000000
43241  1.030  -29.973  70.411 0.0000000000
44162  1.122  -29.602  70.618 0.0000000000
43240  1.561  -30.093  70.556 0.0000000000
124876  1.818  -30.668  70.296 0.0000000000
41581  2.013  -32.307  68.235 0.0000000000
42404  2.107  -31.468  69.293 0.0000000000
42417  2.032  -31.944  68.753 0.0000000000
121493  2.493  -31.739  68.498 0.0000000000
56504  -34.177  -17.462  61.381 0.0000000000
56505  -34.372  -18.539  61.172 0.0000000000
61395  -36.077  -11.658  59.773 0.0000000000
61394  -35.089  -12.170  59.904 0.0000000000
62292  -38.183  -10.433  58.821 0.0000000000
48148  -19.965  -24.680  70.022 0.0000000000
47111  -19.322  -24.653  70.017 0.0000000000
47124  -19.727  -24.605  69.463 0.0000000000
47138  -18.441  -24.634  69.068 0.0000000000
47139  -19.437  -24.572  68.737 0.0000000000
50942  -23.596  -21.953  70.670 0.0000000000
51791  -23.741  -21.703  71.087 0.0000000000
50937  -23.262  -22.083  71.290 0.0000000000
50956  -23.160  -22.023  68.076 0.0000000000
50953  -23.533  -22.058  68.855 0.0000000000
50955  -22.971  -22.564  68.420 0.0000000000
49160  -21.864  -23.507  67.917 0.0000000000
50074  -22.213  -23.337  68.220 0.0000000000
49158  -21.943  -23.629  68.465 0.0000000000
49154  -21.969  -23.724  69.086 0.0000000000
49157  -21.614  -23.849  68.701 0.0000000000
48154  -21.292  -24.050  69.056 0.0000000000
114033  -21.285  -23.987  68.248 0.0000000000
47163  -20.187  -24.216  66.356 0.0000000000
113844  -19.919  -24.327  66.923 0.0000000000
47162  -19.508  -24.412  66.691 0.0000000000
112273  -18.675  -24.502  67.137 0.0000000000
112964  -18.608  -24.579  66.216 0.0000000000
127876  -17.769  -24.595  66.104 0.0000000000
132729  -18.841  -24.604  65.678 0.0000000000
47209  -18.676  -24.640  63.883 0.0000000000
47196  -18.409  -24.651  64.744 0.0000000000
76474  -51.063  4.467  42.766 0.0000000000
76480  -50.676  4.664  41.930 0.0000000000
77357  -51.499  4.892  42.531 0.0000000000
78294  -50.939  5.611  41.046 0.0000000000
79200  -51.442  5.970  41.564 0.0000000000
53666  -4.075  -20.978  66.995 0.0000000000
53614  -2.259  -20.923  69.471 0.0000000000
53632  -2.971  -20.966  68.681 0.0000000000
52745  -1.997  -21.879  67.383 0.0000000000
52759  -2.416  -21.947  66.525 0.0000000000
52770  -1.688  -22.540  65.990 0.0000000000
51817  0.252  -23.663  64.953 0.0000000000
124429  0.218  -23.806  64.099 0.0000000000
51802  0.494  -23.329  67.666 0.0000000000
51806  0.394  -23.475  66.731 0.0000000000
117862  0.865  -23.696  66.448 0.0000000000
122266  1.352  -24.323  64.870 0.0000000000
50966  1.064  -24.168  64.843 0.0000000000
125912  0.800  -24.213  64.072 0.0000000000
50088  1.276  -24.589  63.698 0.0000000000
119075  1.235  -24.712  62.903 0.0000000000
48225  1.640  -26.024  63.330 0.0000000000
47229  0.860  -27.074  62.160 0.0000000000
47217  0.895  -27.376  62.924 0.0000000000
69031  -47.099  -2.973  51.198 0.0000000000
69906  -47.845  -2.857  51.708 0.0000000000
65020  -40.761  -8.871  60.197 0.0000000000
69014  -41.993  -3.546  50.901 0.0000000000
69025  -41.272  -3.487  50.335 0.0000000000
111174  -42.878  -3.574  50.645 0.0000000000
112554  -43.745  -3.514  49.730 0.0000000000
69042  -44.468  -3.522  50.256 0.0000000000
118381  -46.478  -3.210  51.356 0.0000000000
127897  -45.734  -3.310  50.618 0.0000000000
69030  -46.379  -3.156  50.851 0.0000000000
69926  -47.106  -2.881  50.526 0.0000000000
119796  -4.278  -25.310  73.950 0.0000000000
47049  -4.064  -25.776  73.033 0.0000000000
47063  -6.263  -25.605  72.795 0.0000000000
47050  -5.852  -25.579  73.160 0.0000000000
46075  -4.293  -26.849  70.403 0.0000000000
46071  -3.871  -26.926  70.818 0.0000000000
45127  -3.519  -27.559  70.249 0.0000000000
45131  -3.686  -27.918  69.646 0.0000000000
44183  -4.052  -28.747  68.394 0.0000000000
44191  -3.694  -29.192  67.978 0.0000000000
44200  -3.763  -29.367  67.371 0.0000000000
48183  -15.715  -24.441  66.688 0.0000000000
48182  -14.936  -24.438  66.665 0.0000000000
48170  -14.524  -24.454  67.502 0.0000000000
48161  -13.225  -24.616  68.555 0.0000000000
111196  -11.960  -24.556  66.273 0.0000000000
48159  -11.613  -24.748  68.529 0.0000000000
48168  -12.042  -24.664  67.663 0.0000000000
47132  -12.452  -24.731  69.084 0.0000000000
47116  -10.057  -25.242  70.042 0.0000000000
47103  -10.801  -25.324  70.700 0.0000000000
47088  -9.609  -25.474  71.504 0.0000000000
47114  -7.900  -25.527  69.085 0.0000000000
47113  -6.877  -25.704  69.298 0.0000000000
47173  -7.275  -27.278  65.860 0.0000000000
47158  -7.199  -26.802  66.640 0.0000000000
46093  -6.080  -27.484  67.038 0.0000000000
46086  -5.636  -27.637  67.599 0.0000000000
129625  -5.648  -27.311  68.181 0.0000000000
45141  -5.302  -27.905  68.068 0.0000000000
45152  -5.172  -28.199  67.327 0.0000000000
55549  -2.518  -16.882  64.527 0.0000000000
55557  -2.196  -17.019  63.837 0.0000000000
131744  -5.409  -19.288  64.688 0.0000000000
119247  -5.356  -19.299  63.980 0.0000000000
132577  -4.433  -18.030  63.006 0.0000000000
111566  -3.716  -17.690  63.165 0.0000000000
54638  -5.085  -19.100  62.184 0.0000000000
53714  -5.662  -20.696  61.435 0.0000000000
51860  -3.187  -22.863  61.837 0.0000000000
51861  -3.894  -22.903  61.226 0.0000000000
51892  -1.468  -23.728  59.712 0.0000000000
112720  -1.695  -23.794  58.875 0.0000000000
51893  -3.379  -23.253  59.212 0.0000000000
111102  -2.271  -23.577  59.244 0.0000000000
51878  -5.292  -22.338  60.847 0.0000000000
52856  -6.120  -21.264  57.911 0.0000000000
52674  1.129  -21.927  72.547 0.0000000000
132508  -1.067  -25.238  73.870 0.0000000000
48098  -0.842  -24.950  74.141 0.0000000000
48114  -0.045  -25.020  73.972 0.0000000000
126072  1.270  -25.256  73.156 0.0000000000
48113  0.779  -24.970  73.622 0.0000000000
49122  1.279  -24.601  73.525 0.0000000000
49121  1.173  -24.131  73.998 0.0000000000
49128  1.492  -24.350  73.396 0.0000000000
113415  2.449  -27.925  71.131 0.0000000000
47060  2.138  -26.864  71.775 0.0000000000
47074  2.440  -27.121  71.359 0.0000000000
49138  2.186  -25.139  71.922 0.0000000000
117569  2.259  -25.692  71.825 0.0000000000
50051  1.903  -24.609  72.320 0.0000000000
50046  1.707  -24.492  72.917 0.0000000000
50052  1.626  -23.829  72.899 0.0000000000
118911  1.450  -22.976  72.839 0.0000000000
50933  1.849  -24.122  72.099 0.0000000000
50943  2.414  -24.102  70.729 0.0000000000
51790  1.421  -22.782  71.475 0.0000000000
50944  2.061  -23.605  70.314 0.0000000000
51796  1.643  -23.352  69.844 0.0000000000
50948  2.097  -23.656  69.608 0.0000000000
111808  2.579  -25.045  67.952 0.0000000000
50076  2.148  -24.389  67.273 0.0000000000
46085  2.747  -28.064  67.622 0.0000000000
131096  2.509  -27.662  67.040 0.0000000000
47172  2.084  -27.125  65.671 0.0000000000
47190  1.802  -26.904  64.922 0.0000000000
45185  0.851  -28.882  63.358 0.0000000000
46138  0.434  -28.597  62.747 0.0000000000
40809  3.123  -34.891  64.095 0.0000000000
118598  3.013  -33.979  65.095 0.0000000000
41638  3.361  -33.419  64.788 0.0000000000
42459  3.429  -32.699  65.136 0.0000000000
133241  3.535  -33.432  64.301 0.0000000000
41663  3.403  -33.359  62.751 0.0000000000
42496  3.311  -32.612  62.986 0.0000000000
43428  1.732  -31.117  62.303 0.0000000000
43462  0.153  -31.681  60.775 0.0000000000
44307  -0.252  -30.828  60.988 0.0000000000
43463  -0.653  -31.390  60.458 0.0000000000
43464  -1.249  -31.133  60.053 0.0000000000
54569  -33.695  -17.509  68.154 0.0000000000
55521  -33.518  -17.026  68.423 0.0000000000
54558  -33.073  -17.309  68.768 0.0000000000
133217  -32.607  -17.172  69.306 0.0000000000
52753  -32.410  -19.646  66.867 0.0000000000
52740  -33.124  -19.246  67.324 0.0000000000
119435  -33.050  -18.734  67.977 0.0000000000
53624  -31.255  -18.738  68.525 0.0000000000
53644  -31.082  -19.174  67.725 0.0000000000
123341  -31.651  -19.184  67.820 0.0000000000
54542  -31.148  -17.663  70.215 0.0000000000
129162  -31.463  -18.372  69.150 0.0000000000
54543  -31.680  -17.303  70.122 0.0000000000
118643  -50.071  -2.254  50.051 0.0000000000
69937  -46.034  -2.922  49.123 0.0000000000
69938  -46.896  -2.539  48.895 0.0000000000
70840  -47.820  -2.166  48.779 0.0000000000
66029  -40.849  -8.023  59.339 0.0000000000
65021  -41.145  -8.209  60.100 0.0000000000
62323  -37.320  -10.009  57.781 0.0000000000
63204  -37.336  -9.448  57.304 0.0000000000
64102  -37.386  -8.930  56.889 0.0000000000
63205  -38.036  -9.209  57.411 0.0000000000
45229  -1.323  -28.916  60.008 0.0000000000
119237  -1.693  -29.747  59.869 0.0000000000
43297  -3.083  -29.448  68.115 0.0000000000
43296  -2.310  -29.686  68.283 0.0000000000
57505  -35.530  -16.013  63.645 0.0000000000
58486  -35.526  -15.029  63.668 0.0000000000
59548  -35.640  -14.062  63.340 0.0000000000
60453  -36.583  -13.619  63.696 0.0000000000
53578  -23.489  -20.708  72.180 0.0000000000
51813  -23.150  -21.189  66.002 0.0000000000
124946  -51.030  2.390  45.976 0.0000000000
130888  -51.433  3.427  45.019 0.0000000000
76464  -53.409  4.032  45.264 0.0000000000
51797  1.416  -23.375  69.114 0.0000000000
68984  -43.538  -3.286  54.348 0.0000000000
69855  -44.559  -2.609  55.827 0.0000000000
68996  -41.225  -3.622  53.451 0.0000000000
68997  -42.256  -3.534  53.522 0.0000000000
47053  -8.333  -25.571  73.759 0.0000000000
47077  -8.427  -25.497  72.413 0.0000000000
54683  -4.969  -17.800  59.611 0.0000000000
53667  -4.746  -20.654  66.352 0.0000000000
53681  -5.015  -20.937  65.410 0.0000000000
118488  0.168  -24.902  56.447 0.0000000000
50179  -0.016  -24.917  55.724 0.0000000000
130335  -0.230  -25.043  55.209 0.0000000000
50180  -0.595  -24.928  54.958 0.0000000000
50019  -1.854  -22.808  76.161 0.0000000000
50035  -1.032  -23.261  75.279 0.0000000000
123022  2.828  -31.207  68.768 0.0000000000
44180  2.860  -30.470  69.649 0.0000000000
44190  3.060  -30.675  68.960 0.0000000000
44199  3.169  -30.273  68.378 0.0000000000
45149  3.161  -29.657  67.758 0.0000000000
117074  3.181  -30.492  67.515 0.0000000000
43378  3.441  -31.812  65.418 0.0000000000
54601  -34.840  -18.884  66.608 0.0000000000
53689  -34.416  -19.390  65.491 0.0000000000
53680  -35.071  -19.029  66.193 0.0000000000
54614  -35.685  -18.878  65.922 0.0000000000
55555  -36.106  -18.479  65.505 0.0000000000
130120  -36.308  -17.957  65.087 0.0000000000
56479  -36.417  -17.780  65.800 0.0000000000
111254  -28.422  -18.387  69.469 0.0000000000
54579  -28.142  -18.505  68.902 0.0000000000
124063  -25.835  -19.261  67.755 0.0000000000
71770  -48.562  -0.846  47.438 0.0000000000
72705  -48.776  -0.325  46.967 0.0000000000
73684  -49.885  0.536  46.866 0.0000000000
68941  -41.572  -4.552  58.214 0.0000000000
122496  -40.159  -5.313  56.226 0.0000000000
48232  -16.555  -24.518  63.866 0.0000000000
54658  -2.504  -17.133  61.583 0.0000000000
122714  0.132  -23.859  62.671 0.0000000000
48317  0.491  -26.397  59.865 0.0000000000
48316  0.414  -25.696  59.448 0.0000000000
48327  0.288  -25.737  58.632 0.0000000000
49237  0.304  -25.447  57.970 0.0000000000
46206  -0.618  -28.034  56.114 0.0000000000
123575  -0.690  -28.763  55.655 0.0000000000
46056  -2.123  -26.465  72.642 0.0000000000
46065  -1.682  -27.234  71.940 0.0000000000
43273  0.141  -30.331  69.444 0.0000000000
42397  0.767  -30.666  69.534 0.0000000000
42396  1.280  -30.809  69.733 0.0000000000
42395  1.659  -30.966  69.865 0.0000000000
42406  1.604  -31.552  68.951 0.0000000000
117223  1.830  -32.303  68.202 0.0000000000
62271  -38.980  -10.524  60.317 0.0000000000
58509  -33.675  -16.360  61.142 0.0000000000
121725  -36.449  -11.713  60.453 0.0000000000
115395  -36.484  -11.258  58.944 0.0000000000
49145  -20.790  -24.469  70.970 0.0000000000
48149  -20.622  -24.534  70.030 0.0000000000
48152  -20.378  -24.504  69.398 0.0000000000
52692  -25.021  -20.488  71.230 0.0000000000
52691  -24.491  -20.820  71.410 0.0000000000
51792  -24.255  -21.359  70.723 0.0000000000
50946  -23.682  -21.992  70.025 0.0000000000
50080  -21.908  -22.870  66.680 0.0000000000
49163  -21.554  -23.331  66.927 0.0000000000
49162  -21.424  -23.576  67.279 0.0000000000
48174  -21.256  -23.973  67.601 0.0000000000
48186  -20.976  -23.889  66.980 0.0000000000
48196  -20.566  -23.995  66.104 0.0000000000
47180  -20.247  -24.216  65.529 0.0000000000
114097  -19.047  -24.600  65.204 0.0000000000
47197  -19.836  -24.444  64.985 0.0000000000
47198  -19.990  -24.331  64.241 0.0000000000
75513  -48.583  3.355  42.557 0.0000000000
50958  1.255  -23.815  66.776 0.0000000000
50965  1.358  -24.200  65.349 0.0000000000
48224  1.829  -25.820  63.959 0.0000000000
48205  1.606  -26.645  64.054 0.0000000000
69901  -47.609  -2.906  52.373 0.0000000000
126285  -47.365  -2.902  52.896 0.0000000000
69005  -43.395  -3.693  52.002 0.0000000000
111173  -44.405  -3.609  50.912 0.0000000000
69028  -45.119  -3.483  50.715 0.0000000000
69017  -46.225  -3.350  51.815 0.0000000000
110786  -5.133  -25.474  73.546 0.0000000000
127840  -6.176  -25.693  71.435 0.0000000000
46077  -5.230  -26.096  70.728 0.0000000000
45132  -4.294  -27.577  69.498 0.0000000000
124927  -4.573  -27.827  69.063 0.0000000000
45134  -4.560  -28.325  68.523 0.0000000000
48193  -14.486  -24.461  65.889 0.0000000000
48181  -13.190  -24.507  67.061 0.0000000000
48190  -10.358  -25.006  65.714 0.0000000000
48179  -11.096  -24.691  66.432 0.0000000000
130911  -11.092  -24.823  69.028 0.0000000000
47130  -10.651  -24.990  69.414 0.0000000000
47101  -9.237  -25.360  70.368 0.0000000000
47115  -8.974  -25.322  69.600 0.0000000000
128867  -6.608  -27.940  65.860 0.0000000000
45162  -5.303  -28.474  66.484 0.0000000000
122475  -5.447  -20.354  63.697 0.0000000000
53698  -5.450  -19.831  62.722 0.0000000000
52823  -5.674  -21.632  61.133 0.0000000000
51841  -1.628  -22.977  62.254 0.0000000000
52843  -4.297  -23.098  57.653 0.0000000000
47043  0.561  -26.443  72.587 0.0000000000
48124  0.281  -25.688  73.280 0.0000000000
47042  1.324  -26.176  72.701 0.0000000000
47098  2.844  -27.705  70.675 0.0000000000
118829  2.762  -26.992  71.045 0.0000000000
49143  2.584  -25.427  71.427 0.0000000000
50062  2.629  -24.681  71.091 0.0000000000
125378  2.794  -24.527  70.507 0.0000000000
50068  2.843  -24.587  69.363 0.0000000000
46110  2.341  -28.576  65.786 0.0000000000
46121  2.041  -28.862  65.043 0.0000000000
46122  1.525  -28.368  64.532 0.0000000000
45184  1.312  -29.365  63.657 0.0000000000
112995  1.266  -30.425  62.673 0.0000000000
39936  3.197  -35.565  63.500 0.0000000000
117838  3.365  -34.705  63.643 0.0000000000
115896  3.527  -34.073  63.293 0.0000000000
124580  3.406  -34.091  62.392 0.0000000000
42532  1.301  -32.923  60.797 0.0000000000
51814  -32.723  -20.375  64.513 0.0000000000
52778  -32.922  -20.266  65.150 0.0000000000
129679  -33.357  -19.908  65.591 0.0000000000
52766  -33.784  -19.553  66.037 0.0000000000
53663  -33.752  -19.262  66.902 0.0000000000
53664  -34.139  -19.218  66.580 0.0000000000
53678  -34.340  -19.211  66.331 0.0000000000
54582  -35.197  -17.872  67.112 0.0000000000
54599  -28.765  -18.717  66.439 0.0000000000
54600  -29.680  -19.106  66.338 0.0000000000
53676  -30.911  -19.842  66.182 0.0000000000
129805  -32.002  -20.446  64.893 0.0000000000
54540  -29.310  -17.769  70.586 0.0000000000
54554  -30.277  -18.029  69.916 0.0000000000
120531  -29.269  -18.456  68.916 0.0000000000
71766  -50.969  -0.884  48.493 0.0000000000
71762  -51.945  -1.040  49.047 0.0000000000
69936  -45.353  -2.990  48.511 0.0000000000
130764  -45.109  -2.876  47.946 0.0000000000
69946  -44.889  -2.710  47.436 0.0000000000
69953  -44.549  -2.385  46.692 0.0000000000
71763  -47.849  -1.715  48.115 0.0000000000
71764  -48.483  -1.349  47.963 0.0000000000
71765  -49.201  -1.112  48.043 0.0000000000
130028  -41.379  -6.165  58.680 0.0000000000
67037  -41.495  -6.677  59.255 0.0000000000
62343  -35.404  -9.522  55.771 0.0000000000
63227  -35.519  -9.115  55.543 0.0000000000
65068  -38.083  -7.872  56.394 0.0000000000
66068  -38.857  -7.467  56.509 0.0000000000
66069  -39.678  -7.020  56.902 0.0000000000
55567  -1.879  -17.100  63.165 0.0000000000
49189  1.123  -25.101  61.363 0.0000000000
48299  0.852  -26.481  60.723 0.0000000000
46192  -1.605  -28.414  57.559 0.0000000000
45253  -2.769  -29.804  57.656 0.0000000000
45242  -2.790  -29.835  58.338 0.0000000000
44356  -2.871  -30.550  57.374 0.0000000000
113702  -2.623  -31.958  56.928 0.0000000000
45125  -1.958  -28.321  70.533 0.0000000000
132014  -1.452  -28.539  70.546 0.0000000000
44173  -0.908  -29.348  69.757 0.0000000000
43295  -1.527  -29.956  68.485 0.0000000000
43294  -0.806  -30.273  68.677 0.0000000000
43274  -0.486  -29.980  69.284 0.0000000000
42409  -0.090  -30.705  68.802 0.0000000000
61368  -38.150  -11.743  61.857 0.0000000000
61369  -38.927  -11.645  62.159 0.0000000000
61357  -38.519  -12.150  62.714 0.0000000000
55578  -34.923  -18.568  62.595 0.0000000000
55583  -34.579  -19.051  61.759 0.0000000000
58502  -34.099  -15.583  61.813 0.0000000000
58501  -33.600  -15.294  61.285 0.0000000000
60479  -34.257  -13.582  61.476 0.0000000000
60466  -35.274  -13.506  62.578 0.0000000000
60481  -35.677  -12.733  62.130 0.0000000000
50932  -22.380  -22.369  71.983 0.0000000000
50061  -22.204  -23.095  71.336 0.0000000000
125375  -24.466  -20.932  69.066 0.0000000000
50959  -22.610  -22.227  67.281 0.0000000000
51812  -22.552  -21.816  65.676 0.0000000000
113234  -22.290  -22.329  66.503 0.0000000000
50083  -21.964  -22.691  66.435 0.0000000000
50082  -21.677  -22.832  65.887 0.0000000000
49169  -21.318  -23.162  65.503 0.0000000000
49168  -20.976  -23.499  65.124 0.0000000000
75509  -49.105  3.245  43.492 0.0000000000
75514  -49.377  3.679  42.601 0.0000000000
76472  -49.613  4.074  41.850 0.0000000000
76470  -52.244  4.316  44.035 0.0000000000
128082  1.964  -24.415  66.354 0.0000000000
69000  -45.612  -3.256  53.440 0.0000000000
68986  -45.830  -2.976  54.277 0.0000000000
69870  -45.346  -2.684  55.479 0.0000000000
126820  -42.583  -3.641  52.133 0.0000000000
47035  -7.425  -25.527  74.347 0.0000000000
47064  -6.897  -25.552  73.003 0.0000000000
47065  -7.651  -25.529  73.288 0.0000000000
48229  -12.647  -24.550  63.753 0.0000000000
48228  -11.676  -24.704  63.756 0.0000000000
48208  -11.443  -24.633  64.678 0.0000000000
48207  -10.493  -25.009  64.813 0.0000000000
48176  -8.462  -25.925  66.778 0.0000000000
48188  -8.680  -26.074  66.082 0.0000000000
47174  -8.081  -26.697  65.527 0.0000000000
51843  -4.743  -22.297  62.443 0.0000000000
50995  -0.957  -23.999  59.504 0.0000000000
128008  -0.915  -23.993  59.740 0.0000000000
51003  -0.941  -24.179  58.526 0.0000000000
51908  -1.107  -23.965  57.940 0.0000000000
122613  -0.453  -24.184  56.822 0.0000000000
51016  -0.735  -24.011  57.219 0.0000000000
51924  -0.987  -23.849  57.297 0.0000000000
132878  -1.603  -23.505  56.726 0.0000000000
128848  -1.842  -23.502  56.382 0.0000000000
127117  -1.617  -21.533  76.512 0.0000000000
52648  -1.147  -21.186  76.331 0.0000000000
51720  -0.482  -21.582  75.725 0.0000000000
51726  -0.068  -21.956  75.244 0.0000000000
119264  0.651  -22.549  74.610 0.0000000000
114886  1.756  -29.142  71.085 0.0000000000
46069  2.046  -28.514  71.390 0.0000000000
46068  2.366  -28.565  71.069 0.0000000000
46074  2.615  -28.433  70.764 0.0000000000
132314  2.959  -29.957  69.812 0.0000000000
47112  3.104  -27.663  70.035 0.0000000000
47125  3.110  -27.545  69.182 0.0000000000
45161  2.788  -29.155  66.340 0.0000000000
44234  2.664  -30.330  64.357 0.0000000000
53709  -34.086  -19.908  62.321 0.0000000000
54643  -34.357  -19.436  62.839 0.0000000000
52799  -33.256  -20.100  63.954 0.0000000000
133712  -34.037  -19.593  64.978 0.0000000000
52792  -33.812  -19.691  64.620 0.0000000000
52800  -33.671  -19.825  63.699 0.0000000000
55579  -35.241  -18.303  63.246 0.0000000000
56495  -35.505  -17.773  63.600 0.0000000000
57506  -35.970  -16.452  64.276 0.0000000000
58479  -36.399  -15.910  64.897 0.0000000000
53580  -25.110  -19.706  71.708 0.0000000000
52707  -25.162  -20.472  70.536 0.0000000000
52719  -25.106  -20.693  69.979 0.0000000000
54528  -27.177  -18.239  71.353 0.0000000000
54552  -27.933  -18.333  70.069 0.0000000000
53609  -26.047  -19.255  70.633 0.0000000000
130205  -24.898  -20.619  69.367 0.0000000000
53642  -24.847  -20.401  68.721 0.0000000000
53660  -24.588  -20.363  67.774 0.0000000000
53674  -24.503  -20.302  66.813 0.0000000000
54596  -25.152  -19.770  67.257 0.0000000000
72710  -47.511  -0.172  46.070 0.0000000000
72716  -47.038  0.207  45.351 0.0000000000
74614  -48.395  1.962  44.971 0.0000000000
74608  -50.453  1.893  46.162 0.0000000000
132270  -42.831  -2.858  55.617 0.0000000000
69841  -42.862  -2.652  57.075 0.0000000000
67088  -39.349  -5.295  55.351 0.0000000000
68033  -39.736  -4.478  54.842 0.0000000000
122680  -17.123  -24.544  66.366 0.0000000000
48184  -16.053  -24.482  66.145 0.0000000000
48212  -15.524  -24.449  64.985 0.0000000000
48211  -14.765  -24.440  65.113 0.0000000000
112130  -14.145  -24.476  64.393 0.0000000000
125845  -1.105  -23.075  62.860 0.0000000000
51858  -0.603  -23.586  61.299 0.0000000000
50987  0.400  -24.379  60.926 0.0000000000
50988  0.084  -24.265  60.586 0.0000000000
50120  -0.257  -24.416  59.919 0.0000000000
126121  -0.697  -24.371  59.094 0.0000000000
50131  -0.343  -24.688  58.255 0.0000000000
50143  -0.100  -24.719  57.584 0.0000000000
49253  0.256  -25.038  57.248 0.0000000000
49268  0.323  -25.337  56.588 0.0000000000
47045  -0.928  -26.189  73.036 0.0000000000
47044  -0.158  -26.331  72.829 0.0000000000
46053  0.164  -27.154  72.095 0.0000000000
114500  1.012  -28.299  71.433 0.0000000000
45121  -0.835  -28.555  70.782 0.0000000000
45120  -0.192  -28.716  70.797 0.0000000000
44168  -0.052  -29.483  70.279 0.0000000000
44164  0.151  -29.266  70.526 0.0000000000
44160  0.335  -29.071  70.672 0.0000000000
45114  0.623  -28.767  70.940 0.0000000000
45113  1.191  -29.053  70.935 0.0000000000
126706  1.931  -29.746  70.826 0.0000000000
43253  2.126  -30.331  70.546 0.0000000000
43271  2.349  -30.676  70.118 0.0000000000
43272  1.877  -30.958  70.044 0.0000000000
132573  2.296  -31.114  69.666 0.0000000000
43293  2.580  -30.881  69.631 0.0000000000
42428  2.566  -32.089  67.860 0.0000000000
42439  2.678  -32.487  67.198 0.0000000000
64082  -39.244  -9.725  58.860 0.0000000000
64073  -39.596  -9.752  59.629 0.0000000000
63168  -39.976  -9.726  60.293 0.0000000000
63155  -39.568  -10.466  61.023 0.0000000000
61410  -35.891  -11.244  58.240 0.0000000000
61411  -36.679  -10.833  58.243 0.0000000000
127825  -37.277  -10.853  58.820 0.0000000000
62307  -37.324  -10.498  58.285 0.0000000000
62308  -37.752  -10.371  58.378 0.0000000000
48144  -19.931  -24.757  70.761 0.0000000000
48147  -19.358  -24.638  70.600 0.0000000000
47110  -18.531  -24.642  70.323 0.0000000000
47122  -18.228  -24.641  69.804 0.0000000000
47137  -17.731  -24.553  68.458 0.0000000000
112405  -17.806  -24.502  67.534 0.0000000000
114397  -23.609  -21.046  72.116 0.0000000000
52690  -24.074  -21.101  71.705 0.0000000000
51772  -23.514  -21.356  71.929 0.0000000000
51787  -23.134  -21.847  71.770 0.0000000000
50940  -22.743  -22.659  71.181 0.0000000000
50064  -22.449  -23.131  70.756 0.0000000000
116686  -24.128  -21.451  69.293 0.0000000000
50950  -23.721  -22.015  69.465 0.0000000000
50949  -23.308  -22.559  69.614 0.0000000000
50078  -22.443  -22.946  67.949 0.0000000000
50075  -22.720  -23.023  68.641 0.0000000000
132582  -22.934  -22.956  69.753 0.0000000000
50066  -22.440  -23.425  69.562 0.0000000000
114695  -22.147  -23.586  70.187 0.0000000000
49150  -21.397  -24.101  69.687 0.0000000000
48153  -20.890  -24.285  69.229 0.0000000000
48163  -20.639  -24.324  68.673 0.0000000000
48172  -20.773  -24.188  67.851 0.0000000000
47151  -20.112  -24.368  67.581 0.0000000000
113635  -20.238  -24.401  68.233 0.0000000000
47177  -17.285  -24.566  65.747 0.0000000000
47195  -17.502  -24.609  65.079 0.0000000000
112456  -50.034  4.393  41.613 0.0000000000
76486  -50.060  4.555  40.991 0.0000000000
53651  -3.501  -20.950  67.897 0.0000000000
117312  -3.003  -21.876  66.102 0.0000000000
114041  -0.243  -23.467  64.284 0.0000000000
46146  -0.128  -28.446  61.854 0.0000000000
69907  -48.912  -2.692  51.607 0.0000000000
69854  -43.742  -2.519  56.287 0.0000000000
69040  -41.403  -3.498  49.531 0.0000000000
69041  -42.239  -3.494  49.417 0.0000000000
69052  -42.436  -3.499  48.873 0.0000000000
69053  -43.311  -3.462  49.059 0.0000000000
69054  -44.183  -3.450  49.255 0.0000000000
69043  -45.243  -3.338  50.108 0.0000000000
46057  -3.031  -26.274  72.638 0.0000000000
111431  -2.837  -26.999  71.685 0.0000000000
46070  -3.385  -26.998  71.240 0.0000000000
45126  -2.742  -28.020  70.453 0.0000000000
45130  -2.984  -28.205  69.889 0.0000000000
44176  -3.275  -28.521  69.256 0.0000000000
43318  -3.275  -29.704  67.534 0.0000000000
47160  -15.994  -24.424  67.405 0.0000000000
47146  -15.654  -24.464  68.146 0.0000000000
47145  -14.958  -24.476  68.231 0.0000000000
47118  -13.491  -24.820  69.994 0.0000000000
48191  -12.199  -24.499  65.445 0.0000000000
126874  -11.729  -24.615  66.963 0.0000000000
117420  -12.853  -24.598  67.713 0.0000000000
131400  -13.115  -24.712  69.401 0.0000000000
47104  -13.171  -25.017  70.727 0.0000000000
129068  -12.363  -25.184  70.901 0.0000000000
126531  -11.533  -25.356  71.187 0.0000000000
47090  -11.483  -25.451  71.925 0.0000000000
47087  -8.815  -25.469  71.785 0.0000000000
115693  -7.985  -25.421  71.051 0.0000000000
47143  -7.710  -26.045  67.318 0.0000000000
117177  -6.940  -26.163  67.777 0.0000000000
46102  -6.628  -27.460  66.506 0.0000000000
45135  -5.030  -28.007  68.437 0.0000000000
44202  -4.701  -28.719  66.859 0.0000000000
44201  -4.209  -29.025  67.174 0.0000000000
55576  -2.699  -17.382  63.020 0.0000000000
128568  -4.244  -17.759  64.599 0.0000000000
54615  -3.974  -17.733  63.827 0.0000000000
54649  -5.035  -18.922  61.562 0.0000000000
51820  -3.325  -22.405  64.143 0.0000000000
51832  -3.760  -22.499  63.381 0.0000000000
51842  -2.519  -22.849  62.442 0.0000000000
129323  -4.136  -22.513  62.780 0.0000000000
51862  -4.708  -22.579  61.491 0.0000000000
52834  -5.776  -21.829  60.378 0.0000000000
53733  -6.212  -20.621  58.773 0.0000000000
53753  -5.950  -21.743  57.390 0.0000000000
52694  0.982  -21.641  71.860 0.0000000000
49116  -1.886  -24.061  75.191 0.0000000000
49115  -1.152  -23.873  74.958 0.0000000000
50034  -0.279  -23.623  74.771 0.0000000000
49123  0.341  -24.244  74.271 0.0000000000
132535  0.334  -23.662  74.523 0.0000000000
50033  0.301  -23.074  74.735 0.0000000000
50908  0.767  -23.235  74.507 0.0000000000
50907  1.049  -23.037  74.313 0.0000000000
46060  1.867  -27.571  71.779 0.0000000000
47061  1.834  -26.473  72.169 0.0000000000
128314  1.765  -25.680  72.534 0.0000000000
48136  2.285  -26.349  71.701 0.0000000000
48122  1.768  -25.110  72.748 0.0000000000
50047  1.445  -23.752  73.514 0.0000000000
50918  1.231  -23.061  73.977 0.0000000000
51754  1.250  -22.535  73.428 0.0000000000
119374  1.309  -22.600  72.698 0.0000000000
125148  1.786  -23.689  71.801 0.0000000000
51773  1.562  -23.220  72.062 0.0000000000
128720  1.261  -22.456  72.107 0.0000000000
113110  1.293  -22.592  71.160 0.0000000000
52708  1.272  -22.840  70.475 0.0000000000
50069  2.368  -23.951  68.984 0.0000000000
50954  1.883  -23.718  68.266 0.0000000000
133903  1.888  -23.908  67.619 0.0000000000
50079  2.122  -24.970  65.915 0.0000000000
48156  2.768  -26.637  68.101 0.0000000000
47157  2.315  -27.267  66.492 0.0000000000
48175  2.354  -26.324  66.715 0.0000000000
49161  2.196  -25.769  65.994 0.0000000000
47204  1.178  -27.432  63.714 0.0000000000
120025  1.172  -28.034  64.030 0.0000000000
132955  0.554  -27.961  62.891 0.0000000000
45202  -0.384  -29.407  61.503 0.0000000000
127380  2.472  -32.792  66.877 0.0000000000
118904  2.746  -32.955  66.423 0.0000000000
39917  2.811  -35.341  64.206 0.0000000000
40801  2.452  -34.289  65.161 0.0000000000
42450  3.186  -32.516  66.001 0.0000000000
114544  3.494  -32.053  64.550 0.0000000000
43395  3.222  -31.519  63.885 0.0000000000
43411  2.749  -31.109  63.329 0.0000000000
41673  3.093  -33.402  61.963 0.0000000000
42497  2.810  -32.185  62.441 0.0000000000
43427  2.443  -31.464  62.674 0.0000000000
44263  2.080  -30.738  62.937 0.0000000000
44280  0.941  -30.759  61.996 0.0000000000
43461  0.991  -31.978  61.012 0.0000000000
44264  0.603  -30.097  62.348 0.0000000000
44281  0.057  -30.276  61.728 0.0000000000
44308  -1.051  -30.453  60.489 0.0000000000
42557  -2.488  -32.777  58.394 0.0000000000
41699  -2.549  -33.442  58.061 0.0000000000
42418  1.919  -31.871  68.749 0.0000000000
42419  0.491  -31.260  68.639 0.0000000000
43503  -2.996  -31.378  57.603 0.0000000000
44159  0.782  -29.256  70.680 0.0000000000
44167  2.299  -29.791  70.696 0.0000000000
46061  1.394  -27.742  71.768 0.0000000000
48099  -1.352  -24.457  74.642 0.0000000000
48145  -20.494  -24.607  70.729 0.0000000000
48150  -21.085  -24.270  69.690 0.0000000000
48173  -20.926  -23.953  67.107 0.0000000000
49153  -21.616  -23.915  69.243 0.0000000000
50027  -1.525  -23.030  75.774 0.0000000000
50042  0.747  -23.708  74.346 0.0000000000
50065  2.964  -24.709  70.038 0.0000000000
50067  -22.726  -23.066  70.187 0.0000000000
50071  -22.881  -23.041  69.258 0.0000000000
50936  -22.658  -22.433  71.644 0.0000000000
50960  -23.000  -21.708  67.412 0.0000000000
51712  -0.807  -21.326  76.070 0.0000000000
51713  -1.320  -21.684  76.358 0.0000000000
51742  1.131  -22.570  73.975 0.0000000000
52673  -24.721  -20.381  71.473 0.0000000000
52730  -25.048  -20.557  69.745 0.0000000000
52786  -4.968  -21.525  64.112 0.0000000000
53623  -26.312  -18.930  69.778 0.0000000000
53679  -34.416  -19.298  65.971 0.0000000000
54589  -34.982  -18.435  66.982 0.0000000000
111200  -9.096  -25.519  72.429 0.0000000000
112633  -32.433  -20.292  65.561 0.0000000000
123596  -20.725  -23.833  65.544 0.0000000000
123657  -22.647  -22.543  67.792 0.0000000000
124779  -25.507  -19.935  70.726 0.0000000000
124894  1.536  -31.203  69.453 0.0000000000
125565  -21.669  -23.473  67.494 0.0000000000
126477  -21.057  -24.055  67.845 0.0000000000
128046  -45.371  -3.191  49.158 0.0000000000
129320  -0.969  -22.753  75.584 0.0000000000
129561  -24.371  -20.634  71.697 0.0000000000
130368  1.107  -23.419  74.209 0.0000000000
130745  -34.783  -18.395  67.067 0.0000000000
130887  -23.330  -21.104  72.187 0.0000000000
132000  -23.975  -21.638  70.355 0.0000000000
