#!ascii label  , from subject sub-v2s0x29042_ses-1 vox2ras=TkReg
1424
6830  -24.332  -90.314  -26.561 0.5000000000
6867  -25.369  -90.537  -28.092 0.6000000238
8825  -27.544  -87.309  -20.846 0.3000000119
6227  -25.230  -91.493  -28.512 0.5000000000
8808  -24.354  -87.207  -19.933 0.4000000060
139302  -25.527  -86.485  -19.798 0.4000000060
9516  -27.091  -85.869  -19.912 0.4000000060
8811  -26.947  -86.778  -20.162 0.3000000119
9514  -24.765  -86.450  -19.867 0.4000000060
8212  -24.280  -88.322  -28.171 0.5000000000
7535  -24.994  -88.973  -28.025 0.5000000000
6849  -24.996  -90.017  -27.298 0.5000000000
8219  -25.007  -88.338  -29.893 0.6000000238
8214  -25.506  -88.808  -29.510 0.5000000000
6850  -25.355  -89.678  -28.059 0.6000000238
8827  -29.084  -86.706  -21.381 0.3000000119
130914  -26.318  -89.855  -29.972 0.5000000000
8823  -23.006  -86.830  -20.631 0.5000000000
8806  -22.982  -87.724  -20.627 0.5000000000
9529  -28.685  -86.054  -20.679 0.3000000119
7546  -25.960  -89.293  -29.712 0.6000000238
130355  -25.788  -90.794  -28.930 0.5000000000
9512  -23.491  -86.306  -20.420 0.5000000000
9513  -24.047  -86.534  -19.996 0.4000000060
9515  -26.225  -86.163  -19.789 0.4000000060
9517  -27.861  -85.568  -20.201 0.3000000119
9528  -27.782  -86.454  -20.436 0.3000000119
10224  -23.533  -85.604  -20.865 0.4000000060
10207  -24.220  -85.850  -20.186 0.4000000060
10209  -26.300  -85.250  -20.074 0.4000000060
10225  -24.484  -85.073  -20.871 0.4000000060
9607  -21.471  -86.369  -27.338 0.6999999881
8885  -22.503  -87.224  -27.674 0.6999999881
7500  -24.093  -89.597  -26.002 0.5000000000
9619  -21.203  -86.536  -28.815 0.6999999881
9620  -21.920  -86.927  -29.299 0.6999999881
8902  -23.492  -87.586  -29.557 0.8000000119
8892  -23.456  -87.719  -28.460 0.5000000000
8911  -24.295  -87.863  -30.356 0.6999999881
7489  -23.375  -89.388  -24.435 0.5000000000
8901  -22.729  -87.237  -29.950 0.6999999881
8179  -23.148  -88.586  -23.975 0.4000000060
8836  -22.475  -87.626  -21.997 0.5000000000
9531  -30.211  -86.132  -21.867 0.3000000119
8925  -24.184  -87.804  -31.662 0.6000000238
8850  -22.542  -87.751  -22.945 0.5000000000
9527  -22.868  -86.178  -20.972 0.5000000000
9530  -29.539  -86.066  -21.266 0.3000000119
8227  -25.079  -88.176  -31.052 0.5000000000
9526  -22.511  -86.246  -21.573 0.5000000000
10239  -23.306  -84.829  -22.190 0.4000000060
118169  -23.651  -85.112  -21.478 0.4000000060
10226  -25.599  -84.790  -20.709 0.4000000060
10999  -27.409  -84.346  -20.521 0.4000000060
10210  -27.806  -84.851  -20.257 0.4000000060
10240  -24.269  -84.696  -21.942 0.3000000119
11153  -19.192  -84.258  -28.357 0.5000000000
10345  -19.180  -85.099  -28.664 0.6000000238
11167  -19.482  -84.738  -28.057 0.6000000238
10347  -20.695  -86.035  -27.987 0.6000000238
128614  -21.749  -86.746  -28.303 0.6000000238
11952  -18.506  -83.656  -29.051 0.5000000000
11175  -18.410  -84.389  -29.042 0.5000000000
10373  -18.831  -85.838  -30.404 0.6000000238
10346  -19.796  -85.511  -28.332 0.6000000238
9618  -20.447  -86.194  -28.964 0.6999999881
8196  -23.553  -88.278  -26.533 0.6000000238
9555  -31.475  -86.754  -23.859 0.3000000119
11192  -17.731  -85.344  -29.893 0.6999999881
11187  -18.196  -84.885  -29.331 0.6000000238
10372  -18.337  -85.769  -30.340 0.6000000238
10374  -19.567  -86.068  -30.264 0.6000000238
9639  -21.192  -86.708  -30.792 0.6999999881
8876  -22.976  -87.865  -26.023 0.6000000238
8868  -22.784  -87.647  -25.220 0.6000000238
8188  -23.342  -88.461  -24.827 0.5000000000
11965  -17.960  -84.073  -29.500 0.6999999881
10376  -17.721  -86.015  -30.682 0.6000000238
10377  -18.297  -86.251  -31.156 0.6000000238
10378  -18.775  -86.147  -31.136 0.6000000238
124551  -20.387  -86.850  -31.830 0.6999999881
9640  -21.990  -87.100  -31.502 0.6999999881
8178  -22.778  -87.991  -23.637 0.5000000000
129275  -30.769  -86.166  -22.537 0.3000000119
139351  -17.415  -84.430  -29.804 0.6999999881
10370  -17.271  -85.032  -29.753 0.6000000238
9646  -17.433  -86.023  -30.455 0.6999999881
9651  -18.911  -87.289  -32.066 0.6000000238
9652  -19.574  -87.282  -32.112 0.6000000238
136657  -23.391  -87.508  -31.715 0.6999999881
9580  -22.230  -86.983  -24.476 0.5000000000
124043  -22.114  -85.788  -22.911 0.5000000000
9637  -17.471  -86.665  -30.968 0.6000000238
8920  -18.531  -87.727  -32.012 0.6000000238
8932  -21.808  -87.833  -32.503 0.6000000238
8924  -23.486  -87.778  -32.372 0.6000000238
8236  -24.090  -88.086  -32.403 0.6000000238
9565  -21.958  -86.124  -23.719 0.5000000000
10212  -29.280  -85.151  -20.666 0.3000000119
10359  -16.836  -85.677  -29.323 0.6999999881
8899  -17.322  -86.911  -30.505 0.6000000238
8919  -17.863  -87.384  -31.616 0.6000000238
8242  -18.996  -88.376  -32.070 0.6000000238
8243  -19.812  -88.438  -32.274 0.5000000000
7577  -20.693  -88.566  -32.450 0.5000000000
7579  -22.794  -88.704  -32.708 0.5000000000
8237  -24.830  -88.302  -31.979 0.5000000000
10253  -22.515  -85.217  -22.529 0.5000000000
10255  -26.466  -84.523  -23.653 0.3000000119
118848  -25.884  -84.504  -22.713 0.3000000119
10242  -26.035  -84.413  -21.636 0.3000000119
11019  -27.114  -83.893  -21.070 0.4000000060
10227  -26.560  -84.469  -20.721 0.4000000060
7580  -23.802  -88.793  -32.605 0.5000000000
10254  -25.761  -84.550  -23.642 0.3000000119
136268  -25.043  -84.506  -22.753 0.3000000119
11968  -19.818  -82.642  -29.491 0.5000000000
11941  -19.064  -83.544  -28.728 0.5000000000
11953  -20.001  -83.068  -28.975 0.5000000000
11942  -19.631  -83.613  -28.318 0.5000000000
13584  -19.709  -81.732  -29.597 0.5000000000
13593  -19.346  -82.193  -29.697 0.5000000000
11967  -19.129  -82.930  -29.328 0.5000000000
11176  -18.672  -84.682  -28.874 0.5000000000
11154  -19.656  -84.158  -27.717 0.5000000000
142232  -20.259  -84.752  -26.884 0.6000000238
10309  -20.614  -84.699  -26.311 0.6000000238
12757  -18.301  -82.445  -29.525 0.5000000000
9593  -21.205  -85.823  -26.440 0.6000000238
9594  -21.970  -86.776  -26.638 0.8000000119
10277  -33.404  -85.215  -25.351 0.3000000119
13582  -17.829  -81.953  -29.224 0.6000000238
12756  -17.383  -82.623  -29.624 0.6000000238
11966  -18.284  -83.903  -29.182 0.6000000238
130859  -21.094  -85.242  -25.738 0.4000000060
10276  -32.655  -85.756  -24.696 0.3000000119
12765  -16.887  -83.331  -29.953 0.6999999881
10293  -21.749  -86.086  -24.713 0.5000000000
8875  -22.359  -87.181  -25.930 0.6000000238
10257  -31.729  -85.544  -23.243 0.3000000119
10244  -31.260  -85.500  -22.624 0.3000000119
12764  -15.884  -83.276  -29.754 0.6999999881
129192  -21.961  -84.455  -24.094 0.4000000060
10243  -30.693  -85.461  -21.928 0.3000000119
11184  -16.791  -84.531  -29.829 0.6000000238
10358  -16.741  -85.118  -29.390 0.6999999881
10272  -21.705  -85.178  -24.247 0.4000000060
10211  -28.450  -85.090  -20.352 0.3000000119
11174  -16.008  -84.523  -29.211 0.6000000238
10343  -16.369  -84.985  -28.933 0.6999999881
8908  -17.555  -87.697  -30.523 0.6000000238
8226  -18.299  -88.646  -31.345 0.5000000000
7567  -18.941  -88.826  -31.887 0.5000000000
11064  -22.631  -84.136  -23.770 0.4000000060
11065  -22.945  -84.480  -22.974 0.4000000060
10274  -27.019  -84.609  -24.619 0.3000000119
10273  -26.326  -84.612  -24.346 0.3000000119
11070  -27.705  -84.046  -23.856 0.3000000119
10256  -27.109  -84.387  -23.722 0.3000000119
11042  -27.091  -83.875  -21.965 0.4000000060
11001  -28.751  -84.496  -20.439 0.3000000119
8900  -17.422  -87.261  -29.662 0.6000000238
7554  -18.374  -88.985  -30.600 0.5000000000
7555  -18.830  -89.203  -31.035 0.5000000000
7568  -19.893  -88.939  -32.203 0.5000000000
7558  -21.753  -89.529  -31.728 0.5000000000
7559  -22.697  -89.624  -31.961 0.6000000238
135006  -23.393  -89.362  -32.461 0.5000000000
11067  -24.863  -84.353  -23.649 0.3000000119
8218  -17.764  -88.227  -29.491 0.5000000000
7545  -19.480  -89.681  -30.313 0.5000000000
6883  -21.604  -89.960  -30.618 0.5000000000
6878  -21.368  -90.390  -29.622 0.5000000000
13585  -20.523  -81.646  -29.837 0.5000000000
13595  -20.917  -81.972  -30.263 0.5000000000
11969  -20.779  -82.519  -29.923 0.5000000000
11955  -22.209  -83.107  -30.007 0.5000000000
139863  -21.443  -83.092  -29.358 0.5000000000
11944  -21.883  -83.199  -28.672 0.5000000000
13573  -19.263  -81.336  -28.989 0.5000000000
12769  -20.483  -82.243  -30.004 0.5000000000
11934  -21.973  -83.187  -27.299 0.4000000060
13583  -18.813  -81.906  -29.432 0.5000000000
11921  -21.223  -83.449  -26.622 0.4000000060
10297  -33.233  -85.931  -25.667 0.3000000119
11115  -34.137  -84.835  -26.050 0.3000000119
13572  -18.340  -81.456  -28.743 0.6000000238
11907  -21.376  -83.659  -25.800 0.4000000060
11108  -21.133  -84.360  -25.522 0.4000000060
13571  -17.338  -81.558  -28.567 0.6000000238
13581  -16.817  -82.010  -29.107 0.6000000238
11095  -32.976  -84.813  -24.365 0.3000000119
10258  -32.295  -85.222  -23.721 0.3000000119
13580  -15.832  -82.076  -28.983 0.6000000238
11088  -22.263  -83.825  -24.618 0.4000000060
13579  -15.036  -82.139  -28.877 0.6000000238
11110  -24.243  -83.786  -25.308 0.4000000060
11089  -23.420  -83.759  -24.451 0.4000000060
125568  -31.135  -84.796  -22.030 0.3000000119
11951  -15.001  -83.252  -29.296 0.6999999881
11090  -24.585  -84.082  -24.489 0.3000000119
11091  -25.665  -84.491  -24.627 0.3000000119
12770  -21.362  -82.232  -30.390 0.5000000000
11971  -22.757  -82.855  -30.780 0.5000000000
11945  -23.087  -83.364  -29.457 0.4000000060
14485  -20.119  -81.214  -29.177 0.5000000000
11935  -23.034  -83.342  -27.996 0.4000000060
14476  -20.709  -80.829  -28.163 0.6000000238
11936  -23.581  -83.445  -27.029 0.4000000060
11923  -22.949  -83.375  -26.175 0.4000000060
11891  -33.950  -83.636  -24.668 0.3000000119
11096  -33.653  -84.388  -25.029 0.3000000119
13570  -16.322  -81.612  -28.482 0.6000000238
11908  -22.175  -83.527  -25.498 0.4000000060
11109  -21.603  -83.871  -25.144 0.4000000060
11111  -25.191  -84.259  -25.389 0.4000000060
10310  -25.998  -84.639  -25.671 0.3000000119
11950  -14.237  -83.166  -28.761 0.6000000238
13587  -21.918  -81.526  -30.203 0.5000000000
12771  -22.300  -82.345  -30.792 0.5000000000
133370  -23.482  -83.044  -31.117 0.4000000060
11956  -23.300  -83.301  -30.566 0.4000000060
14486  -21.003  -81.142  -29.310 0.5000000000
14488  -22.653  -81.136  -29.782 0.5000000000
11957  -24.156  -83.767  -30.016 0.4000000060
14475  -19.771  -81.032  -28.472 0.6000000238
14477  -21.760  -80.669  -28.441 0.6000000238
11946  -23.817  -83.619  -28.812 0.4000000060
14474  -19.002  -81.103  -27.982 0.6000000238
125377  -19.943  -80.959  -27.639 0.6000000238
11156  -25.456  -84.392  -27.833 0.4000000060
11155  -24.611  -83.837  -27.196 0.4000000060
14473  -17.899  -81.289  -27.858 0.6000000238
11924  -23.943  -83.582  -26.175 0.4000000060
133251  -25.449  -84.355  -26.846 0.4000000060
11133  -25.545  -84.424  -26.112 0.4000000060
130685  -26.125  -84.753  -26.582 0.4000000060
11072  -32.579  -84.358  -23.469 0.3000000119
11880  -33.615  -83.147  -23.688 0.3000000119
14458  -17.486  -81.347  -26.808 0.6000000238
10311  -26.779  -84.920  -26.202 0.4000000060
11864  -31.758  -83.142  -21.864 0.3000000119
11045  -32.157  -83.815  -22.637 0.3000000119
13569  -15.364  -81.692  -28.473 0.6000000238
12747  -14.350  -82.527  -28.907 0.6000000238
14456  -15.165  -81.189  -27.107 0.6999999881
14426  -17.710  -80.758  -24.830 0.6999999881
13568  -14.470  -81.852  -28.506 0.6000000238
14440  -16.119  -81.052  -25.592 0.6999999881
14425  -16.678  -80.650  -24.838 0.6999999881
14455  -14.404  -81.039  -27.170 0.6000000238
14417  -17.174  -80.147  -24.524 0.6999999881
127117  -18.484  -79.235  -25.051 0.6000000238
14438  -14.149  -80.637  -26.312 0.6999999881
14416  -16.253  -80.169  -24.521 0.6999999881
126915  -22.970  -82.072  -30.888 0.5000000000
121999  -24.680  -82.261  -31.098 0.5000000000
14479  -23.245  -80.579  -29.123 0.5000000000
14489  -23.484  -80.905  -29.621 0.5000000000
14496  -23.243  -81.465  -30.363 0.5000000000
12774  -25.040  -82.844  -31.295 0.5000000000
122519  -24.707  -83.285  -31.260 0.4000000060
11958  -25.006  -83.801  -30.804 0.4000000060
14462  -21.584  -80.465  -27.205 0.6000000238
14463  -22.468  -80.141  -27.781 0.6000000238
15355  -23.342  -80.034  -28.518 0.6000000238
15356  -24.035  -80.229  -29.017 0.6000000238
11177  -25.220  -84.238  -29.864 0.4000000060
14460  -19.546  -81.125  -26.721 0.6000000238
15347  -23.136  -79.492  -28.225 0.6000000238
16253  -24.144  -79.139  -28.490 0.6000000238
129816  -24.721  -83.975  -28.634 0.4000000060
14459  -18.478  -81.283  -26.882 0.6000000238
14443  -20.014  -80.893  -25.658 0.6000000238
14445  -21.328  -80.105  -25.981 0.6000000238
16251  -22.399  -79.402  -27.535 0.6000000238
16252  -23.442  -78.612  -28.260 0.6000000238
10333  -28.072  -85.579  -28.032 0.4000000060
139627  -19.398  -80.929  -25.222 0.6000000238
14428  -20.818  -80.139  -25.528 0.6000000238
129924  -21.916  -78.912  -27.256 0.6000000238
124391  -22.708  -78.218  -27.868 0.6000000238
17156  -24.584  -77.184  -27.657 0.6000000238
123694  -26.901  -85.205  -27.479 0.4000000060
119324  -18.051  -81.406  -25.995 0.6000000238
15331  -20.362  -80.052  -25.128 0.5000000000
16250  -21.206  -78.939  -26.670 0.6000000238
17163  -22.903  -77.048  -28.097 0.6000000238
18058  -23.840  -76.697  -28.137 0.6000000238
18033  -24.480  -76.644  -27.152 0.6999999881
13561  -15.825  -81.324  -27.639 0.6999999881
121221  -18.143  -81.191  -25.299 0.6000000238
16224  -20.093  -79.506  -25.331 0.6000000238
134366  -21.728  -77.799  -27.530 0.6000000238
18048  -24.038  -75.939  -27.528 0.6000000238
17146  -24.257  -76.963  -25.952 0.6000000238
139576  -23.903  -79.138  -23.428 0.6000000238
18057  -22.055  -76.486  -27.749 0.6000000238
132237  -23.191  -76.039  -27.921 0.6000000238
18032  -24.267  -75.928  -26.510 0.6000000238
16202  -23.755  -78.365  -23.962 0.6000000238
16223  -19.251  -79.342  -25.111 0.6000000238
16249  -20.526  -77.936  -26.994 0.6000000238
18946  -22.481  -75.462  -27.519 0.5000000000
18930  -24.032  -75.278  -25.791 0.6000000238
17135  -23.790  -77.121  -24.681 0.6000000238
18056  -20.881  -76.929  -27.380 0.5000000000
14423  -14.629  -80.406  -25.321 0.6999999881
16222  -17.761  -78.768  -25.337 0.6999999881
17154  -18.578  -77.451  -26.202 0.5000000000
18046  -20.323  -76.313  -26.846 0.6000000238
18047  -21.354  -75.921  -27.180 0.5000000000
134795  -23.330  -74.332  -26.523 0.5000000000
18940  -20.790  -75.398  -26.554 0.6000000238
16125  -13.508  -78.348  -19.104 0.6000000238
17055  -13.757  -77.957  -19.907 0.6000000238
17950  -12.368  -76.965  -19.918 0.6000000238
13598  -23.864  -81.935  -30.966 0.5000000000
14490  -24.199  -80.978  -29.915 0.5000000000
13599  -25.591  -82.067  -30.719 0.5000000000
11188  -25.741  -83.861  -30.905 0.5000000000
11178  -25.843  -84.304  -30.515 0.4000000060
15357  -24.633  -79.689  -28.643 0.5000000000
15349  -25.274  -79.590  -27.822 0.5000000000
11179  -26.641  -84.827  -30.282 0.4000000060
10363  -27.868  -85.447  -29.730 0.4000000060
127699  -24.838  -79.156  -28.282 0.5000000000
15341  -25.228  -79.616  -27.022 0.5000000000
11157  -26.218  -84.939  -28.212 0.4000000060
10348  -27.341  -85.461  -29.203 0.4000000060
10350  -28.739  -85.728  -29.014 0.4000000060
128628  -24.755  -77.889  -27.726 0.5000000000
141830  -24.773  -78.492  -26.936 0.5000000000
15348  -24.954  -78.827  -27.620 0.5000000000
10332  -27.463  -85.509  -28.468 0.4000000060
17147  -24.536  -77.715  -26.713 0.6000000238
121682  -24.539  -78.858  -25.917 0.6000000238
17136  -24.139  -78.251  -25.177 0.6000000238
16225  -24.365  -79.238  -24.959 0.5000000000
16176  -24.170  -79.447  -22.580 0.4000000060
135357  -24.972  -79.705  -22.870 0.4000000060
16185  -25.792  -79.446  -22.878 0.4000000060
123558  -22.898  -77.924  -22.777 0.6000000238
16184  -23.433  -78.639  -22.918 0.6000000238
122597  -24.283  -79.291  -21.526 0.5000000000
16177  -25.160  -79.390  -22.052 0.4000000060
16178  -26.056  -78.904  -22.145 0.4000000060
142727  -26.217  -78.442  -21.811 0.4000000060
14437  -13.449  -80.440  -26.369 0.6999999881
137410  -23.675  -75.860  -24.888 0.6000000238
17106  -22.999  -78.366  -22.234 0.5000000000
16166  -25.060  -79.090  -21.073 0.4000000060
17153  -17.762  -77.782  -25.823 0.6000000238
19870  -22.404  -74.053  -26.291 0.5000000000
18917  -23.522  -74.816  -25.140 0.5000000000
127323  -22.919  -78.373  -21.462 0.5000000000
16145  -24.120  -78.770  -20.157 0.5000000000
16165  -24.392  -79.035  -20.760 0.4000000060
17071  -25.775  -78.420  -20.608 0.4000000060
18045  -19.469  -76.534  -26.493 0.6000000238
18010  -22.449  -76.101  -23.360 0.5000000000
15247  -14.629  -79.376  -18.242 0.6999999881
16114  -14.084  -78.856  -18.670 0.6000000238
15248  -15.428  -79.658  -18.544 0.6999999881
16126  -14.343  -78.575  -19.451 0.6000000238
15257  -16.798  -79.683  -19.488 0.6000000238
17065  -13.201  -77.220  -20.335 0.6000000238
16140  -15.599  -78.741  -20.534 0.6000000238
16129  -17.325  -79.352  -20.244 0.6000000238
141007  -18.005  -79.323  -19.978 0.6000000238
17952  -18.306  -76.640  -19.627 0.6000000238
140350  -12.668  -76.671  -20.513 0.5000000000
17067  -15.142  -78.184  -21.058 0.6000000238
16160  -16.002  -78.585  -21.207 0.6000000238
16142  -17.572  -78.908  -21.033 0.6000000238
122182  -18.191  -78.961  -20.398 0.6000000238
131675  -25.866  -82.995  -31.026 0.5000000000
17979  -12.526  -76.224  -20.993 0.5000000000
139769  -13.506  -77.092  -20.867 0.5000000000
16162  -17.803  -78.408  -21.685 0.5000000000
138066  -18.492  -77.163  -20.950 0.5000000000
15362  -24.803  -80.270  -29.129 0.4000000060
14480  -25.567  -80.475  -29.014 0.5000000000
12775  -26.690  -83.532  -30.795 0.5000000000
11975  -27.073  -84.242  -30.697 0.4000000060
17082  -14.255  -77.179  -21.638 0.5000000000
134942  -14.827  -77.674  -21.570 0.5000000000
17085  -18.091  -77.736  -22.202 0.5000000000
17086  -18.461  -77.409  -21.565 0.5000000000
11191  -27.636  -84.671  -30.355 0.4000000060
118768  -29.123  -85.016  -29.920 0.4000000060
11182  -30.263  -84.551  -29.332 0.4000000060
18876  -13.000  -76.155  -22.124 0.5000000000
17981  -14.925  -77.309  -22.333 0.5000000000
17104  -17.493  -77.487  -22.899 0.6000000238
119265  -18.266  -76.408  -22.745 0.6000000238
10365  -29.047  -85.471  -29.593 0.4000000060
18006  -14.680  -76.826  -23.391 0.6000000238
123917  -15.412  -77.080  -23.200 0.6000000238
17993  -17.834  -76.762  -23.424 0.6999999881
124704  -25.383  -80.013  -26.102 0.4000000060
15332  -24.906  -79.757  -25.295 0.5000000000
16200  -11.837  -78.228  -24.802 0.6000000238
15314  -25.426  -80.113  -24.376 0.5000000000
15307  -26.091  -79.768  -23.686 0.4000000060
16218  -12.144  -78.786  -25.124 0.6000000238
15306  -25.214  -79.912  -23.551 0.4000000060
141611  -13.403  -79.364  -25.166 0.6000000238
129949  -14.795  -79.172  -24.781 0.6000000238
122636  -26.490  -78.698  -22.661 0.4000000060
17152  -17.136  -77.189  -25.583 0.6000000238
15326  -15.554  -79.751  -24.642 0.6999999881
18939  -19.860  -75.770  -26.269 0.6000000238
19863  -20.587  -73.937  -25.633 0.6000000238
19869  -21.256  -74.419  -26.190 0.5000000000
18916  -22.841  -74.396  -24.589 0.5000000000
138976  -15.134  -79.793  -17.900 0.6999999881
15250  -17.390  -80.053  -18.859 0.6999999881
15236  -17.927  -80.283  -18.122 0.6000000238
15251  -18.314  -79.756  -18.826 0.6000000238
16116  -18.877  -79.170  -18.664 0.6000000238
119899  -18.879  -78.399  -19.185 0.6000000238
142724  -18.504  -76.817  -18.942 0.6999999881
18846  -17.677  -75.672  -19.728 0.6000000238
17951  -18.184  -76.522  -20.451 0.6000000238
13574  -26.648  -81.352  -28.509 0.5000000000
13588  -26.323  -81.627  -29.960 0.5000000000
12758  -26.501  -82.512  -30.509 0.5000000000
12759  -27.323  -83.058  -30.191 0.5000000000
18861  -17.684  -75.740  -20.830 0.6000000238
19799  -16.981  -74.891  -20.329 0.5000000000
13589  -26.999  -82.138  -29.694 0.5000000000
11959  -27.567  -84.007  -30.467 0.5000000000
129521  -28.979  -84.385  -29.889 0.4000000060
127894  -18.073  -75.656  -22.732 0.6000000238
18877  -18.061  -75.853  -21.925 0.6000000238
19798  -16.341  -74.136  -20.900 0.5000000000
14464  -25.734  -80.189  -28.067 0.5000000000
17131  -12.200  -77.648  -24.280 0.6000000238
18021  -12.670  -76.999  -23.721 0.4000000060
18022  -14.020  -76.761  -23.553 0.6000000238
18890  -18.161  -75.902  -23.397 0.6000000238
119032  -17.326  -74.918  -22.323 0.6000000238
14447  -26.634  -80.755  -26.536 0.4000000060
17133  -14.087  -77.146  -24.211 0.5000000000
18023  -14.932  -76.874  -24.051 0.5000000000
18007  -15.750  -76.871  -23.924 0.6000000238
18008  -16.922  -76.709  -24.170 0.6999999881
18009  -17.841  -76.179  -24.149 0.6000000238
19836  -18.093  -75.139  -24.009 0.6000000238
117982  -17.515  -74.010  -23.548 0.6000000238
15333  -25.752  -80.214  -25.171 0.5000000000
16201  -12.687  -78.136  -24.649 0.6000000238
18024  -15.964  -76.831  -24.614 0.6000000238
132464  -17.109  -76.548  -24.803 0.6000000238
136060  -18.150  -74.024  -24.152 0.6000000238
20741  -18.465  -73.140  -24.347 0.6000000238
20732  -18.183  -72.408  -23.760 0.6000000238
15315  -26.364  -80.002  -24.421 0.4000000060
140817  -14.310  -77.766  -24.629 0.5000000000
17134  -15.000  -77.268  -24.550 0.6000000238
18927  -18.246  -75.890  -25.184 0.6000000238
20742  -19.283  -73.289  -24.754 0.6000000238
21564  -19.231  -72.697  -24.284 0.6000000238
127921  -14.007  -78.725  -24.800 0.6000000238
16220  -15.617  -78.514  -24.946 0.6000000238
17144  -15.732  -77.445  -24.943 0.6000000238
18928  -18.838  -75.587  -25.475 0.6000000238
19860  -18.770  -74.925  -25.039 0.6000000238
18929  -19.465  -75.298  -25.733 0.6000000238
18043  -17.971  -76.942  -25.904 0.6000000238
19853  -22.327  -73.547  -24.980 0.5000000000
18904  -22.311  -75.055  -23.688 0.5000000000
15234  -15.288  -80.099  -17.287 0.6999999881
15235  -16.852  -80.320  -18.078 0.6999999881
14308  -15.163  -80.344  -15.483 0.6999999881
14327  -16.106  -80.431  -16.094 0.6999999881
14341  -16.225  -80.409  -17.164 0.6999999881
14342  -17.321  -80.483  -17.363 0.6999999881
15237  -18.828  -79.892  -17.917 0.6000000238
131184  -19.193  -78.015  -17.712 0.6000000238
120583  -18.556  -76.457  -18.251 0.5000000000
17037  -18.867  -77.524  -18.517 0.6999999881
18838  -17.718  -75.152  -18.748 0.5000000000
19792  -17.174  -74.666  -19.371 0.5000000000
20695  -16.619  -74.021  -19.894 0.5000000000
13575  -27.210  -81.880  -28.720 0.4000000060
12748  -27.732  -82.590  -29.223 0.5000000000
12750  -29.304  -82.637  -28.764 0.5000000000
11947  -29.171  -83.591  -29.475 0.5000000000
12751  -30.137  -82.737  -29.242 0.4000000060
14465  -26.304  -80.743  -27.453 0.4000000060
12741  -27.886  -82.091  -28.237 0.4000000060
19806  -16.382  -74.104  -21.935 0.6000000238
20721  -16.756  -73.156  -23.302 0.6000000238
21550  -16.431  -72.351  -22.952 0.6000000238
21559  -19.245  -72.359  -23.668 0.6000000238
120380  -17.375  -71.944  -23.092 0.6000000238
20750  -19.939  -73.486  -25.220 0.6000000238
21561  -20.537  -72.725  -24.100 0.6000000238
21553  -19.720  -72.510  -22.709 0.6000000238
19862  -19.751  -74.446  -25.493 0.6000000238
21560  -19.916  -72.514  -23.631 0.5000000000
20752  -21.527  -73.171  -25.142 0.6000000238
20745  -21.330  -73.037  -24.578 0.5000000000
19838  -22.085  -74.068  -24.018 0.5000000000
131240  -14.988  -80.672  -14.558 0.6999999881
14309  -15.922  -80.426  -15.083 0.6999999881
14310  -17.188  -80.470  -15.691 0.6999999881
14328  -17.652  -80.504  -16.693 0.6999999881
14329  -18.454  -80.358  -16.349 0.6000000238
135774  -18.894  -80.108  -17.056 0.6999999881
13385  -15.166  -81.989  -13.729 0.6999999881
14291  -15.793  -80.655  -14.197 0.6999999881
135733  -16.564  -80.479  -14.662 0.6000000238
14311  -18.354  -80.389  -15.296 0.6000000238
17933  -18.869  -76.976  -17.584 0.5000000000
11756  -15.307  -83.765  -13.228 0.6999999881
12549  -15.555  -82.804  -13.010 0.6999999881
131436  -18.622  -76.018  -17.469 0.5000000000
11755  -14.530  -84.328  -12.941 0.6999999881
19786  -17.932  -74.671  -17.970 0.5000000000
11740  -13.888  -83.847  -12.161 0.6000000238
12517  -12.614  -82.689  -11.540 0.6000000238
12528  -11.796  -82.157  -11.692 0.6000000238
15183  -11.537  -79.760  -12.209 0.5000000000
16035  -11.781  -78.766  -12.435 0.5000000000
13563  -29.119  -81.801  -27.876 0.4000000060
13576  -29.789  -81.993  -28.614 0.4000000060
139471  -20.176  -73.042  -22.308 0.6000000238
15213  -19.576  -79.644  -15.570 0.5000000000
15223  -19.593  -79.264  -16.363 0.5000000000
13386  -15.788  -81.650  -12.985 0.6000000238
14279  -16.604  -80.569  -13.772 0.6000000238
14293  -18.445  -80.322  -14.283 0.6000000238
15212  -19.185  -80.131  -14.951 0.6000000238
16071  -19.770  -77.931  -16.103 0.5000000000
17022  -19.267  -77.447  -16.878 0.5000000000
17927  -18.994  -76.467  -16.844 0.5000000000
11742  -15.440  -83.268  -12.376 0.6999999881
12530  -15.797  -82.514  -12.101 0.6000000238
13387  -16.344  -80.957  -12.892 0.6000000238
134307  -16.991  -80.583  -13.009 0.6000000238
14267  -18.682  -80.045  -12.254 0.6000000238
19769  -18.572  -74.226  -16.709 0.5000000000
11727  -15.098  -83.271  -11.713 0.6999999881
12520  -15.440  -82.687  -11.292 0.6000000238
13364  -16.257  -81.489  -11.032 0.6000000238
14265  -16.745  -80.887  -11.330 0.6000000238
14257  -18.017  -80.136  -11.501 0.6000000238
12518  -13.980  -82.914  -11.127 0.6000000238
12513  -14.990  -82.394  -10.719 0.6000000238
14246  -15.492  -81.094  -10.398 0.6000000238
14248  -16.750  -80.269  -10.544 0.6000000238
142834  -13.423  -81.818  -10.806 0.6000000238
14244  -13.763  -80.401  -10.620 0.6000000238
14245  -14.675  -80.777  -10.356 0.6000000238
15168  -15.456  -80.140  -10.317 0.6000000238
14253  -12.379  -80.841  -11.335 0.5000000000
15175  -12.164  -80.104  -11.640 0.5000000000
119025  -12.881  -80.027  -11.150 0.5000000000
16024  -14.442  -79.029  -10.781 0.6000000238
16012  -15.076  -79.403  -10.457 0.6000000238
14482  -30.112  -81.320  -28.699 0.4000000060
16046  -11.278  -78.335  -12.951 0.5000000000
16023  -13.162  -78.639  -11.617 0.5000000000
129770  -13.899  -78.664  -11.254 0.6000000238
16948  -14.551  -78.306  -11.266 0.6000000238
16974  -11.405  -77.606  -13.279 0.5000000000
16961  -12.457  -77.642  -12.653 0.5000000000
16036  -12.456  -78.314  -12.235 0.4000000060
16037  -13.131  -77.730  -12.281 0.5000000000
16963  -14.664  -77.508  -12.002 0.6000000238
15205  -20.119  -79.038  -14.899 0.6000000238
17003  -20.194  -77.118  -15.436 0.5000000000
17928  -19.550  -76.815  -16.191 0.5000000000
129963  -20.193  -79.319  -14.007 0.6000000238
16059  -20.287  -78.136  -15.166 0.5000000000
18827  -18.890  -75.060  -16.415 0.5000000000
15184  -19.516  -79.613  -12.144 0.6999999881
16038  -20.287  -79.087  -12.214 0.6999999881
15178  -17.966  -79.795  -10.821 0.6000000238
15179  -18.792  -79.571  -11.257 0.6999999881
15170  -17.278  -79.647  -10.507 0.6000000238
15171  -18.143  -79.170  -10.598 0.6999999881
16025  -16.078  -78.521  -10.615 0.6000000238
16027  -18.072  -78.231  -10.634 0.6999999881
133659  -15.393  -77.987  -11.259 0.6000000238
134755  -17.241  -77.423  -11.238 0.6999999881
18804  -11.722  -76.024  -14.948 0.5000000000
17892  -12.360  -76.719  -13.678 0.5000000000
16962  -13.505  -77.214  -12.715 0.4000000060
17878  -14.267  -76.978  -12.916 0.6000000238
16964  -15.670  -77.265  -11.972 0.6000000238
18805  -12.389  -76.197  -14.944 0.5000000000
120063  -13.224  -76.643  -13.771 0.4000000060
17893  -14.117  -76.618  -13.836 0.5000000000
17917  -19.926  -76.103  -15.578 0.5000000000
16060  -20.686  -78.410  -14.094 0.6000000238
16989  -21.153  -77.570  -13.548 0.5000000000
18810  -21.121  -75.736  -14.190 0.5000000000
16030  -20.351  -78.447  -11.609 0.6999999881
132484  -19.696  -78.368  -11.156 0.6999999881
16951  -19.121  -77.766  -10.955 0.6000000238
16965  -16.471  -76.987  -11.949 0.6999999881
16950  -18.117  -77.260  -11.161 0.6000000238
17879  -15.270  -76.889  -12.816 0.6000000238
127330  -15.987  -76.769  -12.646 0.6000000238
126830  -13.592  -75.973  -16.218 0.5000000000
17916  -14.505  -76.217  -15.340 0.4000000060
17894  -15.028  -76.526  -13.728 0.6000000238
19755  -13.933  -75.151  -16.674 0.4000000060
121748  -14.475  -75.742  -15.885 0.4000000060
19746  -14.916  -75.165  -15.223 0.5000000000
18807  -14.956  -75.875  -15.103 0.5000000000
16977  -21.235  -77.676  -12.606 0.6000000238
17896  -21.462  -76.889  -12.942 0.5000000000
16952  -20.092  -77.742  -11.313 0.6000000238
17883  -21.267  -76.995  -12.078 0.5000000000
132504  -19.663  -77.116  -11.233 0.6000000238
126718  -18.833  -76.801  -11.193 0.6000000238
17865  -19.599  -76.371  -11.232 0.5000000000
17863  -17.832  -76.489  -11.578 0.6000000238
123382  -16.520  -76.356  -12.715 0.6999999881
18788  -17.184  -75.401  -12.086 0.5000000000
17880  -15.778  -76.379  -13.361 0.6000000238
19741  -15.641  -75.285  -14.047 0.5000000000
125687  -14.454  -74.641  -15.770 0.4000000060
19747  -15.180  -74.704  -14.470 0.5000000000
27944  -12.042  -65.054  -17.065 0.4000000060
128241  -13.357  -63.798  -16.585 0.3000000119
27945  -12.982  -64.864  -17.348 0.4000000060
18790  -21.242  -75.633  -11.786 0.5000000000
27008  -12.233  -66.287  -18.015 0.3000000119
27958  -13.558  -65.391  -17.871 0.4000000060
17864  -18.567  -75.907  -11.335 0.5000000000
124149  -20.745  -75.108  -11.371 0.5000000000
26124  -13.130  -68.115  -19.725 0.3000000119
27025  -13.887  -66.556  -19.122 0.4000000060
18789  -17.841  -75.213  -11.483 0.5000000000
25190  -14.020  -68.929  -20.168 0.3000000119
19731  -16.661  -74.656  -12.405 0.6000000238
19742  -16.135  -75.030  -13.282 0.6999999881
20636  -16.002  -74.139  -12.875 0.6000000238
20649  -14.298  -73.544  -15.290 0.5000000000
134198  -15.459  -74.198  -13.615 0.5000000000
20640  -14.541  -73.243  -14.424 0.4000000060
21460  -15.153  -72.349  -13.398 0.4000000060
30652  -12.230  -62.273  -14.929 0.3000000119
29714  -12.565  -62.697  -15.597 0.3000000119
30670  -13.967  -62.544  -16.165 0.3000000119
28856  -14.088  -64.187  -16.992 0.3000000119
28874  -13.884  -64.809  -17.406 0.4000000060
19722  -19.938  -75.038  -10.963 0.5000000000
26112  -13.487  -67.333  -19.521 0.4000000060
27959  -14.493  -65.338  -17.894 0.4000000060
131642  -18.553  -74.077  -10.853 0.5000000000
26125  -13.979  -68.065  -20.068 0.4000000060
26113  -14.565  -67.362  -19.598 0.4000000060
19732  -17.277  -74.719  -11.755 0.5000000000
20613  -17.866  -73.353  -11.186 0.5000000000
25191  -14.637  -69.081  -19.762 0.4000000060
20625  -16.417  -73.578  -12.343 0.5000000000
20624  -15.670  -73.177  -12.991 0.5000000000
21449  -16.301  -72.628  -12.408 0.5000000000
139569  -13.932  -72.009  -16.258 0.3000000119
129298  -14.194  -71.556  -15.111 0.4000000060
22326  -14.833  -71.733  -13.768 0.4000000060
21448  -15.735  -72.228  -12.871 0.4000000060
31511  -12.725  -61.606  -13.901 0.3000000119
30653  -13.068  -62.103  -15.468 0.3000000119
29731  -14.830  -62.953  -16.739 0.4000000060
29746  -14.892  -63.846  -17.126 0.4000000060
20627  -21.583  -73.332  -11.907 0.4000000060
28875  -14.721  -64.675  -17.446 0.4000000060
21451  -21.470  -72.580  -11.468 0.4000000060
27026  -14.879  -66.526  -19.035 0.4000000060
27960  -15.336  -65.230  -17.914 0.4000000060
20615  -19.881  -73.589  -10.653 0.4000000060
27027  -15.620  -66.464  -18.627 0.4000000060
21437  -17.506  -72.342  -11.528 0.5000000000
136827  -15.138  -67.837  -19.378 0.4000000060
130011  -14.712  -70.062  -18.218 0.3000000119
124416  -16.826  -72.230  -12.023 0.5000000000
23272  -14.327  -70.754  -15.318 0.3000000119
31549  -13.273  -61.244  -14.967 0.3000000119
31561  -14.291  -61.060  -15.941 0.3000000119
30671  -14.542  -62.015  -16.357 0.3000000119
30672  -15.127  -62.289  -16.896 0.4000000060
30685  -15.489  -62.906  -17.364 0.4000000060
30686  -16.039  -62.586  -18.040 0.3000000119
29747  -15.579  -63.675  -17.532 0.4000000060
22329  -22.254  -72.351  -13.013 0.4000000060
22343  -22.974  -71.716  -14.400 0.4000000060
29760  -16.278  -64.047  -18.010 0.4000000060
21439  -20.914  -72.258  -10.993 0.4000000060
20614  -18.953  -73.418  -10.673 0.4000000060
130211  -15.369  -67.137  -19.104 0.3000000119
138947  -18.529  -72.404  -10.970 0.4000000060
25178  -15.121  -68.624  -19.083 0.3000000119
25179  -15.481  -67.713  -18.704 0.3000000119
25152  -15.066  -68.952  -16.962 0.3000000119
22327  -15.440  -71.404  -13.257 0.4000000060
32470  -14.114  -59.928  -14.525 0.3000000119
32492  -14.677  -60.364  -16.210 0.4000000060
32493  -15.361  -60.521  -16.898 0.4000000060
31571  -15.571  -62.009  -17.433 0.4000000060
23276  -23.913  -70.410  -15.467 0.4000000060
22330  -22.794  -71.805  -13.420 0.4000000060
29761  -16.538  -63.268  -18.417 0.4000000060
21440  -21.371  -71.820  -11.322 0.4000000060
27978  -15.857  -65.755  -18.226 0.4000000060
21438  -20.166  -72.193  -10.792 0.4000000060
23212  -21.161  -71.050  -11.285 0.4000000060
27028  -16.237  -66.255  -18.143 0.3000000119
137481  -19.341  -72.041  -10.846 0.4000000060
26098  -15.903  -67.577  -17.729 0.3000000119
22294  -17.954  -71.587  -11.490 0.5000000000
25165  -15.402  -68.393  -17.988 0.3000000119
133057  -15.528  -68.236  -17.075 0.3000000119
120301  -17.609  -71.011  -11.927 0.5000000000
23260  -14.618  -70.296  -14.681 0.3000000119
22328  -16.136  -70.662  -12.957 0.4000000060
138099  -14.431  -71.009  -14.645 0.4000000060
33458  -14.468  -59.418  -15.045 0.3000000119
31580  -17.193  -61.553  -18.218 0.3000000119
30697  -16.806  -62.413  -18.421 0.3000000119
23263  -24.158  -70.623  -14.491 0.4000000060
123418  -17.000  -63.942  -18.571 0.3000000119
23235  -22.981  -71.200  -12.627 0.4000000060
23250  -24.078  -70.544  -13.575 0.3000000119
27979  -16.501  -65.446  -17.902 0.3000000119
23211  -20.191  -70.797  -11.225 0.4000000060
23234  -22.380  -71.100  -12.031 0.4000000060
27010  -16.489  -66.736  -17.659 0.3000000119
124787  -16.334  -67.284  -17.081 0.3000000119
22310  -18.309  -70.828  -11.636 0.4000000060
25153  -15.350  -68.416  -16.197 0.3000000119
25122  -15.631  -68.793  -14.599 0.3000000119
24184  -15.524  -69.465  -14.109 0.3000000119
23248  -16.889  -70.013  -12.872 0.3000000119
29762  -17.280  -63.141  -18.820 0.3000000119
30709  -18.341  -62.152  -18.501 0.3000000119
120702  -17.773  -63.780  -18.806 0.3000000119
24173  -23.441  -70.495  -12.664 0.3000000119
130758  -21.793  -70.672  -11.650 0.4000000060
24161  -23.506  -69.628  -12.296 0.4000000060
135534  -17.120  -66.241  -16.988 0.3000000119
23233  -20.818  -70.209  -11.507 0.4000000060
26085  -16.437  -67.334  -16.185 0.3000000119
25137  -15.348  -68.618  -15.326 0.3000000119
23230  -17.771  -70.253  -12.286 0.3000000119
121324  -16.885  -69.189  -13.398 0.3000000119
142032  -18.291  -64.762  -16.927 0.3000000119
26086  -17.021  -66.784  -16.366 0.3000000119
135078  -20.309  -69.238  -11.983 0.3000000119
25096  -21.313  -68.835  -11.943 0.3000000119
26073  -17.044  -67.007  -15.543 0.3000000119
24158  -19.135  -69.287  -12.306 0.3000000119
25123  -16.263  -68.300  -14.483 0.3000000119
24170  -17.652  -69.415  -12.847 0.3000000119
29732  -19.322  -63.756  -16.275 0.3000000119
29733  -19.828  -62.957  -16.323 0.3000000119
26980  -18.022  -66.058  -15.260 0.3000000119
25095  -20.193  -68.353  -12.436 0.3000000119
27946  -18.596  -65.017  -15.828 0.3000000119
29715  -19.418  -63.968  -15.500 0.3000000119
23246  -14.805  -70.899  -13.989 0.4000000060
24211  -14.628  -69.705  -16.441 0.3000000119
24183  -14.969  -69.396  -14.823 0.3000000119
8205  -23.491  -87.986  -27.451 0.6000000238
8206  -24.324  -88.754  -27.195 0.5000000000
7523  -24.888  -89.377  -27.430 0.5000000000
7536  -25.526  -89.216  -28.821 0.5000000000
8197  -24.070  -88.925  -26.217 0.5000000000
129593  -22.590  -87.974  -21.220 0.5000000000
8891  -22.651  -87.244  -28.847 0.6999999881
9629  -21.972  -86.975  -30.384 0.6999999881
8169  -22.784  -88.574  -23.182 0.4000000060
8923  -22.770  -87.444  -32.070 0.6999999881
9553  -22.295  -86.716  -22.774 0.5000000000
11043  -30.505  -84.615  -21.347 0.3000000119
10238  -22.293  -85.994  -22.200 0.5000000000
11066  -24.017  -84.402  -22.813 0.3000000119
11920  -20.579  -83.697  -26.913 0.6000000238
10330  -19.898  -84.945  -27.444 0.6000000238
11933  -21.004  -83.355  -27.568 0.5000000000
11186  -18.004  -84.781  -29.445 0.6000000238
9638  -20.375  -86.345  -29.984 0.6999999881
10275  -31.947  -86.028  -23.855 0.3000000119
9647  -18.334  -86.941  -31.831 0.6000000238
9649  -19.526  -86.379  -31.319 0.6000000238
9650  -21.190  -86.942  -31.731 0.6999999881
140168  -22.109  -86.827  -25.207 0.5000000000
132460  -22.387  -87.234  -23.655 0.6000000238
121254  -23.469  -88.405  -25.674 0.5000000000
8931  -20.914  -87.832  -32.375 0.6000000238
8933  -22.717  -87.806  -32.588 0.6999999881
8234  -17.803  -87.986  -31.318 0.5000000000
7578  -21.688  -88.566  -32.612 0.5000000000
11021  -29.931  -83.830  -20.765 0.3000000119
125867  -16.994  -86.188  -28.858 0.6000000238
125424  -21.031  -89.010  -32.381 0.5000000000
11069  -27.302  -83.983  -22.939 0.3000000119
10292  -21.392  -85.218  -25.052 0.5000000000
11849  -30.028  -82.909  -20.872 0.3000000119
6882  -20.488  -89.842  -30.483 0.5000000000
136897  -23.988  -83.594  -27.896 0.4000000060
11073  -33.270  -83.960  -24.073 0.3000000119
119450  -21.340  -80.370  -26.354 0.6000000238
14441  -17.231  -81.230  -25.554 0.6999999881
14418  -19.080  -80.272  -24.692 0.6000000238
17155  -19.485  -77.934  -26.443 0.6000000238
15346  -21.882  -80.093  -26.715 0.6000000238
15358  -25.164  -79.817  -28.522 0.5000000000
11169  -26.534  -85.090  -29.310 0.4000000060
17165  -24.314  -77.438  -28.126 0.6000000238
16254  -24.583  -78.338  -28.234 0.5000000000
15301  -24.475  -79.590  -23.474 0.4000000060
15325  -14.110  -79.787  -25.075 0.6000000238
141000  -16.244  -78.389  -25.144 0.6999999881
16139  -14.670  -78.308  -20.251 0.6000000238
14491  -25.631  -81.181  -29.852 0.4000000060
14446  -25.791  -80.211  -26.958 0.4000000060
16186  -26.662  -78.993  -23.257 0.4000000060
17119  -22.647  -77.108  -23.038 0.4000000060
15324  -13.175  -79.964  -25.795 0.6000000238
15256  -15.780  -79.482  -19.292 0.6000000238
17083  -15.849  -78.136  -21.918 0.6000000238
12760  -28.257  -83.623  -29.852 0.5000000000
137390  -14.477  -76.820  -22.772 0.5000000000
19807  -17.032  -74.941  -21.355 0.6000000238
18005  -13.703  -76.525  -22.794 0.4000000060
18031  -17.646  -76.589  -25.552 0.5000000000
14429  -26.171  -80.426  -25.888 0.5000000000
19850  -18.421  -74.990  -24.593 0.6000000238
18030  -16.615  -76.896  -25.231 0.5000000000
122533  -12.476  -83.904  -12.827 0.6000000238
16960  -11.888  -77.954  -12.751 0.5000000000
15204  -19.381  -79.941  -13.908 0.5000000000
13373  -16.270  -81.508  -11.928 0.6000000238
124159  -16.869  -80.755  -12.203 0.6000000238
15192  -19.929  -79.520  -13.061 0.6000000238
13353  -13.980  -81.368  -10.512 0.6000000238
17891  -11.498  -76.865  -13.802 0.5000000000
16988  -20.752  -77.384  -14.537 0.5000000000
16966  -17.119  -76.686  -11.881 0.6000000238
18806  -13.199  -76.271  -15.368 0.5000000000
18787  -16.647  -75.627  -12.774 0.6000000238
27957  -12.594  -65.551  -17.701 0.3000000119
17866  -20.504  -76.893  -11.501 0.5000000000
21475  -13.993  -73.019  -15.836 0.3000000119
130946  -21.239  -73.904  -11.475 0.4000000060
19723  -20.538  -74.274  -10.991 0.4000000060
21476  -14.217  -72.488  -14.900 0.4000000060
23284  -14.344  -70.509  -16.197 0.3000000119
22308  -16.330  -71.644  -12.511 0.5000000000
22311  -21.995  -72.147  -11.962 0.4000000060
31532  -13.671  -60.573  -14.654 0.3000000119
26114  -15.981  -66.992  -18.489 0.3000000119
133576  -18.812  -71.478  -11.163 0.4000000060
23247  -15.447  -70.426  -13.562 0.3000000119
27029  -16.874  -65.886  -17.685 0.3000000119
23229  -16.970  -70.860  -12.410 0.4000000060
34401  -15.358  -58.666  -15.234 0.3000000119
27961  -17.389  -65.472  -17.300 0.3000000119
23232  -19.704  -69.997  -11.638 0.4000000060
26996  -18.090  -65.589  -15.869 0.3000000119
6199  -18.467  -92.007  -26.226 0.5000000000
6200  -19.158  -92.207  -26.804 0.5000000000
6214  -19.804  -91.952  -27.297 0.5000000000
6866  -20.049  -90.736  -28.488 0.4000000060
6198  -17.976  -91.379  -25.451 0.5000000000
6213  -18.937  -91.476  -26.915 0.5000000000
6848  -19.300  -90.981  -27.712 0.5000000000
6877  -20.264  -90.220  -29.452 0.4000000060
6813  -17.834  -90.648  -24.984 0.4000000060
6827  -17.997  -90.429  -25.796 0.5000000000
6847  -18.554  -90.653  -27.215 0.5000000000
6876  -19.311  -90.028  -29.288 0.4000000060
7498  -17.830  -89.789  -25.008 0.5000000000
7509  -17.975  -89.562  -26.069 0.5000000000
6846  -18.189  -90.161  -26.681 0.5000000000
128789  -17.902  -88.842  -26.317 0.5000000000
123570  -18.291  -89.962  -27.425 0.5000000000
8195  -17.865  -88.416  -26.910 0.5000000000
8204  -17.941  -88.714  -27.600 0.5000000000
124771  -18.106  -88.978  -28.934 0.4000000060
8187  -17.845  -88.888  -25.518 0.5000000000
127440  -17.685  -87.610  -26.863 0.5000000000
8884  -17.726  -87.991  -27.644 0.5000000000
8211  -17.871  -88.479  -28.378 0.5000000000
11086  -17.086  -84.118  -24.685 0.5000000000
139974  -17.797  -88.151  -25.073 0.5000000000
136512  -17.774  -86.823  -25.409 0.5000000000
8874  -17.689  -87.199  -26.133 0.5000000000
10290  -17.243  -85.422  -26.092 0.5000000000
9592  -17.479  -86.813  -26.839 0.5000000000
10308  -17.227  -86.053  -26.838 0.5000000000
125717  -17.477  -87.183  -27.606 0.5000000000
8890  -17.539  -87.522  -28.569 0.5000000000
11107  -16.961  -84.491  -25.554 0.5000000000
140002  -16.015  -83.622  -25.571 0.5000000000
11903  -13.977  -82.987  -26.107 0.5000000000
11128  -15.293  -83.742  -26.753 0.5000000000
11919  -13.712  -83.286  -27.183 0.5000000000
125295  -16.833  -85.390  -27.045 0.5000000000
11151  -15.887  -84.225  -27.134 0.5000000000
11150  -15.081  -83.856  -27.633 0.5000000000
9605  -16.941  -85.889  -27.453 0.5000000000
11152  -16.352  -84.816  -27.479 0.5000000000
9606  -17.207  -86.455  -27.507 0.5000000000
9617  -17.234  -86.702  -28.265 0.5000000000
142397  -17.307  -86.805  -29.014 0.5000000000
14435  -11.595  -80.551  -26.944 0.5000000000
14436  -12.610  -80.482  -26.737 0.6000000238
11918  -12.823  -82.985  -27.548 0.5000000000
11127  -14.545  -83.563  -27.231 0.5000000000
13558  -12.988  -81.618  -27.960 0.5000000000
11931  -14.128  -83.556  -27.989 0.5000000000
12746  -13.378  -82.665  -28.465 0.5000000000
10328  -16.224  -84.925  -28.113 0.5000000000
11166  -15.709  -84.397  -28.685 0.5000000000
9616  -16.876  -86.061  -28.079 0.5000000000
15323  -11.537  -79.338  -25.827 0.5000000000
15339  -12.059  -79.920  -26.275 0.5000000000
14454  -13.363  -80.920  -27.256 0.6000000238
16094  -11.059  -78.825  -17.513 0.5000000000
16112  -12.459  -78.484  -18.092 0.6000000238
15230  -11.363  -79.393  -16.955 0.5000000000
16095  -11.912  -78.800  -17.383 0.5000000000
16113  -13.273  -78.663  -18.324 0.6000000238
16096  -12.854  -78.951  -17.413 0.6000000238
15231  -12.095  -79.218  -16.713 0.5000000000
15219  -13.076  -79.597  -16.178 0.6000000238
14323  -12.551  -80.213  -15.682 0.5000000000
15233  -14.443  -79.643  -17.365 0.6000000238
15220  -13.923  -79.751  -16.437 0.6000000238
13415  -13.220  -81.454  -15.302 0.5000000000
14306  -13.688  -80.630  -15.065 0.6000000238
14326  -15.322  -80.242  -16.449 0.6000000238
12583  -13.761  -82.337  -15.400 0.5000000000
13416  -13.876  -81.579  -14.840 0.5000000000
10949  -15.004  -84.372  -14.632 0.5000000000
10939  -14.908  -84.458  -13.865 0.6000000238
139463  -11.927  -83.914  -13.171 0.6000000238
10937  -12.749  -84.536  -13.506 0.5000000000
12567  -15.035  -82.905  -14.309 0.6000000238
13399  -14.519  -81.764  -14.363 0.5000000000
11754  -13.366  -84.225  -12.814 0.5000000000
123691  -11.015  -82.147  -12.108 0.6000000238
12529  -12.036  -82.872  -11.968 0.6000000238
13360  -11.921  -81.397  -11.537 0.6000000238
11848  -29.155  -83.143  -20.732 0.3000000119
13490  -29.735  -81.463  -21.465 0.3000000119
11846  -27.642  -83.470  -21.434 0.3000000119
14411  -30.412  -80.292  -22.348 0.3000000119
132567  -28.028  -82.892  -21.967 0.3000000119
11828  -27.815  -83.752  -20.763 0.3000000119
11829  -28.556  -83.798  -20.596 0.3000000119
7534  -18.589  -89.665  -28.959 0.4000000060
11165  -14.997  -83.849  -28.368 0.5000000000
13559  -13.900  -81.428  -27.998 0.5000000000
17035  -12.170  -77.944  -18.661 0.5000000000
6865  -19.111  -90.339  -28.477 0.4000000060
7533  -18.162  -89.374  -28.067 0.5000000000
129688  -17.803  -88.085  -26.050 0.5000000000
10270  -17.863  -85.638  -24.400 0.5000000000
10291  -17.488  -85.113  -25.100 0.5000000000
11905  -15.838  -83.261  -25.019 0.5000000000
136059  -15.470  -83.497  -25.900 0.5000000000
11106  -16.163  -83.953  -26.132 0.5000000000
11929  -12.950  -82.903  -28.098 0.5000000000
12666  -29.474  -82.226  -21.086 0.3000000119
12698  -28.578  -82.237  -22.302 0.3000000119
13513  -29.930  -80.782  -21.802 0.3000000119
12679  -28.683  -82.427  -21.272 0.3000000119
12680  -29.072  -81.743  -21.651 0.3000000119
13512  -29.444  -81.225  -21.964 0.3000000119
24160  -22.558  -69.706  -11.896 0.3000000119
5556  -18.313  -92.838  -25.824 0.5000000000
6225  -20.213  -91.463  -27.857 0.4000000060
6828  -18.279  -91.034  -26.426 0.5000000000
6868  -25.896  -89.971  -29.012 0.5000000000
6880  -26.261  -90.592  -29.737 0.5000000000
7510  -24.537  -89.475  -26.749 0.5000000000
7521  -18.069  -89.285  -27.015 0.5000000000
7522  -18.593  -90.223  -28.013 0.4000000060
7543  -18.229  -88.998  -29.775 0.5000000000
7544  -18.774  -89.433  -30.025 0.5000000000
7556  -19.600  -89.399  -31.404 0.5000000000
7557  -20.650  -89.473  -31.614 0.5000000000
7560  -26.176  -89.328  -30.682 0.6000000238
7569  -21.968  -89.054  -32.487 0.5000000000
8189  -23.744  -89.081  -25.383 0.5000000000
8213  -24.975  -88.593  -28.891 0.5000000000
8225  -17.947  -88.458  -30.565 0.5000000000
8235  -18.327  -88.210  -31.802 0.6000000238
8244  -20.594  -88.266  -32.389 0.5000000000
8245  -21.381  -88.243  -32.541 0.6000000238
8246  -22.355  -88.168  -32.757 0.6999999881
8247  -24.369  -88.443  -32.459 0.5000000000
8807  -23.559  -87.076  -20.207 0.4000000060
8809  -25.237  -87.195  -19.893 0.4000000060
8826  -28.384  -86.988  -21.134 0.3000000119
8860  -22.830  -87.816  -24.319 0.5000000000
8893  -24.271  -88.033  -29.189 0.5000000000
8909  -22.744  -87.276  -31.089 0.6999999881
8910  -23.497  -87.517  -30.729 0.6999999881
8921  -21.131  -87.337  -32.185 0.6000000238
8922  -21.971  -87.427  -32.195 0.6999999881
8929  -19.278  -87.887  -32.156 0.6000000238
8930  -20.093  -87.877  -32.285 0.6000000238
9540  -22.379  -86.702  -21.947 0.5000000000
9542  -31.327  -86.162  -23.209 0.3000000119
9578  -17.535  -86.376  -26.104 0.5000000000
9579  -21.623  -86.214  -25.670 0.8000000119
9627  -17.191  -86.464  -29.686 0.5000000000
9628  -21.193  -86.621  -29.685 0.6999999881
9636  -17.250  -86.212  -30.246 0.6000000238
9648  -19.033  -86.639  -31.800 0.6000000238
10208  -25.270  -85.629  -20.003 0.4000000060
10223  -22.848  -85.522  -21.633 0.4000000060
10228  -30.047  -85.365  -21.283 0.3000000119
10241  -25.216  -84.592  -21.736 0.3000000119
10252  -22.041  -84.967  -23.366 0.4000000060
10271  -21.609  -84.429  -24.733 0.4000000060
10294  -26.552  -84.687  -25.188 0.3000000119
10329  -16.617  -85.449  -27.807 0.5000000000
10331  -20.642  -85.486  -27.021 0.6000000238
10344  -16.625  -85.535  -28.573 0.5000000000
10349  -28.042  -85.669  -29.078 0.4000000060
10360  -18.398  -85.235  -29.527 0.5000000000
10361  -18.929  -85.503  -29.472 0.6000000238
10362  -19.654  -85.821  -29.242 0.6000000238
10364  -28.473  -85.573  -29.548 0.4000000060
10371  -17.035  -85.683  -29.820 0.6000000238
10375  -17.444  -85.619  -30.161 0.6999999881
10938  -13.944  -84.787  -13.559 0.6000000238
11000  -28.127  -84.363  -20.441 0.3000000119
11020  -29.264  -84.144  -20.555 0.3000000119
11041  -26.601  -84.154  -21.559 0.4000000060
11044  -31.389  -83.971  -21.896 0.3000000119
11068  -26.612  -84.285  -22.637 0.3000000119
11071  -31.815  -84.763  -22.802 0.3000000119
11129  -16.621  -84.691  -26.591 0.5000000000
11130  -20.167  -84.171  -26.946 0.6000000238
11131  -20.701  -83.921  -26.248 0.6000000238
11132  -24.859  -84.018  -26.158 0.4000000060
11134  -26.019  -84.766  -27.354 0.4000000060
11168  -25.672  -84.582  -28.951 0.4000000060
11173  -15.102  -83.797  -28.955 0.6999999881
11180  -27.480  -85.085  -30.231 0.4000000060
11181  -28.336  -85.202  -29.961 0.4000000060
11183  -15.756  -83.975  -29.554 0.6999999881
11185  -17.664  -84.608  -29.627 0.6999999881
11189  -26.443  -84.192  -30.827 0.4000000060
11190  -27.057  -84.638  -30.566 0.4000000060
11193  -18.195  -85.678  -30.179 0.6000000238
11725  -13.453  -83.182  -11.554 0.6000000238
11726  -14.338  -83.384  -11.614 0.6999999881
11738  -11.781  -83.308  -12.555 0.6000000238
11739  -12.753  -83.479  -12.156 0.6000000238
11741  -14.891  -83.776  -12.311 0.6999999881
11770  -15.272  -83.813  -14.179 0.6999999881
11847  -28.260  -83.123  -20.954 0.3000000119
11906  -16.485  -83.797  -25.228 0.5000000000
11909  -23.161  -83.513  -25.317 0.4000000060
11922  -22.043  -83.317  -26.326 0.4000000060
11930  -13.336  -83.238  -27.935 0.5000000000
11932  -20.162  -83.684  -27.595 0.5000000000
11939  -13.629  -83.198  -28.320 0.5000000000
11940  -14.360  -83.472  -28.504 0.5000000000
11943  -20.641  -83.239  -28.646 0.5000000000
11954  -21.159  -82.899  -29.673 0.5000000000
11960  -28.348  -84.600  -30.153 0.4000000060
11964  -17.485  -84.152  -29.842 0.6999999881
11970  -21.821  -82.619  -30.350 0.5000000000
11972  -24.106  -83.395  -31.023 0.4000000060
11973  -25.379  -83.416  -31.152 0.4000000060
11974  -26.011  -83.609  -30.994 0.5000000000
12512  -14.168  -82.291  -10.706 0.6000000238
12519  -14.681  -82.909  -11.100 0.6000000238
12548  -15.336  -83.157  -13.693 0.6999999881
12566  -14.436  -82.591  -14.898 0.5000000000
12740  -12.397  -82.487  -27.742 0.5000000000
12742  -28.580  -82.161  -28.103 0.4000000060
12745  -12.725  -82.416  -28.122 0.5000000000
12749  -28.488  -82.734  -28.902 0.5000000000
12754  -15.341  -82.624  -29.285 0.6000000238
12755  -16.322  -82.590  -29.503 0.6999999881
12761  -30.002  -83.487  -29.403 0.4000000060
12766  -17.989  -83.185  -29.646 0.5000000000
12767  -18.786  -82.857  -29.456 0.5000000000
12768  -19.653  -82.422  -29.684 0.5000000000
12772  -23.211  -82.588  -31.144 0.5000000000
12773  -24.115  -82.844  -31.364 0.4000000060
13354  -14.850  -81.702  -10.438 0.6000000238
13355  -15.624  -81.887  -10.760 0.6000000238
13356  -16.044  -81.223  -10.642 0.6000000238
13361  -12.617  -81.792  -11.199 0.6000000238
13362  -13.348  -82.472  -11.098 0.6000000238
13363  -15.905  -82.079  -11.362 0.6000000238
13372  -11.274  -81.446  -11.880 0.6000000238
13400  -15.324  -81.137  -13.853 0.6999999881
13491  -30.406  -81.107  -21.409 0.3000000119
13560  -14.838  -81.416  -27.888 0.6000000238
13566  -12.892  -82.142  -28.263 0.5000000000
13567  -13.585  -82.021  -28.466 0.5000000000
13586  -21.277  -81.588  -30.073 0.5000000000
13594  -20.254  -81.905  -29.900 0.5000000000
13596  -21.665  -81.953  -30.509 0.5000000000
13597  -22.406  -81.779  -30.557 0.5000000000
14247  -16.128  -80.592  -10.469 0.6000000238
14252  -11.682  -80.697  -11.778 0.6000000238
14254  -13.145  -81.047  -10.878 0.6000000238
14255  -16.538  -80.815  -10.777 0.6000000238
14256  -17.294  -80.328  -10.903 0.6000000238
14264  -10.938  -80.674  -12.236 0.5000000000
14266  -17.732  -80.384  -12.504 0.6000000238
14278  -15.885  -80.900  -13.504 0.6000000238
14280  -17.610  -80.420  -13.588 0.6000000238
14281  -18.534  -80.216  -13.264 0.5000000000
14290  -14.280  -80.969  -14.604 0.5000000000
14292  -17.456  -80.445  -14.567 0.6000000238
14305  -12.965  -80.687  -15.367 0.5000000000
14307  -14.422  -80.496  -15.040 0.6999999881
14324  -13.419  -80.023  -15.656 0.5000000000
14325  -14.377  -80.117  -15.803 0.6000000238
14343  -18.258  -80.382  -17.296 0.6999999881
14422  -13.911  -80.281  -25.698 0.6999999881
14424  -15.596  -80.488  -24.893 0.6999999881
14427  -19.727  -80.478  -24.976 0.5000000000
14439  -15.086  -80.933  -26.033 0.6999999881
14442  -18.947  -81.253  -25.716 0.6000000238
14444  -20.856  -80.442  -25.809 0.6000000238
14453  -12.276  -81.104  -27.471 0.6000000238
14457  -16.529  -81.270  -26.637 0.6999999881
14461  -20.652  -80.757  -26.695 0.6000000238
14472  -16.882  -81.365  -27.726 0.6000000238
14478  -22.584  -80.583  -28.832 0.5000000000
14481  -26.188  -81.070  -29.204 0.5000000000
14487  -21.833  -81.084  -29.520 0.5000000000
15167  -14.484  -79.843  -10.480 0.6000000238
15169  -16.388  -79.862  -10.367 0.6000000238
15176  -12.405  -79.254  -11.779 0.5000000000
15177  -13.633  -79.397  -10.988 0.6000000238
15191  -19.239  -79.911  -12.937 0.6000000238
15217  -11.642  -79.753  -16.421 0.5000000000
15221  -14.684  -79.986  -16.687 0.6000000238
15222  -19.246  -79.978  -16.400 0.5000000000
15232  -12.762  -79.286  -16.635 0.6000000238
15238  -19.296  -79.555  -17.118 0.6999999881
15249  -16.343  -79.949  -18.741 0.6999999881
15258  -17.772  -79.616  -19.537 0.6000000238
15312  -18.264  -80.291  -24.588 0.6000000238
15313  -24.680  -79.713  -24.297 0.5000000000
15322  -10.565  -79.401  -25.911 0.5000000000
15327  -16.347  -79.331  -24.767 0.6999999881
15328  -17.944  -79.679  -24.704 0.6999999881
15329  -18.823  -79.824  -24.676 0.6000000238
15330  -19.643  -79.940  -24.791 0.6000000238
15340  -24.952  -79.306  -26.457 0.5000000000
16013  -15.839  -79.307  -10.371 0.6000000238
16014  -16.712  -79.117  -10.335 0.6000000238
16015  -17.482  -78.933  -10.413 0.6999999881
16026  -17.004  -78.321  -10.574 0.6999999881
16028  -18.990  -78.720  -10.849 0.6999999881
16029  -19.725  -79.056  -11.402 0.6999999881
16039  -20.838  -78.395  -12.368 0.6000000238
16045  -10.614  -78.770  -13.278 0.5000000000
16047  -20.595  -78.892  -13.151 0.6999999881
16048  -21.021  -78.234  -13.153 0.5000000000
16082  -19.479  -78.567  -16.917 0.5000000000
16097  -13.808  -79.146  -17.863 0.6999999881
16098  -19.256  -79.019  -17.847 0.6000000238
16111  -11.620  -78.323  -18.029 0.5000000000
16115  -14.884  -79.167  -19.015 0.6000000238
16127  -15.214  -78.925  -19.768 0.6000000238
16128  -16.188  -79.281  -20.063 0.6000000238
16130  -18.519  -79.133  -19.593 0.6000000238
16141  -16.585  -79.029  -20.838 0.6000000238
16143  -18.338  -78.468  -21.039 0.6000000238
16144  -23.470  -78.494  -20.159 0.5000000000
16146  -24.909  -78.789  -20.233 0.4000000060
16161  -16.855  -78.629  -21.567 0.5000000000
16163  -18.371  -78.016  -21.542 0.5000000000
16164  -23.597  -78.857  -20.910 0.5000000000
16167  -25.783  -78.785  -21.501 0.4000000060
16175  -23.463  -79.000  -21.939 0.5000000000
16203  -24.151  -79.122  -24.202 0.4000000060
16219  -13.079  -78.777  -24.890 0.6000000238
16221  -16.892  -78.290  -25.377 0.6999999881
16236  -18.648  -78.457  -25.782 0.6000000238
16237  -20.358  -78.861  -26.115 0.6000000238
16238  -20.929  -79.715  -25.749 0.6000000238
16239  -21.633  -79.674  -26.555 0.6000000238
16947  -13.850  -78.032  -11.766 0.6000000238
16949  -16.300  -77.716  -11.211 0.6000000238
16953  -20.856  -77.735  -11.802 0.6000000238
16975  -12.047  -77.254  -13.134 0.5000000000
16976  -12.858  -77.108  -13.007 0.5000000000
17036  -12.846  -78.239  -18.734 0.6000000238
17054  -12.825  -77.700  -19.402 0.6000000238
17056  -18.693  -78.286  -20.201 0.6000000238
17066  -14.115  -77.544  -20.858 0.6000000238
17068  -18.597  -77.848  -20.999 0.5000000000
17084  -17.128  -78.167  -22.311 0.6000000238
17089  -26.340  -78.068  -21.408 0.4000000060
17103  -16.265  -77.580  -22.790 0.5000000000
17105  -22.502  -77.609  -22.048 0.5000000000
17120  -23.249  -77.642  -23.551 0.6000000238
17132  -13.143  -77.437  -24.190 0.5000000000
17142  -13.564  -77.945  -24.616 0.6000000238
17143  -14.883  -78.060  -24.815 0.6000000238
17145  -16.343  -77.680  -25.261 0.6000000238
17164  -23.676  -77.574  -28.314 0.6000000238
17881  -17.191  -76.095  -12.226 0.5000000000
17882  -17.686  -75.836  -11.758 0.5000000000
17895  -15.462  -76.014  -14.283 0.5000000000
17904  -12.802  -76.419  -14.438 0.5000000000
17905  -13.850  -76.451  -14.793 0.4000000060
17906  -14.756  -76.325  -14.637 0.5000000000
17908  -21.199  -76.672  -13.912 0.5000000000
17967  -12.027  -76.314  -20.383 0.5000000000
17968  -13.648  -76.886  -21.324 0.5000000000
17969  -18.290  -76.579  -21.306 0.5000000000
17970  -18.607  -77.375  -20.322 0.6000000238
17980  -13.093  -76.348  -21.525 0.5000000000
17982  -18.418  -76.892  -22.133 0.5000000000
17991  -13.865  -76.627  -22.081 0.5000000000
17992  -16.704  -77.168  -23.541 0.6000000238
18011  -23.123  -76.558  -23.962 0.6000000238
18044  -18.732  -76.707  -26.166 0.6000000238
18776  -19.471  -75.644  -11.113 0.5000000000
18777  -20.426  -75.863  -11.385 0.5000000000
18798  -16.058  -75.835  -13.492 0.6000000238
18799  -21.487  -76.024  -13.249 0.5000000000
18808  -15.273  -75.472  -14.688 0.5000000000
18828  -19.270  -75.876  -16.269 0.5000000000
18832  -18.450  -75.055  -17.264 0.5000000000
18839  -18.252  -75.542  -18.103 0.5000000000
18847  -18.155  -76.026  -18.892 0.6999999881
18902  -12.755  -76.220  -22.639 0.4000000060
18905  -23.031  -75.443  -24.255 0.5000000000
18914  -17.424  -76.486  -25.226 0.6000000238
18915  -18.056  -75.940  -24.696 0.6000000238
18937  -18.358  -76.285  -25.742 0.5000000000
18938  -19.072  -76.032  -25.993 0.6000000238
18941  -21.877  -74.949  -26.846 0.5000000000
18942  -22.892  -74.708  -27.026 0.5000000000
18943  -23.848  -75.041  -26.721 0.6000000238
19721  -17.855  -74.378  -11.265 0.5000000000
19733  -21.368  -74.729  -11.787 0.5000000000
19821  -16.798  -74.048  -22.857 0.6000000238
19851  -18.728  -74.065  -24.630 0.6000000238
19852  -21.671  -73.428  -24.223 0.5000000000
19854  -23.155  -74.095  -25.348 0.5000000000
19861  -19.256  -74.168  -25.075 0.6000000238
19864  -21.537  -73.587  -25.658 0.6000000238
19865  -22.984  -73.862  -25.802 0.5000000000
19868  -20.257  -74.902  -25.973 0.6000000238
19871  -23.650  -74.414  -25.909 0.5000000000
20616  -20.753  -73.134  -10.925 0.4000000060
20626  -17.088  -73.944  -11.709 0.5000000000
20635  -14.963  -73.194  -13.696 0.4000000060
20641  -14.904  -73.864  -14.164 0.4000000060
20648  -14.079  -74.006  -16.233 0.4000000060
20720  -16.080  -73.186  -22.526 0.6000000238
20731  -17.589  -73.129  -23.881 0.6000000238
20733  -20.248  -73.091  -22.996 0.5000000000
20743  -20.032  -72.826  -24.809 0.6000000238
20744  -20.720  -72.789  -24.753 0.5000000000
20751  -20.764  -73.088  -25.245 0.6000000238
21450  -16.951  -72.999  -11.817 0.5000000000
21459  -14.614  -72.427  -14.029 0.4000000060
21461  -21.797  -72.797  -12.502 0.4000000060
21551  -18.717  -71.892  -22.900 0.6000000238
21558  -17.157  -72.515  -23.483 0.6000000238
21565  -19.971  -72.549  -24.295 0.6000000238
22295  -19.704  -71.442  -10.997 0.4000000060
22296  -20.601  -71.577  -11.023 0.4000000060
22309  -17.178  -71.604  -11.968 0.5000000000
22312  -22.466  -71.701  -12.394 0.4000000060
22340  -14.467  -71.664  -14.361 0.4000000060
22354  -13.990  -72.158  -15.734 0.3000000119
22355  -14.100  -71.408  -16.026 0.3000000119
23210  -19.206  -70.730  -11.355 0.4000000060
23213  -21.900  -71.410  -11.717 0.4000000060
23231  -18.707  -70.076  -11.884 0.4000000060
23249  -23.573  -71.243  -13.756 0.4000000060
23261  -15.052  -70.026  -14.107 0.4000000060
23262  -23.539  -71.254  -14.991 0.4000000060
24157  -18.321  -69.590  -12.426 0.3000000119
24159  -21.609  -69.823  -11.694 0.4000000060
24169  -16.040  -69.781  -13.480 0.3000000119
24185  -16.183  -68.978  -13.979 0.3000000119
24197  -14.535  -69.910  -15.496 0.3000000119
24229  -15.061  -69.246  -18.170 0.3000000119
24259  -13.368  -69.729  -20.177 0.3000000119
25136  -14.887  -69.111  -15.820 0.3000000119
25138  -15.826  -68.215  -15.011 0.3000000119
26071  -15.820  -67.984  -15.702 0.3000000119
26084  -15.878  -67.815  -16.632 0.3000000119
26099  -16.766  -66.917  -16.942 0.3000000119
26126  -14.691  -68.325  -19.848 0.4000000060
26995  -17.507  -66.262  -15.951 0.3000000119
27009  -13.196  -66.017  -18.369 0.4000000060
27011  -17.699  -65.613  -16.650 0.3000000119
27962  -17.895  -65.022  -17.172 0.3000000119
27976  -14.218  -65.920  -18.504 0.4000000060
27977  -15.126  -65.888  -18.438 0.4000000060
28855  -12.490  -64.239  -16.658 0.4000000060
28857  -18.696  -64.485  -16.562 0.3000000119
28858  -19.050  -64.436  -15.736 0.3000000119
28876  -15.531  -64.455  -17.638 0.4000000060
28889  -16.091  -64.969  -17.965 0.4000000060
28890  -16.798  -64.615  -18.020 0.3000000119
28891  -17.471  -64.433  -18.304 0.3000000119
29716  -19.734  -63.379  -15.573 0.3000000119
29728  -12.524  -63.372  -16.081 0.3000000119
29729  -13.285  -63.001  -16.122 0.3000000119
29730  -14.120  -63.432  -16.583 0.3000000119
29748  -15.957  -63.316  -17.955 0.4000000060
29774  -18.080  -62.952  -18.847 0.3000000119
30640  -12.691  -61.649  -14.594 0.3000000119
30654  -13.807  -61.637  -15.697 0.3000000119
30698  -17.619  -62.288  -18.610 0.3000000119
31550  -13.773  -60.871  -15.276 0.3000000119
31562  -15.006  -61.372  -16.773 0.4000000060
32481  -14.112  -60.140  -15.325 0.3000000119
33459  -14.927  -58.955  -15.437 0.3000000119
118362  -15.731  -81.176  -26.599 0.6999999881
118776  -15.862  -80.134  -17.985 0.6999999881
119248  -20.358  -86.521  -31.074 0.6999999881
120049  -19.077  -78.470  -18.412 0.6000000238
120130  -18.781  -74.954  -10.959 0.5000000000
120134  -25.039  -80.815  -29.663 0.5000000000
120371  -20.414  -80.397  -25.344 0.6000000238
120620  -17.750  -74.968  -23.174 0.6000000238
121209  -18.774  -80.800  -24.929 0.6000000238
121326  -23.741  -84.080  -23.626 0.4000000060
121414  -21.091  -76.339  -11.774 0.5000000000
121886  -18.929  -64.903  -15.216 0.3000000119
122323  -19.072  -80.216  -15.750 0.5000000000
122476  -13.123  -76.702  -20.928 0.5000000000
122483  -21.471  -76.235  -12.344 0.5000000000
122893  -13.495  -79.379  -17.001 0.6000000238
123396  -17.719  -85.963  -25.307 0.5000000000
123888  -22.527  -70.506  -12.034 0.4000000060
123939  -14.666  -74.154  -14.859 0.5000000000
124726  -18.806  -75.692  -16.836 0.5000000000
124798  -18.120  -77.109  -22.709 0.6000000238
124959  -23.442  -88.136  -32.780 0.6000000238
125111  -13.176  -76.562  -23.234 0.6000000238
125660  -17.613  -83.531  -29.842 0.6000000238
125939  -18.220  -65.097  -16.514 0.3000000119
126132  -15.631  -61.230  -17.369 0.4000000060
126353  -16.730  -83.994  -29.985 0.6999999881
126597  -22.796  -87.580  -26.717 0.6000000238
126853  -25.978  -84.653  -29.844 0.4000000060
127338  -12.587  -79.369  -25.498 0.6000000238
127392  -14.920  -80.028  -24.743 0.6999999881
127475  -19.603  -72.789  -10.647 0.4000000060
128395  -19.565  -78.808  -25.782 0.6000000238
128638  -19.444  -74.246  -10.706 0.4000000060
128690  -23.407  -75.236  -27.402 0.5000000000
128735  -29.839  -84.627  -20.846 0.3000000119
129932  -11.967  -76.364  -14.316 0.5000000000
130052  -15.696  -84.357  -27.985 0.5000000000
130137  -22.571  -88.420  -22.438 0.4000000060
130152  -14.622  -83.378  -26.443 0.5000000000
130213  -19.878  -78.814  -15.747 0.5000000000
130759  -15.209  -78.736  -10.708 0.6000000238
130889  -22.242  -73.610  -25.556 0.5000000000
131179  -17.869  -86.640  -31.364 0.6000000238
131416  -16.264  -61.589  -17.927 0.4000000060
131533  -27.163  -84.996  -20.126 0.4000000060
132521  -22.734  -83.273  -26.926 0.4000000060
132591  -18.745  -77.523  -19.491 0.6000000238
132776  -19.183  -77.129  -26.526 0.5000000000
133189  -17.177  -79.319  -24.836 0.6999999881
133208  -13.464  -76.898  -23.770 0.4000000060
133523  -13.854  -77.466  -12.305 0.6000000238
133612  -22.536  -87.013  -21.208 0.5000000000
134772  -21.015  -90.754  -28.882 0.5000000000
135784  -14.779  -81.228  -14.215 0.6999999881
136016  -11.489  -82.644  -12.153 0.6000000238
136151  -19.790  -86.827  -31.930 0.6000000238
136178  -13.387  -64.381  -17.007 0.4000000060
136220  -17.360  -80.510  -11.641 0.6000000238
136428  -16.847  -67.907  -14.420 0.3000000119
136702  -18.847  -82.327  -29.602 0.5000000000
136814  -20.338  -87.298  -32.149 0.6000000238
137064  -24.144  -78.112  -28.440 0.5000000000
137198  -14.805  -69.660  -17.353 0.3000000119
137259  -13.611  -68.517  -20.114 0.3000000119
137453  -19.716  -79.624  -14.692 0.6000000238
137562  -13.559  -76.883  -13.206 0.4000000060
137702  -24.850  -81.484  -30.418 0.5000000000
138377  -17.713  -91.225  -24.427 0.4000000060
139111  -27.193  -85.260  -29.849 0.4000000060
139318  -14.006  -76.256  -15.653 0.5000000000
139480  -17.308  -84.584  -24.906 0.5000000000
139689  -13.002  -79.314  -11.360 0.5000000000
139917  -17.149  -76.773  -25.441 0.5000000000
140277  -15.481  -69.912  -13.792 0.3000000119
140476  -26.873  -85.313  -28.520 0.4000000060
140491  -17.499  -87.323  -31.117 0.6000000238
140904  -24.294  -76.751  -27.799 0.6000000238
141008  -16.901  -80.512  -16.628 0.6999999881
141052  -17.560  -65.057  -17.502 0.3000000119
141072  -17.768  -87.525  -25.493 0.5000000000
141088  -19.883  -77.121  -26.955 0.6000000238
141735  -30.953  -84.310  -21.616 0.3000000119
141869  -17.572  -76.963  -11.519 0.6000000238
141930  -26.676  -81.566  -29.234 0.5000000000
142375  -15.508  -83.020  -11.855 0.6000000238
142434  -23.432  -74.779  -26.971 0.5000000000
142453  -19.178  -74.890  -25.348 0.6000000238
142467  -24.060  -76.194  -25.559 0.6000000238
142471  -19.683  -78.648  -16.288 0.5000000000
142598  -19.362  -88.656  -32.135 0.5000000000
142702  -15.222  -63.365  -17.146 0.4000000060
