#!ascii label  , from subject sub-v2s0x29034_ses-1 vox2ras=TkReg
426
67963  -18.953  -12.282  -40.524 0.0000000000
136826  -16.996  -14.645  -37.692 0.0000000000
63773  -22.951  -16.316  -39.020 0.0000000000
60586  -19.526  -18.906  -37.052 0.0000000000
80751  -21.783  0.652  -44.519 0.0000000000
77056  -23.330  -3.104  -43.372 0.0000000000
74025  -15.220  -6.633  -39.658 0.0000000000
129320  -18.796  -21.806  -34.607 0.0000000000
63748  -18.329  -16.489  -37.556 0.0000000000
61674  -17.686  -18.077  -36.080 0.0000000000
124353  -22.712  -0.895  -43.771 0.0000000000
77051  -18.892  -3.824  -43.240 0.0000000000
69953  -15.415  -11.273  -38.230 0.0000000000
72974  -12.115  -8.178  -36.959 0.0000000000
70977  -16.880  -9.591  -40.310 0.0000000000
72022  -20.111  -7.595  -42.856 0.0000000000
70002  -21.863  -10.236  -42.314 0.0000000000
67968  -23.508  -12.341  -40.732 0.0000000000
67910  -15.291  -12.093  -37.521 0.0000000000
66861  -17.963  -13.514  -39.210 0.0000000000
65758  -21.179  -14.481  -40.124 0.0000000000
63769  -19.735  -15.662  -38.793 0.0000000000
62729  -20.575  -17.114  -38.409 0.0000000000
60589  -22.969  -19.810  -37.666 0.0000000000
76008  -15.413  -5.472  -39.786 0.0000000000
74061  -19.037  -5.699  -43.180 0.0000000000
75033  -23.683  -5.658  -42.681 0.0000000000
59393  -17.663  -20.010  -34.960 0.0000000000
59395  -18.893  -20.129  -35.905 0.0000000000
62702  -17.147  -17.388  -36.068 0.0000000000
61662  -16.728  -18.268  -35.182 0.0000000000
78021  -18.680  -2.993  -43.256 0.0000000000
77034  -17.979  -3.921  -42.390 0.0000000000
69962  -16.802  -11.219  -39.450 0.0000000000
70964  -15.557  -9.808  -38.991 0.0000000000
69986  -18.531  -10.823  -41.024 0.0000000000
69999  -19.617  -10.029  -42.099 0.0000000000
68980  -20.840  -11.313  -41.997 0.0000000000
68972  -22.650  -11.453  -41.580 0.0000000000
67966  -20.981  -12.664  -41.222 0.0000000000
66834  -15.814  -12.865  -37.571 0.0000000000
132464  -16.223  -12.850  -37.989 0.0000000000
65732  -17.331  -13.949  -38.444 0.0000000000
65741  -18.402  -14.211  -39.103 0.0000000000
64756  -18.731  -15.233  -38.561 0.0000000000
61684  -19.060  -17.925  -37.387 0.0000000000
62727  -19.699  -17.081  -38.061 0.0000000000
140653  -20.453  -18.207  -37.780 0.0000000000
60602  -22.034  -19.104  -37.743 0.0000000000
60587  -21.255  -19.380  -37.448 0.0000000000
80737  -19.677  0.388  -43.719 0.0000000000
80748  -19.409  1.120  -44.297 0.0000000000
81647  -21.373  1.530  -44.917 0.0000000000
82472  -22.819  2.934  -45.502 0.0000000000
80752  -23.537  1.015  -44.189 0.0000000000
78024  -23.280  -2.126  -43.490 0.0000000000
74004  -12.725  -6.829  -37.780 0.0000000000
74987  -12.519  -5.854  -37.815 0.0000000000
135905  -15.184  -6.029  -39.696 0.0000000000
75024  -17.271  -5.482  -41.704 0.0000000000
131704  -17.931  -6.558  -42.178 0.0000000000
73046  -22.419  -7.767  -42.658 0.0000000000
74066  -22.472  -6.608  -43.031 0.0000000000
147212  -24.211  -6.587  -42.078 0.0000000000
64781  -21.459  -15.065  -39.754 0.0000000000
65759  -22.930  -14.424  -40.035 0.0000000000
58339  -17.892  -21.371  -34.265 0.0000000000
128398  -18.190  -20.931  -34.837 0.0000000000
58347  -18.509  -20.488  -35.374 0.0000000000
134521  -19.627  -21.407  -35.366 0.0000000000
64731  -16.414  -15.269  -36.880 0.0000000000
135113  -18.065  -15.700  -37.854 0.0000000000
63738  -17.668  -16.649  -36.978 0.0000000000
62713  -18.207  -17.385  -37.034 0.0000000000
129219  -19.010  -18.816  -36.827 0.0000000000
79863  -20.917  -0.412  -43.802 0.0000000000
79865  -22.412  -0.124  -44.086 0.0000000000
78029  -21.192  -2.040  -43.904 0.0000000000
77061  -20.937  -3.081  -43.869 0.0000000000
77054  -21.260  -3.932  -43.770 0.0000000000
69951  -14.034  -11.009  -37.611 0.0000000000
70953  -14.001  -9.680  -37.994 0.0000000000
71974  -14.569  -8.344  -38.644 0.0000000000
71991  -15.762  -8.160  -39.835 0.0000000000
132070  -17.719  -7.496  -41.762 0.0000000000
134895  -18.637  -8.839  -41.909 0.0000000000
71007  -21.162  -8.901  -42.679 0.0000000000
70999  -23.466  -9.118  -41.750 0.0000000000
69989  -24.069  -9.921  -41.224 0.0000000000
56131  -19.999  -23.036  -34.412 0.0000000000
56146  -20.532  -22.635  -34.918 0.0000000000
68934  -15.331  -11.775  -37.819 0.0000000000
67935  -16.434  -12.319  -38.538 0.0000000000
67950  -18.521  -12.623  -39.985 0.0000000000
66888  -19.794  -13.195  -40.461 0.0000000000
66875  -19.400  -13.747  -39.886 0.0000000000
64779  -20.186  -15.010  -39.475 0.0000000000
63771  -21.151  -15.944  -39.135 0.0000000000
63762  -19.295  -15.943  -38.421 0.0000000000
62739  -20.322  -16.467  -38.612 0.0000000000
62741  -21.786  -16.912  -38.735 0.0000000000
135747  -22.899  -18.226  -38.351 0.0000000000
126445  -23.857  -19.443  -38.053 0.0000000000
80753  -23.867  0.488  -43.911 0.0000000000
136589  -18.189  -4.873  -42.694 0.0000000000
133175  -19.377  -4.954  -43.384 0.0000000000
76054  -21.552  -4.689  -43.652 0.0000000000
73053  -19.995  -6.710  -42.996 0.0000000000
75041  -21.412  -5.702  -43.506 0.0000000000
76056  -23.323  -4.504  -43.175 0.0000000000
130337  -22.149  -13.201  -40.868 0.0000000000
66879  -24.019  -13.409  -40.038 0.0000000000
61651  -16.929  -18.864  -34.888 0.0000000000
60565  -17.454  -19.182  -35.228 0.0000000000
60577  -18.825  -19.520  -36.256 0.0000000000
59403  -19.227  -19.508  -36.517 0.0000000000
57199  -20.972  -21.644  -35.840 0.0000000000
58358  -20.944  -20.848  -36.382 0.0000000000
59415  -21.388  -20.182  -37.044 0.0000000000
77033  -17.800  -3.975  -41.995 0.0000000000
68959  -17.920  -11.979  -39.974 0.0000000000
135716  -17.464  -11.401  -39.932 0.0000000000
69976  -17.938  -11.148  -40.486 0.0000000000
68971  -20.051  -11.617  -41.525 0.0000000000
67978  -20.696  -12.032  -41.536 0.0000000000
67965  -20.248  -12.562  -41.031 0.0000000000
65707  -16.482  -14.560  -37.352 0.0000000000
65717  -16.198  -13.811  -37.459 0.0000000000
65718  -16.696  -13.987  -37.889 0.0000000000
66835  -16.193  -13.193  -37.763 0.0000000000
65733  -18.104  -14.525  -38.638 0.0000000000
65719  -17.454  -14.545  -38.142 0.0000000000
134488  -19.385  -18.328  -37.328 0.0000000000
61686  -19.879  -18.256  -37.564 0.0000000000
60600  -20.413  -18.930  -37.404 0.0000000000
135884  -20.954  0.370  -44.285 0.0000000000
80750  -20.918  0.982  -44.675 0.0000000000
81648  -22.317  1.457  -44.825 0.0000000000
81649  -23.325  1.599  -44.556 0.0000000000
138375  -22.925  0.675  -44.321 0.0000000000
78965  -24.032  -1.623  -43.228 0.0000000000
78025  -24.019  -2.396  -43.053 0.0000000000
77057  -24.009  -3.095  -42.897 0.0000000000
133863  -14.324  -7.454  -38.600 0.0000000000
74005  -13.690  -6.065  -38.269 0.0000000000
74988  -13.654  -5.060  -38.120 0.0000000000
75017  -15.741  -6.048  -40.226 0.0000000000
74038  -15.696  -6.740  -40.123 0.0000000000
126698  -23.126  -7.600  -42.415 0.0000000000
73048  -23.907  -7.176  -42.109 0.0000000000
63785  -21.657  -15.613  -39.414 0.0000000000
64782  -22.438  -15.184  -39.709 0.0000000000
64769  -23.277  -15.717  -39.280 0.0000000000
57178  -18.262  -21.558  -34.411 0.0000000000
134520  -18.642  -21.066  -35.088 0.0000000000
57187  -19.120  -21.398  -35.128 0.0000000000
63736  -16.397  -15.888  -36.483 0.0000000000
63737  -16.939  -16.003  -36.803 0.0000000000
135403  -17.205  -16.786  -36.503 0.0000000000
62703  -17.680  -17.387  -36.532 0.0000000000
133578  -18.084  -17.986  -36.566 0.0000000000
61683  -18.550  -18.231  -36.874 0.0000000000
61675  -18.130  -18.655  -36.212 0.0000000000
78964  -19.891  -1.425  -43.539 0.0000000000
78972  -20.642  -1.338  -43.704 0.0000000000
78963  -19.176  -2.005  -43.474 0.0000000000
77052  -19.274  -3.551  -43.415 0.0000000000
77053  -19.914  -3.315  -43.628 0.0000000000
126186  -19.900  -4.070  -43.581 0.0000000000
69952  -14.685  -10.801  -37.937 0.0000000000
69960  -15.270  -10.535  -38.462 0.0000000000
70965  -16.276  -9.693  -39.648 0.0000000000
71976  -15.878  -9.045  -39.536 0.0000000000
135274  -15.144  -8.016  -39.226 0.0000000000
71992  -16.453  -8.718  -40.295 0.0000000000
72001  -17.579  -8.479  -41.333 0.0000000000
70985  -18.048  -9.150  -41.441 0.0000000000
70001  -21.105  -10.441  -42.373 0.0000000000
130237  -20.052  -9.515  -42.452 0.0000000000
143890  -21.346  -9.692  -42.516 0.0000000000
70997  -21.864  -9.290  -42.513 0.0000000000
145275  -22.226  -9.786  -42.301 0.0000000000
138223  -22.520  -10.198  -42.044 0.0000000000
137928  -22.635  -12.282  -41.221 0.0000000000
68973  -23.322  -11.450  -41.248 0.0000000000
54972  -20.483  -23.787  -33.989 0.0000000000
54973  -21.309  -23.953  -34.159 0.0000000000
130512  -14.770  -11.526  -37.671 0.0000000000
134951  -14.006  -11.557  -37.634 0.0000000000
68919  -14.782  -11.692  -37.569 0.0000000000
67923  -16.690  -12.843  -38.491 0.0000000000
67922  -15.938  -12.329  -38.041 0.0000000000
132688  -17.348  -13.024  -38.984 0.0000000000
67937  -17.776  -12.728  -39.465 0.0000000000
131633  -18.387  -13.226  -39.586 0.0000000000
66874  -18.863  -13.293  -39.798 0.0000000000
66862  -18.759  -13.879  -39.503 0.0000000000
65734  -18.732  -14.747  -38.906 0.0000000000
65742  -19.027  -14.584  -39.220 0.0000000000
64765  -19.640  -14.993  -39.246 0.0000000000
64766  -20.481  -15.375  -39.283 0.0000000000
122885  -20.109  -15.493  -39.083 0.0000000000
63761  -18.641  -15.856  -38.121 0.0000000000
63749  -19.029  -16.597  -37.913 0.0000000000
62728  -20.053  -17.019  -38.275 0.0000000000
62740  -21.019  -16.546  -38.794 0.0000000000
62730  -21.355  -17.352  -38.487 0.0000000000
61710  -22.328  -17.560  -38.523 0.0000000000
129203  -22.917  -18.903  -38.037 0.0000000000
79866  -23.241  -0.224  -43.918 0.0000000000
71947  -12.476  -8.736  -36.627 0.0000000000
75990  -15.294  -4.276  -38.928 0.0000000000
76009  -15.893  -5.399  -40.271 0.0000000000
76025  -16.996  -5.214  -41.372 0.0000000000
75032  -18.656  -5.650  -42.963 0.0000000000
75040  -18.904  -5.073  -43.210 0.0000000000
141235  -19.302  -5.462  -43.289 0.0000000000
133212  -20.043  -4.875  -43.556 0.0000000000
135251  -20.921  -5.103  -43.593 0.0000000000
72009  -19.379  -7.729  -42.629 0.0000000000
73044  -18.874  -7.010  -42.669 0.0000000000
74056  -23.077  -6.148  -43.005 0.0000000000
74065  -21.718  -6.434  -43.267 0.0000000000
75043  -22.956  -5.326  -43.256 0.0000000000
76045  -23.641  -4.976  -42.792 0.0000000000
75035  -24.758  -4.595  -42.112 0.0000000000
65772  -20.770  -13.992  -40.366 0.0000000000
66890  -21.309  -13.399  -40.782 0.0000000000
65773  -21.236  -13.986  -40.436 0.0000000000
66878  -23.282  -13.679  -40.279 0.0000000000
60553  -17.148  -19.632  -34.624 0.0000000000
129321  -18.506  -19.862  -35.757 0.0000000000
59404  -19.388  -20.076  -36.253 0.0000000000
57188  -20.299  -21.862  -35.372 0.0000000000
63721  -16.697  -16.580  -36.246 0.0000000000
62692  -16.703  -17.314  -35.766 0.0000000000
61663  -17.153  -18.254  -35.529 0.0000000000
125474  -18.673  -2.441  -43.353 0.0000000000
77050  -18.453  -3.466  -43.027 0.0000000000
135360  -16.179  -11.433  -38.752 0.0000000000
69961  -16.054  -10.643  -39.000 0.0000000000
69974  -16.683  -10.344  -39.750 0.0000000000
69985  -17.936  -10.185  -41.011 0.0000000000
132071  -18.549  -9.828  -41.503 0.0000000000
69987  -19.108  -10.417  -41.558 0.0000000000
142643  -19.642  -10.827  -41.710 0.0000000000
68981  -21.590  -11.120  -42.057 0.0000000000
68982  -22.276  -10.936  -41.917 0.0000000000
67980  -22.057  -11.733  -41.681 0.0000000000
67967  -21.759  -12.562  -41.310 0.0000000000
65705  -15.055  -13.511  -36.464 0.0000000000
67911  -15.762  -12.533  -37.708 0.0000000000
66849  -16.699  -13.367  -38.230 0.0000000000
66850  -17.309  -13.432  -38.712 0.0000000000
129223  -17.822  -13.926  -38.858 0.0000000000
62714  -18.787  -17.334  -37.456 0.0000000000
62715  -19.314  -17.221  -37.783 0.0000000000
61685  -19.537  -17.714  -37.689 0.0000000000
61696  -19.860  -17.515  -37.933 0.0000000000
61697  -20.230  -17.623  -38.027 0.0000000000
61698  -20.886  -17.824  -38.121 0.0000000000
60601  -21.118  -18.589  -37.787 0.0000000000
60588  -22.023  -19.786  -37.432 0.0000000000
133567  -19.079  0.236  -43.294 0.0000000000
80749  -20.159  0.887  -44.447 0.0000000000
81661  -21.815  2.218  -45.226 0.0000000000
139540  -24.217  2.109  -44.372 0.0000000000
78975  -22.846  -1.587  -43.674 0.0000000000
78976  -23.511  -1.084  -43.558 0.0000000000
122488  -11.233  -4.620  -37.261 0.0000000000
75988  -12.504  -4.779  -37.639 0.0000000000
75004  -15.139  -5.793  -39.555 0.0000000000
75005  -15.529  -5.604  -39.926 0.0000000000
75018  -16.525  -5.789  -41.013 0.0000000000
74046  -17.577  -5.973  -42.000 0.0000000000
73043  -18.482  -6.355  -42.637 0.0000000000
134360  -21.714  -7.776  -42.832 0.0000000000
73055  -21.233  -6.994  -43.100 0.0000000000
143790  -22.621  -7.180  -42.745 0.0000000000
73047  -23.162  -6.855  -42.660 0.0000000000
74047  -24.418  -5.968  -42.071 0.0000000000
130475  -22.018  -14.548  -40.186 0.0000000000
64783  -23.586  -14.991  -39.511 0.0000000000
59384  -17.809  -20.746  -34.625 0.0000000000
59394  -18.129  -20.289  -35.207 0.0000000000
145296  -18.789  -20.596  -35.494 0.0000000000
58348  -19.267  -20.744  -35.650 0.0000000000
64741  -16.944  -15.211  -37.314 0.0000000000
64742  -17.537  -15.153  -37.782 0.0000000000
63747  -17.579  -15.855  -37.399 0.0000000000
79853  -18.660  -0.428  -42.995 0.0000000000
79854  -19.356  -0.779  -43.285 0.0000000000
136213  -20.400  0.170  -43.944 0.0000000000
79864  -21.624  -0.183  -44.000 0.0000000000
78973  -21.458  -1.068  -43.774 0.0000000000
78974  -22.118  -1.599  -43.808 0.0000000000
78023  -20.093  -2.337  -43.717 0.0000000000
78030  -21.887  -2.527  -43.847 0.0000000000
77062  -21.910  -3.334  -43.774 0.0000000000
77063  -22.609  -3.465  -43.615 0.0000000000
71962  -13.658  -8.721  -37.856 0.0000000000
70954  -14.694  -9.923  -38.351 0.0000000000
71963  -14.404  -9.131  -38.380 0.0000000000
70952  -13.916  -8.757  -38.093 0.0000000000
72995  -14.201  -7.978  -38.414 0.0000000000
73018  -14.771  -7.423  -39.034 0.0000000000
73019  -15.413  -7.355  -39.714 0.0000000000
73031  -16.006  -7.279  -40.325 0.0000000000
135333  -16.364  -7.830  -40.528 0.0000000000
72002  -18.156  -8.149  -41.884 0.0000000000
72010  -19.878  -8.613  -42.608 0.0000000000
70986  -19.114  -9.499  -41.966 0.0000000000
145978  -20.291  -9.049  -42.601 0.0000000000
71006  -20.523  -8.581  -42.718 0.0000000000
72024  -21.573  -8.462  -42.705 0.0000000000
72012  -22.914  -8.421  -42.256 0.0000000000
72013  -23.713  -8.158  -41.876 0.0000000000
71000  -24.369  -8.844  -41.284 0.0000000000
146812  -24.575  -9.444  -41.001 0.0000000000
68983  -22.917  -10.793  -41.678 0.0000000000
56145  -19.598  -22.099  -34.866 0.0000000000
68933  -14.530  -11.508  -37.739 0.0000000000
68944  -16.618  -11.915  -38.931 0.0000000000
68945  -17.274  -11.996  -39.456 0.0000000000
67964  -19.542  -12.378  -40.796 0.0000000000
67951  -19.174  -12.941  -40.205 0.0000000000
66876  -20.087  -13.934  -40.181 0.0000000000
65743  -19.331  -14.359  -39.514 0.0000000000
65756  -19.833  -14.463  -39.697 0.0000000000
65757  -20.446  -14.513  -39.894 0.0000000000
64780  -20.756  -14.997  -39.624 0.0000000000
64767  -20.959  -15.474  -39.363 0.0000000000
64755  -18.113  -15.159  -38.223 0.0000000000
62726  -19.482  -16.657  -38.150 0.0000000000
63763  -19.827  -16.400  -38.457 0.0000000000
139320  -20.122  -15.958  -38.765 0.0000000000
63772  -21.889  -16.272  -39.043 0.0000000000
62742  -22.655  -16.932  -38.767 0.0000000000
61711  -23.552  -17.724  -38.577 0.0000000000
126894  -21.911  -18.223  -38.173 0.0000000000
81650  -24.100  1.306  -44.085 0.0000000000
79868  -24.622  0.127  -43.520 0.0000000000
77020  -17.442  -4.711  -41.624 0.0000000000
76037  -18.051  -4.377  -42.541 0.0000000000
76044  -18.344  -4.241  -42.872 0.0000000000
75025  -17.824  -5.149  -42.308 0.0000000000
76052  -19.379  -4.294  -43.419 0.0000000000
76053  -20.651  -4.442  -43.671 0.0000000000
125623  -22.973  -3.944  -43.496 0.0000000000
73036  -17.322  -6.861  -41.572 0.0000000000
74062  -19.536  -6.084  -43.142 0.0000000000
147688  -20.764  -6.610  -43.218 0.0000000000
74064  -20.986  -6.267  -43.353 0.0000000000
130367  -20.560  -5.618  -43.456 0.0000000000
136987  -22.035  -5.275  -43.565 0.0000000000
76055  -22.506  -4.652  -43.526 0.0000000000
76057  -23.695  -3.752  -43.030 0.0000000000
77045  -24.447  -3.507  -42.579 0.0000000000
66891  -22.924  -13.071  -40.694 0.0000000000
66877  -22.497  -13.829  -40.462 0.0000000000
66892  -23.524  -13.051  -40.414 0.0000000000
61664  -17.711  -18.760  -35.743 0.0000000000
60566  -18.052  -19.456  -35.628 0.0000000000
60576  -18.527  -19.137  -36.271 0.0000000000
59414  -19.898  -19.569  -36.839 0.0000000000
57198  -20.128  -21.116  -35.806 0.0000000000
59405  -19.958  -20.414  -36.299 0.0000000000
132914  -20.516  -20.130  -36.749 0.0000000000
132899  -20.661  -19.643  -37.124 0.0000000000
63770  -20.563  -15.870  -38.969 0.0000000000
64764  -19.236  -15.193  -38.866 0.0000000000
64768  -22.396  -15.803  -39.329 0.0000000000
65774  -21.727  -13.934  -40.483 0.0000000000
66889  -20.511  -13.327  -40.675 0.0000000000
67921  -15.396  -12.051  -37.646 0.0000000000
67936  -17.023  -12.498  -38.974 0.0000000000
67952  -24.285  -12.139  -40.314 0.0000000000
67979  -21.330  -11.919  -41.682 0.0000000000
68935  -15.958  -11.886  -38.357 0.0000000000
68960  -18.497  -11.760  -40.520 0.0000000000
68970  -19.180  -11.468  -41.083 0.0000000000
69975  -17.318  -10.493  -40.283 0.0000000000
69988  -23.501  -10.625  -41.393 0.0000000000
70000  -20.279  -10.502  -42.180 0.0000000000
70003  -23.190  -10.014  -41.739 0.0000000000
70978  -17.473  -9.453  -40.889 0.0000000000
70994  -19.217  -8.623  -42.319 0.0000000000
70995  -19.575  -9.256  -42.324 0.0000000000
70996  -20.684  -9.536  -42.546 0.0000000000
70998  -22.624  -9.345  -42.189 0.0000000000
71975  -15.147  -8.916  -38.983 0.0000000000
71993  -17.082  -8.817  -40.804 0.0000000000
72000  -17.018  -7.893  -41.069 0.0000000000
72008  -18.745  -7.891  -42.320 0.0000000000
72011  -22.183  -8.513  -42.567 0.0000000000
72023  -20.979  -7.890  -42.902 0.0000000000
73032  -16.657  -7.098  -40.927 0.0000000000
73037  -18.312  -7.201  -42.277 0.0000000000
73045  -19.466  -6.859  -42.893 0.0000000000
73054  -20.561  -6.985  -43.067 0.0000000000
73056  -21.996  -7.101  -42.908 0.0000000000
74024  -14.820  -6.567  -39.264 0.0000000000
74039  -16.239  -6.513  -40.672 0.0000000000
74045  -16.922  -6.267  -41.357 0.0000000000
74054  -18.177  -5.629  -42.556 0.0000000000
74055  -18.972  -6.262  -42.992 0.0000000000
74057  -23.746  -6.402  -42.458 0.0000000000
74063  -20.307  -6.236  -43.222 0.0000000000
75006  -16.201  -5.502  -40.625 0.0000000000
75039  -18.478  -4.959  -42.949 0.0000000000
75042  -22.293  -5.935  -43.375 0.0000000000
76036  -17.626  -4.665  -42.053 0.0000000000
76050  -18.670  -4.320  -43.117 0.0000000000
76051  -19.021  -4.485  -43.287 0.0000000000
77044  -18.193  -3.636  -42.714 0.0000000000
77055  -22.138  -4.031  -43.667 0.0000000000
78022  -19.208  -2.810  -43.478 0.0000000000
78031  -22.608  -2.805  -43.659 0.0000000000
79855  -20.200  -0.557  -43.538 0.0000000000
79867  -23.958  -0.314  -43.666 0.0000000000
124148  -22.559  -2.151  -43.720 0.0000000000
125694  -22.089  -0.768  -43.844 0.0000000000
129648  -19.825  -5.531  -43.360 0.0000000000
143393  -20.479  -3.808  -43.713 0.0000000000
144857  -21.463  -5.206  -43.582 0.0000000000
145074  -19.930  -18.953  -37.204 0.0000000000
