#!ascii label  , from subject sub-v2s0x29034_ses-1 vox2ras=TkReg
557
15498  -27.475  -70.081  -27.332 0.6999999881
15497  -27.006  -69.484  -28.048 0.6000000238
15514  -26.332  -69.406  -28.834 0.6000000238
14814  -25.607  -70.430  -30.072 0.4000000060
16202  -26.175  -68.377  -20.241 0.6999999881
17721  -26.230  -66.971  -20.604 0.6999999881
16949  -26.629  -67.831  -20.739 0.6999999881
128126  -26.718  -67.078  -21.184 0.6000000238
16209  -27.051  -68.301  -21.240 0.6999999881
16962  -27.046  -67.634  -21.537 0.6000000238
15421  -27.313  -68.963  -21.647 0.6000000238
16963  -27.331  -67.691  -22.449 0.6000000238
15437  -27.757  -69.170  -23.474 0.6000000238
16988  -27.485  -67.600  -23.481 0.6000000238
17752  -27.239  -66.843  -23.959 0.5000000000
16238  -27.709  -68.377  -24.036 0.5000000000
17759  -27.247  -66.922  -24.738 0.5000000000
17001  -27.047  -67.178  -26.040 0.6000000238
16253  -27.050  -68.299  -26.921 0.6000000238
126621  -26.721  -67.429  -26.819 0.6000000238
125684  -26.595  -67.955  -27.461 0.6000000238
16281  -26.258  -68.139  -28.150 0.6000000238
124737  -25.927  -66.216  -20.443 0.6000000238
18500  -26.112  -65.663  -20.789 0.6000000238
18509  -26.321  -65.386  -21.360 0.6000000238
17738  -26.603  -65.842  -22.013 0.6000000238
135836  -26.568  -65.470  -22.784 0.6000000238
141677  -26.833  -66.174  -22.674 0.6000000238
17739  -27.144  -66.833  -23.017 0.6000000238
18545  -26.486  -65.413  -24.434 0.6000000238
18558  -26.581  -65.898  -25.100 0.6000000238
17002  -27.385  -67.487  -25.313 0.6000000238
18578  -26.292  -65.858  -25.866 0.6999999881
17775  -26.561  -66.653  -26.335 0.6000000238
17794  -26.215  -66.807  -27.024 0.6000000238
16280  -25.766  -68.589  -28.947 0.5000000000
129159  -25.079  -68.692  -29.667 0.5000000000
18481  -25.266  -66.088  -19.942 0.6000000238
19250  -26.048  -64.968  -20.719 0.6000000238
138140  -26.494  -63.670  -21.311 0.6000000238
19269  -26.416  -64.184  -22.092 0.6000000238
18520  -26.428  -65.017  -22.070 0.6000000238
20083  -26.209  -63.032  -23.072 0.6000000238
122782  -26.322  -63.881  -22.906 0.6000000238
19276  -26.260  -64.381  -23.441 0.6000000238
18531  -26.444  -65.087  -23.529 0.6000000238
19284  -26.149  -64.580  -24.136 0.6000000238
18544  -25.996  -64.810  -24.921 0.6999999881
17021  -26.069  -67.330  -27.696 0.6000000238
17810  -25.311  -66.878  -28.261 0.6000000238
134748  -24.686  -69.082  -30.319 0.4000000060
20055  -25.533  -63.959  -19.910 0.6000000238
19249  -25.609  -64.699  -20.061 0.6000000238
20056  -26.130  -64.034  -20.518 0.6000000238
20076  -26.488  -63.324  -22.167 0.6000000238
20894  -26.056  -62.149  -23.279 0.5000000000
20089  -25.542  -63.257  -24.640 0.6999999881
19310  -25.334  -64.609  -26.211 0.6000000238
18557  -25.829  -65.077  -25.673 0.6000000238
18577  -25.642  -65.408  -26.444 0.6000000238
17774  -25.966  -66.161  -26.735 0.6000000238
17793  -25.671  -66.501  -27.492 0.6000000238
17809  -24.587  -66.474  -28.716 0.6000000238
17039  -25.565  -67.682  -28.587 0.6000000238
16299  -24.430  -68.343  -30.040 0.4000000060
16300  -25.017  -68.005  -29.357 0.5000000000
20044  -24.954  -63.334  -19.650 0.5000000000
20045  -25.543  -62.569  -19.701 0.6000000238
142527  -25.929  -63.268  -19.984 0.6000000238
21710  -26.669  -62.155  -20.637 0.6000000238
20888  -26.656  -62.784  -21.378 0.5000000000
21731  -26.622  -61.608  -21.885 0.5000000000
20895  -26.505  -62.354  -22.273 0.5000000000
21738  -25.346  -61.274  -24.152 0.6000000238
20907  -25.558  -61.926  -24.059 0.6999999881
20096  -25.001  -62.943  -25.446 0.6999999881
20097  -25.392  -63.673  -25.219 0.6999999881
20110  -24.540  -63.197  -26.343 0.6000000238
19292  -25.554  -64.340  -25.429 0.6999999881
19309  -24.668  -64.127  -26.781 0.6000000238
18576  -25.024  -65.009  -26.941 0.6000000238
18594  -24.747  -65.349  -27.698 0.6000000238
18605  -24.354  -65.697  -28.433 0.6000000238
17037  -24.090  -66.845  -29.426 0.5000000000
17051  -23.714  -67.153  -30.100 0.4000000060
122976  -25.209  -61.954  -19.557 0.6000000238
21709  -25.970  -61.800  -19.751 0.6000000238
142769  -26.421  -61.960  -20.095 0.5000000000
22512  -26.843  -61.275  -21.092 0.6000000238
22521  -26.562  -60.843  -22.025 0.5000000000
22520  -25.980  -60.562  -22.993 0.6000000238
23335  -25.798  -59.620  -22.983 0.5000000000
21734  -25.771  -61.348  -23.510 0.6000000238
135464  -25.474  -60.063  -23.541 0.5000000000
22531  -25.404  -60.685  -23.835 0.5000000000
22538  -24.886  -60.806  -24.590 0.5000000000
21737  -25.082  -61.621  -24.670 0.6000000238
22536  -23.849  -59.952  -25.392 0.5000000000
22547  -24.246  -60.693  -25.266 0.5000000000
125350  -24.733  -62.014  -25.284 0.6000000238
22546  -23.599  -60.595  -25.930 0.4000000060
20916  -24.363  -62.339  -26.019 0.6999999881
22559  -23.203  -60.810  -26.529 0.4000000060
20930  -23.953  -62.632  -26.765 0.5000000000
20940  -23.498  -62.876  -27.450 0.5000000000
20109  -24.091  -63.402  -27.142 0.6000000238
20118  -23.062  -63.075  -28.125 0.5000000000
18593  -24.069  -64.873  -28.137 0.6000000238
17824  -23.614  -66.395  -29.831 0.5000000000
20119  -23.583  -63.554  -27.825 0.6000000238
133418  -23.469  -64.695  -28.706 0.6000000238
17808  -23.950  -66.066  -29.166 0.6000000238
22490  -25.284  -61.145  -19.485 0.5000000000
22500  -26.710  -60.639  -20.489 0.5000000000
23322  -26.792  -60.201  -21.197 0.5000000000
23321  -26.390  -59.929  -22.198 0.4000000060
23334  -25.214  -59.394  -23.687 0.4000000060
22530  -25.010  -60.052  -24.150 0.5000000000
22537  -24.437  -60.030  -24.788 0.5000000000
23345  -24.610  -59.345  -24.346 0.5000000000
23353  -22.920  -59.267  -26.179 0.4000000060
134084  -23.325  -59.849  -25.871 0.4000000060
22545  -22.948  -60.152  -26.424 0.4000000060
147791  -22.609  -60.138  -26.864 0.5000000000
21756  -23.161  -61.416  -26.926 0.5000000000
22557  -22.315  -60.063  -27.279 0.5000000000
21765  -22.627  -61.282  -27.568 0.5000000000
20950  -22.630  -61.845  -28.061 0.5000000000
19344  -22.860  -64.324  -29.731 0.5000000000
18616  -23.080  -65.184  -29.965 0.5000000000
19334  -22.962  -64.153  -28.921 0.6000000238
18603  -23.213  -64.886  -29.335 0.5000000000
24142  -24.842  -58.622  -23.934 0.4000000060
24156  -24.215  -58.633  -24.591 0.5000000000
24155  -23.740  -58.706  -25.104 0.5000000000
24953  -23.098  -57.671  -25.637 0.5000000000
130133  -22.323  -58.781  -26.754 0.4000000060
22566  -22.239  -60.624  -27.754 0.5000000000
20140  -22.703  -63.450  -29.829 0.5000000000
19352  -23.063  -64.731  -30.330 0.3000000119
128660  -21.923  -59.878  -27.940 0.5000000000
147412  -22.392  -61.794  -28.649 0.5000000000
20951  -22.576  -62.969  -29.281 0.5000000000
24941  -23.340  -57.008  -25.167 0.4000000060
24167  -22.828  -58.341  -26.114 0.4000000060
134101  -22.649  -56.828  -25.777 0.4000000060
24967  -21.550  -56.972  -26.930 0.4000000060
24968  -22.041  -57.050  -26.406 0.4000000060
144220  -21.906  -58.733  -27.356 0.4000000060
24983  -21.399  -56.960  -27.521 0.4000000060
23374  -21.729  -59.044  -27.938 0.5000000000
130712  -23.006  -62.037  -30.229 0.4000000060
20146  -23.055  -63.534  -30.349 0.4000000060
22573  -22.024  -60.515  -28.492 0.5000000000
20965  -22.560  -62.082  -29.787 0.5000000000
23381  -21.800  -59.540  -28.692 0.5000000000
22579  -22.180  -60.518  -29.164 0.5000000000
20957  -22.374  -62.115  -29.240 0.5000000000
26674  -21.145  -55.504  -27.342 0.4000000060
24993  -21.394  -56.964  -28.103 0.4000000060
22586  -22.834  -60.867  -29.848 0.4000000060
22585  -22.508  -60.926  -29.566 0.5000000000
24200  -21.596  -58.386  -28.440 0.5000000000
23386  -22.206  -59.618  -29.238 0.5000000000
26685  -21.208  -55.531  -27.888 0.4000000060
23394  -22.712  -59.590  -29.520 0.4000000060
23395  -23.459  -59.511  -29.637 0.3000000119
24206  -21.569  -57.568  -28.417 0.5000000000
128983  -21.950  -58.756  -29.049 0.5000000000
23393  -22.553  -60.309  -29.524 0.5000000000
27526  -21.077  -54.673  -28.101 0.4000000060
24215  -22.897  -58.842  -29.467 0.3000000119
26692  -21.482  -55.634  -28.248 0.4000000060
23387  -22.343  -58.987  -29.351 0.5000000000
134826  -21.973  -55.926  -28.503 0.4000000060
24207  -21.842  -57.866  -28.823 0.5000000000
25005  -22.136  -57.335  -28.865 0.5000000000
28409  -20.933  -53.638  -28.436 0.4000000060
139636  -23.436  -57.494  -29.134 0.3000000119
25015  -23.986  -57.933  -29.327 0.3000000119
27536  -21.124  -54.284  -28.374 0.4000000060
26693  -22.813  -55.959  -28.544 0.4000000060
138172  -21.526  -54.964  -28.415 0.4000000060
25831  -22.451  -56.719  -28.733 0.4000000060
139300  -20.646  -52.731  -28.469 0.5000000000
25832  -23.322  -56.781  -28.839 0.3000000119
138028  -24.110  -56.546  -28.843 0.4000000060
136046  -24.566  -55.977  -28.857 0.4000000060
25841  -24.772  -56.714  -29.151 0.4000000060
136010  -21.465  -53.142  -28.588 0.4000000060
134068  -23.256  -55.168  -28.521 0.4000000060
28410  -21.701  -54.136  -28.498 0.5000000000
27537  -22.266  -55.081  -28.519 0.5000000000
27538  -22.786  -54.295  -28.527 0.5000000000
27539  -23.799  -54.456  -28.569 0.4000000060
136440  -24.580  -54.665  -28.692 0.4000000060
123403  -21.367  -52.231  -28.662 0.5000000000
28413  -24.228  -52.976  -28.556 0.4000000060
29319  -24.766  -52.397  -28.573 0.3000000119
31274  -21.183  -50.511  -28.686 0.5000000000
29317  -23.466  -52.614  -28.504 0.4000000060
28412  -23.430  -53.500  -28.536 0.4000000060
27540  -24.555  -53.860  -28.667 0.4000000060
27541  -25.271  -54.474  -28.956 0.3000000119
123379  -21.339  -51.349  -28.708 0.5000000000
28411  -22.369  -53.423  -28.544 0.5000000000
139169  -22.831  -52.859  -28.530 0.5000000000
29318  -24.052  -52.314  -28.495 0.4000000060
32267  -20.909  -49.621  -28.615 0.5000000000
28414  -25.090  -53.133  -28.754 0.3000000119
31275  -22.049  -50.778  -28.650 0.5000000000
30256  -22.804  -51.353  -28.559 0.5000000000
127076  -22.796  -52.168  -28.546 0.5000000000
29316  -22.140  -52.594  -28.600 0.5000000000
31277  -24.698  -50.957  -28.465 0.4000000060
32259  -20.345  -48.831  -28.507 0.5000000000
131238  -22.443  -49.980  -28.564 0.5000000000
125428  -25.235  -51.721  -28.581 0.3000000119
136069  -21.306  -48.756  -28.540 0.5000000000
32268  -22.049  -49.204  -28.575 0.5000000000
16266  -27.344  -69.147  -27.133 0.6000000238
15538  -26.237  -70.156  -29.289 0.5000000000
20082  -25.994  -63.707  -23.827 0.6999999881
20906  -25.282  -62.417  -24.685 0.6999999881
19291  -25.095  -63.801  -25.906 0.6999999881
20915  -23.752  -61.875  -26.480 0.5000000000
19323  -24.528  -64.701  -27.426 0.6000000238
23344  -24.028  -59.319  -24.942 0.5000000000
23354  -23.485  -59.195  -25.561 0.5000000000
21744  -24.120  -61.440  -25.770 0.4000000060
20128  -22.776  -63.358  -28.788 0.5000000000
134161  -21.813  -57.545  -26.828 0.4000000060
23363  -22.093  -59.366  -27.344 0.5000000000
24969  -22.571  -57.551  -26.110 0.4000000060
25006  -22.753  -57.444  -29.057 0.4000000060
26694  -23.719  -55.964  -28.623 0.4000000060
26696  -25.014  -55.264  -28.906 0.3000000119
137136  -21.688  -49.910  -28.617 0.5000000000
31276  -22.824  -50.626  -28.547 0.5000000000
132225  -26.396  -77.569  -26.015 0.5000000000
9577  -28.313  -77.277  -26.675 0.5000000000
9575  -27.004  -77.587  -26.623 0.5000000000
11065  -31.473  -75.126  -26.203 0.5000000000
10334  -29.848  -76.809  -26.888 0.5000000000
10333  -29.071  -77.079  -26.787 0.4000000060
9565  -26.510  -77.239  -25.206 0.5000000000
10316  -28.153  -77.075  -25.880 0.6000000238
9566  -27.270  -77.252  -25.746 0.6000000238
10319  -30.430  -76.248  -26.289 0.5000000000
10317  -28.784  -76.893  -26.129 0.5000000000
124198  -31.238  -72.911  -27.203 0.4000000060
10268  -24.286  -76.892  -23.547 0.6999999881
10269  -25.387  -76.654  -23.505 0.6999999881
10282  -26.654  -76.825  -24.344 0.6999999881
10283  -29.229  -75.935  -24.469 0.5000000000
124292  -28.482  -76.260  -24.342 0.6999999881
11064  -30.872  -75.407  -25.777 0.5000000000
11049  -30.325  -75.315  -25.109 0.5000000000
10284  -29.771  -75.983  -25.033 0.5000000000
125149  -30.133  -72.976  -27.288 0.5000000000
12478  -31.373  -73.748  -26.087 0.5000000000
11011  -23.257  -75.780  -22.269 0.5000000000
11012  -24.273  -75.784  -22.241 0.6999999881
10254  -23.794  -76.352  -22.784 0.6999999881
129411  -25.265  -75.648  -22.291 0.6999999881
122958  -25.865  -76.897  -24.047 0.6000000238
11025  -28.790  -75.401  -23.783 0.6999999881
11039  -27.979  -76.014  -23.699 0.6000000238
12461  -30.352  -74.111  -25.119 0.5000000000
11735  -30.246  -74.683  -24.878 0.6000000238
11724  -29.723  -75.189  -24.472 0.6000000238
12497  -29.987  -73.183  -26.280 0.5000000000
12513  -29.267  -73.165  -28.503 0.5000000000
11679  -24.057  -74.562  -21.366 0.5000000000
11001  -24.667  -75.120  -21.792 0.6999999881
11023  -25.853  -76.094  -22.898 0.6999999881
11692  -26.480  -74.663  -21.978 0.6999999881
11002  -25.614  -74.935  -21.835 0.6999999881
147825  -27.523  -75.917  -23.359 0.8000000119
11708  -27.801  -74.397  -22.714 0.6999999881
12460  -29.104  -73.595  -24.555 0.6000000238
12446  -28.773  -73.790  -23.930 0.6999999881
130566  -29.314  -73.104  -26.106 0.6999999881
127415  -29.240  -73.291  -25.324 0.6000000238
12496  -29.028  -72.990  -27.270 0.6000000238
12534  -28.300  -73.405  -29.326 0.6000000238
12387  -22.759  -73.196  -20.871 0.5000000000
12388  -23.839  -73.219  -20.656 0.6000000238
12403  -23.405  -73.920  -21.077 0.5000000000
12389  -24.967  -73.184  -20.684 0.6000000238
135419  -25.220  -73.866  -21.023 0.6000000238
11681  -25.898  -74.136  -21.392 0.6999999881
13235  -26.995  -73.065  -21.670 0.6999999881
12406  -26.326  -73.364  -21.251 0.6000000238
11013  -27.115  -75.067  -22.509 0.6999999881
12421  -27.382  -73.616  -22.238 0.6999999881
11709  -28.391  -74.827  -23.207 0.6999999881
146255  -28.634  -72.815  -26.433 0.6999999881
12512  -28.412  -73.122  -28.401 0.6999999881
12495  -28.088  -72.852  -27.816 0.6999999881
13219  -23.195  -72.466  -20.431 0.5000000000
13221  -25.317  -72.302  -20.448 0.6000000238
13233  -25.868  -72.865  -20.805 0.6000000238
12431  -27.916  -73.212  -23.009 0.8000000119
14013  -27.683  -71.667  -23.458 0.5000000000
130547  -27.163  -72.110  -21.610 0.6000000238
12445  -28.258  -73.129  -23.908 0.6999999881
13267  -28.030  -72.449  -24.740 0.6999999881
13304  -27.636  -72.542  -27.711 0.6999999881
13289  -27.776  -72.274  -26.920 0.6999999881
13327  -27.156  -73.057  -29.541 0.5000000000
13312  -27.438  -72.803  -28.571 0.6999999881
13326  -26.522  -72.741  -30.193 0.5000000000
13987  -22.495  -71.617  -20.252 0.5000000000
14709  -24.236  -70.884  -19.923 0.5000000000
142944  -24.702  -70.107  -19.845 0.6000000238
13989  -24.760  -71.615  -20.158 0.6000000238
14710  -25.206  -70.803  -20.090 0.6000000238
14711  -26.093  -70.701  -20.354 0.6000000238
15414  -26.445  -69.864  -20.485 0.6000000238
13991  -26.467  -71.377  -20.676 0.6000000238
132399  -27.098  -69.818  -21.122 0.6000000238
14747  -27.802  -70.496  -24.654 0.6000000238
14737  -27.744  -70.806  -23.772 0.5000000000
14719  -27.280  -70.640  -21.488 0.5000000000
14046  -27.653  -71.392  -26.123 0.6000000238
137157  -27.729  -71.048  -25.383 0.6000000238
14060  -27.430  -71.965  -27.547 0.6000000238
134905  -27.610  -71.633  -26.839 0.6000000238
14815  -26.206  -70.869  -29.593 0.5000000000
14708  -23.208  -70.888  -19.864 0.5000000000
15406  -24.223  -69.483  -19.672 0.6000000238
15413  -25.952  -69.142  -20.124 0.6000000238
128552  -27.755  -70.103  -22.994 0.5000000000
15427  -27.633  -69.164  -22.565 0.5000000000
14766  -27.816  -70.102  -25.463 0.4000000060
15453  -27.832  -69.590  -24.782 0.5000000000
141902  -27.786  -69.150  -24.220 0.5000000000
14795  -27.178  -70.467  -28.107 0.6000000238
15405  -22.730  -69.218  -19.566 0.5000000000
141780  -23.740  -68.904  -19.575 0.6000000238
16194  -24.525  -68.838  -19.659 0.6000000238
16195  -25.304  -68.405  -19.824 0.6000000238
17008  -27.296  -67.889  -26.168 0.5000000000
136622  -27.596  -68.361  -25.493 0.4000000060
15403  -21.683  -69.149  -19.695 0.5000000000
16193  -23.131  -68.187  -19.512 0.5000000000
134734  -24.255  -68.062  -19.606 0.6000000238
16948  -25.897  -67.637  -20.114 0.6000000238
16191  -21.501  -68.372  -19.614 0.5000000000
16931  -22.283  -67.846  -19.508 0.5000000000
16932  -23.651  -67.350  -19.539 0.6000000238
17707  -24.794  -66.709  -19.709 0.6000000238
16190  -20.723  -67.974  -19.774 0.5000000000
16930  -21.510  -67.601  -19.531 0.5000000000
17705  -23.206  -66.703  -19.513 0.5000000000
133988  -23.604  -65.970  -19.538 0.6000000238
17706  -24.010  -66.653  -19.565 0.6000000238
17703  -20.906  -66.316  -19.499 0.5000000000
136318  -21.801  -66.169  -19.470 0.5000000000
18477  -20.436  -65.725  -19.564 0.5000000000
18498  -25.005  -65.312  -19.793 0.5000000000
18478  -21.305  -65.518  -19.484 0.5000000000
131178  -23.139  -65.239  -19.501 0.5000000000
143030  -20.012  -65.206  -19.641 0.5000000000
19228  -20.748  -64.903  -19.544 0.5000000000
19230  -22.590  -64.409  -19.495 0.5000000000
18480  -24.091  -65.222  -19.605 0.4000000060
20053  -20.143  -63.522  -19.870 0.5000000000
20041  -21.870  -63.925  -19.530 0.5000000000
140444  -23.171  -63.794  -19.515 0.4000000060
19231  -23.603  -64.445  -19.546 0.4000000060
20054  -21.639  -63.199  -19.662 0.4000000060
20875  -22.287  -62.621  -19.611 0.4000000060
124448  -23.860  -62.284  -19.497 0.4000000060
15486  -27.675  -69.781  -26.366 0.6000000238
14805  -26.742  -70.876  -28.866 0.5000000000
14072  -25.798  -71.411  -30.294 0.4000000060
14725  -27.580  -70.790  -22.272 0.6000000238
20864  -24.142  -62.951  -19.532 0.4000000060
21697  -24.496  -61.711  -19.468 0.4000000060
11024  -26.927  -75.867  -23.004 0.6999999881
12475  -28.711  -73.003  -25.363 0.6999999881
12459  -28.513  -73.035  -24.701 0.6999999881
14001  -27.542  -71.715  -22.500 0.6000000238
13995  -27.022  -71.344  -21.181 0.6000000238
137293  -27.867  -72.411  -23.804 0.6999999881
142218  -27.712  -72.055  -26.274 0.6999999881
141114  -26.897  -71.729  -28.785 0.6000000238
13311  -26.882  -72.388  -29.238 0.6000000238
9576  -27.679  -77.379  -26.452 0.5000000000
10255  -24.828  -76.271  -22.852 0.6999999881
10270  -26.336  -76.482  -23.550 0.6000000238
10271  -27.206  -76.310  -23.677 0.8000000119
10299  -27.192  -76.919  -24.955 0.5000000000
10300  -27.946  -76.796  -25.071 0.6000000238
10301  -28.882  -76.535  -25.244 0.6000000238
10318  -29.592  -76.532  -25.981 0.5000000000
11000  -23.685  -75.196  -21.807 0.6999999881
11063  -30.272  -75.953  -25.565 0.5000000000
11678  -23.063  -74.580  -21.502 0.5000000000
11680  -25.004  -74.455  -21.346 0.6999999881
11693  -27.127  -74.353  -22.205 0.6999999881
11723  -29.276  -74.495  -24.027 0.6000000238
11734  -29.804  -74.116  -24.675 0.6000000238
11736  -30.716  -74.605  -25.313 0.5000000000
11745  -31.256  -74.481  -25.790 0.5000000000
12402  -22.285  -73.895  -21.388 0.5000000000
12404  -24.430  -73.896  -20.978 0.6000000238
12405  -25.672  -73.499  -21.006 0.6000000238
12420  -26.734  -73.892  -21.747 0.6999999881
12432  -28.357  -73.998  -23.333 0.6999999881
12476  -29.953  -73.509  -25.404 0.6999999881
12477  -30.739  -73.735  -25.662 0.5000000000
12498  -30.924  -73.182  -26.440 0.5000000000
12499  -31.774  -73.422  -26.650 0.4000000060
12511  -27.789  -73.140  -28.945 0.6999999881
12533  -27.561  -73.428  -29.951 0.6000000238
13220  -24.304  -72.437  -20.347 0.6000000238
13222  -26.156  -72.113  -20.666 0.6000000238
13234  -26.602  -72.599  -21.101 0.6000000238
13254  -27.697  -72.340  -23.036 0.5000000000
13276  -28.156  -72.485  -25.910 0.6999999881
13988  -23.697  -71.679  -20.093 0.5000000000
13990  -25.699  -71.495  -20.355 0.6000000238
13996  -27.374  -71.327  -21.781 0.6000000238
14021  -27.750  -71.592  -24.496 0.6999999881
14030  -27.724  -71.935  -25.504 0.6999999881
14059  -27.170  -71.414  -28.175 0.6000000238
14066  -27.211  -72.245  -28.303 0.6000000238
14073  -26.489  -71.571  -29.448 0.5000000000
14699  -22.881  -70.110  -19.674 0.5000000000
14700  -23.793  -70.170  -19.717 0.6000000238
14718  -26.793  -70.630  -20.825 0.6000000238
14786  -27.618  -70.741  -26.699 0.6000000238
14796  -27.458  -71.045  -27.464 0.6000000238
15407  -25.076  -69.326  -19.806 0.6000000238
15472  -27.742  -69.215  -25.537 0.4000000060
15537  -25.505  -69.465  -29.658 0.5000000000
16192  -22.268  -68.566  -19.544 0.5000000000
16210  -27.258  -68.211  -21.824 0.6000000238
16218  -27.466  -68.478  -22.305 0.6000000238
16229  -27.629  -68.399  -23.048 0.5000000000
16265  -26.818  -68.625  -27.688 0.6000000238
16933  -24.348  -67.243  -19.607 0.6000000238
16934  -25.041  -67.478  -19.747 0.6000000238
16979  -26.965  -66.760  -21.979 0.6000000238
16994  -27.502  -67.543  -24.392 0.5000000000
17038  -24.810  -67.246  -29.018 0.6000000238
17052  -24.267  -67.600  -29.726 0.4000000060
17702  -20.169  -66.419  -19.672 0.5000000000
17704  -22.268  -66.932  -19.485 0.5000000000
17720  -25.563  -66.841  -20.037 0.6000000238
17727  -26.452  -66.265  -21.184 0.6000000238
17751  -26.870  -65.982  -23.566 0.6000000238
17758  -26.923  -66.259  -24.543 0.6000000238
17766  -26.917  -66.582  -25.438 0.6999999881
17792  -25.051  -66.084  -28.001 0.6000000238
17807  -23.452  -65.630  -29.598 0.5000000000
17823  -23.376  -65.896  -30.180 0.5000000000
18479  -22.212  -65.341  -19.477 0.5000000000
18499  -25.689  -65.487  -20.271 0.6000000238
18595  -25.361  -65.750  -27.223 0.6000000238
18604  -23.707  -65.327  -28.887 0.6000000238
19229  -21.632  -64.668  -19.497 0.5000000000
19232  -24.699  -64.378  -19.691 0.4000000060
19247  -20.080  -64.425  -19.673 0.5000000000
19248  -20.993  -63.925  -19.609 0.5000000000
19262  -26.343  -64.547  -21.333 0.6000000238
19322  -24.109  -64.130  -27.603 0.6000000238
19335  -23.552  -64.182  -28.258 0.6000000238
20042  -22.467  -63.483  -19.533 0.5000000000
20043  -23.969  -63.649  -19.552 0.4000000060
20129  -23.152  -63.668  -28.388 0.5000000000
20154  -23.297  -64.295  -30.646 0.3000000119
20865  -24.697  -62.479  -19.536 0.6000000238
20876  -26.252  -62.486  -20.053 0.5000000000
20877  -26.432  -63.073  -20.605 0.6000000238
20929  -23.372  -62.179  -27.134 0.5000000000
20939  -22.991  -62.400  -27.790 0.5000000000
20958  -22.576  -62.681  -29.656 0.5000000000
20966  -22.808  -62.779  -30.059 0.4000000060
21698  -26.517  -61.348  -20.168 0.6000000238
21722  -26.722  -62.043  -21.431 0.5000000000
21730  -26.289  -61.480  -22.674 0.5000000000
21745  -24.618  -61.313  -25.127 0.6000000238
21757  -23.572  -61.228  -26.326 0.4000000060
21774  -22.301  -61.229  -28.252 0.5000000000
21778  -22.212  -61.268  -28.920 0.5000000000
21784  -22.390  -61.404  -29.444 0.5000000000
21785  -22.672  -61.454  -29.857 0.4000000060
22558  -22.703  -60.654  -27.032 0.5000000000
23364  -22.516  -59.641  -26.786 0.5000000000
24168  -23.343  -58.440  -25.545 0.5000000000
24180  -21.863  -58.154  -27.052 0.4000000060
24181  -22.226  -57.903  -26.543 0.4000000060
24193  -21.595  -57.595  -27.318 0.4000000060
24194  -21.660  -58.261  -27.693 0.4000000060
24199  -21.466  -57.631  -27.940 0.4000000060
24208  -22.349  -58.185  -29.211 0.5000000000
24209  -23.148  -58.097  -29.315 0.3000000119
24216  -23.737  -58.715  -29.489 0.3000000119
24954  -23.709  -57.921  -24.958 0.5000000000
25004  -21.724  -57.013  -28.509 0.5000000000
25007  -24.099  -57.193  -29.065 0.4000000060
25795  -21.350  -56.268  -27.140 0.4000000060
25809  -21.267  -56.273  -27.715 0.4000000060
25818  -21.463  -56.305  -28.170 0.4000000060
25829  -21.714  -56.328  -28.407 0.4000000060
25830  -21.975  -56.682  -28.614 0.5000000000
26695  -24.174  -55.254  -28.627 0.4000000060
30255  -22.082  -51.741  -28.637 0.5000000000
30258  -24.314  -51.704  -28.485 0.4000000060
122633  -25.784  -62.750  -23.941 0.6999999881
122833  -27.534  -69.913  -21.974 0.5000000000
124754  -27.502  -68.766  -26.279 0.6000000238
124802  -23.262  -62.979  -19.506 0.4000000060
125437  -26.289  -72.131  -29.963 0.5000000000
125533  -22.918  -64.084  -30.202 0.4000000060
125947  -26.380  -64.672  -22.803 0.6000000238
126144  -27.688  -71.024  -23.002 0.5000000000
126568  -28.071  -72.532  -27.047 0.6999999881
126886  -26.238  -75.417  -22.381 0.6999999881
128277  -22.948  -61.832  -27.486 0.5000000000
129197  -27.599  -76.544  -24.330 0.6999999881
129263  -23.126  -60.238  -29.780 0.3000000119
130808  -26.039  -61.033  -19.714 0.5000000000
131041  -26.749  -70.051  -28.640 0.6000000238
131386  -19.359  -65.026  -19.898 0.5000000000
131587  -27.833  -69.877  -23.982 0.5000000000
132107  -22.718  -66.048  -19.491 0.5000000000
132715  -27.756  -68.785  -24.816 0.4000000060
133251  -25.730  -64.073  -24.675 0.6000000238
134190  -24.470  -65.987  -19.659 0.6000000238
134249  -25.617  -69.993  -20.070 0.6000000238
135971  -26.749  -71.929  -20.971 0.6000000238
136030  -27.649  -68.096  -24.815 0.5000000000
136616  -26.206  -59.108  -22.346 0.4000000060
136995  -22.718  -63.665  -29.336 0.5000000000
137827  -25.399  -53.778  -28.961 0.3000000119
139573  -27.459  -72.683  -22.336 0.6000000238
140079  -20.685  -51.064  -28.676 0.5000000000
140572  -23.486  -69.575  -19.607 0.6000000238
140781  -21.312  -66.918  -19.495 0.5000000000
141663  -27.836  -75.393  -23.141 0.8000000119
142172  -20.784  -53.951  -28.218 0.4000000060
142340  -22.628  -62.515  -28.587 0.5000000000
142390  -26.470  -68.827  -28.348 0.6000000238
142548  -27.716  -70.602  -26.012 0.6000000238
143603  -26.744  -68.895  -20.725 0.6000000238
143636  -23.031  -61.351  -30.116 0.4000000060
144339  -26.245  -65.403  -25.202 0.6000000238
144565  -23.155  -58.812  -25.860 0.4000000060
146001  -22.926  -67.378  -19.504 0.5000000000
146239  -28.796  -74.567  -23.560 0.6999999881
146287  -21.494  -49.373  -28.579 0.5000000000
147952  -20.959  -67.418  -19.573 0.5000000000
