#!ascii label  , from subject sub-v2s0x29034_ses-1 vox2ras=TkReg
1172
102543  54.911  29.636  -2.867 0.0000000000
108589  56.805  38.373  -2.008 0.0000000000
103172  48.703  30.186  0.892 0.0000000000
101954  49.084  28.856  -5.731 0.0000000000
100784  51.888  25.545  -9.328 0.0000000000
104658  58.583  31.927  -5.525 0.0000000000
130614  50.361  43.621  -1.617 0.0000000000
108642  51.647  38.998  -6.184 0.0000000000
100681  50.413  26.869  5.044 0.0000000000
98237  48.277  22.400  -0.197 0.0000000000
104596  60.343  31.202  0.347 0.0000000000
101904  54.819  27.828  -1.084 0.0000000000
105350  53.434  33.622  -0.451 0.0000000000
105290  50.618  33.436  4.231 0.0000000000
109264  55.315  39.460  -10.101 0.0000000000
106749  57.913  34.866  -6.039 0.0000000000
99453  48.735  24.380  -4.391 0.0000000000
101934  52.054  28.832  -5.008 0.0000000000
101366  49.676  27.154  -7.607 0.0000000000
101343  54.141  27.039  -6.369 0.0000000000
104619  56.610  32.182  -2.334 0.0000000000
126601  52.697  31.251  -3.263 0.0000000000
110919  48.894  42.550  -4.504 0.0000000000
100033  52.849  25.286  4.783 0.0000000000
98793  51.824  23.681  2.357 0.0000000000
98216  55.259  22.703  2.473 0.0000000000
106167  56.061  34.605  -12.261 0.0000000000
106049  58.265  35.255  -1.115 0.0000000000
142783  56.894  32.425  0.648 0.0000000000
106714  55.402  35.279  -0.840 0.0000000000
108504  52.608  38.779  5.689 0.0000000000
107338  52.846  36.601  3.583 0.0000000000
125348  53.730  35.431  5.933 0.0000000000
103805  52.344  31.886  6.930 0.0000000000
108034  54.020  38.022  -3.834 0.0000000000
107420  54.119  36.376  -6.010 0.0000000000
107415  57.489  36.640  -3.593 0.0000000000
106051  60.272  34.070  -2.768 0.0000000000
101897  51.297  29.081  -0.561 0.0000000000
100715  51.898  26.670  -3.341 0.0000000000
137773  48.413  27.802  -1.760 0.0000000000
100140  48.019  25.680  -9.711 0.0000000000
98874  48.897  24.223  -10.920 0.0000000000
103936  60.064  31.098  -7.765 0.0000000000
104690  56.516  32.301  -7.505 0.0000000000
110315  53.918  41.727  -1.657 0.0000000000
122213  54.104  39.691  -0.244 0.0000000000
110978  50.599  42.618  -9.296 0.0000000000
111464  53.789  43.431  -7.423 0.0000000000
109766  51.082  40.316  -3.643 0.0000000000
101865  47.456  28.642  3.946 0.0000000000
100696  46.324  26.781  1.041 0.0000000000
99412  48.946  24.835  2.268 0.0000000000
141982  51.652  20.571  -0.664 0.0000000000
134475  58.605  29.319  -1.068 0.0000000000
101306  58.046  26.554  -2.983 0.0000000000
101873  58.102  28.665  1.173 0.0000000000
103166  54.710  30.117  0.885 0.0000000000
145397  51.190  31.842  0.495 0.0000000000
107370  51.928  36.743  0.125 0.0000000000
106021  50.686  34.629  0.706 0.0000000000
104586  49.019  32.267  2.638 0.0000000000
103139  48.898  30.460  5.449 0.0000000000
101853  52.123  28.466  6.857 0.0000000000
107450  54.137  36.867  -11.827 0.0000000000
107442  57.843  36.456  -10.965 0.0000000000
106770  55.677  36.028  -8.737 0.0000000000
106132  59.015  34.207  -9.118 0.0000000000
105391  60.806  32.685  -5.539 0.0000000000
131649  59.182  31.907  -2.381 0.0000000000
100098  54.925  25.154  -5.413 0.0000000000
99462  51.074  24.270  -5.839 0.0000000000
98276  47.247  22.968  -7.646 0.0000000000
122589  46.439  24.253  -2.175 0.0000000000
102560  53.562  28.982  -4.302 0.0000000000
101950  52.514  28.146  -5.603 0.0000000000
101931  55.198  27.873  -4.824 0.0000000000
103193  55.583  30.591  -2.107 0.0000000000
103890  54.076  31.611  -2.626 0.0000000000
103197  53.924  30.144  -3.057 0.0000000000
103199  52.467  30.331  -3.644 0.0000000000
99393  54.729  24.526  4.998 0.0000000000
98784  53.941  23.686  3.594 0.0000000000
138980  55.668  23.146  3.761 0.0000000000
98889  46.145  23.465  -12.365 0.0000000000
139461  57.604  36.889  -1.800 0.0000000000
106034  56.985  34.967  -0.536 0.0000000000
107391  55.995  37.149  -1.443 0.0000000000
107914  51.706  37.610  6.622 0.0000000000
132764  53.543  37.046  5.625 0.0000000000
134281  55.379  38.967  -2.885 0.0000000000
108042  55.426  37.441  -3.935 0.0000000000
108031  57.062  37.712  -2.743 0.0000000000
107403  58.136  36.588  -2.192 0.0000000000
102511  50.116  29.914  0.338 0.0000000000
101909  49.735  28.397  -1.385 0.0000000000
101900  48.242  28.621  -0.723 0.0000000000
101974  46.594  28.350  -6.247 0.0000000000
101357  48.153  27.823  -6.780 0.0000000000
100773  51.615  26.218  -8.788 0.0000000000
100775  49.366  26.653  -8.331 0.0000000000
100793  49.754  25.620  -10.161 0.0000000000
100153  48.836  25.015  -11.184 0.0000000000
99500  50.653  25.051  -10.351 0.0000000000
104674  59.732  31.578  -6.255 0.0000000000
104697  57.797  31.519  -7.809 0.0000000000
104676  56.832  32.421  -6.560 0.0000000000
102575  49.514  29.406  -5.230 0.0000000000
139114  47.509  29.106  -5.672 0.0000000000
110303  52.180  42.566  -1.733 0.0000000000
110847  53.324  43.031  -0.802 0.0000000000
110291  51.060  43.425  -0.574 0.0000000000
110872  49.018  43.545  -2.502 0.0000000000
110884  49.696  42.813  -3.759 0.0000000000
109755  50.545  42.374  -2.797 0.0000000000
125011  51.901  41.399  -2.406 0.0000000000
101265  48.747  27.658  4.619 0.0000000000
100689  47.672  26.998  3.384 0.0000000000
126570  49.719  25.476  3.398 0.0000000000
97662  53.101  21.680  0.391 0.0000000000
98230  51.608  22.257  0.727 0.0000000000
97070  53.145  20.583  -0.631 0.0000000000
103176  59.930  29.809  -0.294 0.0000000000
102535  59.441  27.811  -0.689 0.0000000000
102496  59.497  29.260  1.212 0.0000000000
105337  54.939  32.736  0.153 0.0000000000
138189  55.691  30.818  1.108 0.0000000000
104602  53.599  31.861  0.360 0.0000000000
103168  52.618  30.745  0.629 0.0000000000
104603  52.670  32.403  0.091 0.0000000000
109130  53.898  40.550  1.109 0.0000000000
108580  53.401  38.847  -0.179 0.0000000000
135736  52.855  38.290  1.204 0.0000000000
105987  52.233  35.157  4.042 0.0000000000
106692  51.597  35.627  2.560 0.0000000000
105989  50.661  34.290  2.926 0.0000000000
105324  49.917  33.397  1.125 0.0000000000
104576  49.825  32.979  3.812 0.0000000000
103837  48.522  31.238  4.362 0.0000000000
104549  49.805  32.076  5.133 0.0000000000
103790  52.934  31.456  7.483 0.0000000000
103128  51.701  30.602  7.246 0.0000000000
108659  54.659  38.252  -10.995 0.0000000000
107448  55.797  37.042  -11.465 0.0000000000
108066  56.775  37.495  -10.793 0.0000000000
109801  53.365  41.373  -7.133 0.0000000000
109800  54.439  41.121  -7.756 0.0000000000
109232  52.635  39.299  -7.257 0.0000000000
130202  56.367  35.420  -6.030 0.0000000000
106757  54.885  35.913  -7.350 0.0000000000
106760  56.305  35.283  -7.628 0.0000000000
106768  57.521  35.180  -9.137 0.0000000000
106097  57.882  34.541  -7.522 0.0000000000
105431  59.864  33.551  -7.346 0.0000000000
106064  59.200  34.424  -5.827 0.0000000000
105355  60.385  33.094  -1.553 0.0000000000
104628  60.664  32.421  -3.049 0.0000000000
103874  60.224  31.463  -0.904 0.0000000000
133468  58.776  31.029  -1.255 0.0000000000
101293  57.319  26.538  -1.983 0.0000000000
100728  57.015  25.753  -4.677 0.0000000000
100713  54.644  26.392  -3.169 0.0000000000
100086  49.627  25.737  -3.815 0.0000000000
100084  51.574  25.587  -4.377 0.0000000000
99463  50.079  24.143  -5.470 0.0000000000
143762  49.156  23.636  -7.237 0.0000000000
98843  48.774  23.505  -5.784 0.0000000000
99423  47.291  24.295  0.570 0.0000000000
99427  46.365  24.966  -0.822 0.0000000000
98239  46.803  22.999  -0.965 0.0000000000
101953  49.962  28.753  -5.719 0.0000000000
101971  49.550  28.279  -6.298 0.0000000000
101969  51.257  27.966  -6.228 0.0000000000
101353  52.562  27.022  -6.960 0.0000000000
100764  53.092  26.273  -7.767 0.0000000000
121702  57.570  32.555  -4.041 0.0000000000
122520  50.906  29.843  -4.535 0.0000000000
100683  51.722  26.123  4.960 0.0000000000
99403  50.938  24.788  3.278 0.0000000000
99401  52.464  24.393  3.645 0.0000000000
98796  53.203  23.096  2.084 0.0000000000
105345  59.087  33.602  -0.098 0.0000000000
104598  58.738  32.346  0.878 0.0000000000
105335  58.186  33.459  0.350 0.0000000000
105348  56.340  33.667  0.019 0.0000000000
129257  54.253  34.057  -0.548 0.0000000000
109074  53.176  39.926  4.469 0.0000000000
107966  53.424  38.416  3.011 0.0000000000
107941  53.552  37.936  4.644 0.0000000000
107326  53.339  36.501  4.520 0.0000000000
105961  53.011  34.727  5.212 0.0000000000
104547  51.546  32.831  5.703 0.0000000000
105259  53.447  33.585  6.319 0.0000000000
104531  53.995  33.188  6.961 0.0000000000
104520  54.473  32.511  7.978 0.0000000000
109257  54.976  40.207  -9.636 0.0000000000
108628  52.056  38.198  -5.048 0.0000000000
108051  52.493  37.790  -6.719 0.0000000000
107417  54.091  36.820  -5.087 0.0000000000
140445  55.785  36.349  -4.833 0.0000000000
106746  57.571  35.845  -4.482 0.0000000000
106059  59.470  34.661  -4.845 0.0000000000
106741  58.930  35.607  -3.347 0.0000000000
106052  59.422  34.899  -2.240 0.0000000000
101895  53.246  28.818  -0.534 0.0000000000
101310  52.811  27.326  -2.486 0.0000000000
101298  51.230  27.940  -1.993 0.0000000000
136345  50.117  27.434  -2.482 0.0000000000
100736  48.840  26.164  -3.285 0.0000000000
96389  49.311  19.538  -2.061 0.0000000000
97088  47.815  20.059  -2.064 0.0000000000
100131  45.712  25.419  -8.169 0.0000000000
101367  48.720  27.220  -7.486 0.0000000000
100788  47.724  26.191  -8.625 0.0000000000
124039  46.310  25.174  -9.017 0.0000000000
99504  47.388  24.758  -11.033 0.0000000000
99511  47.269  24.137  -11.789 0.0000000000
98882  47.083  23.672  -11.912 0.0000000000
125009  59.292  30.375  -9.073 0.0000000000
104707  56.312  31.714  -9.172 0.0000000000
109167  55.454  40.115  -2.118 0.0000000000
108590  55.760  38.842  -1.528 0.0000000000
110288  54.731  41.783  -0.857 0.0000000000
124929  54.062  42.196  0.457 0.0000000000
110264  53.219  41.976  2.002 0.0000000000
109674  52.265  41.284  3.648 0.0000000000
109077  51.184  40.320  4.758 0.0000000000
111476  52.472  43.551  -8.318 0.0000000000
110949  52.145  42.659  -6.958 0.0000000000
109792  51.551  40.876  -5.929 0.0000000000
109202  51.094  39.703  -5.000 0.0000000000
108616  51.776  39.362  -3.697 0.0000000000
109169  53.466  40.173  -2.634 0.0000000000
103160  47.448  30.103  1.866 0.0000000000
102515  46.800  28.709  0.929 0.0000000000
101271  46.560  27.579  2.288 0.0000000000
100050  47.083  26.072  2.137 0.0000000000
98806  48.555  23.484  0.742 0.0000000000
99410  50.576  24.392  2.644 0.0000000000
98804  50.256  22.944  0.990 0.0000000000
97681  49.826  21.321  -0.360 0.0000000000
102537  57.265  29.278  -1.784 0.0000000000
101915  57.130  28.010  -3.292 0.0000000000
101903  58.450  27.823  -1.998 0.0000000000
101285  58.334  26.813  -1.009 0.0000000000
101893  56.274  27.839  -0.299 0.0000000000
103156  57.695  30.171  1.512 0.0000000000
102499  56.218  29.472  1.157 0.0000000000
101882  54.640  29.027  0.243 0.0000000000
102508  53.408  29.856  0.484 0.0000000000
102510  51.704  29.995  0.428 0.0000000000
103170  50.448  30.515  0.640 0.0000000000
130072  54.392  37.359  -1.260 0.0000000000
106716  53.160  36.055  -0.943 0.0000000000
106038  52.483  34.712  -0.579 0.0000000000
107363  51.968  36.951  1.240 0.0000000000
106705  51.137  35.204  0.235 0.0000000000
105352  51.844  33.986  -0.332 0.0000000000
104605  50.382  33.059  0.568 0.0000000000
103855  49.973  31.770  0.884 0.0000000000
103857  48.577  31.289  1.836 0.0000000000
103151  47.810  30.884  3.137 0.0000000000
102485  48.097  29.614  4.736 0.0000000000
144028  49.213  28.851  5.629 0.0000000000
103807  50.759  31.319  6.474 0.0000000000
102477  49.943  29.600  6.322 0.0000000000
101259  50.852  27.402  5.660 0.0000000000
101257  52.314  27.261  6.113 0.0000000000
106804  54.748  35.592  -12.377 0.0000000000
106802  56.755  35.476  -11.717 0.0000000000
106156  58.631  34.883  -11.175 0.0000000000
107429  53.603  36.946  -7.482 0.0000000000
108060  56.317  38.253  -9.878 0.0000000000
107438  57.103  36.945  -10.148 0.0000000000
106786  58.753  35.152  -10.573 0.0000000000
134413  60.031  33.283  -9.991 0.0000000000
105444  60.528  32.587  -8.449 0.0000000000
104673  60.581  31.852  -6.774 0.0000000000
125672  60.004  31.744  -5.286 0.0000000000
106058  60.404  33.899  -4.432 0.0000000000
104643  60.732  32.456  -4.039 0.0000000000
104630  58.904  32.112  -3.633 0.0000000000
139900  57.537  32.134  -2.297 0.0000000000
103876  57.555  30.317  -1.386 0.0000000000
101331  57.057  26.615  -4.895 0.0000000000
100755  55.537  26.026  -6.513 0.0000000000
100121  54.327  25.130  -7.109 0.0000000000
100083  53.243  25.771  -4.193 0.0000000000
100110  52.980  24.764  -5.496 0.0000000000
99480  52.236  24.608  -7.845 0.0000000000
99482  50.513  24.263  -8.748 0.0000000000
98864  48.842  23.800  -9.505 0.0000000000
101302  46.984  27.428  -1.190 0.0000000000
100721  46.871  26.189  -2.101 0.0000000000
99441  47.286  24.240  -3.454 0.0000000000
97695  46.504  21.625  -2.457 0.0000000000
98836  47.486  23.267  -4.512 0.0000000000
98214  57.224  22.099  2.454 0.0000000000
97659  56.457  21.676  0.760 0.0000000000
102547  54.417  29.189  -3.676 0.0000000000
102559  54.473  28.564  -4.367 0.0000000000
101919  55.461  28.315  -4.155 0.0000000000
144136  55.369  29.972  -2.377 0.0000000000
103194  54.630  30.779  -2.476 0.0000000000
102548  53.287  29.754  -3.666 0.0000000000
98771  55.273  23.886  4.694 0.0000000000
107389  57.308  37.621  -1.968 0.0000000000
107390  56.820  37.039  -1.555 0.0000000000
108007  56.547  37.806  -1.720 0.0000000000
108600  56.615  38.647  -2.127 0.0000000000
108611  56.707  38.235  -2.531 0.0000000000
108019  57.013  38.033  -2.195 0.0000000000
142368  57.687  37.157  -2.062 0.0000000000
102512  49.210  29.770  0.356 0.0000000000
102527  49.707  29.401  -0.214 0.0000000000
102513  48.273  29.567  0.440 0.0000000000
101973  47.583  28.510  -6.189 0.0000000000
101358  47.194  27.823  -6.744 0.0000000000
101972  48.615  28.389  -6.270 0.0000000000
100785  51.171  25.820  -9.527 0.0000000000
100146  50.597  25.426  -10.125 0.0000000000
100139  51.310  25.267  -9.809 0.0000000000
104675  58.093  31.886  -6.326 0.0000000000
104659  57.200  32.471  -5.742 0.0000000000
102576  48.656  29.475  -5.299 0.0000000000
101955  48.214  28.970  -5.740 0.0000000000
110859  51.324  43.474  -1.462 0.0000000000
110849  51.837  43.611  -0.682 0.0000000000
110850  50.943  43.720  -1.085 0.0000000000
145496  49.771  43.660  -2.145 0.0000000000
110871  49.708  43.215  -2.849 0.0000000000
110870  50.445  43.356  -2.156 0.0000000000
110317  51.207  42.459  -2.233 0.0000000000
101264  49.534  27.308  4.878 0.0000000000
100684  49.067  26.884  4.309 0.0000000000
124959  49.810  26.654  4.521 0.0000000000
103175  60.308  30.110  0.141 0.0000000000
102503  60.190  29.407  0.316 0.0000000000
103859  60.124  30.833  0.863 0.0000000000
105349  54.267  33.193  -0.218 0.0000000000
104601  54.657  31.840  0.515 0.0000000000
104609  53.475  32.775  -0.114 0.0000000000
104610  52.623  33.286  -0.319 0.0000000000
109114  53.709  40.289  2.076 0.0000000000
109131  53.591  39.651  1.140 0.0000000000
108557  53.390  39.090  1.629 0.0000000000
105974  51.808  34.484  4.318 0.0000000000
105988  51.419  34.698  3.535 0.0000000000
105302  51.004  34.084  3.848 0.0000000000
105303  50.204  33.631  3.304 0.0000000000
104565  49.466  32.333  4.312 0.0000000000
104564  50.223  32.769  4.671 0.0000000000
103110  53.414  30.772  7.906 0.0000000000
109265  54.163  39.735  -10.193 0.0000000000
108656  53.287  39.033  -10.614 0.0000000000
108654  55.274  38.818  -10.556 0.0000000000
108064  55.699  38.346  -10.790 0.0000000000
108653  55.915  38.933  -10.203 0.0000000000
109217  51.949  39.812  -6.548 0.0000000000
129390  52.716  40.315  -7.073 0.0000000000
106755  57.044  35.095  -6.376 0.0000000000
145293  56.426  35.231  -6.803 0.0000000000
106759  57.004  34.982  -7.202 0.0000000000
106754  57.586  34.777  -6.744 0.0000000000
106078  58.434  34.473  -6.663 0.0000000000
104607  60.253  32.244  -0.278 0.0000000000
104612  60.317  32.228  -1.086 0.0000000000
103873  60.345  31.462  -0.222 0.0000000000
103875  59.862  30.851  -0.791 0.0000000000
101294  55.784  26.949  -1.856 0.0000000000
101308  55.317  26.608  -2.558 0.0000000000
100102  49.341  25.006  -4.254 0.0000000000
100101  50.121  25.114  -4.476 0.0000000000
137381  49.686  24.495  -4.792 0.0000000000
98834  49.246  23.926  -5.138 0.0000000000
98835  48.373  23.646  -4.846 0.0000000000
98234  47.844  22.945  -0.041 0.0000000000
98810  47.201  23.295  -0.287 0.0000000000
98238  47.469  22.603  -0.533 0.0000000000
102561  51.221  29.036  -5.068 0.0000000000
101952  50.801  28.584  -5.660 0.0000000000
101951  51.631  28.394  -5.621 0.0000000000
101949  53.546  27.806  -5.601 0.0000000000
101344  53.044  27.425  -6.303 0.0000000000
123229  53.611  26.639  -7.044 0.0000000000
141578  56.603  32.893  -3.591 0.0000000000
105361  56.104  32.780  -2.924 0.0000000000
103897  53.367  31.889  -2.942 0.0000000000
104621  54.112  32.413  -2.867 0.0000000000
102549  52.499  29.434  -4.304 0.0000000000
103208  51.704  30.108  -4.087 0.0000000000
125656  51.665  29.456  -4.595 0.0000000000
102574  50.390  29.265  -5.150 0.0000000000
100030  52.569  25.867  5.136 0.0000000000
100034  52.050  25.409  4.485 0.0000000000
99395  52.696  24.821  4.273 0.0000000000
98790  54.781  23.175  3.146 0.0000000000
98791  53.604  23.397  2.804 0.0000000000
98217  54.157  22.957  2.285 0.0000000000
98223  53.663  22.726  1.677 0.0000000000
98222  54.848  22.118  1.064 0.0000000000
106168  55.065  34.868  -12.612 0.0000000000
105499  54.819  34.141  -13.842 0.0000000000
106032  58.647  34.465  -0.639 0.0000000000
105346  58.025  34.128  -0.036 0.0000000000
106713  56.493  35.500  -0.808 0.0000000000
106035  56.084  34.547  -0.454 0.0000000000
106036  55.032  34.501  -0.592 0.0000000000
109075  52.871  39.365  5.143 0.0000000000
108514  53.466  38.885  4.509 0.0000000000
108503  53.287  38.467  5.249 0.0000000000
107311  53.689  36.207  5.971 0.0000000000
106668  53.577  36.410  5.252 0.0000000000
106658  53.603  35.829  5.510 0.0000000000
131740  52.946  35.276  4.766 0.0000000000
106659  53.436  35.307  5.376 0.0000000000
105272  53.005  34.022  5.647 0.0000000000
105960  53.562  34.757  5.778 0.0000000000
133278  54.036  34.075  6.718 0.0000000000
105251  54.284  33.877  7.382 0.0000000000
104521  54.124  32.642  7.500 0.0000000000
105242  54.504  33.045  8.273 0.0000000000
108627  52.924  38.102  -4.193 0.0000000000
108045  52.783  37.630  -4.974 0.0000000000
108044  53.568  37.473  -4.585 0.0000000000
107412  56.891  37.202  -3.498 0.0000000000
123341  56.010  36.983  -4.039 0.0000000000
107416  56.700  36.469  -4.272 0.0000000000
106750  56.511  35.840  -5.121 0.0000000000
126749  58.682  35.403  -4.217 0.0000000000
106742  58.212  36.143  -3.539 0.0000000000
106728  58.647  35.634  -1.814 0.0000000000
106048  59.092  34.731  -1.418 0.0000000000
106031  59.597  33.864  -1.006 0.0000000000
101896  52.321  28.972  -0.598 0.0000000000
101906  52.752  28.396  -1.254 0.0000000000
101907  51.761  28.494  -1.307 0.0000000000
101300  49.204  27.863  -1.900 0.0000000000
101299  50.182  27.874  -2.038 0.0000000000
101313  49.544  27.401  -2.424 0.0000000000
100718  49.142  26.846  -2.845 0.0000000000
100719  48.283  26.605  -2.735 0.0000000000
124250  45.170  25.648  -7.506 0.0000000000
100779  45.746  26.161  -7.480 0.0000000000
101355  50.074  27.632  -6.951 0.0000000000
101356  49.120  27.742  -6.845 0.0000000000
133434  49.165  26.139  -9.188 0.0000000000
100776  48.348  26.595  -8.224 0.0000000000
125611  47.300  25.804  -8.874 0.0000000000
120839  47.184  25.295  -9.727 0.0000000000
100150  46.515  24.806  -10.065 0.0000000000
100149  48.086  25.164  -10.804 0.0000000000
99509  49.454  24.937  -11.151 0.0000000000
99503  48.183  24.583  -11.294 0.0000000000
99510  48.868  24.679  -11.156 0.0000000000
98875  48.051  24.133  -11.484 0.0000000000
103945  60.358  30.969  -9.000 0.0000000000
103946  59.799  30.763  -8.468 0.0000000000
103948  57.449  31.282  -8.775 0.0000000000
104698  56.725  31.884  -8.329 0.0000000000
104699  55.804  32.390  -8.381 0.0000000000
132747  54.458  41.105  -1.889 0.0000000000
109739  55.222  41.066  -1.225 0.0000000000
110314  54.664  41.476  -1.378 0.0000000000
110841  53.491  42.783  0.444 0.0000000000
110276  53.641  42.126  1.157 0.0000000000
134325  51.799  41.508  3.111 0.0000000000
109089  51.729  40.848  4.304 0.0000000000
111490  52.000  43.847  -9.211 0.0000000000
110977  51.516  43.010  -8.860 0.0000000000
110933  51.602  42.220  -6.535 0.0000000000
110932  52.232  42.453  -6.712 0.0000000000
109767  50.589  41.460  -3.429 0.0000000000
109775  50.571  40.936  -4.140 0.0000000000
109203  50.844  40.704  -4.798 0.0000000000
109190  50.898  40.159  -4.374 0.0000000000
109189  51.189  39.599  -4.261 0.0000000000
110316  52.960  41.659  -2.011 0.0000000000
109753  52.715  40.624  -2.528 0.0000000000
109752  53.709  40.947  -2.205 0.0000000000
109168  54.499  40.351  -2.370 0.0000000000
102489  47.031  29.292  3.285 0.0000000000
102492  46.877  29.434  2.259 0.0000000000
101867  47.011  28.382  3.372 0.0000000000
128852  48.629  25.395  2.702 0.0000000000
100043  47.950  26.073  2.890 0.0000000000
100049  47.954  25.305  2.045 0.0000000000
99418  47.567  24.741  1.276 0.0000000000
98801  48.959  23.804  1.235 0.0000000000
99409  51.364  24.223  2.806 0.0000000000
98794  51.008  23.817  2.190 0.0000000000
97664  51.194  21.729  0.190 0.0000000000
98231  50.734  22.335  0.607 0.0000000000
126687  49.893  22.410  0.462 0.0000000000
97680  50.712  21.191  -0.302 0.0000000000
97073  50.190  20.613  -0.757 0.0000000000
97072  51.085  20.575  -0.703 0.0000000000
102536  58.975  28.170  -1.225 0.0000000000
101879  59.489  27.830  0.017 0.0000000000
101284  59.201  27.337  -0.833 0.0000000000
101891  58.686  27.264  -0.360 0.0000000000
101892  57.445  27.439  -0.297 0.0000000000
140932  57.652  27.830  0.355 0.0000000000
104599  57.712  32.692  0.677 0.0000000000
103853  58.210  30.832  1.464 0.0000000000
103854  57.296  31.078  1.339 0.0000000000
103863  54.830  30.847  0.899 0.0000000000
103165  55.473  30.163  1.114 0.0000000000
122141  55.234  29.472  0.802 0.0000000000
102507  54.255  29.713  0.577 0.0000000000
102523  53.744  29.270  0.092 0.0000000000
103866  51.799  31.188  0.649 0.0000000000
135078  52.012  30.480  0.564 0.0000000000
103169  51.296  30.545  0.617 0.0000000000
103867  50.730  31.278  0.711 0.0000000000
137045  54.782  39.766  -0.672 0.0000000000
108591  54.785  38.305  -1.298 0.0000000000
108579  54.167  38.793  -0.767 0.0000000000
132000  52.589  37.341  -0.352 0.0000000000
107381  53.345  37.049  -0.949 0.0000000000
107382  52.473  36.406  -0.556 0.0000000000
126375  53.198  35.237  -0.856 0.0000000000
106717  52.414  35.527  -0.599 0.0000000000
107955  53.170  37.541  3.273 0.0000000000
107967  53.003  37.783  2.507 0.0000000000
107352  52.479  37.028  2.462 0.0000000000
137354  50.646  34.753  1.359 0.0000000000
130100  51.269  35.697  1.657 0.0000000000
106039  51.702  34.940  -0.336 0.0000000000
106020  51.069  34.371  0.050 0.0000000000
105339  51.067  33.501  0.142 0.0000000000
105340  50.479  33.882  0.566 0.0000000000
104593  49.376  32.724  1.816 0.0000000000
104592  49.814  32.528  0.986 0.0000000000
103848  48.864  31.982  2.030 0.0000000000
103856  49.321  31.771  1.405 0.0000000000
123315  47.898  30.815  2.278 0.0000000000
103849  48.432  31.538  2.658 0.0000000000
103826  48.774  31.063  5.037 0.0000000000
103142  48.315  30.459  4.772 0.0000000000
102483  48.543  29.828  5.250 0.0000000000
101860  48.598  29.016  5.213 0.0000000000
102482  49.144  29.608  5.745 0.0000000000
104533  51.981  32.436  6.330 0.0000000000
104534  51.068  32.133  6.113 0.0000000000
130288  51.509  31.810  6.573 0.0000000000
102475  51.456  29.252  6.995 0.0000000000
102476  50.724  29.806  6.789 0.0000000000
133144  50.624  29.005  6.536 0.0000000000
101855  50.521  28.203  6.076 0.0000000000
101854  51.284  28.397  6.514 0.0000000000
101258  51.634  27.244  5.871 0.0000000000
108070  52.826  37.656  -11.508 0.0000000000
108071  51.847  37.894  -11.590 0.0000000000
108075  52.189  37.180  -12.185 0.0000000000
107454  54.405  36.241  -12.149 0.0000000000
132686  56.582  37.224  -11.209 0.0000000000
106796  56.489  36.441  -11.532 0.0000000000
106795  57.532  36.162  -11.321 0.0000000000
106157  57.727  35.110  -11.540 0.0000000000
106794  58.227  35.760  -11.107 0.0000000000
107425  53.497  36.703  -6.601 0.0000000000
134578  53.015  37.170  -6.988 0.0000000000
107424  54.191  36.334  -7.044 0.0000000000
107434  54.712  36.944  -8.579 0.0000000000
107433  55.560  36.912  -9.107 0.0000000000
107439  56.486  37.463  -9.762 0.0000000000
107432  56.434  36.467  -9.430 0.0000000000
106117  58.022  34.596  -8.560 0.0000000000
106133  58.302  34.852  -9.438 0.0000000000
106776  58.826  34.891  -9.994 0.0000000000
106143  59.392  34.207  -10.157 0.0000000000
105455  59.975  33.406  -9.279 0.0000000000
105445  59.906  33.478  -8.286 0.0000000000
105411  60.644  32.760  -6.493 0.0000000000
105430  60.571  32.638  -7.471 0.0000000000
122692  60.507  32.072  -5.901 0.0000000000
106055  59.630  34.849  -3.947 0.0000000000
106054  60.367  34.036  -3.605 0.0000000000
104617  60.028  32.053  -2.542 0.0000000000
104629  60.161  31.999  -3.498 0.0000000000
104644  60.113  31.899  -4.389 0.0000000000
129750  59.418  31.994  -2.999 0.0000000000
104618  58.421  32.135  -2.677 0.0000000000
103185  58.903  29.989  -0.832 0.0000000000
103186  56.448  30.329  -1.827 0.0000000000
101917  57.832  26.925  -3.686 0.0000000000
101918  56.770  27.729  -3.983 0.0000000000
101319  57.582  26.453  -3.951 0.0000000000
100081  55.675  25.387  -4.767 0.0000000000
100745  56.856  25.777  -5.264 0.0000000000
100108  55.545  25.317  -6.008 0.0000000000
100120  55.088  25.390  -6.559 0.0000000000
100109  54.720  25.013  -6.286 0.0000000000
139886  52.496  26.920  -2.991 0.0000000000
100714  53.382  26.736  -3.022 0.0000000000
100732  52.814  26.413  -3.525 0.0000000000
99451  51.286  24.648  -5.212 0.0000000000
139033  51.890  24.945  -4.984 0.0000000000
99461  52.007  24.547  -5.709 0.0000000000
135140  52.785  24.597  -7.223 0.0000000000
99471  51.240  24.214  -7.008 0.0000000000
99481  51.351  24.450  -8.303 0.0000000000
99472  50.427  24.039  -7.414 0.0000000000
98857  47.968  23.270  -7.235 0.0000000000
125511  48.825  23.604  -7.949 0.0000000000
122609  48.000  23.378  -8.448 0.0000000000
98865  48.006  23.504  -10.072 0.0000000000
138562  47.325  23.059  -8.697 0.0000000000
101281  46.386  27.557  0.898 0.0000000000
139637  46.824  28.186  -0.075 0.0000000000
124821  46.379  27.241  0.274 0.0000000000
98818  46.424  24.322  -1.426 0.0000000000
143739  46.392  25.589  -1.303 0.0000000000
99439  46.581  25.028  -2.224 0.0000000000
100074  47.046  25.559  -2.566 0.0000000000
99442  46.690  23.822  -2.944 0.0000000000
96402  47.557  19.822  -2.541 0.0000000000
97694  46.837  21.046  -1.963 0.0000000000
129570  46.904  19.919  -3.006 0.0000000000
101933  52.984  28.565  -4.923 0.0000000000
101932  54.048  28.239  -4.943 0.0000000000
101948  54.869  27.346  -5.650 0.0000000000
103877  56.076  31.346  -1.943 0.0000000000
104620  55.705  32.275  -2.451 0.0000000000
143943  55.244  31.182  -2.182 0.0000000000
103198  53.586  31.028  -2.844 0.0000000000
133760  53.158  30.505  -3.285 0.0000000000
100029  53.429  25.543  5.257 0.0000000000
99394  53.620  24.802  4.725 0.0000000000
99399  54.259  24.083  4.338 0.0000000000
98783  54.950  23.542  3.992 0.0000000000
135445  57.939  36.100  -1.515 0.0000000000
106033  57.765  34.828  -0.514 0.0000000000
106729  57.093  36.272  -1.255 0.0000000000
106730  55.927  36.280  -1.181 0.0000000000
108496  52.246  38.232  6.227 0.0000000000
107925  53.118  37.860  5.913 0.0000000000
107913  52.629  37.455  6.545 0.0000000000
107284  53.453  36.177  6.749 0.0000000000
108613  54.494  38.786  -3.270 0.0000000000
108033  55.207  38.183  -3.475 0.0000000000
108032  56.272  37.838  -3.294 0.0000000000
123363  57.480  37.222  -2.974 0.0000000000
107411  57.962  36.786  -2.843 0.0000000000
108030  57.525  37.319  -2.310 0.0000000000
102526  50.616  29.475  -0.081 0.0000000000
101898  50.233  28.958  -0.749 0.0000000000
101899  49.247  28.807  -0.774 0.0000000000
101910  48.771  28.286  -1.341 0.0000000000
101365  50.728  26.866  -7.843 0.0000000000
142071  50.143  26.656  -8.368 0.0000000000
100774  50.799  26.357  -8.811 0.0000000000
100786  50.193  26.139  -9.316 0.0000000000
100787  48.890  25.683  -9.978 0.0000000000
141458  48.644  25.353  -10.626 0.0000000000
100148  49.316  25.250  -10.839 0.0000000000
100147  50.005  25.106  -10.744 0.0000000000
99501  49.946  24.885  -10.800 0.0000000000
103931  59.952  31.295  -7.114 0.0000000000
103937  59.245  31.073  -7.709 0.0000000000
104688  58.765  31.452  -6.993 0.0000000000
104689  57.554  31.919  -7.038 0.0000000000
102564  48.248  29.994  -4.964 0.0000000000
134329  47.858  29.548  -5.317 0.0000000000
101956  46.831  28.968  -5.765 0.0000000000
101957  45.983  28.820  -5.778 0.0000000000
110302  53.227  42.571  -1.385 0.0000000000
110301  54.093  42.313  -1.089 0.0000000000
110858  52.465  43.399  -1.117 0.0000000000
110848  52.726  43.472  -0.549 0.0000000000
110904  48.586  42.882  -3.832 0.0000000000
110903  49.310  42.746  -4.125 0.0000000000
110885  49.047  43.267  -3.352 0.0000000000
137790  50.145  42.445  -3.395 0.0000000000
109754  51.106  41.232  -2.850 0.0000000000
109765  51.794  40.324  -3.015 0.0000000000
101266  48.041  28.075  4.326 0.0000000000
101268  47.511  27.822  3.733 0.0000000000
100685  48.255  27.296  4.032 0.0000000000
100688  48.574  26.493  3.659 0.0000000000
100048  49.384  25.167  2.863 0.0000000000
126904  52.877  22.699  1.460 0.0000000000
98224  51.983  22.740  1.294 0.0000000000
98229  52.545  22.232  0.850 0.0000000000
97663  52.118  21.670  0.294 0.0000000000
97071  52.233  20.584  -0.658 0.0000000000
102522  59.404  28.803  -0.597 0.0000000000
102521  59.889  28.556  -0.082 0.0000000000
102504  59.831  28.763  0.529 0.0000000000
102505  59.138  28.467  0.925 0.0000000000
144563  56.014  32.591  0.428 0.0000000000
103862  56.353  31.306  1.060 0.0000000000
126726  55.510  32.309  0.460 0.0000000000
103864  54.078  31.186  0.677 0.0000000000
103167  53.960  30.431  0.715 0.0000000000
134693  53.359  31.018  0.682 0.0000000000
103865  52.671  31.519  0.472 0.0000000000
104604  51.870  32.067  0.304 0.0000000000
133472  54.257  40.627  0.305 0.0000000000
108569  53.707  39.651  0.409 0.0000000000
108570  53.139  38.822  0.642 0.0000000000
107988  52.394  37.641  0.606 0.0000000000
106680  52.267  35.781  3.431 0.0000000000
106691  52.195  36.259  2.818 0.0000000000
106681  51.716  35.244  3.279 0.0000000000
105999  51.146  34.917  2.713 0.0000000000
106000  50.563  34.512  2.018 0.0000000000
106010  50.314  34.159  1.272 0.0000000000
105313  49.958  33.723  2.131 0.0000000000
105304  49.528  32.997  2.837 0.0000000000
104578  48.745  31.931  3.243 0.0000000000
104577  49.210  32.423  3.461 0.0000000000
103836  49.099  31.672  4.750 0.0000000000
103825  49.420  31.246  5.540 0.0000000000
103806  51.545  31.243  6.925 0.0000000000
103111  52.461  30.645  7.561 0.0000000000
102466  51.967  29.913  7.462 0.0000000000
108657  52.346  39.133  -10.680 0.0000000000
108660  53.573  38.265  -11.020 0.0000000000
108069  53.879  37.555  -11.439 0.0000000000
107449  54.926  36.776  -11.712 0.0000000000
108068  55.056  37.526  -11.342 0.0000000000
108067  56.201  37.815  -11.095 0.0000000000
107447  57.245  36.929  -11.106 0.0000000000
110367  53.474  42.388  -7.082 0.0000000000
110366  54.242  42.086  -7.443 0.0000000000
109231  53.717  40.043  -7.616 0.0000000000
107423  54.863  35.998  -6.372 0.0000000000
106756  55.659  35.548  -6.833 0.0000000000
106761  55.554  35.654  -7.954 0.0000000000
106769  56.458  35.533  -8.716 0.0000000000
106098  57.083  34.903  -8.162 0.0000000000
106116  58.849  34.101  -8.016 0.0000000000
106096  58.860  34.167  -7.240 0.0000000000
106077  59.589  33.927  -6.620 0.0000000000
106076  60.299  33.533  -5.972 0.0000000000
105360  60.841  33.163  -3.345 0.0000000000
105357  60.645  33.163  -2.468 0.0000000000
104616  60.429  32.464  -2.127 0.0000000000
103885  60.159  31.901  -1.624 0.0000000000
103886  59.467  31.712  -1.768 0.0000000000
140714  59.823  31.394  -1.305 0.0000000000
103184  59.403  30.445  -0.775 0.0000000000
100711  57.335  25.931  -3.911 0.0000000000
101307  56.950  26.228  -2.848 0.0000000000
100712  56.162  25.929  -3.446 0.0000000000
100730  55.269  25.760  -3.946 0.0000000000
100734  50.351  26.359  -3.516 0.0000000000
100733  51.260  26.238  -3.754 0.0000000000
100085  50.637  25.714  -4.128 0.0000000000
99452  50.542  24.566  -5.031 0.0000000000
98841  50.335  23.938  -6.312 0.0000000000
98842  49.607  23.770  -5.826 0.0000000000
98850  47.953  23.207  -6.226 0.0000000000
100057  46.463  25.861  0.857 0.0000000000
100702  46.336  26.359  0.171 0.0000000000
99424  46.631  24.575  -0.015 0.0000000000
98811  46.594  23.925  -0.744 0.0000000000
126990  46.449  23.443  -1.669 0.0000000000
101970  50.430  28.134  -6.287 0.0000000000
101354  50.997  27.459  -6.932 0.0000000000
101968  52.088  27.740  -6.226 0.0000000000
141843  51.736  27.405  -6.787 0.0000000000
101364  51.911  26.717  -7.679 0.0000000000
100772  52.565  25.823  -8.544 0.0000000000
104646  57.475  32.530  -4.922 0.0000000000
105362  55.659  33.181  -3.737 0.0000000000
104632  55.043  32.822  -2.959 0.0000000000
103200  51.719  31.037  -3.628 0.0000000000
127641  51.100  30.588  -4.038 0.0000000000
102562  49.961  29.990  -4.709 0.0000000000
110330  47.890  42.731  -3.574 0.0000000000
110886  48.327  43.192  -3.091 0.0000000000
110861  48.895  43.378  -2.025 0.0000000000
123687  51.001  26.321  4.841 0.0000000000
100036  50.411  26.183  4.427 0.0000000000
100035  51.166  25.760  4.410 0.0000000000
99402  51.709  24.564  3.434 0.0000000000
99408  52.150  24.025  3.016 0.0000000000
99400  53.298  24.255  3.979 0.0000000000
98785  52.984  23.834  3.290 0.0000000000
98792  52.666  23.541  2.558 0.0000000000
98228  53.651  22.281  1.030 0.0000000000
97661  54.144  21.686  0.442 0.0000000000
105333  59.738  32.714  0.153 0.0000000000
103860  59.404  31.738  1.020 0.0000000000
141917  59.412  32.358  0.645 0.0000000000
105347  57.082  34.316  -0.171 0.0000000000
139046  57.306  33.559  0.249 0.0000000000
126534  56.593  32.888  0.428 0.0000000000
105336  55.763  32.980  0.219 0.0000000000
124072  55.248  33.644  -0.246 0.0000000000
109087  53.327  40.388  3.842 0.0000000000
108543  53.588  39.319  2.630 0.0000000000
108528  53.570  39.364  3.648 0.0000000000
107954  53.543  38.219  3.868 0.0000000000
107337  53.404  37.306  4.143 0.0000000000
139422  53.487  37.701  5.274 0.0000000000
107325  53.572  37.131  4.906 0.0000000000
125230  52.879  35.847  4.229 0.0000000000
105973  52.493  34.778  4.676 0.0000000000
105289  51.469  33.836  4.640 0.0000000000
105274  51.058  33.195  5.040 0.0000000000
105273  52.001  33.550  5.329 0.0000000000
104546  52.522  33.191  5.976 0.0000000000
104532  52.999  32.750  6.587 0.0000000000
104522  53.426  32.315  7.208 0.0000000000
103789  53.974  31.821  7.828 0.0000000000
103788  54.586  31.799  8.292 0.0000000000
108637  51.893  38.284  -6.062 0.0000000000
108641  52.102  38.696  -6.735 0.0000000000
108047  52.466  37.618  -5.768 0.0000000000
107418  53.182  37.171  -5.397 0.0000000000
108043  54.546  37.423  -4.230 0.0000000000
132805  55.102  36.842  -4.552 0.0000000000
123783  54.911  36.328  -5.393 0.0000000000
106751  55.639  35.850  -5.723 0.0000000000
130522  57.251  35.361  -5.524 0.0000000000
106745  58.318  35.119  -5.162 0.0000000000
106738  59.627  34.935  -3.078 0.0000000000
137023  58.478  36.266  -2.842 0.0000000000
106047  60.031  34.013  -1.894 0.0000000000
105344  60.119  32.985  -0.613 0.0000000000
101905  53.741  28.167  -1.154 0.0000000000
101295  54.422  27.422  -1.809 0.0000000000
101296  53.277  27.754  -1.854 0.0000000000
101297  52.248  27.906  -1.941 0.0000000000
101311  51.756  27.324  -2.642 0.0000000000
101908  50.741  28.471  -1.355 0.0000000000
101312  50.712  27.419  -2.535 0.0000000000
100716  50.994  26.843  -3.106 0.0000000000
100735  49.593  26.444  -3.286 0.0000000000
100087  48.572  25.253  -3.704 0.0000000000
97690  48.211  21.052  -1.065 0.0000000000
97085  48.582  20.192  -1.604 0.0000000000
100142  44.959  25.054  -7.922 0.0000000000
101368  47.756  27.240  -7.354 0.0000000000
100777  47.368  26.666  -7.845 0.0000000000
100141  46.541  25.792  -8.405 0.0000000000
99493  45.602  24.747  -9.024 0.0000000000
99512  46.517  24.079  -11.919 0.0000000000
103947  58.653  30.848  -8.489 0.0000000000
105392  56.403  32.965  -5.151 0.0000000000
105412  56.127  32.924  -5.950 0.0000000000
109166  55.944  39.708  -1.935 0.0000000000
140846  56.285  38.429  -1.744 0.0000000000
109156  55.751  39.712  -1.625 0.0000000000
109144  55.343  40.377  -1.031 0.0000000000
109145  54.783  40.617  -0.377 0.0000000000
110289  54.036  42.545  -0.336 0.0000000000
109725  54.521  41.583  -0.114 0.0000000000
109712  54.075  41.464  0.816 0.0000000000
109700  53.708  41.350  1.711 0.0000000000
109673  53.108  41.120  3.491 0.0000000000
109088  52.694  40.766  4.190 0.0000000000
109076  52.174  40.211  4.966 0.0000000000
108515  51.228  39.628  5.317 0.0000000000
110963  52.889  43.272  -7.425 0.0000000000
110964  51.924  42.820  -7.942 0.0000000000
110948  53.052  42.823  -7.040 0.0000000000
110358  52.672  42.186  -6.732 0.0000000000
109802  52.316  41.185  -6.527 0.0000000000
110902  49.920  42.541  -4.567 0.0000000000
109782  50.995  41.610  -5.399 0.0000000000
128078  51.155  40.482  -5.344 0.0000000000
109218  51.398  39.715  -5.783 0.0000000000
108629  51.493  38.954  -4.617 0.0000000000
108615  52.129  38.613  -4.186 0.0000000000
123991  52.738  38.878  -3.582 0.0000000000
109180  52.643  39.694  -3.040 0.0000000000
109179  53.772  39.411  -3.026 0.0000000000
109178  54.971  39.548  -2.674 0.0000000000
109177  55.820  39.443  -2.332 0.0000000000
102500  47.840  29.855  1.122 0.0000000000
102514  47.429  29.204  0.660 0.0000000000
102501  47.101  29.370  1.421 0.0000000000
101874  46.494  28.131  1.219 0.0000000000
101274  46.418  27.507  1.532 0.0000000000
100691  47.048  26.836  2.658 0.0000000000
100692  46.548  26.815  1.888 0.0000000000
140602  46.603  26.185  1.505 0.0000000000
98807  47.787  23.543  0.354 0.0000000000
98233  48.491  22.964  0.324 0.0000000000
100041  50.481  25.479  3.778 0.0000000000
100047  50.139  24.941  3.106 0.0000000000
99411  49.781  24.585  2.461 0.0000000000
98225  51.114  22.825  1.149 0.0000000000
98799  50.642  23.403  1.576 0.0000000000
98800  49.801  23.573  1.403 0.0000000000
98805  49.310  23.086  0.766 0.0000000000
98232  49.083  22.388  0.189 0.0000000000
97682  48.870  21.664  -0.421 0.0000000000
97074  49.223  20.784  -0.895 0.0000000000
102542  56.040  29.117  -2.748 0.0000000000
102546  55.733  28.710  -3.445 0.0000000000
102541  57.264  28.491  -2.499 0.0000000000
101914  58.204  27.188  -2.871 0.0000000000
101305  58.644  26.917  -2.069 0.0000000000
101902  59.061  27.282  -1.397 0.0000000000
101291  58.926  26.907  -1.355 0.0000000000
101292  58.405  26.662  -1.837 0.0000000000
101286  57.312  26.969  -1.076 0.0000000000
101287  56.034  27.371  -1.068 0.0000000000
103852  59.167  30.931  1.367 0.0000000000
103155  58.812  30.091  1.499 0.0000000000
102498  57.290  29.392  1.364 0.0000000000
103157  56.509  30.335  1.314 0.0000000000
136289  57.153  28.612  0.962 0.0000000000
102506  56.084  28.912  0.844 0.0000000000
101881  55.585  28.661  0.360 0.0000000000
128489  55.181  28.279  -0.355 0.0000000000
101894  54.183  28.596  -0.438 0.0000000000
102524  52.878  29.428  0.028 0.0000000000
143339  53.189  30.397  0.617 0.0000000000
102509  52.546  30.002  0.502 0.0000000000
141258  51.330  29.605  0.090 0.0000000000
135691  50.941  29.965  0.419 0.0000000000
103171  49.581  30.394  0.736 0.0000000000
108008  55.553  37.817  -1.495 0.0000000000
107392  55.061  36.795  -1.343 0.0000000000
108009  53.916  37.882  -1.115 0.0000000000
107393  54.036  36.455  -1.197 0.0000000000
143545  53.833  35.715  -1.026 0.0000000000
106037  53.356  34.440  -0.690 0.0000000000
105351  52.708  34.020  -0.519 0.0000000000
108544  53.180  38.395  2.109 0.0000000000
107980  52.600  37.682  1.690 0.0000000000
107364  51.736  36.304  1.940 0.0000000000
107371  51.386  36.048  0.783 0.0000000000
105338  51.811  32.963  -0.075 0.0000000000
138271  51.108  32.610  0.314 0.0000000000
124476  50.497  32.188  0.627 0.0000000000
103868  49.837  31.092  0.946 0.0000000000
103158  49.042  30.869  1.246 0.0000000000
103159  48.235  30.541  1.522 0.0000000000
103152  47.295  30.191  2.745 0.0000000000
103148  47.494  30.151  3.619 0.0000000000
103845  48.349  31.412  3.551 0.0000000000
103143  47.817  30.106  4.285 0.0000000000
102486  47.571  29.454  4.115 0.0000000000
101864  48.008  28.848  4.554 0.0000000000
101261  49.160  28.166  5.243 0.0000000000
101260  50.018  27.703  5.482 0.0000000000
104548  50.635  32.476  5.445 0.0000000000
103824  50.249  31.730  5.838 0.0000000000
103808  49.987  31.069  6.146 0.0000000000
103129  51.016  30.576  6.875 0.0000000000
103130  50.283  30.473  6.487 0.0000000000
103138  49.541  30.431  6.034 0.0000000000
145572  49.590  29.070  5.971 0.0000000000
101856  49.747  28.463  5.781 0.0000000000
100680  51.307  26.742  5.341 0.0000000000
100679  52.254  26.634  5.598 0.0000000000
123250  53.242  26.278  5.660 0.0000000000
106797  55.323  36.266  -11.847 0.0000000000
106803  55.706  35.521  -12.003 0.0000000000
145193  56.876  34.810  -11.862 0.0000000000
105476  58.253  33.891  -11.625 0.0000000000
105475  59.166  33.702  -11.141 0.0000000000
136298  55.318  40.508  -9.162 0.0000000000
109255  55.804  39.330  -9.804 0.0000000000
108054  52.643  38.409  -7.280 0.0000000000
108644  53.339  38.799  -7.745 0.0000000000
107428  54.257  36.645  -7.931 0.0000000000
109244  55.743  39.299  -9.520 0.0000000000
108651  56.099  38.915  -9.858 0.0000000000
108063  56.327  38.238  -10.384 0.0000000000
107443  57.286  37.009  -10.701 0.0000000000
107437  57.801  36.437  -10.491 0.0000000000
106778  57.334  36.080  -9.746 0.0000000000
106777  58.264  35.627  -10.097 0.0000000000
106787  58.301  35.867  -10.776 0.0000000000
106793  58.640  35.350  -10.921 0.0000000000
106155  59.078  34.576  -10.806 0.0000000000
105465  59.667  33.493  -10.577 0.0000000000
105464  60.287  32.516  -10.220 0.0000000000
104687  60.591  31.674  -7.691 0.0000000000
106063  60.354  33.718  -5.266 0.0000000000
105373  60.939  32.877  -4.750 0.0000000000
104657  60.601  32.253  -4.995 0.0000000000
104645  58.834  32.007  -4.651 0.0000000000
104631  57.349  32.540  -2.998 0.0000000000
103887  58.375  31.794  -1.974 0.0000000000
103888  57.371  31.538  -1.798 0.0000000000
102538  56.235  29.669  -2.159 0.0000000000
101930  56.438  27.420  -4.622 0.0000000000
101332  56.167  27.011  -5.287 0.0000000000
101330  57.267  26.144  -4.646 0.0000000000
100753  56.795  26.225  -5.372 0.0000000000
133725  55.090  26.613  -6.369 0.0000000000
101352  54.619  26.277  -6.916 0.0000000000
100129  53.927  25.488  -7.701 0.0000000000
100130  53.142  25.337  -8.268 0.0000000000
101309  53.924  27.094  -2.477 0.0000000000
100731  53.927  26.121  -3.691 0.0000000000
100082  54.448  25.510  -4.460 0.0000000000
137928  52.572  25.353  -4.638 0.0000000000
100099  53.704  25.133  -4.963 0.0000000000
131828  54.060  24.858  -5.736 0.0000000000
99460  53.801  24.706  -6.408 0.0000000000
99479  53.124  24.898  -7.922 0.0000000000
99489  52.691  25.024  -8.522 0.0000000000
99491  51.340  24.870  -9.633 0.0000000000
99492  50.367  24.662  -10.031 0.0000000000
98863  49.581  24.421  -10.428 0.0000000000
130487  49.673  23.837  -7.795 0.0000000000
98856  49.655  24.045  -9.091 0.0000000000
101883  47.789  28.955  -0.059 0.0000000000
101288  47.277  28.247  -0.515 0.0000000000
101911  47.845  28.016  -1.275 0.0000000000
100705  46.428  26.880  -0.552 0.0000000000
100709  46.581  26.389  -1.421 0.0000000000
100708  47.144  26.841  -1.949 0.0000000000
100720  47.471  26.355  -2.474 0.0000000000
100088  47.550  25.052  -3.280 0.0000000000
99440  47.992  24.558  -3.804 0.0000000000
97691  47.308  21.413  -1.344 0.0000000000
97692  46.671  21.878  -1.741 0.0000000000
98251  46.442  22.563  -2.274 0.0000000000
97091  46.426  20.575  -3.497 0.0000000000
141177  46.427  22.106  -2.927 0.0000000000
98825  46.554  22.870  -3.127 0.0000000000
98824  47.048  23.459  -3.722 0.0000000000
99454  47.818  23.916  -4.162 0.0000000000
98844  47.829  23.210  -5.321 0.0000000000
98266  47.202  22.747  -5.753 0.0000000000
98212  55.998  22.758  3.256 0.0000000000
98215  56.355  22.485  2.689 0.0000000000
97654  56.939  21.927  1.586 0.0000000000
98221  55.857  22.342  1.837 0.0000000000
97083  50.669  20.033  -1.243 0.0000000000
97084  49.695  20.075  -1.378 0.0000000000
97086  47.606  20.647  -1.686 0.0000000000
97089  47.170  20.346  -2.297 0.0000000000
97090  46.607  20.778  -2.696 0.0000000000
97655  55.834  21.971  1.132 0.0000000000
97665  50.327  21.807  0.124 0.0000000000
97678  52.640  21.114  -0.170 0.0000000000
97679  51.657  21.067  -0.288 0.0000000000
97683  47.827  21.857  -0.731 0.0000000000
97697  46.384  21.394  -3.190 0.0000000000
98247  47.018  22.179  -1.078 0.0000000000
98248  46.601  22.605  -1.542 0.0000000000
98260  47.045  22.678  -4.894 0.0000000000
98797  52.332  23.189  1.885 0.0000000000
98798  51.475  23.272  1.736 0.0000000000
98808  47.028  23.899  0.007 0.0000000000
98822  46.473  23.399  -2.437 0.0000000000
98848  49.519  23.698  -6.677 0.0000000000
98849  48.686  23.479  -6.799 0.0000000000
99384  54.332  25.203  5.368 0.0000000000
99415  50.203  23.993  2.023 0.0000000000
99416  49.382  24.218  1.825 0.0000000000
99417  48.493  24.468  1.627 0.0000000000
99422  48.122  24.044  0.982 0.0000000000
99430  46.421  24.971  -1.651 0.0000000000
99438  46.836  24.676  -2.790 0.0000000000
99469  53.524  24.765  -7.223 0.0000000000
99470  52.024  24.407  -6.628 0.0000000000
99490  52.131  24.904  -8.990 0.0000000000
99502  49.403  24.700  -11.042 0.0000000000
100039  52.039  24.843  3.968 0.0000000000
100040  51.390  25.141  3.890 0.0000000000
100042  48.965  25.759  3.266 0.0000000000
100056  46.991  25.498  1.468 0.0000000000
100059  46.783  25.034  0.739 0.0000000000
100060  46.403  25.452  0.049 0.0000000000
100063  46.325  25.945  -0.658 0.0000000000
100066  46.555  25.645  -1.908 0.0000000000
100073  47.930  25.860  -3.050 0.0000000000
100080  56.501  25.522  -5.049 0.0000000000
100097  55.893  25.356  -5.424 0.0000000000
100100  50.991  25.082  -4.696 0.0000000000
100107  56.224  25.582  -5.675 0.0000000000
100119  55.693  25.617  -6.327 0.0000000000
100122  53.697  25.117  -7.754 0.0000000000
100137  52.337  25.303  -8.895 0.0000000000
100138  51.883  25.197  -9.477 0.0000000000
100687  49.582  26.116  3.919 0.0000000000
100717  50.054  26.997  -2.908 0.0000000000
100729  56.484  25.638  -4.321 0.0000000000
100754  56.333  25.882  -5.918 0.0000000000
100771  53.355  25.714  -8.011 0.0000000000
100789  47.061  26.230  -8.252 0.0000000000
101253  51.225  27.772  6.120 0.0000000000
101270  46.928  27.656  3.083 0.0000000000
101289  46.668  27.715  -0.302 0.0000000000
101301  47.735  27.439  -1.853 0.0000000000
101314  48.570  27.315  -2.309 0.0000000000
101315  47.792  26.959  -2.317 0.0000000000
101320  57.474  26.755  -4.385 0.0000000000
101342  55.939  26.470  -5.948 0.0000000000
101870  46.645  28.488  2.572 0.0000000000
101871  46.471  28.115  1.863 0.0000000000
101880  58.491  27.988  0.591 0.0000000000
101884  47.062  28.575  0.212 0.0000000000
101885  46.576  28.054  0.429 0.0000000000
102493  46.639  28.740  1.706 0.0000000000
102495  60.089  29.571  0.861 0.0000000000
102497  58.420  29.274  1.415 0.0000000000
102525  52.020  29.529  0.013 0.0000000000
102528  48.735  29.232  -0.199 0.0000000000
103147  47.990  30.745  3.974 0.0000000000
103154  59.795  30.099  1.250 0.0000000000
103163  60.389  30.708  0.245 0.0000000000
103164  60.335  30.078  0.598 0.0000000000
103791  52.145  31.192  7.286 0.0000000000
103844  48.846  31.887  3.961 0.0000000000
103861  57.100  31.901  0.899 0.0000000000
103870  60.247  30.742  -0.267 0.0000000000
103889  54.924  31.844  -2.389 0.0000000000
104597  60.116  31.834  0.429 0.0000000000
104600  56.261  32.141  0.649 0.0000000000
104608  54.194  32.469  0.147 0.0000000000
105250  54.384  33.195  7.657 0.0000000000
105271  53.673  34.263  6.166 0.0000000000
105288  52.310  34.237  4.986 0.0000000000
105334  58.841  32.950  0.529 0.0000000000
106009  50.990  35.139  1.897 0.0000000000
106179  54.683  34.550  -13.299 0.0000000000
106645  53.740  35.599  6.410 0.0000000000
106669  53.367  35.840  4.947 0.0000000000
106699  50.906  35.291  1.073 0.0000000000
106712  57.462  35.540  -0.896 0.0000000000
106715  54.234  35.002  -0.866 0.0000000000
106731  54.723  35.897  -1.138 0.0000000000
106739  58.875  35.723  -2.565 0.0000000000
107383  51.736  35.817  -0.195 0.0000000000
107421  53.510  36.749  -5.832 0.0000000000
107427  54.917  36.236  -8.240 0.0000000000
107998  53.277  38.003  -0.624 0.0000000000
108050  52.925  37.111  -6.246 0.0000000000
108053  53.186  37.775  -7.597 0.0000000000
108059  56.799  37.645  -10.303 0.0000000000
108612  56.147  38.718  -2.651 0.0000000000
108614  53.563  38.587  -3.560 0.0000000000
108638  51.500  38.920  -5.509 0.0000000000
108646  55.815  38.731  -9.331 0.0000000000
108655  54.403  38.932  -10.609 0.0000000000
109066  52.148  39.484  5.493 0.0000000000
109155  56.315  39.085  -1.952 0.0000000000
109157  55.201  39.328  -1.160 0.0000000000
109256  55.518  39.825  -9.417 0.0000000000
109724  55.040  41.155  -0.745 0.0000000000
109738  55.509  40.316  -1.596 0.0000000000
109751  55.056  40.779  -1.752 0.0000000000
110359  51.729  41.967  -6.274 0.0000000000
110947  54.044  42.894  -7.280 0.0000000000
122719  47.735  19.420  -3.074 0.0000000000
125057  52.859  24.533  -6.418 0.0000000000
125248  54.541  22.546  1.691 0.0000000000
125273  54.015  25.991  -7.564 0.0000000000
125711  58.119  28.971  -1.402 0.0000000000
130146  56.619  28.242  0.391 0.0000000000
130480  52.198  26.045  -3.982 0.0000000000
130684  58.232  31.695  1.163 0.0000000000
131755  55.525  31.529  0.780 0.0000000000
132786  49.607  21.911  0.015 0.0000000000
134498  48.494  28.341  4.810 0.0000000000
136194  52.760  38.190  0.003 0.0000000000
136197  48.410  26.065  -9.116 0.0000000000
137715  54.835  25.689  -7.039 0.0000000000
138828  60.839  33.188  -4.065 0.0000000000
138946  51.317  30.018  7.145 0.0000000000
139166  54.520  36.238  -7.629 0.0000000000
139608  60.317  31.234  -8.253 0.0000000000
140910  56.266  39.188  -2.111 0.0000000000
141860  52.743  38.206  0.587 0.0000000000
142914  60.194  30.107  0.958 0.0000000000
144586  50.054  28.854  6.185 0.0000000000
144732  53.282  43.185  -0.210 0.0000000000
