#!ascii label  , from subject sub-v2s0x29034_ses-1 vox2ras=TkReg
300
11895  41.106  -71.919  -11.291 0.0000000000
10075  38.551  -74.315  -19.106 0.0000000000
10020  48.305  -73.897  -12.684 0.0000000000
11304  43.323  -71.875  -16.660 0.0000000000
8865  46.187  -76.636  -19.676 0.0000000000
9470  47.629  -75.075  -16.650 0.0000000000
8116  45.004  -77.690  -16.228 0.0000000000
10690  40.298  -74.268  -16.795 0.0000000000
126409  38.916  -69.850  -15.568 0.0000000000
10623  44.477  -73.190  -11.832 0.0000000000
10657  45.624  -72.990  -15.529 0.0000000000
127608  44.815  -73.735  -17.425 0.0000000000
9490  42.428  -75.661  -19.247 0.0000000000
8187  43.489  -77.987  -21.470 0.0000000000
12533  39.604  -70.178  -9.188 0.0000000000
11871  43.770  -71.819  -8.624 0.0000000000
11236  47.105  -73.379  -8.572 0.0000000000
13331  41.885  -69.151  -16.147 0.0000000000
8817  46.080  -76.626  -15.363 0.0000000000
10692  38.531  -73.644  -17.640 0.0000000000
11308  37.769  -72.550  -16.421 0.0000000000
141741  46.765  -73.409  -12.217 0.0000000000
10640  47.555  -73.697  -13.866 0.0000000000
9474  47.195  -75.551  -18.092 0.0000000000
10058  46.586  -74.315  -17.881 0.0000000000
9479  45.435  -75.382  -18.885 0.0000000000
9475  43.492  -75.195  -17.724 0.0000000000
136110  44.172  -76.021  -19.630 0.0000000000
8176  41.401  -77.311  -20.896 0.0000000000
11861  45.088  -71.067  -6.816 0.0000000000
11224  45.450  -72.196  -8.445 0.0000000000
11214  46.396  -72.183  -7.215 0.0000000000
11924  44.077  -71.251  -16.114 0.0000000000
11941  42.298  -70.647  -16.321 0.0000000000
142697  36.936  -67.920  -15.487 0.0000000000
14715  39.043  -67.665  -15.871 0.0000000000
9422  48.425  -74.908  -12.977 0.0000000000
10037  48.205  -74.266  -14.279 0.0000000000
8795  47.524  -75.680  -15.025 0.0000000000
135618  46.597  -76.278  -16.245 0.0000000000
8141  45.749  -77.127  -18.000 0.0000000000
10681  41.684  -73.467  -16.268 0.0000000000
11926  41.217  -71.346  -15.981 0.0000000000
11291  39.497  -72.444  -15.557 0.0000000000
12598  36.977  -70.381  -15.537 0.0000000000
10084  36.866  -73.976  -20.196 0.0000000000
11261  43.001  -72.706  -11.195 0.0000000000
11269  44.334  -72.540  -14.401 0.0000000000
11303  44.224  -71.832  -16.678 0.0000000000
10655  47.340  -73.843  -15.755 0.0000000000
10678  45.662  -73.035  -17.113 0.0000000000
10679  43.849  -72.577  -16.966 0.0000000000
10061  42.842  -74.705  -17.110 0.0000000000
10072  41.448  -75.130  -17.908 0.0000000000
10081  40.279  -74.915  -18.992 0.0000000000
8173  44.838  -77.866  -20.973 0.0000000000
8879  42.674  -76.593  -20.267 0.0000000000
8870  41.190  -75.986  -19.842 0.0000000000
9494  38.991  -75.073  -19.691 0.0000000000
12542  39.470  -70.739  -10.549 0.0000000000
11888  40.793  -71.730  -10.540 0.0000000000
11872  42.044  -71.265  -8.506 0.0000000000
11241  42.797  -72.252  -9.806 0.0000000000
123848  44.388  -72.736  -10.174 0.0000000000
10607  46.199  -73.167  -10.683 0.0000000000
10605  47.818  -73.649  -10.610 0.0000000000
9987  47.859  -74.326  -9.482 0.0000000000
9398  48.247  -74.519  -10.738 0.0000000000
140110  40.287  -69.289  -16.102 0.0000000000
11896  40.612  -71.510  -11.953 0.0000000000
11901  40.588  -70.883  -12.785 0.0000000000
124257  41.417  -71.977  -11.983 0.0000000000
10698  38.159  -73.758  -18.560 0.0000000000
10693  37.747  -73.194  -17.982 0.0000000000
124403  47.712  -73.491  -11.895 0.0000000000
124102  46.863  -73.507  -13.232 0.0000000000
10631  47.772  -73.600  -12.763 0.0000000000
8864  46.604  -76.074  -19.164 0.0000000000
9478  46.426  -75.442  -18.858 0.0000000000
9487  46.045  -76.000  -19.511 0.0000000000
9488  45.069  -75.981  -19.577 0.0000000000
8866  45.676  -76.628  -20.035 0.0000000000
7562  40.683  -78.322  -21.787 0.0000000000
127787  45.946  -71.462  -6.568 0.0000000000
11939  43.597  -71.122  -16.397 0.0000000000
11940  43.145  -70.542  -16.274 0.0000000000
128494  42.819  -71.240  -16.481 0.0000000000
15496  37.737  -66.562  -15.639 0.0000000000
9433  47.983  -75.493  -13.592 0.0000000000
8777  47.426  -75.939  -14.133 0.0000000000
8115  45.359  -77.268  -15.559 0.0000000000
127590  45.852  -76.830  -16.274 0.0000000000
8833  46.550  -76.355  -17.069 0.0000000000
8126  45.745  -77.009  -17.159 0.0000000000
10682  40.679  -73.709  -16.189 0.0000000000
10668  40.005  -73.227  -15.688 0.0000000000
11306  39.106  -73.004  -15.742 0.0000000000
11929  37.391  -71.778  -15.817 0.0000000000
12599  36.486  -70.524  -15.953 0.0000000000
129939  36.179  -69.044  -15.987 0.0000000000
141504  43.555  -72.943  -11.694 0.0000000000
10624  43.655  -72.992  -12.428 0.0000000000
10633  44.374  -73.212  -12.732 0.0000000000
11288  44.656  -71.873  -16.228 0.0000000000
11287  45.250  -72.408  -16.228 0.0000000000
9461  47.924  -74.785  -15.747 0.0000000000
10041  47.749  -74.271  -15.788 0.0000000000
10051  47.636  -74.560  -16.567 0.0000000000
10059  45.673  -74.070  -17.699 0.0000000000
10687  46.176  -73.620  -17.428 0.0000000000
10688  45.494  -73.316  -17.344 0.0000000000
10689  44.809  -72.733  -17.130 0.0000000000
10053  44.178  -73.335  -17.180 0.0000000000
10054  43.301  -73.784  -16.845 0.0000000000
10060  43.836  -74.345  -17.339 0.0000000000
137767  42.969  -75.434  -18.530 0.0000000000
10071  42.431  -75.231  -17.709 0.0000000000
9481  41.987  -75.368  -18.588 0.0000000000
10073  40.573  -74.840  -18.243 0.0000000000
9491  41.576  -75.528  -19.304 0.0000000000
6385  42.647  -80.113  -20.972 0.0000000000
7559  43.830  -78.739  -21.858 0.0000000000
6970  43.963  -79.214  -21.183 0.0000000000
6969  44.341  -78.703  -21.368 0.0000000000
139002  44.217  -77.740  -21.130 0.0000000000
8878  44.449  -77.201  -20.665 0.0000000000
8174  43.500  -77.210  -20.756 0.0000000000
8177  40.376  -77.104  -20.763 0.0000000000
127720  40.809  -76.548  -20.344 0.0000000000
128010  39.887  -76.466  -20.388 0.0000000000
8881  40.316  -75.901  -19.904 0.0000000000
9498  39.368  -75.775  -20.046 0.0000000000
124786  39.219  -70.194  -10.101 0.0000000000
12541  39.707  -70.835  -9.877 0.0000000000
11889  39.995  -71.267  -10.522 0.0000000000
11883  40.531  -71.365  -9.738 0.0000000000
11862  43.807  -71.157  -7.635 0.0000000000
11863  42.763  -71.047  -7.895 0.0000000000
126219  42.905  -71.556  -8.529 0.0000000000
11881  42.205  -71.829  -9.285 0.0000000000
140063  43.059  -71.991  -9.152 0.0000000000
11254  43.364  -72.592  -10.367 0.0000000000
11240  43.797  -72.332  -9.464 0.0000000000
11237  46.829  -73.051  -8.750 0.0000000000
11238  46.059  -72.721  -9.004 0.0000000000
11251  46.708  -73.144  -9.743 0.0000000000
10606  47.344  -73.402  -10.677 0.0000000000
10591  47.393  -73.546  -9.683 0.0000000000
9361  47.189  -75.611  -8.549 0.0000000000
125790  47.646  -75.231  -9.331 0.0000000000
9986  48.126  -74.178  -10.362 0.0000000000
128575  39.655  -71.021  -15.528 0.0000000000
129850  40.598  -70.701  -15.891 0.0000000000
12595  39.856  -70.142  -15.749 0.0000000000
14009  39.533  -68.278  -15.994 0.0000000000
10691  39.368  -73.980  -17.089 0.0000000000
10683  39.241  -73.493  -16.233 0.0000000000
10622  45.741  -73.279  -11.576 0.0000000000
10632  45.404  -73.358  -12.614 0.0000000000
144145  46.195  -73.441  -12.907 0.0000000000
127195  46.124  -73.396  -14.690 0.0000000000
9473  47.377  -75.296  -17.447 0.0000000000
10057  47.491  -74.816  -17.192 0.0000000000
141798  47.280  -74.810  -17.874 0.0000000000
10069  45.998  -74.733  -18.377 0.0000000000
10070  44.737  -74.753  -17.986 0.0000000000
9480  44.147  -75.489  -18.813 0.0000000000
9489  43.330  -75.811  -19.366 0.0000000000
8188  42.345  -77.994  -21.510 0.0000000000
8189  41.424  -77.995  -21.493 0.0000000000
139491  40.736  -77.660  -21.200 0.0000000000
11870  44.754  -71.660  -8.004 0.0000000000
11225  44.528  -72.118  -8.795 0.0000000000
11869  45.758  -71.835  -7.482 0.0000000000
11223  46.352  -72.426  -8.086 0.0000000000
11222  46.790  -72.777  -7.866 0.0000000000
12603  42.758  -70.109  -16.162 0.0000000000
12604  42.114  -69.879  -16.211 0.0000000000
13325  38.161  -69.263  -15.460 0.0000000000
14716  37.694  -67.522  -15.540 0.0000000000
14729  38.638  -66.931  -15.813 0.0000000000
141607  48.510  -74.269  -12.615 0.0000000000
10639  48.118  -73.902  -13.616 0.0000000000
9432  48.316  -74.793  -13.939 0.0000000000
9450  48.162  -74.759  -14.818 0.0000000000
8815  47.652  -75.371  -15.878 0.0000000000
8816  47.036  -75.954  -15.680 0.0000000000
8832  47.219  -75.679  -16.742 0.0000000000
8845  47.087  -75.906  -17.762 0.0000000000
8846  46.464  -76.573  -17.999 0.0000000000
11305  42.174  -72.333  -16.265 0.0000000000
11925  42.009  -71.520  -16.240 0.0000000000
11290  40.523  -72.367  -15.630 0.0000000000
11927  40.090  -71.629  -15.554 0.0000000000
11928  39.054  -71.707  -15.430 0.0000000000
11292  38.436  -72.396  -15.673 0.0000000000
137101  38.149  -71.624  -15.432 0.0000000000
12597  37.857  -70.178  -15.378 0.0000000000
13326  37.128  -69.543  -15.442 0.0000000000
14012  36.464  -68.236  -15.743 0.0000000000
10704  37.583  -73.986  -19.405 0.0000000000
11262  42.042  -72.385  -11.471 0.0000000000
11267  42.174  -72.175  -12.585 0.0000000000
123413  42.879  -72.688  -12.050 0.0000000000
10656  46.505  -73.423  -15.682 0.0000000000
137695  47.061  -73.821  -17.067 0.0000000000
10665  46.823  -73.578  -16.552 0.0000000000
10666  45.917  -72.977  -16.570 0.0000000000
11302  45.034  -72.453  -16.701 0.0000000000
10680  42.787  -73.030  -16.583 0.0000000000
10055  42.279  -74.115  -16.614 0.0000000000
10056  41.246  -74.288  -16.599 0.0000000000
10062  41.829  -74.811  -17.109 0.0000000000
10063  40.872  -74.681  -17.360 0.0000000000
10064  40.001  -74.456  -17.714 0.0000000000
133026  39.873  -74.617  -18.516 0.0000000000
10082  39.390  -74.678  -19.118 0.0000000000
8167  45.639  -77.521  -19.494 0.0000000000
6980  43.420  -79.625  -21.484 0.0000000000
7544  45.342  -77.669  -20.500 0.0000000000
8876  45.857  -77.153  -20.173 0.0000000000
8867  44.776  -76.576  -20.166 0.0000000000
136245  43.652  -76.461  -20.118 0.0000000000
8868  42.783  -76.108  -19.736 0.0000000000
8175  42.511  -77.278  -20.856 0.0000000000
8880  41.748  -76.599  -20.338 0.0000000000
8869  42.039  -76.062  -19.780 0.0000000000
9492  40.726  -75.407  -19.406 0.0000000000
9493  39.864  -75.288  -19.505 0.0000000000
144116  38.779  -74.683  -19.392 0.0000000000
142585  37.450  -74.382  -19.879 0.0000000000
131245  39.170  -68.986  -11.079 0.0000000000
13290  39.090  -69.428  -10.504 0.0000000000
12551  39.194  -70.229  -10.962 0.0000000000
11890  39.631  -70.955  -11.281 0.0000000000
134716  40.317  -71.506  -11.200 0.0000000000
12515  42.028  -70.465  -7.715 0.0000000000
11874  40.703  -71.067  -9.051 0.0000000000
11873  41.330  -71.422  -9.148 0.0000000000
11882  41.400  -71.828  -9.883 0.0000000000
11256  41.618  -72.128  -10.627 0.0000000000
11253  43.928  -72.949  -11.011 0.0000000000
10608  45.010  -73.097  -10.861 0.0000000000
11239  44.943  -72.516  -9.319 0.0000000000
11252  45.540  -72.892  -9.974 0.0000000000
134535  46.752  -73.308  -11.315 0.0000000000
10621  47.430  -73.420  -11.448 0.0000000000
10620  47.829  -73.533  -11.283 0.0000000000
10589  47.844  -73.835  -10.043 0.0000000000
10604  48.058  -73.868  -10.641 0.0000000000
10012  48.467  -74.015  -11.861 0.0000000000
139610  41.531  -70.404  -16.219 0.0000000000
138391  41.116  -68.854  -16.276 0.0000000000
13324  39.357  -69.030  -15.836 0.0000000000
14016  40.315  -68.550  -16.228 0.0000000000
6979  43.675  -79.345  -21.894 0.0000000000
8186  44.312  -78.275  -21.359 0.0000000000
8856  46.818  -76.182  -18.602 0.0000000000
8877  45.294  -77.241  -20.483 0.0000000000
9380  48.075  -74.838  -10.125 0.0000000000
9409  48.402  -74.601  -11.385 0.0000000000
9451  47.994  -75.340  -14.470 0.0000000000
9477  46.988  -75.509  -18.545 0.0000000000
9482  41.094  -75.139  -18.798 0.0000000000
9998  48.319  -74.076  -11.031 0.0000000000
10026  48.392  -74.246  -13.363 0.0000000000
10052  47.348  -74.333  -17.172 0.0000000000
10068  46.812  -74.914  -18.390 0.0000000000
10074  39.132  -74.202  -18.275 0.0000000000
10083  38.136  -74.686  -19.711 0.0000000000
10619  48.100  -73.757  -11.211 0.0000000000
10641  46.739  -73.516  -14.042 0.0000000000
10664  47.405  -74.051  -16.559 0.0000000000
10667  41.045  -72.977  -15.817 0.0000000000
10677  46.885  -74.016  -17.453 0.0000000000
11242  42.071  -72.147  -10.023 0.0000000000
11255  42.456  -72.415  -10.576 0.0000000000
11278  44.943  -72.372  -15.426 0.0000000000
11289  41.395  -72.170  -15.887 0.0000000000
11307  38.520  -73.085  -16.242 0.0000000000
11930  36.937  -71.027  -15.734 0.0000000000
12532  40.150  -70.847  -9.292 0.0000000000
12594  43.099  -70.188  -15.817 0.0000000000
12596  38.694  -70.828  -15.398 0.0000000000
12605  41.128  -69.721  -16.213 0.0000000000
13297  39.171  -69.526  -11.424 0.0000000000
13327  36.505  -69.747  -15.772 0.0000000000
13332  36.227  -69.839  -16.288 0.0000000000
14010  38.516  -68.386  -15.619 0.0000000000
14011  37.279  -68.557  -15.443 0.0000000000
123090  46.436  -73.466  -17.121 0.0000000000
126761  47.632  -74.073  -8.683 0.0000000000
127872  48.088  -73.652  -11.926 0.0000000000
129329  37.581  -71.019  -15.445 0.0000000000
130384  47.955  -75.187  -15.214 0.0000000000
130523  39.891  -73.785  -16.353 0.0000000000
140259  36.602  -69.030  -15.623 0.0000000000
140717  48.027  -74.384  -15.094 0.0000000000
142931  48.306  -75.226  -12.383 0.0000000000
143597  39.619  -69.578  -15.804 0.0000000000
