#!ascii label  , from subject sub-v2s0x30150_ses-1 vox2ras=TkReg
939
55708  14.119  -31.649  87.136 0.0000000000
48688  6.862  -39.097  77.385 0.0000000000
49669  8.309  -37.474  94.621 0.0000000000
52745  6.617  -33.815  88.560 0.0000000000
54835  2.464  -32.414  80.223 0.0000000000
52713  12.559  -34.405  92.777 0.0000000000
56598  9.170  -30.607  91.615 0.0000000000
52771  16.295  -34.639  85.163 0.0000000000
49694  14.199  -37.109  89.037 0.0000000000
47548  10.989  -40.091  91.887 0.0000000000
56638  1.586  -30.652  88.499 0.0000000000
52788  3.723  -33.516  84.250 0.0000000000
58528  1.207  -28.499  84.750 0.0000000000
49688  4.771  -38.361  91.129 0.0000000000
49715  7.861  -37.416  87.956 0.0000000000
52718  8.659  -34.707  91.719 0.0000000000
56613  5.120  -31.654  89.906 0.0000000000
51800  9.294  -35.360  83.362 0.0000000000
52853  7.127  -34.328  78.902 0.0000000000
52880  4.000  -33.754  74.874 0.0000000000
58590  3.985  -28.798  78.596 0.0000000000
54765  13.426  -32.704  90.056 0.0000000000
55686  12.147  -30.824  90.038 0.0000000000
129565  15.481  -33.770  86.117 0.0000000000
51762  15.186  -35.588  87.135 0.0000000000
129069  14.671  -34.258  88.103 0.0000000000
51741  13.725  -35.627  90.746 0.0000000000
137050  0.736  -29.734  86.545 0.0000000000
49676  6.040  -38.473  93.830 0.0000000000
50770  7.212  -36.993  92.298 0.0000000000
51735  8.352  -36.071  93.729 0.0000000000
142253  8.168  -29.610  88.067 0.0000000000
56610  7.437  -30.871  90.941 0.0000000000
47531  9.990  -38.999  94.326 0.0000000000
124311  8.212  -41.234  92.323 0.0000000000
46613  6.684  -39.430  94.046 0.0000000000
47545  4.753  -39.599  92.355 0.0000000000
51757  9.062  -35.420  88.266 0.0000000000
50811  8.536  -36.776  86.165 0.0000000000
120910  7.960  -34.274  85.785 0.0000000000
134579  3.042  -32.757  81.845 0.0000000000
52829  5.392  -33.959  81.310 0.0000000000
141810  3.658  -33.763  79.450 0.0000000000
137122  5.942  -35.019  76.464 0.0000000000
53871  2.985  -33.195  77.522 0.0000000000
51730  11.391  -35.437  94.569 0.0000000000
53725  9.812  -33.352  94.422 0.0000000000
55669  11.127  -31.330  92.551 0.0000000000
57560  10.270  -29.738  89.471 0.0000000000
51787  17.311  -35.990  84.362 0.0000000000
49752  15.854  -37.177  83.278 0.0000000000
50810  15.520  -36.587  85.204 0.0000000000
49724  14.001  -37.527  86.411 0.0000000000
48538  13.000  -38.776  90.815 0.0000000000
49680  12.580  -37.496  92.712 0.0000000000
53765  3.506  -32.817  88.519 0.0000000000
52766  4.788  -33.902  86.697 0.0000000000
54796  2.073  -32.725  87.068 0.0000000000
55730  1.475  -31.682  84.264 0.0000000000
57654  1.623  -29.931  82.565 0.0000000000
55729  15.398  -31.240  84.340 0.0000000000
48586  19.713  -38.180  83.826 0.0000000000
50807  21.505  -36.430  85.887 0.0000000000
52800  18.430  -34.606  83.540 0.0000000000
54812  16.818  -32.934  83.355 0.0000000000
48549  3.436  -38.847  89.080 0.0000000000
48556  5.033  -38.644  87.196 0.0000000000
49697  5.716  -38.002  89.529 0.0000000000
50776  8.677  -36.328  89.952 0.0000000000
52725  7.353  -33.555  90.185 0.0000000000
54750  8.612  -32.658  92.813 0.0000000000
54758  6.733  -32.247  90.968 0.0000000000
53744  5.142  -32.469  89.830 0.0000000000
56625  3.543  -31.291  89.039 0.0000000000
48578  6.212  -38.504  85.151 0.0000000000
49756  7.164  -38.219  83.033 0.0000000000
49788  8.677  -37.486  80.470 0.0000000000
136611  7.028  -34.164  83.751 0.0000000000
52835  8.946  -34.518  80.774 0.0000000000
126660  9.221  -36.796  77.971 0.0000000000
51843  8.484  -36.013  75.547 0.0000000000
51854  6.485  -35.343  73.800 0.0000000000
60466  2.254  -26.261  82.808 0.0000000000
128433  2.634  -28.326  80.556 0.0000000000
59533  3.277  -26.958  79.272 0.0000000000
56709  3.331  -30.723  79.311 0.0000000000
55779  3.508  -32.122  76.851 0.0000000000
55701  13.968  -31.976  87.940 0.0000000000
55702  13.348  -31.343  88.309 0.0000000000
56643  13.808  -30.987  86.906 0.0000000000
54794  15.148  -32.827  86.235 0.0000000000
53771  14.849  -33.775  87.488 0.0000000000
54789  14.392  -32.872  87.757 0.0000000000
53750  14.062  -33.496  89.045 0.0000000000
47696  6.058  -39.436  76.343 0.0000000000
48703  7.023  -39.127  75.955 0.0000000000
49675  6.693  -38.241  94.185 0.0000000000
50761  7.136  -37.471  94.083 0.0000000000
50759  8.537  -36.509  94.334 0.0000000000
141352  16.726  -37.431  82.321 0.0000000000
48522  9.236  -38.424  94.841 0.0000000000
47540  8.603  -39.808  94.103 0.0000000000
47530  7.187  -38.632  94.404 0.0000000000
47535  6.274  -39.065  94.011 0.0000000000
52744  7.850  -34.098  88.505 0.0000000000
52763  8.655  -34.637  86.991 0.0000000000
52756  7.143  -34.094  87.053 0.0000000000
53834  2.762  -32.563  81.463 0.0000000000
52832  3.391  -33.251  80.888 0.0000000000
52847  3.055  -33.403  79.370 0.0000000000
136030  3.349  -33.783  78.319 0.0000000000
131584  2.661  -32.945  78.802 0.0000000000
141042  12.160  -34.428  93.495 0.0000000000
53728  11.444  -33.232  94.030 0.0000000000
54751  12.220  -32.444  92.349 0.0000000000
56620  11.664  -30.352  89.661 0.0000000000
57584  9.835  -29.294  87.461 0.0000000000
51788  16.712  -35.498  84.816 0.0000000000
50818  16.196  -36.706  84.457 0.0000000000
50809  16.160  -36.233  85.062 0.0000000000
136527  14.770  -36.402  87.450 0.0000000000
50802  14.654  -36.740  86.789 0.0000000000
49714  14.304  -37.121  87.466 0.0000000000
49695  13.856  -37.736  89.570 0.0000000000
52716  13.407  -34.692  91.144 0.0000000000
50766  13.255  -36.405  91.734 0.0000000000
122699  12.672  -36.160  92.856 0.0000000000
50763  11.890  -36.800  94.022 0.0000000000
54783  2.551  -32.134  88.529 0.0000000000
54790  2.232  -32.512  87.940 0.0000000000
55704  1.457  -31.452  88.041 0.0000000000
58516  0.886  -29.083  85.678 0.0000000000
56663  0.923  -31.025  85.703 0.0000000000
132338  1.179  -30.043  84.412 0.0000000000
56687  1.357  -30.831  83.888 0.0000000000
58547  1.494  -28.473  83.869 0.0000000000
51798  18.891  -35.368  83.727 0.0000000000
48543  4.102  -38.609  89.638 0.0000000000
49698  4.971  -38.312  89.095 0.0000000000
49693  4.840  -38.262  90.091 0.0000000000
50769  8.109  -36.287  92.114 0.0000000000
50777  8.059  -36.719  90.667 0.0000000000
134524  8.743  -35.349  90.995 0.0000000000
51742  8.831  -35.518  90.142 0.0000000000
52723  8.539  -34.438  91.018 0.0000000000
55665  9.784  -31.686  93.276 0.0000000000
53729  9.123  -33.157  93.511 0.0000000000
55672  8.814  -31.501  92.526 0.0000000000
56611  6.640  -31.151  90.642 0.0000000000
55678  6.771  -31.812  91.086 0.0000000000
55679  5.919  -31.788  90.636 0.0000000000
54759  6.093  -32.305  90.479 0.0000000000
54768  5.058  -32.239  89.857 0.0000000000
55689  4.425  -31.907  89.504 0.0000000000
56624  4.500  -31.345  89.443 0.0000000000
49753  14.581  -37.217  83.918 0.0000000000
49761  15.180  -37.125  82.658 0.0000000000
46631  11.594  -40.096  90.287 0.0000000000
45713  10.210  -41.244  88.688 0.0000000000
45702  10.069  -41.082  90.826 0.0000000000
45691  7.345  -41.226  92.443 0.0000000000
44756  7.549  -41.920  90.654 0.0000000000
125924  4.653  -39.186  92.385 0.0000000000
48536  3.719  -39.384  91.012 0.0000000000
49717  5.864  -38.327  87.643 0.0000000000
48568  5.330  -38.670  86.317 0.0000000000
49726  7.084  -37.833  86.357 0.0000000000
49745  8.779  -36.607  84.578 0.0000000000
140710  7.888  -37.625  84.109 0.0000000000
133115  8.435  -37.266  82.943 0.0000000000
127524  7.875  -37.918  81.728 0.0000000000
50828  9.009  -36.720  81.702 0.0000000000
52776  3.734  -33.612  85.235 0.0000000000
120767  6.496  -34.143  85.067 0.0000000000
52806  5.105  -34.109  83.844 0.0000000000
52837  6.253  -33.976  80.140 0.0000000000
52827  7.527  -34.117  81.416 0.0000000000
52844  7.821  -34.200  79.686 0.0000000000
138524  9.289  -35.426  79.632 0.0000000000
120105  8.494  -35.240  77.902 0.0000000000
50883  9.135  -36.877  76.453 0.0000000000
51825  8.272  -35.391  76.987 0.0000000000
51847  4.278  -34.347  75.907 0.0000000000
122083  6.112  -35.152  75.513 0.0000000000
51856  4.835  -34.628  74.652 0.0000000000
61415  3.038  -25.058  81.715 0.0000000000
59499  2.211  -27.440  81.689 0.0000000000
131049  2.590  -26.659  81.098 0.0000000000
59547  3.450  -27.123  77.777 0.0000000000
58592  3.531  -27.540  78.609 0.0000000000
58587  3.373  -28.254  79.485 0.0000000000
57669  3.762  -29.627  79.194 0.0000000000
55758  3.257  -31.586  78.478 0.0000000000
56716  4.496  -30.672  78.248 0.0000000000
53733  13.227  -33.620  91.080 0.0000000000
54756  12.556  -32.156  91.503 0.0000000000
55685  12.931  -31.605  89.941 0.0000000000
53790  15.920  -33.851  85.427 0.0000000000
51768  15.581  -35.558  86.311 0.0000000000
52752  15.329  -34.542  86.780 0.0000000000
51763  14.932  -35.642  87.935 0.0000000000
51756  14.624  -35.656  88.622 0.0000000000
50774  14.239  -36.424  89.597 0.0000000000
143473  14.181  -35.111  89.662 0.0000000000
52733  13.629  -34.039  90.394 0.0000000000
58493  1.550  -28.895  88.602 0.0000000000
134677  1.233  -29.695  88.280 0.0000000000
140380  0.947  -28.192  87.612 0.0000000000
59461  0.939  -27.755  86.789 0.0000000000
131554  1.131  -27.188  85.897 0.0000000000
49683  4.834  -38.547  92.122 0.0000000000
49687  5.536  -37.992  91.533 0.0000000000
49681  6.345  -37.680  92.927 0.0000000000
50764  7.808  -36.522  93.042 0.0000000000
51738  8.453  -35.718  92.775 0.0000000000
133091  9.021  -29.971  90.367 0.0000000000
56609  8.084  -30.700  91.199 0.0000000000
57563  7.736  -30.120  89.663 0.0000000000
57564  6.929  -30.197  89.159 0.0000000000
56633  5.924  -30.558  89.050 0.0000000000
56634  5.011  -30.739  88.865 0.0000000000
47544  10.682  -39.836  92.707 0.0000000000
45695  9.637  -41.057  91.661 0.0000000000
46615  9.063  -40.306  93.380 0.0000000000
45687  7.734  -40.883  93.073 0.0000000000
46623  6.127  -40.635  92.933 0.0000000000
45694  5.114  -40.463  92.261 0.0000000000
46619  5.599  -39.657  93.224 0.0000000000
48529  5.223  -39.229  92.981 0.0000000000
50796  8.510  -36.793  87.990 0.0000000000
137096  7.896  -37.442  86.538 0.0000000000
50803  9.080  -36.037  86.773 0.0000000000
122362  9.094  -35.514  86.070 0.0000000000
134275  8.781  -34.648  85.083 0.0000000000
52809  3.400  -33.100  82.896 0.0000000000
52821  4.269  -33.831  82.780 0.0000000000
130559  4.028  -33.642  81.816 0.0000000000
52838  5.001  -33.872  80.465 0.0000000000
122043  5.073  -34.067  79.109 0.0000000000
51826  6.490  -34.816  77.532 0.0000000000
52861  4.634  -34.345  77.871 0.0000000000
52862  3.513  -33.898  77.436 0.0000000000
53881  3.431  -33.402  76.074 0.0000000000
58604  3.650  -27.590  76.935 0.0000000000
57671  5.416  -29.384  77.622 0.0000000000
58602  5.200  -28.360  76.616 0.0000000000
50752  10.146  -36.065  94.986 0.0000000000
51729  9.400  -35.554  94.443 0.0000000000
52706  10.599  -34.204  94.874 0.0000000000
54747  10.130  -32.209  93.913 0.0000000000
55670  10.222  -31.060  92.550 0.0000000000
55676  12.082  -31.156  90.953 0.0000000000
130130  10.751  -30.373  90.979 0.0000000000
56607  10.220  -30.162  90.828 0.0000000000
57561  9.410  -29.704  89.572 0.0000000000
49740  17.819  -37.166  83.641 0.0000000000
120198  16.597  -37.338  82.896 0.0000000000
144340  16.460  -36.983  84.015 0.0000000000
120876  15.554  -36.247  85.769 0.0000000000
49732  14.485  -37.096  85.920 0.0000000000
49733  13.984  -37.483  85.609 0.0000000000
46630  11.967  -39.897  89.697 0.0000000000
47546  12.260  -39.262  91.213 0.0000000000
49689  13.715  -37.147  90.670 0.0000000000
48534  13.034  -38.160  91.550 0.0000000000
47542  12.123  -39.122  92.018 0.0000000000
48526  11.376  -38.460  93.643 0.0000000000
49672  10.500  -37.609  94.749 0.0000000000
52747  4.676  -33.443  88.362 0.0000000000
52757  5.299  -33.817  87.615 0.0000000000
53772  3.907  -33.287  88.130 0.0000000000
53782  3.133  -33.290  86.889 0.0000000000
53792  2.639  -33.015  85.515 0.0000000000
143537  0.877  -31.110  86.546 0.0000000000
54802  1.662  -32.371  85.626 0.0000000000
53800  2.772  -32.910  84.509 0.0000000000
53809  2.557  -32.541  83.209 0.0000000000
135050  1.848  -31.629  82.493 0.0000000000
55745  2.028  -31.640  81.630 0.0000000000
55715  14.925  -31.870  85.992 0.0000000000
48596  18.893  -38.025  83.445 0.0000000000
48553  21.981  -37.462  86.368 0.0000000000
50800  21.791  -36.719  86.501 0.0000000000
49722  21.340  -37.565  85.439 0.0000000000
49730  20.705  -37.736  84.802 0.0000000000
48587  19.106  -37.593  83.815 0.0000000000
50817  18.477  -36.959  83.834 0.0000000000
51799  17.962  -35.446  83.925 0.0000000000
52801  17.559  -34.395  83.753 0.0000000000
53807  17.552  -33.494  83.286 0.0000000000
53789  16.301  -33.865  84.796 0.0000000000
53798  15.905  -33.061  84.846 0.0000000000
54801  15.376  -32.409  85.408 0.0000000000
49707  5.073  -38.491  88.160 0.0000000000
49705  6.615  -37.864  89.040 0.0000000000
49691  6.457  -37.762  90.916 0.0000000000
49696  7.308  -37.547  89.494 0.0000000000
131422  7.897  -37.180  89.155 0.0000000000
51749  8.961  -35.651  89.234 0.0000000000
52743  8.711  -34.715  88.850 0.0000000000
52736  6.991  -33.686  89.378 0.0000000000
52708  9.448  -34.628  94.185 0.0000000000
52711  9.161  -34.128  93.718 0.0000000000
52715  8.618  -33.875  92.344 0.0000000000
55673  7.846  -31.699  91.867 0.0000000000
54757  7.548  -32.493  91.604 0.0000000000
53735  7.930  -33.156  91.751 0.0000000000
53742  6.871  -33.132  90.646 0.0000000000
53752  6.243  -33.149  90.019 0.0000000000
53753  5.339  -32.847  89.750 0.0000000000
53755  3.987  -32.523  89.016 0.0000000000
54777  3.131  -32.037  88.783 0.0000000000
56637  2.237  -30.934  88.791 0.0000000000
142373  3.352  -30.705  88.912 0.0000000000
56636  2.731  -30.597  88.797 0.0000000000
57576  1.934  -29.832  88.772 0.0000000000
45714  9.667  -41.622  88.364 0.0000000000
45703  9.345  -41.494  90.682 0.0000000000
131440  6.905  -37.986  85.502 0.0000000000
49747  7.153  -38.120  83.976 0.0000000000
125214  7.384  -38.803  78.882 0.0000000000
52765  7.005  -34.151  86.029 0.0000000000
120768  7.493  -34.206  85.189 0.0000000000
52804  8.521  -34.410  83.256 0.0000000000
127892  6.358  -34.161  83.116 0.0000000000
52818  8.081  -34.234  82.280 0.0000000000
51805  9.326  -35.240  81.757 0.0000000000
50834  9.432  -35.878  80.309 0.0000000000
134334  9.094  -37.235  78.749 0.0000000000
48669  8.433  -38.155  77.618 0.0000000000
49845  8.821  -37.651  76.279 0.0000000000
51837  6.960  -35.256  75.912 0.0000000000
51853  7.409  -35.691  74.309 0.0000000000
61386  1.763  -25.397  84.810 0.0000000000
61385  2.307  -24.969  83.766 0.0000000000
142875  1.758  -27.197  83.624 0.0000000000
58546  1.731  -27.861  83.228 0.0000000000
57653  1.810  -29.091  82.039 0.0000000000
56698  2.231  -30.062  80.854 0.0000000000
137757  2.854  -27.550  80.160 0.0000000000
57665  2.687  -29.245  80.506 0.0000000000
123736  2.612  -31.094  79.978 0.0000000000
129550  2.831  -31.752  78.910 0.0000000000
54870  3.096  -32.497  77.146 0.0000000000
54894  3.466  -32.837  75.593 0.0000000000
55793  4.445  -31.981  75.743 0.0000000000
55709  13.577  -31.216  87.554 0.0000000000
54795  14.632  -32.151  86.698 0.0000000000
53781  14.783  -32.906  87.046 0.0000000000
144766  14.365  -32.314  87.305 0.0000000000
54780  14.022  -32.761  88.523 0.0000000000
133717  5.986  -39.464  77.184 0.0000000000
138276  6.681  -39.218  76.733 0.0000000000
49670  7.667  -37.786  94.485 0.0000000000
49674  7.439  -37.712  94.402 0.0000000000
50755  8.071  -37.155  94.456 0.0000000000
49758  17.828  -37.692  82.839 0.0000000000
120062  17.191  -37.656  81.982 0.0000000000
49759  17.244  -37.551  82.601 0.0000000000
49668  9.053  -37.623  94.877 0.0000000000
48518  8.373  -38.183  94.755 0.0000000000
48519  7.654  -38.172  94.546 0.0000000000
138880  7.194  -38.245  94.405 0.0000000000
127734  7.212  -34.016  87.856 0.0000000000
123674  6.310  -33.936  87.731 0.0000000000
54836  2.450  -32.291  81.124 0.0000000000
53843  2.777  -32.789  80.579 0.0000000000
53851  2.736  -33.009  79.604 0.0000000000
54846  2.496  -32.479  79.423 0.0000000000
53727  12.080  -33.702  93.384 0.0000000000
53730  12.445  -33.388  92.571 0.0000000000
51776  16.061  -35.529  85.532 0.0000000000
126353  14.437  -36.783  88.193 0.0000000000
134719  14.170  -37.342  88.274 0.0000000000
48546  13.942  -37.745  87.977 0.0000000000
49703  13.920  -37.789  88.769 0.0000000000
48541  13.470  -38.326  89.280 0.0000000000
52717  12.980  -34.011  91.919 0.0000000000
52712  13.035  -34.997  92.066 0.0000000000
51736  12.686  -35.341  92.764 0.0000000000
52709  12.360  -34.963  93.275 0.0000000000
55703  2.022  -31.489  88.627 0.0000000000
54784  1.927  -32.018  88.266 0.0000000000
131756  1.073  -29.374  84.848 0.0000000000
124026  1.365  -29.220  84.084 0.0000000000
48539  4.048  -38.728  90.669 0.0000000000
50768  8.588  -35.525  91.869 0.0000000000
50771  8.478  -36.177  91.299 0.0000000000
55671  9.363  -31.299  92.672 0.0000000000
55666  9.103  -31.824  93.077 0.0000000000
56594  8.912  -31.024  92.158 0.0000000000
56612  5.858  -31.491  90.292 0.0000000000
55687  6.300  -31.695  90.705 0.0000000000
55688  5.471  -31.942  90.212 0.0000000000
46626  11.239  -40.198  91.039 0.0000000000
46632  10.759  -40.776  90.237 0.0000000000
46627  10.495  -40.629  91.314 0.0000000000
45698  6.253  -41.376  91.861 0.0000000000
120576  6.963  -41.466  91.947 0.0000000000
48535  4.173  -38.951  91.659 0.0000000000
48544  3.237  -39.052  90.113 0.0000000000
49716  6.792  -37.852  88.012 0.0000000000
122059  6.537  -38.129  87.035 0.0000000000
125535  7.488  -37.724  87.190 0.0000000000
50819  9.159  -36.180  83.805 0.0000000000
142011  8.489  -37.077  83.795 0.0000000000
141937  8.878  -36.687  83.198 0.0000000000
50825  8.926  -36.706  82.507 0.0000000000
50822  9.300  -36.084  82.935 0.0000000000
52787  4.424  -33.921  84.559 0.0000000000
52845  6.627  -34.053  79.654 0.0000000000
52852  8.242  -34.655  78.767 0.0000000000
51817  7.456  -34.706  78.127 0.0000000000
52872  4.286  -34.275  75.152 0.0000000000
52879  4.387  -34.152  74.362 0.0000000000
62316  3.218  -24.300  82.082 0.0000000000
133042  2.792  -25.815  81.392 0.0000000000
61429  3.123  -25.211  80.859 0.0000000000
58597  3.688  -27.708  77.991 0.0000000000
58591  3.640  -28.455  79.016 0.0000000000
56707  4.195  -29.841  78.779 0.0000000000
139399  13.122  -32.145  90.247 0.0000000000
126571  13.333  -32.096  89.605 0.0000000000
120253  13.080  -30.786  87.774 0.0000000000
52772  15.826  -34.661  85.923 0.0000000000
52753  15.017  -34.796  87.657 0.0000000000
52742  14.698  -34.930  88.362 0.0000000000
51748  14.364  -35.705  89.313 0.0000000000
120381  14.412  -34.986  89.061 0.0000000000
53751  13.745  -33.423  89.818 0.0000000000
52732  14.056  -34.310  89.579 0.0000000000
137498  13.436  -33.287  90.448 0.0000000000
58499  1.288  -28.192  88.363 0.0000000000
139306  1.188  -26.661  87.568 0.0000000000
131555  1.057  -26.913  86.812 0.0000000000
60435  1.236  -26.461  86.055 0.0000000000
49679  5.741  -38.300  93.363 0.0000000000
49682  5.530  -38.085  92.541 0.0000000000
141235  7.633  -36.832  93.768 0.0000000000
50765  7.031  -37.202  93.366 0.0000000000
51737  8.898  -35.069  93.329 0.0000000000
57562  8.525  -29.874  89.620 0.0000000000
57572  7.920  -29.862  88.863 0.0000000000
56645  5.558  -30.323  88.293 0.0000000000
47538  10.346  -39.504  93.503 0.0000000000
46614  9.900  -40.133  93.070 0.0000000000
47539  9.524  -39.726  93.876 0.0000000000
46612  7.640  -39.685  94.169 0.0000000000
46616  8.146  -40.345  93.588 0.0000000000
46617  7.164  -40.240  93.640 0.0000000000
45688  6.815  -40.754  93.082 0.0000000000
46618  6.182  -40.064  93.430 0.0000000000
47541  5.993  -39.424  93.709 0.0000000000
48524  6.124  -38.813  93.913 0.0000000000
47536  5.704  -39.211  93.512 0.0000000000
48528  5.621  -38.881  93.500 0.0000000000
48532  5.172  -38.770  92.923 0.0000000000
50795  9.007  -36.166  87.691 0.0000000000
51764  9.072  -35.266  87.389 0.0000000000
52764  8.021  -34.256  86.545 0.0000000000
51769  9.069  -35.115  86.653 0.0000000000
52773  8.665  -34.670  85.970 0.0000000000
51778  9.130  -35.112  85.326 0.0000000000
53821  3.045  -32.790  82.611 0.0000000000
52822  3.714  -33.416  82.360 0.0000000000
52823  3.392  -33.116  81.879 0.0000000000
143220  3.381  -33.510  79.955 0.0000000000
52831  3.762  -33.515  80.910 0.0000000000
52839  4.074  -33.775  80.137 0.0000000000
120766  4.761  -33.922  79.770 0.0000000000
52846  4.228  -33.924  79.313 0.0000000000
52854  4.466  -34.118  78.557 0.0000000000
52863  3.149  -33.575  77.933 0.0000000000
52868  3.265  -33.556  77.273 0.0000000000
52867  3.498  -33.673  76.645 0.0000000000
122569  3.342  -27.183  76.220 0.0000000000
58616  3.611  -27.592  76.039 0.0000000000
58603  4.248  -28.017  76.799 0.0000000000
51727  10.355  -35.401  94.973 0.0000000000
52700  10.790  -35.015  94.952 0.0000000000
54752  11.516  -31.927  92.982 0.0000000000
54746  10.964  -32.364  93.973 0.0000000000
55664  10.627  -31.664  93.320 0.0000000000
137869  12.516  -31.276  90.248 0.0000000000
143085  12.319  -31.638  91.284 0.0000000000
56606  11.464  -30.571  90.586 0.0000000000
56621  10.804  -30.096  90.158 0.0000000000
57552  9.884  -29.920  90.252 0.0000000000
138963  9.785  -29.533  88.925 0.0000000000
139685  17.030  -36.849  84.028 0.0000000000
49742  15.504  -36.839  84.644 0.0000000000
50794  15.133  -36.317  86.557 0.0000000000
49723  14.365  -37.096  86.634 0.0000000000
136082  12.869  -38.636  87.208 0.0000000000
48542  13.029  -38.927  89.830 0.0000000000
47552  12.315  -39.463  90.312 0.0000000000
50775  13.963  -36.421  90.373 0.0000000000
50780  14.037  -37.128  89.931 0.0000000000
125295  13.566  -36.418  91.096 0.0000000000
50767  12.962  -36.819  92.324 0.0000000000
49685  12.944  -37.637  92.108 0.0000000000
48530  12.499  -38.326  92.293 0.0000000000
48531  11.839  -38.834  92.813 0.0000000000
48525  12.093  -38.034  93.144 0.0000000000
50757  11.365  -36.305  94.546 0.0000000000
124197  11.254  -37.158  94.428 0.0000000000
50758  10.667  -36.653  94.888 0.0000000000
53764  4.224  -32.972  88.841 0.0000000000
53774  2.632  -32.924  87.464 0.0000000000
53783  2.589  -33.031  86.501 0.0000000000
53791  3.124  -33.313  85.891 0.0000000000
53784  2.075  -32.794  86.076 0.0000000000
57590  0.821  -29.508  87.513 0.0000000000
56648  0.900  -30.546  87.473 0.0000000000
56654  0.780  -30.488  86.329 0.0000000000
56676  1.087  -30.916  84.784 0.0000000000
55724  1.276  -31.742  85.169 0.0000000000
53793  2.210  -32.741  85.102 0.0000000000
54807  1.826  -32.325  84.680 0.0000000000
53801  2.416  -32.613  84.137 0.0000000000
54814  1.999  -32.277  83.763 0.0000000000
56694  1.572  -30.804  82.987 0.0000000000
55737  1.674  -31.639  83.378 0.0000000000
124424  1.747  -30.821  82.079 0.0000000000
121468  15.100  -31.435  85.199 0.0000000000
56674  14.991  -30.757  84.774 0.0000000000
48595  19.597  -38.518  83.259 0.0000000000
48604  19.311  -38.644  82.439 0.0000000000
48605  18.578  -38.163  82.816 0.0000000000
51774  21.417  -35.497  85.815 0.0000000000
51767  21.685  -35.850  86.776 0.0000000000
50801  21.561  -37.079  85.845 0.0000000000
50808  21.044  -36.949  85.178 0.0000000000
50816  19.357  -36.872  84.055 0.0000000000
49739  18.448  -37.508  83.572 0.0000000000
52782  17.286  -35.135  84.282 0.0000000000
140898  17.019  -33.732  83.749 0.0000000000
52802  16.494  -33.431  84.157 0.0000000000
54813  15.868  -31.785  83.797 0.0000000000
54806  15.619  -32.088  84.590 0.0000000000
134919  2.944  -39.018  88.376 0.0000000000
133116  3.676  -38.826  88.292 0.0000000000
49706  5.843  -38.147  88.572 0.0000000000
49686  6.374  -37.634  91.908 0.0000000000
49690  7.259  -37.364  90.332 0.0000000000
50782  7.937  -36.951  89.787 0.0000000000
50781  8.558  -36.621  89.207 0.0000000000
132901  8.310  -34.206  90.315 0.0000000000
52734  8.714  -34.813  89.731 0.0000000000
52735  8.127  -34.116  89.502 0.0000000000
52707  9.676  -34.176  94.338 0.0000000000
52703  9.504  -34.911  94.273 0.0000000000
53726  9.497  -33.686  94.070 0.0000000000
53731  8.774  -33.393  93.045 0.0000000000
53732  8.238  -32.888  92.328 0.0000000000
56600  7.742  -31.184  91.542 0.0000000000
54754  7.313  -31.991  91.513 0.0000000000
53736  7.118  -32.691  91.152 0.0000000000
53743  5.847  -32.526  90.252 0.0000000000
53754  4.659  -32.663  89.387 0.0000000000
55695  3.413  -31.780  88.954 0.0000000000
54776  3.780  -32.186  89.057 0.0000000000
55696  2.677  -31.638  88.741 0.0000000000
56626  2.885  -31.295  88.857 0.0000000000
56635  4.071  -30.683  88.765 0.0000000000
122629  9.774  -41.590  89.061 0.0000000000
45689  8.949  -41.100  92.231 0.0000000000
45696  8.738  -41.426  91.560 0.0000000000
48550  2.749  -39.340  89.257 0.0000000000
48579  5.521  -38.714  85.538 0.0000000000
139416  5.062  -38.859  85.213 0.0000000000
48591  5.429  -38.814  84.680 0.0000000000
120790  7.799  -37.567  85.769 0.0000000000
49755  7.846  -37.735  83.415 0.0000000000
48599  6.469  -38.603  83.407 0.0000000000
49765  7.200  -38.333  82.192 0.0000000000
49775  7.953  -37.967  80.873 0.0000000000
48619  7.211  -38.594  81.277 0.0000000000
48636  7.467  -38.526  80.330 0.0000000000
48652  7.865  -38.376  79.481 0.0000000000
139762  6.047  -34.051  86.809 0.0000000000
52774  5.704  -34.089  85.821 0.0000000000
121758  6.188  -34.185  84.092 0.0000000000
52786  7.172  -34.184  84.450 0.0000000000
52785  7.896  -34.228  84.629 0.0000000000
124141  7.823  -34.197  83.929 0.0000000000
127884  4.826  -33.961  82.045 0.0000000000
52820  5.245  -34.107  82.977 0.0000000000
127891  5.866  -34.119  82.192 0.0000000000
52836  8.102  -34.157  80.650 0.0000000000
52826  8.527  -34.346  81.456 0.0000000000
52817  8.964  -34.612  82.238 0.0000000000
52834  9.119  -34.683  81.422 0.0000000000
50827  9.386  -35.957  81.264 0.0000000000
51806  9.328  -35.192  80.940 0.0000000000
50859  9.306  -36.326  78.676 0.0000000000
140423  9.215  -36.822  79.282 0.0000000000
49817  8.764  -37.689  78.120 0.0000000000
48686  8.375  -38.260  76.895 0.0000000000
49832  9.008  -37.435  77.215 0.0000000000
50893  8.940  -36.612  75.773 0.0000000000
50902  8.772  -36.602  75.026 0.0000000000
51827  5.213  -34.684  77.324 0.0000000000
122500  7.249  -35.135  76.747 0.0000000000
51845  6.505  -35.288  74.763 0.0000000000
121224  7.303  -35.767  73.535 0.0000000000
61400  2.317  -25.711  83.194 0.0000000000
61401  1.901  -25.987  84.119 0.0000000000
60453  1.952  -26.507  83.511 0.0000000000
59485  1.960  -26.970  82.963 0.0000000000
58578  2.149  -28.294  81.402 0.0000000000
57663  1.864  -29.995  81.637 0.0000000000
132363  2.180  -29.173  81.132 0.0000000000
60511  3.367  -26.590  78.707 0.0000000000
61450  3.342  -25.658  79.384 0.0000000000
134290  3.107  -26.156  79.863 0.0000000000
59526  3.081  -26.918  79.729 0.0000000000
123419  3.433  -29.396  79.627 0.0000000000
57666  3.100  -29.282  80.060 0.0000000000
56704  3.054  -30.323  79.899 0.0000000000
56701  2.701  -30.166  80.338 0.0000000000
144104  2.865  -31.182  79.547 0.0000000000
55753  2.525  -31.837  79.413 0.0000000000
55771  3.278  -31.949  77.633 0.0000000000
54881  3.287  -32.666  76.357 0.0000000000
55794  3.688  -32.335  75.989 0.0000000000
56715  5.330  -30.189  77.807 0.0000000000
54774  13.715  -32.729  89.317 0.0000000000
54781  13.614  -32.006  88.822 0.0000000000
143628  13.389  -30.885  87.258 0.0000000000
53780  15.150  -33.554  86.743 0.0000000000
53762  14.387  -33.564  88.268 0.0000000000
130363  14.384  -34.253  88.738 0.0000000000
48718  7.650  -38.809  75.288 0.0000000000
49678  6.410  -37.875  93.744 0.0000000000
50760  7.944  -36.849  94.244 0.0000000000
51732  8.616  -36.080  94.141 0.0000000000
127172  10.049  -38.269  94.745 0.0000000000
47532  9.010  -39.207  94.521 0.0000000000
48523  8.480  -38.742  94.734 0.0000000000
47533  8.106  -39.194  94.547 0.0000000000
47534  7.290  -39.034  94.448 0.0000000000
131965  6.796  -38.929  94.265 0.0000000000
48520  6.731  -38.719  94.203 0.0000000000
52754  8.665  -34.646  87.904 0.0000000000
52755  8.046  -34.228  87.467 0.0000000000
53833  3.108  -32.948  81.083 0.0000000000
52840  3.062  -33.206  80.192 0.0000000000
140617  3.294  -33.652  79.075 0.0000000000
129038  2.881  -33.259  78.921 0.0000000000
130180  2.881  -33.249  78.326 0.0000000000
52704  11.977  -35.001  93.987 0.0000000000
52705  11.300  -34.550  94.616 0.0000000000
52710  11.729  -34.081  94.082 0.0000000000
54745  11.829  -32.778  93.264 0.0000000000
57569  11.306  -29.707  88.329 0.0000000000
57570  10.502  -29.545  88.659 0.0000000000
57583  10.634  -29.373  87.766 0.0000000000
121795  16.697  -36.310  84.557 0.0000000000
48554  13.983  -37.617  87.185 0.0000000000
48537  13.442  -38.244  90.103 0.0000000000
51739  13.343  -35.668  91.505 0.0000000000
137180  13.033  -35.898  92.226 0.0000000000
125482  12.578  -36.833  92.954 0.0000000000
131288  12.215  -37.218  93.364 0.0000000000
50762  12.278  -36.433  93.437 0.0000000000
50756  11.938  -35.944  94.045 0.0000000000
53766  2.837  -32.668  88.236 0.0000000000
54791  1.672  -32.189  87.561 0.0000000000
57618  0.901  -30.081  85.443 0.0000000000
57641  1.427  -29.954  83.513 0.0000000000
48585  20.511  -38.254  84.359 0.0000000000
51775  21.079  -35.946  85.110 0.0000000000
140392  19.322  -35.995  83.937 0.0000000000
52799  19.317  -34.575  83.547 0.0000000000
54805  16.137  -32.598  83.985 0.0000000000
48548  4.274  -38.612  88.667 0.0000000000
50772  7.861  -36.701  91.513 0.0000000000
50773  7.199  -37.199  91.249 0.0000000000
140511  8.664  -36.072  90.613 0.0000000000
143091  8.725  -34.862  90.421 0.0000000000
54743  9.815  -32.718  94.135 0.0000000000
54744  9.479  -32.956  93.885 0.0000000000
54748  9.537  -32.310  93.627 0.0000000000
54749  9.048  -32.466  93.266 0.0000000000
55667  8.515  -31.950  92.548 0.0000000000
56601  7.017  -31.461  91.118 0.0000000000
53737  6.458  -32.477  90.670 0.0000000000
54767  5.588  -32.261  90.196 0.0000000000
54775  4.515  -32.367  89.426 0.0000000000
139612  15.083  -37.164  83.380 0.0000000000
46635  11.374  -40.316  89.505 0.0000000000
45709  10.786  -40.847  89.140 0.0000000000
125400  10.194  -41.260  89.507 0.0000000000
120838  10.014  -41.294  90.204 0.0000000000
45697  7.743  -41.594  91.583 0.0000000000
46625  4.145  -39.982  91.557 0.0000000000
47549  4.176  -39.532  91.733 0.0000000000
130127  5.806  -38.461  86.867 0.0000000000
49727  6.208  -38.384  86.119 0.0000000000
132444  9.001  -36.170  85.463 0.0000000000
49734  8.366  -37.061  85.226 0.0000000000
49746  8.237  -37.244  84.513 0.0000000000
137809  7.843  -37.843  82.590 0.0000000000
49764  8.496  -37.369  82.141 0.0000000000
49774  8.585  -37.430  81.309 0.0000000000
52775  4.600  -33.945  85.557 0.0000000000
123374  5.393  -34.112  84.823 0.0000000000
121756  5.926  -33.972  80.610 0.0000000000
52828  6.443  -34.064  81.394 0.0000000000
121757  6.958  -34.011  80.501 0.0000000000
121574  8.654  -34.411  80.114 0.0000000000
51809  9.245  -34.992  80.177 0.0000000000
52843  8.829  -34.758  79.483 0.0000000000
51816  9.104  -35.425  78.804 0.0000000000
122578  9.147  -35.924  77.972 0.0000000000
50872  9.138  -36.427  77.214 0.0000000000
142072  8.846  -35.771  77.300 0.0000000000
51835  8.828  -35.995  76.464 0.0000000000
51836  7.995  -35.473  76.129 0.0000000000
51838  4.717  -34.648  76.534 0.0000000000
51846  5.030  -34.839  75.592 0.0000000000
133275  5.580  -35.023  74.942 0.0000000000
51855  5.569  -34.996  74.178 0.0000000000
127448  2.782  -24.970  82.667 0.0000000000
123731  2.634  -25.693  82.280 0.0000000000
60479  2.363  -26.575  82.077 0.0000000000
59514  2.518  -27.508  80.809 0.0000000000
121562  3.408  -26.875  78.184 0.0000000000
59541  3.392  -27.288  79.006 0.0000000000
58584  3.154  -27.643  79.676 0.0000000000
56708  3.781  -30.701  78.803 0.0000000000
56717  3.761  -31.367  78.177 0.0000000000
55770  4.104  -31.516  77.542 0.0000000000
53734  12.819  -33.031  91.737 0.0000000000
54755  13.085  -32.651  90.847 0.0000000000
54766  12.712  -31.756  90.745 0.0000000000
55694  12.641  -31.117  89.523 0.0000000000
55693  13.135  -31.460  89.150 0.0000000000
56619  12.281  -30.684  89.132 0.0000000000
137649  14.686  -36.211  88.202 0.0000000000
50789  14.475  -36.353  88.835 0.0000000000
51740  14.100  -35.694  90.016 0.0000000000
52722  13.887  -34.902  90.278 0.0000000000
134676  0.985  -28.862  87.997 0.0000000000
59457  1.102  -27.435  87.824 0.0000000000
58505  0.791  -28.739  86.865 0.0000000000
59466  0.972  -28.116  85.799 0.0000000000
59472  1.288  -27.477  84.972 0.0000000000
130874  8.784  -34.861  92.487 0.0000000000
57546  8.712  -30.436  91.094 0.0000000000
56599  8.458  -30.860  91.633 0.0000000000
57553  8.095  -30.311  90.486 0.0000000000
57554  7.175  -30.520  90.194 0.0000000000
56622  6.306  -30.794  89.921 0.0000000000
56623  5.405  -31.126  89.716 0.0000000000
46621  10.198  -40.428  92.211 0.0000000000
46622  9.412  -40.688  92.592 0.0000000000
45690  8.619  -40.844  92.906 0.0000000000
45692  6.538  -41.113  92.488 0.0000000000
45693  5.757  -40.888  92.452 0.0000000000
46624  5.595  -40.234  92.859 0.0000000000
46620  5.308  -39.496  92.982 0.0000000000
49725  8.416  -36.942  87.186 0.0000000000
143169  8.997  -36.159  86.132 0.0000000000
51790  9.188  -35.703  84.645 0.0000000000
51789  9.241  -35.332  84.037 0.0000000000
52789  3.291  -33.140  83.882 0.0000000000
52807  4.262  -33.840  83.661 0.0000000000
52808  3.735  -33.453  83.278 0.0000000000
138032  3.641  -33.368  81.576 0.0000000000
52830  4.454  -33.746  81.123 0.0000000000
120916  5.641  -33.987  79.818 0.0000000000
121459  6.047  -34.189  78.996 0.0000000000
51818  6.510  -34.485  78.344 0.0000000000
51819  5.467  -34.407  78.235 0.0000000000
122415  3.908  -34.088  78.031 0.0000000000
51828  4.258  -34.336  77.286 0.0000000000
51829  3.930  -34.152  76.580 0.0000000000
52873  3.813  -33.814  75.777 0.0000000000
59546  3.436  -27.133  77.044 0.0000000000
58596  4.145  -28.258  77.743 0.0000000000
57672  4.726  -29.352  78.223 0.0000000000
58595  4.964  -28.673  77.443 0.0000000000
58601  6.244  -28.618  76.385 0.0000000000
47685  6.247  -39.354  77.941 0.0000000000
139309  9.086  -37.015  94.785 0.0000000000
50754  8.797  -36.498  94.470 0.0000000000
50753  9.467  -36.221  94.739 0.0000000000
52702  9.750  -34.762  94.529 0.0000000000
53722  10.006  -34.061  94.684 0.0000000000
53723  11.085  -33.676  94.668 0.0000000000
53724  10.377  -33.452  94.686 0.0000000000
54742  10.261  -32.808  94.399 0.0000000000
56593  9.534  -30.846  92.144 0.0000000000
55668  11.921  -31.566  91.947 0.0000000000
137910  11.129  -30.856  91.628 0.0000000000
132109  10.064  -30.502  91.578 0.0000000000
56608  9.507  -30.215  90.997 0.0000000000
124384  8.934  -29.539  88.697 0.0000000000
57571  9.776  -29.374  88.195 0.0000000000
49750  17.272  -37.357  83.232 0.0000000000
49751  16.534  -37.180  83.586 0.0000000000
49741  16.026  -37.013  84.008 0.0000000000
121944  15.367  -37.063  84.029 0.0000000000
49744  14.015  -37.421  84.660 0.0000000000
49731  14.946  -36.707  86.021 0.0000000000
123602  14.988  -36.866  85.330 0.0000000000
131464  14.523  -37.158  85.302 0.0000000000
133749  13.415  -38.112  86.822 0.0000000000
46634  11.908  -39.914  88.992 0.0000000000
47547  11.665  -39.676  91.581 0.0000000000
141747  13.728  -37.653  90.232 0.0000000000
48533  13.431  -37.901  90.834 0.0000000000
49684  13.304  -37.226  91.489 0.0000000000
135909  12.619  -38.759  91.593 0.0000000000
47543  11.424  -39.484  92.369 0.0000000000
47537  11.118  -39.229  93.174 0.0000000000
48527  10.764  -38.985  93.844 0.0000000000
49677  11.713  -37.615  93.838 0.0000000000
49671  11.153  -37.882  94.241 0.0000000000
48521  10.669  -38.397  94.293 0.0000000000
49673  9.726  -37.785  94.956 0.0000000000
52746  5.585  -33.648  88.484 0.0000000000
52758  4.456  -33.643  87.627 0.0000000000
52759  3.791  -33.545  87.266 0.0000000000
53773  3.222  -33.127  87.815 0.0000000000
52767  3.776  -33.653  86.255 0.0000000000
53799  3.191  -33.241  84.904 0.0000000000
55710  1.152  -31.621  87.106 0.0000000000
54797  1.583  -32.330  86.606 0.0000000000
55717  1.160  -31.762  86.115 0.0000000000
53808  2.931  -32.820  83.526 0.0000000000
54821  2.164  -32.234  82.878 0.0000000000
53822  2.675  -32.503  82.335 0.0000000000
54826  2.334  -32.215  82.007 0.0000000000
55749  2.207  -31.702  80.782 0.0000000000
55716  14.389  -31.389  86.448 0.0000000000
55723  14.654  -31.169  85.844 0.0000000000
56661  14.566  -30.715  85.351 0.0000000000
49749  18.134  -37.652  83.210 0.0000000000
50815  20.292  -37.037  84.502 0.0000000000
49738  19.925  -37.722  84.224 0.0000000000
51786  18.596  -36.196  83.925 0.0000000000
52783  16.807  -34.374  84.378 0.0000000000
53806  18.824  -33.868  83.252 0.0000000000
124768  18.127  -33.929  83.325 0.0000000000
134014  15.561  -33.182  85.604 0.0000000000
49692  5.637  -37.999  90.523 0.0000000000
125204  6.485  -37.706  89.942 0.0000000000
49704  7.468  -37.563  88.711 0.0000000000
50791  8.221  -37.024  88.584 0.0000000000
50790  8.857  -36.318  88.497 0.0000000000
51731  9.082  -35.666  94.276 0.0000000000
51734  8.821  -35.299  93.823 0.0000000000
52714  8.874  -34.230  93.044 0.0000000000
56595  8.337  -31.349  92.058 0.0000000000
54753  8.017  -32.270  92.080 0.0000000000
55677  7.301  -31.611  91.432 0.0000000000
52719  8.378  -33.940  91.600 0.0000000000
52724  7.768  -33.490  91.020 0.0000000000
52737  5.878  -33.407  89.292 0.0000000000
53763  4.972  -33.156  89.114 0.0000000000
54782  3.273  -32.374  88.697 0.0000000000
126383  14.079  -30.679  86.100 0.0000000000
49760  16.018  -37.197  82.346 0.0000000000
126529  15.897  -36.993  81.648 0.0000000000
45710  9.568  -41.621  89.736 0.0000000000
45704  8.857  -41.936  89.965 0.0000000000
48580  4.822  -38.856  85.701 0.0000000000
123119  7.597  -37.707  84.837 0.0000000000
49735  6.829  -38.205  84.747 0.0000000000
48590  6.302  -38.592  84.271 0.0000000000
127513  5.979  -38.871  82.909 0.0000000000
120934  7.089  -38.938  78.143 0.0000000000
123370  8.272  -34.366  85.177 0.0000000000
52784  8.533  -34.459  84.352 0.0000000000
52803  9.050  -34.750  83.774 0.0000000000
144532  4.707  -34.029  83.319 0.0000000000
142326  5.711  -34.185  83.505 0.0000000000
52819  6.975  -34.115  82.236 0.0000000000
52805  7.506  -34.168  83.100 0.0000000000
52816  9.112  -34.778  83.038 0.0000000000
51803  9.333  -35.287  82.566 0.0000000000
50824  9.364  -36.014  82.120 0.0000000000
50835  9.083  -36.728  80.844 0.0000000000
50846  9.110  -36.777  79.990 0.0000000000
49806  8.727  -37.587  79.579 0.0000000000
49818  8.426  -38.000  78.858 0.0000000000
48670  8.010  -38.469  78.300 0.0000000000
48687  7.729  -38.673  77.524 0.0000000000
48702  7.492  -38.848  76.752 0.0000000000
48701  8.153  -38.457  75.946 0.0000000000
143313  7.641  -35.032  77.453 0.0000000000
142932  6.796  -35.302  75.361 0.0000000000
51844  7.553  -35.558  75.241 0.0000000000
50903  8.231  -36.098  74.688 0.0000000000
61378  1.426  -25.721  85.763 0.0000000000
60442  1.458  -26.439  85.104 0.0000000000
60454  1.644  -26.892  84.244 0.0000000000
59486  1.523  -27.736  84.112 0.0000000000
58564  1.633  -28.965  83.114 0.0000000000
144508  1.990  -27.412  82.482 0.0000000000
58563  1.871  -28.189  82.345 0.0000000000
56699  1.976  -30.873  81.231 0.0000000000
56702  2.308  -30.962  80.518 0.0000000000
60491  2.835  -26.793  80.330 0.0000000000
128061  3.020  -28.457  80.072 0.0000000000
55748  2.320  -31.793  80.017 0.0000000000
54858  2.608  -32.461  78.732 0.0000000000
130886  2.720  -32.859  78.106 0.0000000000
138439  2.870  -32.353  77.984 0.0000000000
54871  2.917  -32.760  77.489 0.0000000000
54882  3.123  -32.875  76.850 0.0000000000
53894  3.242  -33.037  76.071 0.0000000000
53893  3.585  -33.284  75.393 0.0000000000
55769  5.057  -31.053  77.445 0.0000000000
55778  4.480  -31.681  76.652 0.0000000000
54893  3.864  -32.549  75.197 0.0000000000
53904  3.925  -33.347  74.677 0.0000000000
47529  7.779  -38.652  94.597 0.0000000000
47553  11.832  -39.767  90.895 0.0000000000
49667  9.786  -36.978  94.992 0.0000000000
49713  21.972  -36.922  86.833 0.0000000000
49789  8.133  -38.004  80.150 0.0000000000
50751  10.829  -35.817  94.985 0.0000000000
50845  9.390  -36.092  79.437 0.0000000000
51728  10.060  -35.453  94.961 0.0000000000
51733  12.322  -35.640  93.385 0.0000000000
51777  9.102  -34.849  84.555 0.0000000000
52701  10.185  -34.772  94.864 0.0000000000
52855  3.728  -33.901  78.794 0.0000000000
52856  3.080  -33.512  78.653 0.0000000000
53882  3.241  -33.301  76.711 0.0000000000
54741  10.795  -33.022  94.508 0.0000000000
56652  13.245  -30.508  86.804 0.0000000000
60500  3.275  -26.351  79.256 0.0000000000
142799  2.930  -28.007  80.091 0.0000000000
143672  7.921  -38.441  78.879 0.0000000000
