#!ascii label  , from subject sub-v2s0x30148_ses-1 vox2ras=TkReg
529
13245  -42.405  -69.763  25.822 0.0000000000
15216  -40.083  -67.642  19.239 0.0000000000
16896  -42.250  -64.845  29.302 0.0000000000
15194  -44.844  -67.301  21.602 0.0000000000
121823  -41.044  -63.865  25.977 0.0000000000
13205  -37.101  -69.681  28.174 0.0000000000
17746  -36.031  -63.902  31.926 0.0000000000
20248  -43.935  -62.196  35.577 0.0000000000
19466  -40.638  -62.099  30.159 0.0000000000
18648  -43.781  -63.632  27.773 0.0000000000
20319  -42.412  -61.062  28.642 0.0000000000
15097  -36.446  -66.882  29.667 0.0000000000
15993  -39.271  -66.236  32.062 0.0000000000
22044  -44.928  -59.523  35.676 0.0000000000
22056  -41.092  -59.676  35.093 0.0000000000
126091  -41.780  -69.565  21.798 0.0000000000
16146  -42.681  -66.917  19.875 0.0000000000
12505  -43.478  -69.677  18.783 0.0000000000
14328  -42.921  -68.567  17.137 0.0000000000
125827  -43.391  -68.485  27.564 0.0000000000
14252  -44.581  -68.111  24.825 0.0000000000
129784  -42.833  -65.595  24.194 0.0000000000
17006  -40.442  -65.728  22.531 0.0000000000
16056  -39.191  -67.259  27.681 0.0000000000
17770  -37.546  -64.249  28.909 0.0000000000
130057  -36.510  -60.564  30.474 0.0000000000
17751  -42.924  -65.222  33.605 0.0000000000
19447  -40.441  -62.583  33.581 0.0000000000
22068  -37.187  -59.386  33.526 0.0000000000
24068  -37.677  -56.646  31.254 0.0000000000
119477  -42.666  -70.273  20.973 0.0000000000
17885  -34.463  -64.829  20.214 0.0000000000
16158  -36.835  -67.407  17.440 0.0000000000
16178  -38.927  -66.703  13.904 0.0000000000
21167  -40.183  -60.301  30.214 0.0000000000
20303  -42.006  -61.783  29.632 0.0000000000
14251  -42.681  -68.543  24.243 0.0000000000
133396  -41.897  -67.250  19.474 0.0000000000
15236  -42.727  -67.835  18.153 0.0000000000
15235  -41.571  -67.893  18.245 0.0000000000
14334  -41.396  -69.038  16.054 0.0000000000
15242  -39.772  -68.271  17.758 0.0000000000
16044  -42.607  -66.289  28.606 0.0000000000
124555  -44.380  -65.616  28.497 0.0000000000
18664  -42.600  -63.852  26.521 0.0000000000
17813  -43.254  -64.567  26.256 0.0000000000
17826  -41.932  -64.691  25.367 0.0000000000
122447  -41.604  -65.506  23.337 0.0000000000
17844  -40.621  -64.718  24.529 0.0000000000
14196  -40.454  -69.089  27.452 0.0000000000
14193  -37.662  -68.220  27.765 0.0000000000
17762  -35.907  -64.910  30.729 0.0000000000
16894  -36.551  -65.607  28.817 0.0000000000
18627  -35.768  -64.085  29.876 0.0000000000
18617  -37.084  -62.877  29.673 0.0000000000
20287  -35.108  -61.774  31.098 0.0000000000
19450  -43.065  -63.492  34.758 0.0000000000
18598  -41.868  -63.674  33.914 0.0000000000
20261  -41.809  -62.232  34.440 0.0000000000
23083  -40.318  -58.029  34.804 0.0000000000
22055  -39.730  -59.523  34.659 0.0000000000
23097  -38.981  -58.028  34.154 0.0000000000
23108  -36.475  -57.968  32.298 0.0000000000
14285  -44.692  -67.874  22.740 0.0000000000
13304  -43.817  -68.882  22.196 0.0000000000
13324  -44.376  -68.409  21.241 0.0000000000
11689  -42.388  -70.780  18.702 0.0000000000
18739  -34.770  -63.591  19.311 0.0000000000
16140  -35.474  -66.097  18.666 0.0000000000
130951  -37.899  -66.136  14.959 0.0000000000
140840  -41.435  -63.749  29.648 0.0000000000
16898  -43.685  -64.477  28.854 0.0000000000
18633  -42.646  -63.326  29.327 0.0000000000
19479  -43.034  -62.775  28.518 0.0000000000
120236  -42.134  -62.412  27.417 0.0000000000
14174  -36.614  -68.269  28.844 0.0000000000
16871  -37.450  -65.973  31.454 0.0000000000
16857  -37.511  -65.181  31.965 0.0000000000
20233  -44.551  -61.410  35.780 0.0000000000
123358  -42.837  -60.938  35.339 0.0000000000
136503  -43.307  -59.485  35.462 0.0000000000
128758  -42.968  -57.743  35.189 0.0000000000
24039  -42.321  -56.631  34.264 0.0000000000
16132  -44.334  -66.910  20.614 0.0000000000
14307  -44.378  -67.717  19.967 0.0000000000
15219  -43.869  -67.299  19.220 0.0000000000
14329  -43.544  -68.722  17.479 0.0000000000
124288  -42.641  -70.257  16.567 0.0000000000
13369  -42.058  -70.168  15.112 0.0000000000
13368  -41.554  -69.832  14.546 0.0000000000
14356  -40.788  -69.449  13.983 0.0000000000
133750  -43.086  -69.474  26.849 0.0000000000
13263  -43.795  -68.616  25.372 0.0000000000
15156  -45.167  -67.431  24.980 0.0000000000
16082  -45.264  -67.020  24.568 0.0000000000
17815  -44.681  -65.207  27.200 0.0000000000
16965  -44.715  -66.102  25.610 0.0000000000
16108  -43.937  -66.326  22.803 0.0000000000
118000  -43.410  -66.295  22.058 0.0000000000
122061  -41.495  -66.512  21.158 0.0000000000
16128  -39.699  -66.673  20.942 0.0000000000
119971  -41.399  -69.706  27.288 0.0000000000
118061  -41.820  -67.852  27.736 0.0000000000
16042  -40.480  -66.467  28.182 0.0000000000
16054  -37.760  -67.015  27.762 0.0000000000
16915  -38.728  -65.838  28.181 0.0000000000
17784  -39.557  -64.663  28.993 0.0000000000
18630  -39.225  -63.384  29.561 0.0000000000
129644  -38.588  -61.575  30.279 0.0000000000
21166  -38.881  -59.793  30.298 0.0000000000
118614  -41.072  -65.033  33.115 0.0000000000
18605  -39.196  -63.911  32.936 0.0000000000
19454  -37.545  -62.897  32.996 0.0000000000
20244  -40.489  -61.176  34.218 0.0000000000
20258  -38.936  -61.567  33.655 0.0000000000
20269  -35.877  -61.744  32.721 0.0000000000
21143  -35.233  -59.844  31.683 0.0000000000
22105  -36.711  -58.733  30.614 0.0000000000
14266  -43.438  -68.481  23.770 0.0000000000
12457  -42.675  -69.775  21.427 0.0000000000
119713  -43.656  -69.491  19.802 0.0000000000
11682  -42.218  -70.937  19.674 0.0000000000
17857  -39.407  -64.865  23.738 0.0000000000
17018  -38.714  -66.049  21.900 0.0000000000
132858  -39.023  -66.869  20.591 0.0000000000
131683  -36.717  -66.824  19.669 0.0000000000
15232  -38.354  -67.875  18.507 0.0000000000
137510  -38.577  -68.341  16.299 0.0000000000
14354  -39.130  -68.279  14.260 0.0000000000
22108  -40.030  -59.287  29.964 0.0000000000
129614  -41.142  -60.592  29.998 0.0000000000
14250  -41.614  -68.577  24.262 0.0000000000
13261  -42.161  -69.062  25.066 0.0000000000
16145  -40.841  -67.259  19.817 0.0000000000
15217  -41.142  -67.581  19.005 0.0000000000
15234  -40.462  -67.977  18.438 0.0000000000
15243  -40.876  -68.271  17.650 0.0000000000
16918  -41.887  -65.659  28.898 0.0000000000
16045  -43.801  -66.108  28.648 0.0000000000
16919  -42.962  -65.436  28.984 0.0000000000
18676  -41.743  -64.152  25.938 0.0000000000
18677  -42.438  -64.460  25.921 0.0000000000
17845  -41.452  -64.916  24.678 0.0000000000
17825  -41.006  -64.375  25.323 0.0000000000
12384  -37.164  -70.464  28.105 0.0000000000
13212  -37.830  -69.966  27.687 0.0000000000
14194  -38.235  -68.940  27.582 0.0000000000
122056  -37.352  -69.007  27.967 0.0000000000
17757  -35.946  -64.421  31.336 0.0000000000
17768  -35.763  -64.886  30.062 0.0000000000
18611  -35.519  -63.555  31.357 0.0000000000
18616  -35.434  -63.423  30.552 0.0000000000
19456  -35.289  -62.617  31.562 0.0000000000
19434  -44.806  -62.410  35.789 0.0000000000
19442  -45.095  -63.388  35.599 0.0000000000
19441  -44.251  -63.163  35.409 0.0000000000
18590  -43.835  -63.822  34.994 0.0000000000
19440  -43.434  -62.892  35.210 0.0000000000
19449  -42.252  -63.105  34.375 0.0000000000
19439  -42.623  -62.561  34.883 0.0000000000
24037  -40.158  -57.250  34.132 0.0000000000
23098  -39.668  -57.801  34.372 0.0000000000
24036  -38.539  -57.577  33.470 0.0000000000
24052  -39.744  -56.842  33.153 0.0000000000
15182  -44.884  -67.376  22.500 0.0000000000
14296  -44.706  -67.831  21.844 0.0000000000
17034  -35.821  -65.425  17.198 0.0000000000
17050  -37.254  -66.378  15.584 0.0000000000
17043  -37.803  -65.328  15.640 0.0000000000
18620  -40.830  -62.922  29.894 0.0000000000
18632  -41.757  -63.355  29.672 0.0000000000
18621  -41.506  -62.369  29.850 0.0000000000
20304  -42.341  -61.350  29.207 0.0000000000
142178  -42.404  -62.077  29.291 0.0000000000
19478  -42.662  -61.930  28.753 0.0000000000
18647  -42.750  -62.794  27.546 0.0000000000
121155  -42.106  -61.671  27.788 0.0000000000
120247  -38.452  -65.022  32.419 0.0000000000
21096  -45.193  -60.613  35.877 0.0000000000
21095  -44.307  -60.436  35.664 0.0000000000
131035  -42.157  -57.161  34.759 0.0000000000
12456  -42.021  -70.157  21.400 0.0000000000
16131  -43.447  -66.730  20.405 0.0000000000
15203  -44.080  -67.009  19.862 0.0000000000
16147  -43.514  -66.986  19.620 0.0000000000
140363  -42.806  -68.157  17.596 0.0000000000
14318  -43.340  -68.180  17.792 0.0000000000
14336  -43.117  -69.180  16.870 0.0000000000
12518  -42.302  -70.425  15.747 0.0000000000
14333  -40.472  -68.740  16.298 0.0000000000
14346  -41.937  -69.621  15.567 0.0000000000
14345  -40.986  -69.353  14.976 0.0000000000
14355  -39.981  -68.903  14.367 0.0000000000
13218  -43.276  -69.152  27.209 0.0000000000
13230  -43.572  -69.121  26.704 0.0000000000
16071  -45.157  -66.692  25.319 0.0000000000
17786  -43.723  -63.993  28.684 0.0000000000
17787  -44.296  -64.824  28.380 0.0000000000
17799  -44.343  -64.472  27.638 0.0000000000
16964  -43.879  -65.333  25.805 0.0000000000
16975  -43.833  -65.935  24.321 0.0000000000
16096  -44.403  -66.386  23.624 0.0000000000
16991  -43.393  -65.953  23.524 0.0000000000
17007  -41.421  -65.809  22.553 0.0000000000
17020  -40.945  -66.128  21.924 0.0000000000
16117  -40.411  -66.417  21.399 0.0000000000
142312  -40.168  -66.045  21.986 0.0000000000
15131  -39.873  -68.060  27.586 0.0000000000
139031  -40.632  -68.417  27.575 0.0000000000
16057  -40.155  -67.183  27.813 0.0000000000
16058  -41.133  -67.108  27.956 0.0000000000
16041  -39.499  -66.521  27.966 0.0000000000
15112  -36.618  -67.663  29.406 0.0000000000
15120  -36.662  -67.608  28.583 0.0000000000
16038  -36.379  -66.954  29.017 0.0000000000
17782  -37.196  -64.945  28.619 0.0000000000
16914  -37.571  -65.564  28.320 0.0000000000
17783  -38.412  -64.916  28.620 0.0000000000
141886  -39.364  -65.302  28.619 0.0000000000
17771  -38.809  -64.081  29.096 0.0000000000
132248  -39.889  -63.945  29.401 0.0000000000
20289  -37.305  -61.455  30.240 0.0000000000
19464  -37.896  -62.182  30.023 0.0000000000
128764  -38.045  -60.694  30.338 0.0000000000
21165  -37.388  -59.727  30.405 0.0000000000
17750  -42.012  -65.102  33.397 0.0000000000
18597  -40.916  -63.454  33.490 0.0000000000
17741  -40.326  -64.249  33.083 0.0000000000
18596  -39.858  -63.260  33.227 0.0000000000
18595  -38.746  -63.062  33.112 0.0000000000
21108  -41.851  -60.518  35.129 0.0000000000
20245  -41.366  -61.369  34.578 0.0000000000
21107  -40.880  -60.550  34.733 0.0000000000
22069  -38.157  -59.770  33.979 0.0000000000
120243  -38.519  -60.694  33.858 0.0000000000
21119  -37.412  -60.375  33.608 0.0000000000
20257  -37.783  -61.330  33.525 0.0000000000
20256  -36.555  -61.021  33.219 0.0000000000
21129  -35.510  -60.627  32.437 0.0000000000
21118  -36.308  -59.942  33.119 0.0000000000
24049  -37.075  -57.204  31.741 0.0000000000
23124  -36.456  -57.755  31.386 0.0000000000
24080  -37.052  -57.189  30.909 0.0000000000
23138  -37.603  -57.836  30.416 0.0000000000
122594  -43.501  -68.534  24.574 0.0000000000
14267  -44.084  -68.273  24.014 0.0000000000
12473  -43.138  -69.676  21.296 0.0000000000
12458  -43.328  -69.333  21.703 0.0000000000
136352  -42.058  -70.665  21.108 0.0000000000
13347  -43.983  -68.771  18.856 0.0000000000
13348  -44.200  -68.492  19.752 0.0000000000
123612  -41.267  -71.630  18.214 0.0000000000
11688  -41.710  -71.327  18.987 0.0000000000
17843  -39.825  -64.545  24.408 0.0000000000
17842  -38.964  -64.381  24.374 0.0000000000
16116  -38.873  -66.489  21.189 0.0000000000
16115  -37.964  -66.331  21.345 0.0000000000
16154  -36.507  -67.156  18.282 0.0000000000
118421  -36.377  -66.905  18.949 0.0000000000
16142  -37.078  -67.239  19.100 0.0000000000
15214  -37.993  -67.521  19.252 0.0000000000
15240  -37.742  -67.920  17.615 0.0000000000
15241  -38.737  -68.167  17.745 0.0000000000
126218  -38.193  -68.139  16.892 0.0000000000
16177  -38.122  -66.876  14.539 0.0000000000
14342  -38.584  -68.174  14.807 0.0000000000
15266  -38.521  -67.622  14.279 0.0000000000
20291  -40.438  -61.227  30.269 0.0000000000
20292  -41.337  -61.490  30.004 0.0000000000
21169  -41.932  -60.810  29.565 0.0000000000
21185  -42.319  -60.508  29.035 0.0000000000
129493  -45.030  -58.612  35.514 0.0000000000
23069  -45.371  -58.057  35.402 0.0000000000
136318  -41.959  -68.545  23.546 0.0000000000
15218  -42.978  -67.348  19.066 0.0000000000
138025  -42.077  -67.564  18.783 0.0000000000
15244  -42.097  -68.257  17.465 0.0000000000
14327  -42.119  -68.707  16.773 0.0000000000
14326  -41.214  -68.587  16.875 0.0000000000
15122  -43.310  -67.003  28.261 0.0000000000
15123  -44.220  -66.909  28.232 0.0000000000
16046  -44.680  -66.355  28.268 0.0000000000
139897  -45.200  -65.981  27.623 0.0000000000
18665  -43.666  -63.999  26.993 0.0000000000
17827  -42.830  -64.940  25.502 0.0000000000
16974  -42.331  -65.186  24.809 0.0000000000
16990  -42.440  -65.678  23.457 0.0000000000
16973  -41.930  -65.307  24.059 0.0000000000
16989  -41.078  -65.152  23.944 0.0000000000
118692  -40.769  -65.392  23.204 0.0000000000
14195  -39.310  -68.878  27.485 0.0000000000
135606  -38.643  -68.004  27.557 0.0000000000
16882  -36.145  -65.641  30.290 0.0000000000
16893  -36.271  -66.209  29.487 0.0000000000
125960  -36.027  -65.447  29.561 0.0000000000
17769  -36.318  -64.710  29.216 0.0000000000
18628  -36.704  -63.761  29.344 0.0000000000
18629  -38.009  -63.490  29.335 0.0000000000
124857  -36.038  -63.361  29.808 0.0000000000
135820  -35.624  -62.170  30.504 0.0000000000
20288  -36.002  -61.500  30.453 0.0000000000
135246  -44.245  -64.521  34.662 0.0000000000
18600  -43.622  -64.453  34.423 0.0000000000
17743  -42.368  -64.487  33.820 0.0000000000
18599  -42.732  -63.986  34.276 0.0000000000
19448  -41.401  -62.800  33.919 0.0000000000
129110  -41.126  -58.570  35.146 0.0000000000
133985  -40.422  -59.885  34.844 0.0000000000
123511  -40.370  -59.038  34.980 0.0000000000
22070  -38.791  -59.012  34.292 0.0000000000
121348  -37.883  -58.947  33.835 0.0000000000
22079  -36.330  -58.903  32.853 0.0000000000
23095  -37.199  -58.411  33.249 0.0000000000
24050  -37.625  -57.491  32.798 0.0000000000
24069  -38.398  -56.393  31.738 0.0000000000
14268  -44.668  -67.908  23.740 0.0000000000
14284  -44.235  -68.293  22.884 0.0000000000
13305  -44.309  -68.442  22.064 0.0000000000
13323  -43.798  -69.144  21.471 0.0000000000
12512  -43.014  -70.229  18.303 0.0000000000
18742  -35.203  -63.875  18.623 0.0000000000
17888  -34.709  -64.599  19.198 0.0000000000
17023  -35.006  -65.522  19.678 0.0000000000
17031  -35.528  -65.915  18.002 0.0000000000
16157  -36.044  -66.561  17.416 0.0000000000
16165  -36.680  -66.804  16.418 0.0000000000
15249  -37.345  -67.688  16.659 0.0000000000
16172  -37.590  -66.909  15.098 0.0000000000
17060  -38.528  -66.135  14.467 0.0000000000
17773  -41.552  -64.182  29.520 0.0000000000
16897  -43.131  -64.623  29.141 0.0000000000
17774  -42.486  -64.030  29.405 0.0000000000
17775  -43.222  -63.943  29.118 0.0000000000
18634  -43.188  -63.364  28.894 0.0000000000
19471  -42.218  -62.598  29.530 0.0000000000
19472  -42.720  -62.684  29.103 0.0000000000
19494  -43.271  -62.969  27.922 0.0000000000
138489  -43.123  -63.341  27.290 0.0000000000
19518  -42.292  -63.107  27.010 0.0000000000
18663  -41.627  -63.523  26.450 0.0000000000
13204  -36.783  -69.072  28.625 0.0000000000
15098  -36.857  -67.110  30.219 0.0000000000
15081  -37.487  -66.813  31.018 0.0000000000
16883  -36.767  -66.202  30.704 0.0000000000
16856  -36.532  -65.289  31.233 0.0000000000
17747  -36.711  -64.491  31.925 0.0000000000
20234  -45.441  -61.600  36.036 0.0000000000
20247  -43.094  -61.932  35.313 0.0000000000
21110  -43.690  -61.210  35.556 0.0000000000
21109  -43.480  -60.266  35.494 0.0000000000
128070  -42.696  -59.923  35.385 0.0000000000
23068  -44.366  -58.691  35.461 0.0000000000
22058  -42.743  -58.893  35.402 0.0000000000
22057  -41.916  -59.304  35.302 0.0000000000
23085  -41.997  -58.131  35.205 0.0000000000
23084  -41.148  -57.360  34.703 0.0000000000
24038  -41.694  -56.774  34.225 0.0000000000
16120  -44.686  -66.930  21.380 0.0000000000
14301  -44.646  -67.647  20.881 0.0000000000
15204  -44.431  -67.243  20.269 0.0000000000
15220  -44.214  -67.335  19.617 0.0000000000
13360  -43.757  -69.082  18.044 0.0000000000
12524  -41.819  -70.581  14.436 0.0000000000
13378  -41.656  -70.260  14.085 0.0000000000
13377  -41.303  -69.852  13.606 0.0000000000
13229  -42.989  -69.544  26.539 0.0000000000
13246  -42.971  -69.512  25.906 0.0000000000
13247  -43.663  -69.008  26.230 0.0000000000
14238  -44.391  -68.420  25.773 0.0000000000
14223  -44.884  -68.117  26.142 0.0000000000
14239  -44.978  -67.941  25.331 0.0000000000
14253  -44.974  -67.698  24.438 0.0000000000
127277  -45.182  -67.165  23.802 0.0000000000
16098  -45.108  -67.134  23.082 0.0000000000
16920  -43.790  -65.153  28.824 0.0000000000
16921  -44.902  -65.752  28.119 0.0000000000
17814  -44.143  -64.824  26.747 0.0000000000
16956  -44.679  -65.621  26.483 0.0000000000
16081  -44.772  -66.467  24.604 0.0000000000
16097  -45.103  -66.868  23.725 0.0000000000
16109  -45.005  -67.011  22.197 0.0000000000
130392  -44.395  -66.676  22.061 0.0000000000
16119  -43.913  -66.618  21.269 0.0000000000
16118  -42.702  -66.430  21.359 0.0000000000
120646  -42.131  -65.810  22.870 0.0000000000
123408  -42.407  -66.681  20.605 0.0000000000
16130  -41.654  -66.906  20.271 0.0000000000
16129  -40.624  -66.827  20.630 0.0000000000
16144  -39.694  -67.184  20.106 0.0000000000
12395  -42.324  -69.927  26.707 0.0000000000
13217  -42.386  -69.637  27.177 0.0000000000
14198  -42.573  -68.674  27.519 0.0000000000
14197  -41.455  -68.773  27.511 0.0000000000
16059  -42.181  -67.063  28.126 0.0000000000
16043  -41.491  -66.404  28.416 0.0000000000
14175  -36.976  -68.284  28.255 0.0000000000
15130  -37.912  -67.607  27.690 0.0000000000
16055  -38.412  -67.289  27.654 0.0000000000
16913  -37.009  -66.107  28.374 0.0000000000
127575  -37.726  -66.280  27.966 0.0000000000
16916  -39.858  -65.847  28.387 0.0000000000
17785  -40.224  -65.221  28.891 0.0000000000
16895  -41.216  -65.064  29.163 0.0000000000
17772  -40.565  -64.480  29.305 0.0000000000
133248  -40.148  -63.330  29.723 0.0000000000
18619  -39.748  -62.663  29.971 0.0000000000
18618  -38.532  -62.788  29.759 0.0000000000
133394  -38.934  -62.227  30.124 0.0000000000
19465  -39.666  -61.812  30.289 0.0000000000
20290  -39.362  -60.924  30.356 0.0000000000
17742  -41.442  -64.311  33.461 0.0000000000
134293  -40.279  -65.082  32.859 0.0000000000
17749  -39.404  -64.830  32.740 0.0000000000
127096  -38.596  -64.385  32.687 0.0000000000
18604  -38.125  -63.719  32.786 0.0000000000
18603  -36.843  -63.642  32.498 0.0000000000
20246  -42.235  -61.624  34.992 0.0000000000
20260  -40.949  -61.967  34.019 0.0000000000
20259  -39.990  -61.762  33.764 0.0000000000
21106  -40.048  -60.405  34.475 0.0000000000
21121  -39.556  -60.949  33.997 0.0000000000
19446  -39.387  -62.404  33.427 0.0000000000
19445  -38.239  -62.220  33.350 0.0000000000
19444  -36.993  -62.008  33.210 0.0000000000
19453  -36.356  -62.660  32.716 0.0000000000
20268  -35.253  -61.670  31.968 0.0000000000
126955  -35.086  -60.798  31.504 0.0000000000
21164  -35.500  -60.020  30.955 0.0000000000
138531  -35.830  -58.623  32.172 0.0000000000
22104  -35.777  -59.147  30.958 0.0000000000
136573  -36.298  -59.621  30.615 0.0000000000
22106  -37.869  -58.919  30.292 0.0000000000
13262  -43.020  -68.986  25.285 0.0000000000
13279  -42.782  -68.664  23.032 0.0000000000
13280  -43.685  -68.595  22.957 0.0000000000
13303  -43.185  -69.103  22.171 0.0000000000
13302  -42.415  -69.313  22.004 0.0000000000
13337  -44.396  -68.242  20.479 0.0000000000
13336  -44.040  -68.988  20.618 0.0000000000
12489  -43.354  -69.720  20.802 0.0000000000
12504  -42.878  -70.374  19.211 0.0000000000
122777  -42.862  -70.337  20.172 0.0000000000
22128  -42.132  -59.723  28.895 0.0000000000
19517  -41.414  -62.846  26.935 0.0000000000
18662  -40.756  -63.326  26.393 0.0000000000
18675  -40.222  -63.812  25.686 0.0000000000
18697  -40.225  -64.302  24.993 0.0000000000
17858  -40.254  -64.992  23.820 0.0000000000
16988  -39.890  -65.324  23.129 0.0000000000
17856  -38.502  -64.756  23.656 0.0000000000
16987  -39.002  -65.274  23.085 0.0000000000
17005  -39.486  -65.753  22.407 0.0000000000
17019  -39.561  -66.240  21.649 0.0000000000
17028  -35.560  -66.124  19.715 0.0000000000
16126  -36.213  -66.430  20.084 0.0000000000
16114  -37.178  -66.561  20.566 0.0000000000
119928  -37.627  -67.083  19.915 0.0000000000
15215  -39.013  -67.609  19.307 0.0000000000
15233  -39.393  -67.969  18.532 0.0000000000
14324  -39.114  -68.397  16.985 0.0000000000
14332  -39.422  -68.604  16.092 0.0000000000
14331  -38.525  -68.304  15.530 0.0000000000
14343  -39.238  -68.574  15.064 0.0000000000
13384  -41.509  -70.160  13.153 0.0000000000
14269  -44.975  -67.452  23.514 0.0000000000
14306  -44.175  -67.811  19.027 0.0000000000
14325  -40.137  -68.516  16.970 0.0000000000
15121  -37.245  -67.585  27.972 0.0000000000
15132  -40.823  -67.867  27.694 0.0000000000
15133  -42.880  -67.815  27.844 0.0000000000
15152  -45.239  -67.548  25.848 0.0000000000
15231  -37.372  -67.609  18.386 0.0000000000
15259  -37.919  -67.717  15.055 0.0000000000
16019  -36.414  -66.431  30.101 0.0000000000
16039  -36.931  -66.828  28.242 0.0000000000
16040  -38.559  -66.672  27.805 0.0000000000
16060  -45.184  -66.501  27.751 0.0000000000
16106  -41.780  -66.191  21.850 0.0000000000
16107  -42.386  -66.076  22.239 0.0000000000
16127  -38.224  -66.755  20.616 0.0000000000
16133  -44.684  -67.167  20.910 0.0000000000
16141  -35.886  -66.466  19.240 0.0000000000
16143  -38.594  -67.221  20.007 0.0000000000
16153  -35.904  -66.554  18.406 0.0000000000
16858  -39.073  -65.498  32.399 0.0000000000
16917  -40.839  -65.799  28.673 0.0000000000
16940  -45.305  -66.502  27.099 0.0000000000
16976  -44.134  -65.874  25.067 0.0000000000
17024  -35.656  -66.007  20.380 0.0000000000
17027  -35.319  -65.967  19.166 0.0000000000
17030  -35.180  -65.437  18.680 0.0000000000
17042  -36.865  -65.743  16.109 0.0000000000
17748  -37.707  -64.421  32.424 0.0000000000
17800  -44.870  -65.325  27.753 0.0000000000
18602  -35.759  -63.176  32.158 0.0000000000
18610  -35.255  -63.069  31.112 0.0000000000
18631  -40.914  -63.718  29.667 0.0000000000
18639  -43.538  -63.459  28.363 0.0000000000
18737  -34.507  -63.290  19.947 0.0000000000
19452  -35.549  -62.391  32.284 0.0000000000
19462  -35.214  -62.660  30.854 0.0000000000
19463  -36.621  -62.146  30.115 0.0000000000
19493  -42.751  -62.221  27.987 0.0000000000
21120  -39.129  -60.095  34.302 0.0000000000
22043  -44.001  -59.535  35.519 0.0000000000
22078  -35.643  -59.438  32.338 0.0000000000
22091  -35.546  -58.961  31.576 0.0000000000
23082  -39.636  -58.547  34.622 0.0000000000
23086  -43.559  -58.705  35.421 0.0000000000
23096  -38.153  -58.210  33.697 0.0000000000
23107  -35.977  -58.293  31.692 0.0000000000
23123  -36.058  -58.386  31.130 0.0000000000
23137  -36.646  -57.884  30.815 0.0000000000
24014  -46.030  -57.791  35.342 0.0000000000
118158  -44.800  -66.774  22.878 0.0000000000
122930  -35.839  -62.751  30.129 0.0000000000
124581  -42.417  -61.553  28.246 0.0000000000
127508  -35.653  -64.230  30.673 0.0000000000
128545  -45.134  -67.332  24.233 0.0000000000
128654  -43.120  -64.708  34.036 0.0000000000
130831  -35.437  -60.923  30.828 0.0000000000
132081  -44.029  -64.028  28.228 0.0000000000
134298  -42.104  -60.192  29.241 0.0000000000
135795  -36.418  -66.235  20.758 0.0000000000
137450  -36.513  -66.341  28.752 0.0000000000
139084  -37.779  -56.783  32.063 0.0000000000
139959  -43.234  -70.019  19.514 0.0000000000
140177  -43.643  -68.982  27.071 0.0000000000
140729  -35.427  -59.471  31.263 0.0000000000
