#!ascii label  , from subject sub-v2s0x30148_ses-1 vox2ras=TkReg
803
59731  -25.663  -20.442  13.367 0.4285714328
60725  -26.006  -19.126  12.774 0.2857142985
60709  -26.276  -19.661  13.363 0.4285714328
61781  -26.796  -18.825  13.309 0.4285714328
61782  -27.530  -18.285  13.641 0.4285714328
61792  -26.334  -18.333  12.554 0.2857142985
61793  -27.035  -17.901  13.020 0.4285714328
62798  -27.751  -17.518  13.408 0.4285714328
63807  -27.129  -16.539  11.773 0.4285714328
63822  -27.053  -15.993  10.955 0.4285714328
64796  -28.024  -15.030  11.059 0.4285714328
64813  -27.196  -15.195  9.826 0.5714285970
64795  -27.415  -15.429  10.621 0.5714285970
65719  -29.070  -13.987  11.049 0.2857142985
65735  -28.210  -14.243  9.889 0.7142857313
66674  -28.803  -13.818  10.259 0.7142857313
67614  -29.800  -12.828  10.228 0.7142857313
66676  -29.964  -13.038  10.898 0.4285714328
66675  -29.427  -13.405  10.607 0.5714285970
67623  -30.170  -12.192  9.887 0.5714285970
67622  -29.483  -12.562  9.459 0.5714285970
68592  -29.802  -11.879  9.136 0.5714285970
68581  -30.479  -11.502  9.566 0.5714285970
68582  -31.150  -11.133  9.968 0.4285714328
69541  -30.778  -10.792  9.281 0.5714285970
69542  -31.451  -10.409  9.700 0.5714285970
69553  -29.594  -10.797  8.202 0.7142857313
69555  -31.087  -10.056  9.001 0.7142857313
70483  -31.732  -9.647  9.455 0.7142857313
68593  -30.081  -11.170  8.861 0.5714285970
68608  -28.828  -11.140  7.840 0.5714285970
70492  -30.614  -9.650  8.376 0.8571428657
70494  -32.003  -8.859  9.223 0.7142857313
70484  -32.412  -9.295  9.844 0.5714285970
69566  -29.871  -10.054  7.931 0.7142857313
69565  -29.069  -10.405  7.550 0.5714285970
71491  -32.299  -8.072  8.975 0.7142857313
71480  -32.688  -8.536  9.599 0.5714285970
71490  -31.590  -8.422  8.587 0.7142857313
72399  -32.555  -7.181  8.833 0.5714285970
70505  -30.854  -8.818  8.186 0.7142857313
72389  -32.935  -7.787  9.392 0.5714285970
71500  -31.105  -7.953  7.981 0.7142857313
72398  -31.835  -7.566  8.412 0.7142857313
73299  -32.533  -6.327  8.470 0.7142857313
72409  -31.308  -6.932  7.849 0.7142857313
72410  -32.053  -6.834  8.288 0.7142857313
74152  -33.052  -5.715  8.701 0.7142857313
71508  -29.763  -8.000  7.035 0.5714285970
75037  -32.919  -4.898  8.403 0.5714285970
118563  -33.287  -4.170  8.566 0.5714285970
73309  -31.277  -5.990  7.486 0.8571428657
137154  -32.737  -4.222  8.150 0.7142857313
74165  -31.866  -5.355  7.660 0.8571428657
130798  -32.349  -4.749  7.906 0.7142857313
76714  -32.382  -2.671  7.810 0.8571428657
75931  -33.558  -3.482  8.732 0.5714285970
75048  -32.287  -3.971  7.763 0.8571428657
75936  -31.707  -3.703  7.418 0.8571428657
75047  -31.758  -4.522  7.485 0.8571428657
77596  -32.554  -1.846  7.993 0.8571428657
77586  -32.966  -1.284  8.341 0.8571428657
131237  -32.696  -0.309  8.547 0.8571428657
75937  -32.209  -3.317  7.697 0.8571428657
126271  -31.953  -1.585  7.753 0.8571428657
78421  -31.450  -1.104  7.858 1.0000000000
118658  -31.893  -2.208  7.580 0.8571428657
78409  -31.873  -0.411  8.326 1.0000000000
77595  -31.350  -1.810  7.477 1.0000000000
79243  -31.335  0.207  8.613 1.0000000000
80114  -29.570  1.314  8.905 0.7142857313
78408  -30.998  -0.424  8.210 1.0000000000
80115  -30.570  0.818  8.998 1.0000000000
82814  -30.606  4.511  10.373 1.0000000000
82828  -29.756  4.492  9.973 0.8571428657
84495  -30.351  6.045  10.011 0.8571428657
83709  -30.966  5.337  10.446 1.0000000000
86807  -32.260  9.581  9.759 0.8571428657
85295  -31.222  7.884  10.035 0.8571428657
84508  -30.856  6.976  10.154 1.0000000000
88414  -32.234  11.148  9.186 0.8571428657
87631  -33.043  10.972  9.209 0.8571428657
88422  -31.618  11.700  8.911 0.7142857313
87617  -30.744  10.189  9.199 0.5714285970
133189  -30.799  12.343  8.463 0.7142857313
89895  -32.432  13.132  8.401 0.5714285970
89163  -29.620  12.408  7.969 0.5714285970
88421  -30.595  11.516  8.652 0.5714285970
89162  -28.615  12.114  7.854 0.4285714328
89904  -29.023  13.556  7.420 0.4285714328
90561  -30.411  14.587  7.388 0.4285714328
89891  -27.633  12.952  8.434 0.2857142985
89888  -27.580  13.231  9.132 0.2857142985
89889  -27.784  13.801  9.244 0.2857142985
74151  -32.456  -5.537  8.156 0.7142857313
75049  -32.867  -3.354  8.183 0.8571428657
76715  -32.929  -2.447  8.203 0.8571428657
78422  -32.379  -1.039  8.148 0.8571428657
81007  -30.153  1.586  9.422 0.8571428657
89880  -29.399  13.325  11.149 0.1428571492
61791  -25.575  -18.688  12.176 0.2857142985
61806  -25.894  -17.943  11.849 0.2857142985
62808  -26.659  -17.499  12.230 0.2857142985
62809  -27.396  -17.116  12.715 0.4285714328
141189  -27.880  -15.915  12.072 0.4285714328
62821  -26.215  -17.212  11.418 0.2857142985
64782  -28.288  -15.306  11.827 0.4285714328
64794  -26.763  -15.800  10.227 0.5714285970
65717  -27.808  -14.814  10.269 0.5714285970
65751  -27.961  -14.032  9.236 0.2857142985
66687  -28.499  -13.631  9.472 0.7142857313
122720  -29.165  -13.227  9.825 0.7142857313
130730  -29.088  -12.218  8.706 0.5714285970
69531  -31.763  -10.741  10.412 0.4285714328
131970  -29.367  -11.519  8.456 0.7142857313
70493  -31.343  -9.255  8.786 0.7142857313
72400  -33.117  -7.146  9.327 0.5714285970
70503  -29.333  -9.639  7.311 0.5714285970
73300  -33.058  -6.513  9.041 0.5714285970
71499  -30.317  -8.392  7.599 0.8571428657
73310  -31.948  -6.165  7.944 0.7142857313
77594  -30.838  -1.465  7.500 1.0000000000
79242  -29.788  0.481  8.490 0.8571428657
81006  -29.383  2.367  9.342 0.7142857313
80993  -30.419  2.206  9.858 1.0000000000
80994  -31.446  2.230  9.989 1.0000000000
81882  -30.208  3.686  10.237 0.7142857313
123130  -30.794  2.947  10.257 1.0000000000
136280  -29.945  2.911  10.011 0.7142857313
86048  -31.426  8.739  9.879 0.8571428657
85284  -31.985  7.128  10.383 1.0000000000
84496  -31.383  6.199  10.432 1.0000000000
87618  -31.307  10.825  9.155 0.7142857313
89172  -29.499  13.105  7.701 0.7142857313
87630  -30.182  10.746  8.716 0.5714285970
89894  -31.300  13.263  8.286 0.7142857313
88419  -28.465  11.378  8.046 0.4285714328
89892  -27.846  13.367  7.886 0.2857142985
89903  -28.266  13.857  7.454 0.4285714328
89906  -31.171  14.061  7.925 0.4285714328
90560  -29.031  14.288  7.158 0.4285714328
66704  -27.991  -13.429  8.637 0.4285714328
67635  -28.258  -12.472  8.195 0.4285714328
89171  -28.583  12.973  7.615 0.4285714328
90548  -27.675  13.662  8.514 0.2857142985
59732  -26.504  -20.273  13.937 0.4285714328
60710  -27.002  -19.541  13.890 0.4285714328
60708  -25.661  -19.755  12.929 0.2857142985
134744  -27.419  -18.943  13.891 0.4285714328
63821  -26.354  -16.497  10.742 0.2857142985
64781  -27.618  -15.691  11.400 0.4285714328
65734  -27.583  -14.551  9.510 0.2857142985
65718  -28.431  -14.418  10.673 0.4285714328
66688  -28.784  -12.958  9.016 0.5714285970
69554  -30.353  -10.433  8.600 0.7142857313
69543  -32.100  -10.031  10.125 0.5714285970
67651  -28.706  -11.789  8.137 0.7142857313
70504  -30.094  -9.232  7.764 0.5714285970
72408  -30.485  -7.520  7.457 0.8571428657
76713  -31.773  -2.937  7.458 0.8571428657
133332  -30.569  0.156  8.476 1.0000000000
127427  -31.507  9.969  9.518 0.8571428657
89164  -32.012  12.487  8.673 0.7142857313
88420  -29.490  11.512  8.222 0.5714285970
127746  -28.030  11.929  8.016 0.4285714328
89905  -30.112  13.684  7.686 0.4285714328
89885  -27.582  12.717  9.684 0.2857142985
89161  -27.915  12.572  7.914 0.2857142985
126350  -27.978  13.398  10.002 0.2857142985
89886  -28.837  13.771  10.501 0.1428571492
89893  -30.274  12.970  8.050 0.5714285970
92658  -28.561  16.891  5.855 0.2857142985
92657  -27.916  17.348  5.834 0.1428571492
91274  -29.157  15.538  6.706 0.2857142985
92659  -29.920  16.968  5.902 0.2857142985
117704  -27.916  16.666  6.264 0.1428571492
92650  -27.952  17.299  6.620 0.1428571492
90559  -28.063  14.726  7.176 0.1428571492
90571  -28.635  14.955  6.889 0.2857142985
118686  -27.956  15.494  7.194 0.1428571492
91968  -31.942  16.708  6.203 0.2857142985
91966  -29.499  16.308  6.329 0.2857142985
120276  -33.930  14.006  4.992 0.2857142985
91277  -33.444  15.438  6.184 0.2857142985
92640  -28.135  16.935  7.352 0.1428571492
91266  -30.134  15.238  7.025 0.2857142985
89907  -33.759  13.608  7.442 0.2857142985
91276  -31.785  16.016  6.869 0.2857142985
91275  -30.438  15.862  6.838 0.2857142985
88445  -34.375  11.356  6.584 0.1428571492
90573  -33.728  14.559  6.452 0.2857142985
140237  -32.771  15.624  6.776 0.2857142985
91958  -27.978  16.098  6.724 0.1428571492
91268  -32.272  15.240  7.276 0.2857142985
86850  -33.873  9.596  5.299 0.1428571492
87657  -34.103  10.176  5.687 0.1428571492
137777  -34.173  13.092  7.063 0.4285714328
124360  -32.300  13.891  8.040 0.2857142985
86060  -34.441  8.293  8.602 0.2857142985
88425  -34.150  11.181  8.458 0.4285714328
89896  -33.316  13.302  8.083 0.2857142985
84535  -34.461  6.861  7.662 0.1428571492
86832  -34.547  9.767  7.877 0.2857142985
89173  -33.880  12.548  8.112 0.4285714328
86820  -33.955  9.844  9.152 0.5714285970
138569  -33.548  11.327  8.880 0.7142857313
83726  -34.180  5.487  9.243 0.1428571492
84522  -34.457  6.872  8.539 0.1428571492
86051  -34.052  8.305  9.351 0.4285714328
130352  -34.217  4.181  9.070 0.2857142985
82830  -33.913  4.764  9.549 0.7142857313
86808  -33.110  9.718  9.612 0.7142857313
83710  -31.910  5.418  10.559 0.8571428657
84509  -33.246  6.139  10.221 0.8571428657
86050  -33.316  8.289  9.912 0.5714285970
81902  -34.567  3.688  8.665 0.2857142985
85296  -33.001  7.488  10.204 0.7142857313
86047  -30.554  8.499  9.518 0.5714285970
81008  -34.243  2.848  9.237 0.1428571492
128054  -32.855  4.114  10.325 0.7142857313
81009  -34.817  2.325  9.129 0.1428571492
140956  -29.234  -2.176  6.681 0.5714285970
78420  -30.556  -0.914  7.757 0.8571428657
79254  -30.111  -0.263  8.104 0.8571428657
78419  -29.667  -0.722  7.602 0.4285714328
81883  -31.157  3.772  10.473 0.8571428657
80100  -32.052  1.560  9.546 0.8571428657
82815  -31.521  4.606  10.547 0.8571428657
80118  -33.885  1.867  9.369 0.2857142985
81894  -32.756  3.379  10.180 0.8571428657
137010  -32.855  6.764  10.326 0.8571428657
81010  -35.455  1.867  9.047 0.4285714328
80996  -33.445  2.313  9.587 0.7142857313
127660  -33.571  3.934  9.849 0.7142857313
76734  -28.479  -2.978  6.044 0.2857142985
78429  -30.124  -1.380  7.346 0.5714285970
125514  -29.689  -1.825  6.969 0.5714285970
80116  -31.647  0.840  9.121 0.8571428657
80099  -31.037  1.490  9.553 0.8571428657
81893  -31.805  3.080  10.295 0.8571428657
124143  -33.447  1.048  9.258 0.4285714328
80101  -32.997  1.638  9.497 0.8571428657
80995  -32.576  2.417  9.884 0.8571428657
79245  -34.416  0.386  9.215 0.4285714328
73318  -29.222  -6.666  6.285 0.7142857313
73332  -29.214  -5.864  6.201 0.4285714328
122652  -29.759  -6.807  6.730 0.7142857313
74175  -30.459  -5.109  6.904 0.8571428657
75069  -29.433  -4.583  6.331 0.5714285970
75957  -29.142  -3.446  6.343 0.5714285970
75956  -28.478  -3.804  5.938 0.4285714328
120663  -30.995  -4.245  7.099 0.8571428657
75958  -29.725  -3.881  6.487 0.5714285970
76735  -29.181  -2.740  6.504 0.5714285970
76723  -30.550  -2.838  6.957 0.7142857313
119007  -29.878  -2.463  6.822 0.5714285970
78410  -33.032  -0.763  8.495 0.7142857313
79244  -32.223  0.264  8.732 0.7142857313
80117  -32.584  0.919  9.175 0.8571428657
78412  -34.487  -0.877  9.297 0.2857142985
134707  -34.218  -0.320  9.139 0.4285714328
70515  -29.580  -8.838  7.128 0.4285714328
71507  -29.081  -8.451  6.513 0.4285714328
72431  -28.590  -7.295  5.862 0.4285714328
73320  -30.676  -5.753  7.132 0.7142857313
74164  -31.187  -5.149  7.292 0.7142857313
75947  -31.135  -3.297  7.152 0.8571428657
123535  -33.276  -1.802  8.446 0.7142857313
78411  -33.614  -0.985  8.753 0.5714285970
70513  -28.107  -9.505  6.431 0.5714285970
72418  -29.277  -7.529  6.448 0.5714285970
76695  -34.420  -2.366  9.403 0.4285714328
77580  -34.862  -1.547  9.550 0.4285714328
77587  -34.014  -1.687  8.977 0.4285714328
68607  -28.025  -11.546  7.602 0.5714285970
71481  -33.332  -8.216  10.006 0.4285714328
72390  -33.510  -7.485  9.800 0.4285714328
119950  -34.373  -4.669  9.646 0.4285714328
75038  -33.921  -4.066  9.132 0.4285714328
65694  -28.975  -14.885  12.266 0.1428571492
73287  -33.576  -6.759  9.578 0.4285714328
74136  -33.602  -5.971  9.324 0.4285714328
74137  -34.225  -5.517  9.719 0.4285714328
65706  -29.367  -14.161  11.867 0.1428571492
66665  -29.714  -13.514  11.386 0.1428571492
68571  -31.418  -11.411  10.692 0.2857142985
70475  -34.306  -9.093  11.094 0.2857142985
71470  -34.958  -7.956  10.772 0.2857142985
141072  -34.460  -8.471  10.805 0.2857142985
70473  -32.802  -9.706  10.495 0.4285714328
72377  -34.652  -7.390  10.460 0.2857142985
72376  -34.087  -7.895  10.375 0.2857142985
70485  -33.082  -8.965  10.230 0.2857142985
73273  -34.746  -6.735  10.346 0.2857142985
72391  -34.085  -7.094  10.109 0.4285714328
65695  -29.704  -14.450  12.637 0.1428571492
65705  -28.685  -14.623  11.466 0.1428571492
66666  -30.359  -12.957  11.539 0.2857142985
67592  -30.991  -12.357  11.528 0.2857142985
68561  -32.831  -10.880  11.577 0.2857142985
70461  -34.031  -9.812  11.428 0.2857142985
119957  -33.220  -10.117  11.160 0.2857142985
69532  -32.456  -10.420  10.817 0.2857142985
66656  -30.168  -13.629  12.292 0.1428571492
67594  -32.256  -12.210  12.574 0.2857142985
66657  -30.924  -12.884  12.278 0.2857142985
67606  -32.070  -11.803  12.048 0.2857142985
67593  -31.575  -12.279  12.132 0.2857142985
68560  -32.263  -11.406  11.692 0.2857142985
64771  -28.543  -15.687  12.674 0.1428571492
63797  -27.903  -16.424  12.611 0.2857142985
64772  -29.357  -15.169  13.034 0.1428571492
58743  -26.016  -21.021  14.088 0.2857142985
62810  -27.994  -16.903  13.160 0.2857142985
59733  -27.237  -20.129  14.431 0.1428571492
58725  -25.582  -21.762  14.302 0.2857142985
66658  -31.700  -12.844  12.796 0.2857142985
68552  -32.755  -11.570  12.254 0.2857142985
73274  -35.494  -6.394  10.520 0.2857142985
133301  -34.800  -5.962  10.234 0.4285714328
75027  -33.640  -5.006  9.029 0.4285714328
76705  -33.595  -2.616  8.695 0.4285714328
78403  -35.340  -0.874  9.561 0.2857142985
132960  -33.050  0.360  8.912 0.7142857313
86806  -30.814  9.405  9.432 0.5714285970
134585  -32.094  8.998  9.986 0.7142857313
82816  -32.428  4.697  10.485 0.8571428657
86049  -32.283  8.236  10.156 0.8571428657
81901  -34.050  3.516  9.314 0.5714285970
90562  -31.699  14.631  7.634 0.2857142985
85298  -34.365  7.578  9.012 0.4285714328
127294  -34.510  8.998  8.211 0.4285714328
91949  -28.554  16.576  8.068 0.1428571492
89182  -34.319  12.311  6.625 0.2857142985
87649  -34.334  10.450  6.406 0.1428571492
122581  -27.989  -18.639  14.200 0.1428571492
63787  -28.475  -16.396  13.269 0.1428571492
65696  -30.341  -14.159  12.991 0.1428571492
66644  -31.027  -13.600  13.072 0.1428571492
67615  -30.456  -12.444  10.757 0.2857142985
67605  -31.631  -11.748  11.451 0.2857142985
69522  -34.609  -10.272  12.004 0.2857142985
70462  -34.915  -9.546  11.600 0.2857142985
70514  -28.847  -9.238  6.688 0.5714285970
71520  -28.548  -8.111  5.965 0.2857142985
72378  -35.509  -7.232  10.678 0.2857142985
140821  -36.159  -6.052  10.624 0.2857142985
73308  -30.489  -6.601  7.195 0.5714285970
132813  -28.648  -4.716  5.919 0.4285714328
74187  -29.141  -5.202  6.144 0.5714285970
138137  -28.491  -2.156  6.260 0.2857142985
75016  -34.898  -5.177  10.170 0.2857142985
75059  -30.161  -4.426  6.667 0.7142857313
77602  -28.878  -1.639  6.724 0.2857142985
134612  -35.068  -4.412  10.155 0.1428571492
75920  -34.886  -3.022  9.892 0.4285714328
75932  -34.142  -3.229  9.239 0.4285714328
75921  -35.884  -2.928  10.270 0.1428571492
76696  -35.379  -2.201  9.908 0.1428571492
78413  -35.359  -0.009  9.388 0.2857142985
139730  -33.757  0.542  9.143 0.5714285970
83711  -32.834  5.434  10.389 0.8571428657
135075  -35.531  2.560  8.609 0.1428571492
90552  -27.838  14.229  7.886 0.2857142985
81018  -35.129  3.213  8.412 0.1428571492
84510  -33.930  6.155  9.672 0.5714285970
82835  -34.336  4.885  8.728 0.1428571492
84534  -34.481  6.218  8.046 0.1428571492
85297  -33.800  7.565  9.700 0.5714285970
83733  -34.424  5.556  8.381 0.1428571492
85304  -34.505  7.564  8.139 0.1428571492
89174  -34.240  12.450  7.485 0.2857142985
125956  -34.482  10.829  7.540 0.2857142985
125895  -34.479  9.002  7.357 0.2857142985
86085  -34.356  8.261  6.867 0.1428571492
124526  -34.269  8.951  6.498 0.1428571492
86851  -34.183  9.615  6.064 0.1428571492
89908  -34.151  13.155  6.236 0.2857142985
126651  -34.027  13.240  5.344 0.2857142985
89194  -33.810  12.516  4.675 0.1428571492
88453  -33.965  11.706  5.161 0.1428571492
131398  -28.397  -18.982  14.649 0.1428571492
71459  -35.232  -8.721  11.239 0.2857142985
131194  -33.574  10.322  4.407 0.1428571492
89924  -33.814  13.330  4.611 0.2857142985
61783  -28.196  -17.891  14.019 0.1428571492
62799  -28.458  -17.076  13.787 0.1428571492
68570  -30.807  -11.784  10.293 0.2857142985
72419  -29.925  -7.278  7.006 0.5714285970
76724  -31.232  -2.509  7.270 0.8571428657
139870  -31.617  9.345  9.749 0.5714285970
87620  -33.311  10.343  9.348 0.7142857313
88423  -32.782  11.770  8.954 0.5714285970
68572  -32.051  -11.089  11.114 0.2857142985
77603  -30.565  -2.032  7.144 0.5714285970
81884  -32.102  3.918  10.505 0.8571428657
84497  -32.374  6.190  10.478 0.8571428657
91265  -29.431  14.901  6.978 0.2857142985
91965  -28.397  16.166  6.427 0.2857142985
125489  -27.887  16.611  6.775 0.1428571492
92660  -31.117  17.154  5.890 0.2857142985
91273  -28.219  15.489  6.832 0.1428571492
91967  -30.819  16.537  6.407 0.2857142985
121043  -34.049  13.945  5.903 0.2857142985
91969  -32.788  16.195  6.286 0.2857142985
90572  -33.179  15.001  6.962 0.2857142985
91948  -27.986  16.210  7.280 0.1428571492
118436  -33.197  13.974  7.734 0.2857142985
120505  -33.983  13.804  6.739 0.2857142985
141615  -33.959  13.028  7.673 0.2857142985
91267  -31.148  15.300  7.258 0.2857142985
135386  -34.392  11.774  7.280 0.2857142985
88444  -34.249  11.762  5.931 0.1428571492
88454  -34.132  10.955  5.651 0.1428571492
90563  -32.760  14.548  7.539 0.2857142985
87656  -33.848  10.291  5.085 0.1428571492
86843  -34.430  9.770  6.956 0.1428571492
127994  -33.754  10.959  4.791 0.1428571492
89187  -34.130  12.453  5.658 0.1428571492
86071  -34.505  8.272  7.734 0.1428571492
87632  -33.801  10.692  8.981 0.5714285970
87633  -34.337  10.339  8.474 0.4285714328
88424  -33.704  11.899  8.547 0.5714285970
84521  -34.380  6.182  8.914 0.1428571492
135368  -34.380  9.601  8.555 0.4285714328
86809  -33.650  9.037  9.543 0.5714285970
127538  -32.810  8.992  9.911 0.7142857313
83725  -33.622  5.444  9.950 0.4285714328
84511  -34.164  6.863  9.355 0.5714285970
82829  -33.244  4.724  10.168 0.7142857313
130672  -33.557  6.834  9.991 0.7142857313
78418  -28.804  -0.509  7.301 0.4285714328
78428  -29.260  -1.218  7.177 0.4285714328
129793  -34.435  1.280  9.284 0.5714285970
135008  -33.462  3.034  9.704 0.8571428657
73319  -29.961  -5.998  6.671 0.7142857313
74174  -29.744  -5.192  6.478 0.7142857313
75946  -29.852  -3.163  6.654 0.5714285970
124460  -29.091  -4.089  6.240 0.4285714328
75079  -27.764  -4.303  5.443 0.2857142985
120494  -30.442  -3.628  6.803 0.7142857313
131084  -33.524  -0.170  8.862 0.5714285970
70527  -28.384  -8.838  6.160 0.5714285970
71469  -33.782  -8.670  10.565 0.2857142985
126180  -34.600  -3.847  9.705 0.4285714328
73288  -34.144  -6.336  9.902 0.4285714328
67616  -31.071  -11.955  10.936 0.2857142985
70474  -33.530  -9.395  10.826 0.2857142985
65681  -30.090  -14.782  13.302 0.1428571492
69521  -33.709  -10.522  11.816 0.2857142985
59715  -26.764  -20.814  14.564 0.1428571492
131667  -26.311  -21.525  14.759 0.1428571492
59716  -27.491  -20.659  14.987 0.1428571492
91259  -28.213  15.696  8.060 0.1428571492
141175  -27.849  -20.055  14.838 0.1428571492
61767  -28.637  -18.327  14.568 0.1428571492
91253  -28.119  14.987  8.511 0.1428571492
134719  -30.131  6.834  9.603 0.5714285970
83723  -29.547  5.396  9.532 0.4285714328
83732  -29.173  5.870  8.898 0.4285714328
82827  -29.115  4.572  9.271 0.4285714328
81005  -28.714  2.673  8.529 0.4285714328
81892  -29.356  3.589  9.592 0.4285714328
82826  -28.761  3.991  8.776 0.4285714328
83724  -30.210  5.164  10.130 0.5714285970
71472  -36.995  -8.068  11.184 0.1428571492
72379  -36.571  -7.382  10.901 0.1428571492
65733  -26.885  -14.783  9.097 0.2857142985
70476  -38.441  -9.115  10.898 0.1428571492
71461  -37.468  -8.832  11.398 0.1428571492
130088  -39.018  -9.146  9.996 0.1428571492
64812  -26.471  -15.469  9.449 0.2857142985
69523  -35.554  -10.044  12.099 0.1428571492
70464  -36.880  -9.399  11.799 0.1428571492
70463  -35.869  -9.366  11.723 0.1428571492
70465  -37.861  -9.715  11.545 0.1428571492
69544  -38.770  -10.668  9.797 0.1428571492
69580  -37.457  -10.686  6.293 0.1428571492
70495  -38.958  -9.816  8.380 0.1428571492
69581  -38.165  -10.161  6.876 0.1428571492
63835  -26.039  -16.107  9.849 0.2857142985
69510  -34.257  -11.048  12.503 0.1428571492
69511  -35.305  -10.752  12.552 0.1428571492
69509  -33.410  -11.111  12.172 0.1428571492
141848  -37.843  -10.274  11.783 0.1428571492
69512  -36.396  -10.586  12.485 0.1428571492
69533  -38.650  -10.495  10.631 0.1428571492
69524  -37.245  -10.166  12.101 0.1428571492
68610  -38.323  -11.316  7.931 0.1428571492
131363  -37.222  -11.508  6.501 0.1428571492
69568  -38.569  -10.459  7.704 0.1428571492
120791  -25.533  -16.674  10.241 0.2857142985
62835  -25.078  -17.260  10.573 0.2857142985
67595  -32.992  -12.125  12.935 0.1428571492
68543  -34.271  -11.776  13.124 0.1428571492
68553  -35.098  -11.477  13.046 0.1428571492
68554  -36.059  -11.328  12.970 0.1428571492
69525  -37.855  -10.778  11.974 0.1428571492
68583  -38.602  -11.460  10.015 0.1428571492
67637  -38.422  -11.925  9.228 0.1428571492
68633  -36.528  -11.159  5.777 0.1428571492
67581  -32.513  -12.761  13.192 0.1428571492
67596  -33.667  -12.118  13.206 0.1428571492
67582  -33.337  -12.694  13.472 0.1428571492
67597  -35.872  -12.130  13.416 0.1428571492
123843  -35.279  -12.732  13.741 0.1428571492
67607  -38.152  -12.212  11.677 0.1428571492
68555  -36.983  -11.355  12.792 0.1428571492
67608  -38.421  -12.014  10.780 0.1428571492
68609  -37.677  -11.853  7.316 0.1428571492
67676  -36.238  -12.002  5.998 0.1428571492
66647  -33.796  -13.351  13.969 0.1428571492
66649  -35.748  -13.472  13.944 0.1428571492
124200  -34.280  -12.571  13.595 0.1428571492
67598  -36.844  -12.719  13.282 0.1428571492
67583  -36.101  -12.916  13.657 0.1428571492
66677  -37.766  -13.379  10.853 0.1428571492
66667  -37.832  -13.062  11.801 0.1428571492
67624  -38.097  -12.804  10.288 0.1428571492
67636  -37.960  -12.752  9.262 0.1428571492
67625  -38.389  -12.224  9.910 0.1428571492
65685  -36.202  -14.220  13.910 0.1428571492
66631  -35.366  -14.112  14.245 0.1428571492
66648  -34.787  -13.363  14.065 0.1428571492
65698  -37.407  -13.698  12.341 0.1428571492
131977  -37.103  -14.156  12.935 0.1428571492
65708  -37.408  -13.886  11.479 0.1428571492
121880  -37.524  -12.975  8.406 0.1428571492
66706  -37.385  -13.397  8.939 0.1428571492
66659  -37.222  -13.460  13.017 0.1428571492
135088  -34.942  -12.106  13.424 0.1428571492
67599  -37.358  -12.138  12.837 0.1428571492
68562  -37.780  -11.586  12.288 0.1428571492
68632  -35.527  -11.600  5.208 0.1428571492
69590  -35.786  -10.890  4.990 0.1428571492
69567  -37.986  -11.023  7.061 0.1428571492
69556  -38.766  -10.725  8.705 0.1428571492
62836  -25.732  -17.070  10.815 0.2857142985
67653  -37.175  -12.763  7.470 0.1428571492
141414  -37.019  -12.211  6.726 0.1428571492
68644  -34.878  -11.463  4.317 0.1428571492
80113  -28.848  1.868  8.498 0.4285714328
69591  -36.849  -10.384  5.539 0.1428571492
121787  -37.553  -7.459  10.841 0.1428571492
73275  -36.322  -6.681  10.700 0.1428571492
85294  -30.312  7.612  9.573 0.4285714328
128136  -33.333  13.158  3.331 0.1428571492
121666  -33.633  13.866  3.999 0.1428571492
71471  -35.921  -8.004  11.061 0.1428571492
66645  -32.006  -13.465  13.441 0.1428571492
123672  -33.548  -11.605  12.708 0.1428571492
74123  -35.544  -5.651  10.461 0.1428571492
75017  -35.679  -4.902  10.445 0.1428571492
71460  -36.372  -8.707  11.446 0.1428571492
71473  -38.013  -8.197  10.989 0.1428571492
120083  -38.829  -9.863  10.326 0.1428571492
70466  -38.520  -9.913  11.037 0.1428571492
70486  -38.964  -9.899  9.360 0.1428571492
71482  -39.075  -8.577  9.630 0.1428571492
126557  -39.086  -9.133  9.059 0.1428571492
138083  -36.385  -9.884  12.083 0.1428571492
69526  -38.284  -10.514  11.369 0.1428571492
69513  -37.296  -10.864  12.399 0.1428571492
127121  -38.655  -10.935  10.312 0.1428571492
68573  -38.567  -11.136  10.797 0.1428571492
68595  -38.476  -11.496  8.676 0.1428571492
128658  -36.672  -11.904  13.156 0.1428571492
68563  -38.266  -11.378  11.520 0.1428571492
68594  -38.003  -12.187  8.305 0.1428571492
66646  -32.869  -13.371  13.776 0.1428571492
137401  -37.816  -12.400  12.299 0.1428571492
67617  -38.116  -12.710  11.100 0.1428571492
66650  -36.622  -13.632  13.506 0.1428571492
66660  -37.526  -12.935  12.662 0.1428571492
66690  -37.530  -13.551  9.828 0.1428571492
57782  -24.188  -22.627  13.423 0.1428571492
58742  -25.269  -21.339  13.598 0.1428571492
57799  -23.841  -22.050  12.876 0.1428571492
58741  -24.545  -21.754  13.163 0.1428571492
58760  -24.851  -20.932  12.964 0.1428571492
59745  -25.078  -20.151  12.697 0.1428571492
60724  -25.284  -19.415  12.441 0.1428571492
60736  -24.134  -19.283  11.861 0.1428571492
61805  -25.120  -18.308  11.542 0.1428571492
61804  -24.216  -18.529  11.455 0.1428571492
62819  -24.667  -17.820  11.020 0.1428571492
62820  -25.455  -17.619  11.186 0.1428571492
62833  -23.597  -17.231  10.609 0.1428571492
63819  -23.977  -16.766  10.052 0.1428571492
63834  -25.231  -16.216  9.583 0.1428571492
63820  -24.758  -16.782  10.029 0.1428571492
64810  -24.877  -15.565  9.020 0.2857142985
64811  -25.713  -15.645  9.171 0.1428571492
64828  -26.121  -15.011  8.792 0.1428571492
64827  -25.463  -15.151  8.756 0.2857142985
66703  -27.191  -13.520  8.139 0.2857142985
68622  -27.517  -10.879  7.126 0.4285714328
69579  -28.537  -9.958  6.976 0.4285714328
79253  -29.108  0.087  7.888 0.2857142985
80126  -28.540  1.586  7.825 0.2857142985
123599  -28.424  5.183  8.132 0.2857142985
83731  -28.689  5.879  8.338 0.2857142985
84520  -29.060  6.500  8.591 0.2857142985
85303  -29.489  7.233  8.937 0.4285714328
65748  -25.575  -14.466  8.362 0.2857142985
65750  -27.377  -14.124  8.790 0.1428571492
59744  -24.341  -20.521  12.471 0.1428571492
61815  -23.892  -17.843  10.972 0.1428571492
63833  -24.406  -16.194  9.575 0.1428571492
65747  -24.737  -14.260  8.455 0.2857142985
65749  -26.527  -14.200  8.352 0.2857142985
66701  -25.932  -13.782  7.956 0.2857142985
66719  -27.606  -12.931  7.993 0.2857142985
67650  -27.488  -12.242  7.656 0.4285714328
68606  -27.220  -11.548  7.316 0.4285714328
68621  -26.974  -11.023  7.048 0.2857142985
79252  -28.458  0.206  7.248 0.2857142985
80127  -28.971  0.986  8.280 0.2857142985
80135  -28.194  1.754  7.031 0.2857142985
81891  -28.847  3.207  8.918 0.2857142985
129993  -28.362  4.413  8.043 0.2857142985
129504  -28.030  4.123  7.425 0.2857142985
82834  -28.919  5.265  8.811 0.2857142985
128587  -28.486  0.887  7.524 0.2857142985
79260  -28.177  -0.152  6.698 0.2857142985
81017  -28.367  2.502  7.648 0.2857142985
81910  -27.973  3.444  7.064 0.2857142985
81900  -28.437  3.484  8.044 0.2857142985
80134  -27.633  1.907  6.211 0.2857142985
81029  -27.852  2.664  6.628 0.2857142985
69564  -28.255  -10.685  7.295 0.4285714328
134693  -28.705  4.686  8.613 0.2857142985
62834  -24.322  -17.319  10.492 0.1428571492
60723  -24.558  -19.741  12.228 0.1428571492
60737  -24.810  -18.998  11.932 0.1428571492
64826  -25.001  -14.900  8.634 0.2857142985
70512  -27.431  -9.622  6.348 0.2857142985
69578  -27.790  -10.181  6.779 0.2857142985
128047  -32.903  18.062  1.972 0.1428571492
92682  -33.047  17.302  2.516 0.1428571492
92675  -33.068  17.034  4.211 0.1428571492
91289  -33.512  15.850  4.603 0.1428571492
90584  -33.685  14.848  4.553 0.1428571492
93436  -32.499  18.798  1.355 0.1428571492
91984  -33.197  16.660  4.899 0.1428571492
93424  -29.277  18.622  4.390 0.1428571492
138079  -27.983  -8.492  5.795 0.2857142985
90589  -33.445  14.714  3.550 0.1428571492
91989  -33.089  16.566  2.268 0.1428571492
90580  -33.829  14.730  5.581 0.1428571492
91987  -33.237  16.583  3.586 0.1428571492
122078  -33.481  15.354  3.925 0.1428571492
91975  -32.018  17.220  5.655 0.1428571492
91283  -33.642  15.424  5.306 0.1428571492
92673  -32.008  18.090  4.629 0.1428571492
94161  -29.987  19.236  3.762 0.1428571492
92668  -31.336  17.767  5.244 0.1428571492
92667  -29.209  17.497  5.411 0.1428571492
123303  -30.340  17.499  5.537 0.1428571492
91977  -33.339  16.117  5.529 0.1428571492
91976  -32.742  16.774  5.637 0.1428571492
92679  -33.014  17.228  3.411 0.1428571492
93433  -32.452  18.767  2.389 0.1428571492
130677  -33.160  16.745  2.951 0.1428571492
91983  -32.568  17.425  4.981 0.1428571492
92674  -32.638  17.732  4.071 0.1428571492
94173  -31.973  19.485  1.751 0.1428571492
126497  -33.243  16.149  2.987 0.1428571492
80143  -27.254  1.159  5.655 0.1428571492
80144  -28.024  0.866  6.579 0.1428571492
82850  -25.793  4.393  6.316 0.1428571492
82842  -27.059  4.829  6.810 0.1428571492
78427  -28.502  -0.947  6.760 0.1428571492
81909  -27.502  4.229  6.814 0.1428571492
124110  -26.980  5.355  7.058 0.1428571492
83737  -27.326  5.872  7.380 0.1428571492
138006  -26.970  6.445  7.470 0.2857142985
74186  -28.618  -5.641  5.804 0.2857142985
75068  -27.981  -5.329  5.489 0.1428571492
76748  -27.867  -2.411  5.586 0.1428571492
77601  -28.217  -1.352  6.232 0.1428571492
78436  -27.955  -0.617  6.133 0.1428571492
79246  -35.349  0.997  9.261 0.1428571492
82843  -27.740  4.986  7.389 0.1428571492
84519  -28.435  6.584  8.013 0.1428571492
84533  -27.662  6.707  7.592 0.1428571492
85302  -28.840  7.986  8.197 0.2857142985
129250  -28.008  10.098  8.158 0.2857142985
87627  -27.144  10.072  8.688 0.2857142985
88418  -27.935  11.404  8.328 0.2857142985
89155  -27.985  12.629  10.464 0.1428571492
85314  -28.245  7.379  7.791 0.2857142985
126412  -29.113  8.880  8.413 0.2857142985
86819  -30.008  9.917  8.815 0.2857142985
140784  -28.551  9.548  8.166 0.2857142985
86818  -27.798  9.368  7.869 0.2857142985
134933  -28.978  10.465  8.284 0.2857142985
86817  -27.321  9.676  8.205 0.2857142985
89160  -27.737  12.172  8.511 0.1428571492
87616  -27.213  10.624  9.293 0.2857142985
90549  -27.876  14.357  8.768 0.1428571492
86816  -26.762  9.428  8.679 0.1428571492
86057  -26.545  8.629  8.427 0.1428571492
84531  -26.456  6.612  7.724 0.2857142985
88413  -27.591  11.393  8.904 0.1428571492
89157  -27.498  12.095  9.301 0.1428571492
88410  -27.430  11.406  9.785 0.1428571492
83735  -25.512  5.530  7.385 0.2857142985
87611  -26.804  10.106  9.969 0.1428571492
88408  -28.152  11.685  11.436 0.1428571492
87612  -27.228  10.722  10.337 0.1428571492
82824  -24.583  4.570  8.247 0.1428571492
80119  -36.238  1.503  8.974 0.1428571492
77581  -35.864  -1.408  9.800 0.1428571492
77610  -27.350  -1.113  5.127 0.1428571492
78435  -27.487  -0.420  5.471 0.1428571492
80142  -26.489  1.574  5.199 0.1428571492
81038  -26.935  2.144  5.644 0.1428571492
81028  -27.319  2.682  6.004 0.1428571492
81918  -26.317  3.782  5.882 0.1428571492
83738  -28.062  5.870  7.758 0.1428571492
84530  -25.757  6.184  7.836 0.2857142985
85313  -27.521  7.615  7.579 0.1428571492
86069  -27.333  8.363  7.624 0.1428571492
86058  -28.338  8.813  7.902 0.2857142985
86830  -27.253  9.011  7.825 0.1428571492
86801  -26.972  10.062  10.893 0.1428571492
142344  -27.493  12.656  8.973 0.1428571492
89149  -27.904  12.066  10.843 0.1428571492
89154  -27.592  12.088  10.169 0.1428571492
79247  -36.157  0.786  9.275 0.1428571492
87629  -28.164  10.813  8.209 0.2857142985
90542  -28.302  14.154  9.737 0.1428571492
127985  -29.684  8.223  8.965 0.2857142985
86059  -29.910  9.091  8.966 0.2857142985
128341  -28.818  7.141  8.277 0.1428571492
79266  -27.696  0.209  5.927 0.1428571492
129925  -27.271  3.510  6.218 0.1428571492
80151  -26.726  0.914  5.055 0.1428571492
79265  -27.135  0.328  5.241 0.1428571492
82851  -26.712  4.352  6.376 0.1428571492
82841  -26.215  5.062  6.824 0.1428571492
122730  -27.758  -1.033  5.721 0.1428571492
83736  -26.445  5.876  7.337 0.1428571492
77611  -27.835  -1.660  5.686 0.1428571492
84532  -26.986  7.102  7.606 0.2857142985
86070  -28.026  8.181  7.652 0.2857142985
87628  -27.673  10.572  8.539 0.2857142985
89150  -28.441  12.328  11.142 0.1428571492
140422  -29.310  9.585  8.494 0.2857142985
86829  -26.895  9.100  8.100 0.1428571492
90550  -28.584  14.808  9.405 0.1428571492
85312  -26.875  7.818  7.716 0.1428571492
88407  -27.612  11.412  10.807 0.1428571492
65746  -23.925  -14.077  8.759 0.1428571492
135507  -25.220  -13.653  8.067 0.1428571492
135605  -25.801  -12.962  7.683 0.1428571492
66699  -23.513  -13.242  8.759 0.1428571492
67645  -23.674  -11.926  8.350 0.1428571492
68602  -24.082  -11.319  7.882 0.1428571492
66716  -24.887  -12.840  7.919 0.1428571492
68603  -24.988  -11.392  7.425 0.1428571492
67647  -25.387  -12.145  7.507 0.1428571492
66717  -26.466  -12.676  7.564 0.1428571492
68618  -25.442  -10.708  7.055 0.1428571492
68604  -25.907  -11.358  7.150 0.1428571492
68620  -26.530  -10.850  6.928 0.1428571492
68605  -26.606  -11.501  7.198 0.1428571492
69563  -24.542  -10.589  7.417 0.1428571492
69575  -25.825  -10.009  6.634 0.1428571492
69577  -27.074  -10.368  6.678 0.1428571492
127638  -26.825  -9.626  6.297 0.1428571492
72430  -27.826  -7.833  5.597 0.1428571492
73330  -27.960  -6.998  5.497 0.1428571492
66718  -27.024  -12.830  7.700 0.1428571492
65731  -23.568  -14.678  9.240 0.1428571492
67634  -24.023  -12.666  8.315 0.1428571492
87615  -26.868  9.966  9.201 0.1428571492
73331  -28.616  -6.462  5.805 0.1428571492
66700  -24.384  -13.466  8.354 0.1428571492
66702  -26.500  -13.358  7.830 0.1428571492
67649  -26.827  -12.144  7.423 0.1428571492
136044  -23.019  -11.775  8.838 0.1428571492
67646  -24.496  -12.073  7.836 0.1428571492
67648  -26.174  -12.128  7.383 0.1428571492
68619  -26.062  -10.650  6.843 0.1428571492
69574  -25.125  -10.119  6.957 0.1428571492
69576  -26.462  -10.204  6.595 0.1428571492
69552  -23.601  -10.542  8.007 0.1428571492
65730  -22.810  -14.502  9.680 0.1428571492
84507  -29.627  6.312  9.268 0.4285714328
86831  -27.722  8.784  7.677 0.2857142985
87619  -32.400  10.389  9.474 0.8571428657
88435  -34.275  11.812  7.964 0.2857142985
89165  -33.089  12.563  8.550 0.5714285970
90564  -33.527  14.296  7.193 0.2857142985
91293  -33.380  15.959  3.748 0.1428571492
93426  -32.074  18.476  3.935 0.1428571492
119528  -33.309  16.422  4.218 0.1428571492
129887  -34.268  9.023  8.956 0.5714285970
131034  -33.323  15.440  3.179 0.1428571492
139480  -30.139  11.939  8.310 0.7142857313
142451  -38.642  -11.262  9.276 0.1428571492
