#!ascii label  , from subject sub-v2s0x29026_ses-1 vox2ras=TkReg
1318
910  30.913  -83.253  15.818 0.5000000000
110702  24.156  -71.679  21.297 0.6000000238
5269  24.474  -71.512  22.099 0.6000000238
5253  22.945  -71.586  22.830 0.6000000238
5237  24.068  -70.885  23.231 0.6999999881
5672  22.705  -70.667  23.796 0.6000000238
122580  24.672  -70.534  22.932 0.6999999881
5671  23.472  -70.578  23.550 0.6000000238
3229  21.072  -76.855  15.888 0.5000000000
2814  25.649  -77.684  17.926 0.6000000238
118373  23.807  -77.138  17.530 0.6000000238
2831  21.645  -77.410  15.774 0.5000000000
2435  27.292  -78.152  17.163 0.5000000000
2436  26.416  -78.011  17.537 0.4000000060
2455  23.849  -77.766  16.486 0.5000000000
2830  22.780  -77.293  16.327 0.6000000238
4899  18.524  -72.211  19.209 0.5000000000
2136  30.393  -79.716  14.234 0.4000000060
5327  18.816  -71.584  18.808 0.5000000000
5296  18.537  -72.101  20.165 0.5000000000
5305  20.008  -71.106  19.269 0.6000000238
5293  21.754  -71.358  19.932 0.6000000238
5291  23.742  -71.648  20.448 0.6000000238
5289  25.426  -71.433  20.336 0.6999999881
110701  23.200  -71.677  21.215 0.6000000238
5268  25.162  -71.482  21.302 0.6999999881
6128  26.036  -70.278  20.137 0.6000000238
5697  25.863  -70.830  21.623 0.6999999881
6592  25.006  -68.754  19.958 0.6000000238
6577  25.628  -69.405  20.559 0.6000000238
6089  25.726  -69.954  22.100 0.6999999881
110751  24.610  -68.198  20.317 0.6999999881
6074  22.107  -69.910  23.828 0.6000000238
3230  20.624  -76.159  16.345 0.5000000000
2816  21.936  -76.667  16.389 0.6000000238
3216  21.334  -76.019  16.439 0.5000000000
2813  26.359  -77.609  18.230 0.6000000238
2798  24.897  -77.110  18.358 0.6999999881
2815  22.898  -76.690  17.176 0.6000000238
2453  27.525  -78.655  16.213 0.4000000060
116201  19.116  -71.274  17.048 0.5000000000
106088  18.945  -71.367  17.854 0.5000000000
1156  31.549  -81.860  15.269 0.5000000000
5326  19.356  -71.177  18.513 0.5000000000
5323  22.373  -71.373  18.025 0.6999999881
5325  20.180  -70.962  18.207 0.6000000238
108296  23.448  -71.561  18.156 0.6999999881
116395  22.940  -71.494  18.876 0.6000000238
110698  21.968  -71.316  18.906 0.6000000238
110699  23.369  -71.566  19.638 0.6999999881
5292  22.810  -71.542  20.291 0.6000000238
121372  25.000  -71.588  19.818 0.6999999881
6136  25.892  -70.422  19.141 0.6000000238
5722  26.039  -70.991  19.694 0.6000000238
109989  24.852  -68.854  18.995 0.6000000238
5715  26.138  -70.848  20.620 0.6000000238
7062  24.188  -68.321  18.443 0.6000000238
7063  23.566  -67.619  18.379 0.6999999881
6544  23.060  -68.450  22.735 0.6999999881
6093  21.781  -69.055  23.116 0.5000000000
6578  25.077  -68.652  20.862 0.6999999881
6111  25.075  -69.228  22.237 0.6999999881
6092  22.657  -69.191  23.260 0.6000000238
4066  22.710  -75.307  17.329 0.5000000000
3656  20.444  -75.218  16.446 0.5000000000
3201  24.003  -76.157  18.456 0.6999999881
3215  22.487  -76.012  17.261 0.6000000238
2796  27.240  -77.095  18.825 0.5000000000
3198  26.514  -76.782  19.209 0.6999999881
3199  25.522  -76.625  19.119 0.6999999881
3213  24.175  -76.655  18.285 0.6000000238
3214  23.488  -76.401  17.875 0.6000000238
2434  28.178  -78.055  16.702 0.4000000060
2812  27.929  -77.608  17.589 0.4000000060
110748  27.107  -77.637  18.114 0.5000000000
5365  19.101  -71.561  16.296 0.5000000000
5344  21.703  -71.227  16.867 0.5000000000
113647  20.230  -71.092  15.769 0.5000000000
5345  20.393  -70.917  16.937 0.5000000000
5343  22.953  -71.487  17.200 0.6000000238
5324  21.244  -71.086  18.011 0.5000000000
5341  24.869  -71.455  17.566 0.6999999881
5756  25.565  -70.944  17.027 0.6000000238
5340  25.466  -71.134  17.714 0.6999999881
110504  24.410  -71.582  18.301 0.6999999881
6166  24.686  -69.091  16.125 0.6000000238
5742  25.686  -70.911  17.809 0.6000000238
5320  25.737  -71.010  18.639 0.6999999881
7093  23.750  -67.915  15.789 0.6999999881
6156  24.984  -69.490  17.028 0.6000000238
6143  25.720  -70.434  18.238 0.6000000238
7115  23.280  -66.578  15.825 0.6000000238
6617  23.325  -67.876  16.401 0.6999999881
6602  23.697  -68.151  17.481 0.6999999881
8599  23.164  -64.294  15.934 0.6000000238
112787  22.880  -65.758  16.030 0.6000000238
105697  22.817  -67.168  16.470 0.6999999881
6545  21.770  -68.327  22.426 0.6000000238
123105  22.639  -66.681  17.430 0.6999999881
6542  24.424  -68.458  22.255 0.6999999881
107703  22.342  -68.589  22.765 0.6000000238
9100  23.338  -63.677  16.215 0.6999999881
8079  22.481  -65.653  16.668 0.6000000238
7569  22.957  -66.691  18.253 0.8000000119
7045  23.659  -67.135  19.386 0.6999999881
7027  24.235  -67.560  20.285 0.6999999881
6559  24.853  -68.531  21.651 0.6999999881
3654  21.756  -74.755  16.272 0.6000000238
3626  25.192  -75.371  19.088 0.6999999881
4045  24.863  -75.022  18.490 0.6999999881
3628  23.432  -75.627  18.032 0.6000000238
3197  27.298  -76.541  19.265 0.5000000000
3187  26.057  -76.054  19.496 0.6999999881
2811  28.716  -77.279  16.984 0.4000000060
2795  27.747  -77.219  18.305 0.5000000000
4944  19.748  -72.110  14.853 0.5000000000
4512  19.232  -73.233  15.890 0.5000000000
5375  20.198  -71.495  15.082 0.5000000000
5363  22.521  -71.489  16.127 0.6000000238
104564  24.383  -71.868  15.856 0.6000000238
5362  23.596  -71.651  16.462 0.6999999881
5361  25.129  -71.316  16.623 0.6999999881
105513  24.449  -71.585  16.778 0.6999999881
6182  25.401  -69.467  15.570 0.6000000238
107228  25.546  -70.944  16.080 0.6000000238
7608  25.229  -67.133  15.394 0.6999999881
102232  24.452  -67.970  15.459 0.6999999881
6642  24.550  -68.503  15.669 0.6999999881
7505  21.721  -66.543  22.444 0.6000000238
7609  24.281  -66.436  15.629 0.6000000238
122070  24.563  -67.397  15.432 0.6999999881
6626  23.955  -68.396  16.011 0.6999999881
9098  25.888  -63.172  15.753 0.6000000238
8603  25.048  -63.805  15.795 0.6000000238
8087  25.260  -64.655  15.970 0.6000000238
7593  24.994  -65.495  15.883 0.6000000238
7013  21.614  -67.471  22.179 0.6000000238
9101  24.400  -63.464  15.783 0.6000000238
8097  23.281  -65.014  15.831 0.6000000238
7028  24.061  -66.649  21.482 0.6999999881
7012  23.917  -67.002  22.034 0.6000000238
6994  23.854  -67.727  22.282 0.6999999881
6996  22.438  -67.903  22.450 0.6000000238
9608  26.298  -62.381  15.769 0.5000000000
9099  24.046  -63.174  15.920 0.6000000238
9091  23.100  -63.638  17.037 0.8000000119
103920  22.989  -64.440  18.568 0.8000000119
8060  22.928  -65.223  18.993 0.8000000119
7550  23.291  -66.119  19.449 0.8000000119
122595  24.297  -67.289  21.056 0.6999999881
7011  24.324  -67.650  21.756 0.6999999881
106218  22.475  -65.098  17.745 0.8000000119
8070  22.707  -65.835  18.389 0.8000000119
4064  24.229  -74.953  17.954 0.6999999881
4085  22.543  -74.805  16.633 0.6999999881
4087  20.490  -74.522  15.951 0.6000000238
3610  26.521  -75.306  19.456 0.6999999881
4086  21.270  -74.394  15.544 0.6000000238
3609  27.377  -75.273  19.517 0.6000000238
4099  20.490  -73.962  15.107 0.5000000000
4524  20.185  -73.338  14.735 0.5000000000
9031  16.883  -64.092  23.527 0.6000000238
4943  20.620  -72.033  14.693 0.5000000000
8504  17.629  -64.467  23.826 0.5000000000
4942  21.587  -72.194  14.796 0.5000000000
8502  19.400  -64.858  23.830 0.6000000238
4940  23.910  -72.435  15.143 0.6999999881
5373  22.070  -71.721  15.277 0.6000000238
5370  25.339  -71.574  15.541 0.6999999881
5372  23.189  -71.895  15.538 0.6999999881
7996  21.057  -65.317  23.491 0.6000000238
6195  25.894  -69.616  15.040 0.6999999881
5770  25.889  -70.540  15.406 0.6000000238
7112  26.017  -67.624  15.185 0.6999999881
6640  25.966  -68.337  15.021 0.6999999881
6641  25.323  -68.656  15.242 0.6999999881
115148  22.358  -66.145  22.740 0.6000000238
8009  21.655  -65.802  22.941 0.6000000238
7592  25.817  -66.020  16.184 0.6000000238
7113  25.218  -67.874  15.231 0.6999999881
105638  23.080  -66.160  22.662 0.6000000238
7506  21.040  -66.154  22.291 0.6000000238
8588  27.361  -64.935  17.304 0.6000000238
8086  25.839  -65.176  16.265 0.6000000238
8008  23.451  -65.458  22.804 0.6999999881
7504  22.578  -66.962  22.476 0.6000000238
104393  26.529  -63.745  16.076 0.6000000238
9072  24.097  -64.092  20.386 0.6000000238
118562  23.887  -64.586  20.581 0.6000000238
8038  23.790  -65.112  20.875 0.6999999881
7515  23.676  -66.116  22.138 0.6000000238
7503  23.438  -66.906  22.353 0.6000000238
9080  24.230  -63.123  18.574 0.6000000238
8574  23.476  -64.651  19.790 0.8000000119
113400  23.663  -63.177  17.503 0.6000000238
114583  23.630  -63.868  19.237 0.6999999881
7528  23.771  -65.963  20.674 0.8000000119
4063  25.141  -74.651  17.626 0.6999999881
110830  24.451  -74.609  17.048 0.6999999881
4084  23.236  -74.516  15.908 0.6999999881
4043  26.332  -74.512  18.783 0.6999999881
4044  25.546  -74.794  18.602 0.6999999881
4098  22.021  -74.087  14.908 0.6000000238
114841  21.287  -73.944  14.840 0.6000000238
8995  16.508  -62.924  24.752 0.6000000238
9517  15.708  -62.554  24.260 0.6000000238
8994  17.235  -63.873  24.523 0.6000000238
9012  16.306  -63.413  23.993 0.6000000238
4537  21.743  -73.387  14.538 0.6000000238
8488  17.996  -64.368  24.445 0.5000000000
4954  24.791  -72.850  14.768 0.6999999881
4941  22.717  -72.411  14.936 0.6999999881
8486  19.782  -64.375  24.806 0.4000000060
8487  18.783  -64.420  24.608 0.5000000000
5386  25.459  -72.120  14.934 0.6999999881
8485  20.820  -64.355  24.994 0.5000000000
116495  25.876  -71.371  15.077 0.6000000238
5371  24.808  -72.205  15.237 0.6999999881
8500  21.420  -64.877  24.372 0.6000000238
6656  26.019  -69.027  14.906 0.6999999881
8523  23.338  -64.915  23.564 0.6999999881
7995  21.860  -65.293  23.697 0.6000000238
110395  27.057  -67.295  15.534 0.6999999881
7111  26.718  -67.539  15.216 0.6999999881
8522  24.112  -64.277  23.491 0.5000000000
7994  22.619  -65.496  23.268 0.6000000238
7568  27.762  -66.544  18.097 0.6000000238
8078  27.274  -65.987  17.635 0.6000000238
7591  26.627  -66.565  16.341 0.6999999881
108094  23.841  -64.866  22.875 0.6999999881
8085  26.576  -65.762  16.939 0.6000000238
8558  24.219  -64.454  21.342 0.5000000000
8539  24.280  -64.376  22.437 0.6000000238
8596  26.567  -64.652  16.535 0.6000000238
9595  25.122  -62.875  19.431 0.6000000238
8557  24.855  -63.575  20.837 0.5000000000
8023  23.911  -65.158  22.032 0.6999999881
9600  25.385  -62.335  18.484 0.6000000238
108867  25.784  -74.498  16.914 0.6999999881
4083  24.236  -74.529  15.999 0.6999999881
4096  24.001  -74.365  15.115 0.6000000238
4111  22.528  -73.738  14.656 0.6000000238
10047  15.940  -62.000  25.007 0.4000000060
10048  15.267  -61.617  25.261 0.5000000000
4536  23.282  -73.544  14.666 0.6000000238
9516  17.582  -63.013  25.120 0.5000000000
106129  15.214  -61.993  24.604 0.6000000238
4535  24.407  -73.628  14.682 0.6999999881
110545  25.474  -73.425  14.572 0.6999999881
4956  22.336  -73.053  14.598 0.6000000238
8992  19.132  -63.814  25.097 0.5000000000
5385  26.140  -71.751  14.733 0.6999999881
8990  21.209  -63.604  25.308 0.4000000060
6653  28.279  -68.544  14.978 0.6999999881
6193  27.230  -69.380  14.574 0.6999999881
5779  27.215  -70.148  14.395 0.6999999881
8484  21.825  -64.293  25.034 0.6000000238
7091  28.491  -67.447  16.173 0.6999999881
7121  28.703  -68.024  15.253 0.6999999881
6655  26.630  -68.823  14.779 0.6999999881
6194  26.539  -69.721  14.686 0.6999999881
8988  23.309  -63.406  24.760 0.5000000000
8499  22.469  -64.792  24.268 0.5000000000
7080  27.802  -67.307  17.055 0.6000000238
7092  27.447  -67.178  16.223 0.6999999881
7122  27.566  -67.934  15.116 0.6999999881
7123  26.743  -68.063  14.949 0.6999999881
8482  23.394  -64.292  24.345 0.5000000000
8069  28.299  -66.143  18.780 0.5000000000
7567  28.385  -66.937  18.622 0.6000000238
7580  27.263  -66.677  17.256 0.6000000238
4081  26.160  -74.457  16.060 0.6999999881
4095  24.971  -74.410  15.184 0.6999999881
121417  16.069  -61.339  25.336 0.4000000060
4080  26.704  -74.204  15.165 0.6999999881
4110  23.648  -74.006  14.754 0.6999999881
10026  15.077  -61.476  25.780 0.4000000060
4108  25.562  -74.148  14.779 0.6999999881
10027  14.473  -61.680  25.480 0.6000000238
109233  26.367  -73.201  14.422 0.8000000119
4533  26.127  -73.828  14.561 0.6999999881
113107  28.015  -71.423  14.256 0.6000000238
4952  26.587  -72.332  14.433 0.6000000238
8979  14.415  -63.468  26.577 0.6000000238
6192  27.945  -69.246  14.648 0.6999999881
5778  27.894  -70.579  14.312 0.6999999881
113095  27.327  -70.993  14.300 0.6000000238
7090  29.330  -67.522  16.661 0.6000000238
7967  15.232  -65.585  26.080 0.5000000000
7061  28.646  -67.454  18.314 0.6000000238
7079  28.486  -67.529  17.393 0.6999999881
8059  28.839  -66.508  19.510 0.5000000000
4522  26.683  -73.909  14.625 0.6999999881
10013  16.098  -61.103  26.450 0.4000000060
4532  27.032  -73.485  14.494 0.8000000119
10015  14.627  -61.670  26.096 0.5000000000
5382  28.424  -72.167  14.409 0.8000000119
8978  15.130  -63.274  27.055 0.4000000060
10001  15.627  -61.663  26.898 0.4000000060
4951  27.738  -72.909  14.396 0.6999999881
106803  15.895  -63.984  27.215 0.4000000060
9498  14.458  -62.411  26.601 0.5000000000
7606  30.371  -67.422  15.539 0.6000000238
6652  29.312  -68.478  15.144 0.6000000238
6191  28.748  -69.281  14.863 0.6999999881
103892  16.679  -64.171  27.573 0.4000000060
7589  30.368  -67.106  16.084 0.6000000238
7109  29.170  -67.732  15.536 0.6000000238
7966  15.915  -66.378  26.573 0.4000000060
8468  14.560  -64.468  26.258 0.6000000238
7078  29.295  -67.728  17.776 0.6000000238
122565  29.397  -67.359  19.203 0.5000000000
7527  29.351  -66.374  20.249 0.5000000000
10000  16.458  -61.572  27.254 0.4000000060
4520  28.081  -73.384  14.836 0.8000000119
9489  16.104  -62.363  27.441 0.4000000060
4950  28.313  -72.897  14.596 0.6999999881
8972  15.923  -63.203  27.406 0.4000000060
109923  29.112  -70.224  14.810 0.6000000238
5777  28.698  -71.098  14.485 0.6999999881
7120  29.726  -67.863  15.331 0.6000000238
6190  29.544  -69.410  15.091 0.6000000238
116530  17.525  -65.118  28.433 0.4000000060
7949  16.899  -65.781  27.608 0.4000000060
7059  30.111  -67.625  18.207 0.6000000238
7444  16.660  -66.535  27.909 0.4000000060
7042  29.933  -67.474  19.137 0.4000000060
9999  17.413  -61.741  27.654 0.4000000060
4949  28.961  -72.308  14.802 0.6999999881
8953  17.733  -63.312  28.145 0.4000000060
5775  29.784  -70.289  15.129 0.6999999881
5776  29.441  -71.051  14.882 0.6000000238
8448  17.546  -64.321  28.143 0.4000000060
7119  30.587  -67.580  15.276 0.6000000238
119250  30.714  -68.072  15.160 0.6000000238
7940  17.176  -65.865  28.409 0.4000000060
7578  31.027  -67.151  17.565 0.6000000238
7941  16.297  -66.384  28.871 0.3000000119
7566  30.845  -67.214  18.743 0.4000000060
7547  31.534  -66.609  19.352 0.4000000060
8434  17.926  -64.677  28.822 0.4000000060
7934  17.503  -65.297  29.069 0.4000000060
7588  31.984  -66.436  15.838 0.6000000238
7577  31.777  -66.666  16.979 0.6000000238
7587  32.699  -66.322  15.867 0.6000000238
120198  32.107  -66.512  18.751 0.4000000060
7564  32.695  -66.567  18.244 0.5000000000
7546  32.386  -66.320  19.321 0.4000000060
116037  12.678  -61.812  29.298 0.3000000119
7545  33.332  -66.381  19.299 0.4000000060
9450  19.654  -62.604  30.100 0.4000000060
9973  14.274  -61.301  29.916 0.3000000119
10554  11.469  -60.369  27.693 0.4000000060
9962  20.563  -61.467  30.103 0.4000000060
9964  18.382  -61.751  30.671 0.4000000060
9972  14.885  -60.924  30.070 0.3000000119
118906  16.025  -60.495  30.251 0.3000000119
9989  13.002  -61.031  29.284 0.3000000119
10529  13.693  -60.954  29.566 0.3000000119
10546  11.839  -60.707  28.324 0.3000000119
10512  19.687  -60.960  30.621 0.4000000060
120773  18.040  -60.454  30.568 0.4000000060
10514  17.589  -60.893  30.593 0.4000000060
10528  14.320  -60.453  29.593 0.3000000119
10544  13.468  -60.383  29.182 0.3000000119
11197  11.457  -59.953  22.116 0.4000000060
11216  11.076  -59.961  20.942 0.3000000119
11798  11.606  -59.054  19.266 0.3000000119
11133  12.863  -59.598  28.260 0.3000000119
11143  11.823  -59.701  27.301 0.3000000119
11117  17.680  -59.273  30.065 0.4000000060
11102  16.740  -60.300  30.321 0.4000000060
10526  16.070  -59.883  29.939 0.3000000119
11120  14.769  -59.677  29.334 0.3000000119
11132  14.375  -59.152  28.715 0.3000000119
117644  11.641  -59.550  24.876 0.3000000119
105733  13.589  -59.338  28.455 0.3000000119
103722  12.065  -59.693  21.486 0.3000000119
11719  12.851  -58.811  27.118 0.3000000119
117326  12.912  -59.152  21.844 0.4000000060
11215  12.631  -59.390  20.845 0.3000000119
11796  13.727  -58.696  20.113 0.3000000119
11797  13.125  -58.985  19.456 0.3000000119
104851  16.826  -59.548  29.972 0.4000000060
11118  16.109  -59.191  29.519 0.4000000060
11131  15.300  -58.973  29.007 0.3000000119
119347  12.248  -59.364  23.461 0.4000000060
11140  13.958  -58.719  28.053 0.3000000119
11187  12.114  -59.325  24.216 0.3000000119
11196  12.343  -59.411  22.665 0.4000000060
11760  12.860  -58.967  23.607 0.4000000060
11808  13.789  -58.400  19.184 0.3000000119
115767  16.678  -58.179  28.969 0.4000000060
11701  16.217  -57.953  28.542 0.4000000060
11709  15.137  -58.006  27.923 0.4000000060
11710  14.437  -58.127  27.486 0.4000000060
11711  13.588  -58.509  27.308 0.3000000119
11730  13.425  -58.384  25.507 0.3000000119
11746  12.917  -58.758  24.756 0.3000000119
11759  13.675  -58.530  23.202 0.3000000119
11758  14.565  -58.083  22.893 0.5000000000
111188  13.119  -58.906  22.713 0.4000000060
11770  13.796  -58.562  22.110 0.4000000060
13126  14.248  -57.158  18.682 0.3000000119
12335  15.749  -57.705  27.997 0.4000000060
113557  15.260  -57.539  27.280 0.4000000060
12342  14.552  -57.722  26.624 0.3000000119
12362  14.751  -57.692  24.778 0.3000000119
12361  15.396  -57.350  24.194 0.3000000119
114307  15.930  -57.142  22.753 0.3000000119
104706  13.939  -58.127  26.795 0.3000000119
12351  14.652  -57.602  25.713 0.3000000119
12379  14.760  -57.885  23.880 0.3000000119
12378  15.347  -57.505  23.243 0.3000000119
13082  16.172  -56.963  22.018 0.3000000119
11744  14.180  -58.154  24.416 0.3000000119
113076  14.649  -58.081  21.842 0.3000000119
11783  14.215  -58.350  21.011 0.3000000119
120432  14.125  -56.297  18.606 0.3000000119
121445  18.729  -57.213  28.809 0.3000000119
12332  17.737  -56.828  28.128 0.3000000119
12333  17.056  -56.972  27.887 0.3000000119
13041  16.593  -56.465  26.636 0.3000000119
13055  16.606  -56.244  24.677 0.3000000119
13755  17.026  -55.886  23.248 0.3000000119
12334  16.530  -56.886  27.418 0.3000000119
112277  16.141  -56.585  25.227 0.3000000119
13056  16.026  -56.792  24.448 0.3000000119
13070  16.572  -56.407  23.795 0.3000000119
13093  16.530  -56.362  21.959 0.3000000119
13094  16.208  -56.552  21.159 0.3000000119
12406  15.107  -57.698  20.920 0.3000000119
13110  15.633  -56.468  19.618 0.3000000119
12426  15.146  -57.403  19.737 0.3000000119
13111  14.997  -57.141  18.993 0.3000000119
13024  19.299  -56.537  28.309 0.3000000119
13034  18.234  -56.297  27.676 0.3000000119
13035  17.333  -56.432  27.317 0.3000000119
13048  16.726  -56.124  25.629 0.3000000119
13738  17.110  -55.869  24.098 0.3000000119
13788  16.589  -55.709  21.458 0.3000000119
13789  16.199  -55.872  20.511 0.3000000119
13800  15.891  -55.493  19.771 0.3000000119
111228  13.346  -54.983  18.929 0.3000000119
13754  17.487  -55.293  23.646 0.3000000119
14477  16.881  -55.808  22.376 0.3000000119
14510  16.184  -54.866  20.438 0.3000000119
14522  15.635  -54.674  19.540 0.3000000119
13815  15.342  -55.516  19.071 0.3000000119
14523  14.966  -54.577  18.921 0.3000000119
108151  17.657  -54.406  23.234 0.3000000119
114732  16.979  -55.009  22.015 0.3000000119
14501  16.589  -54.843  21.277 0.3000000119
15162  18.077  -53.892  23.810 0.3000000119
120765  17.516  -53.900  22.774 0.3000000119
15196  16.875  -54.124  21.774 0.3000000119
15197  16.314  -54.027  21.055 0.3000000119
15212  15.737  -53.850  20.211 0.3000000119
15227  15.206  -53.849  19.351 0.3000000119
15229  13.777  -53.520  19.181 0.3000000119
1153  31.326  -82.462  15.474 0.5000000000
1456  30.840  -81.443  14.282 0.5000000000
1789  30.292  -80.414  14.053 0.4000000060
5251  24.653  -71.088  22.678 0.6999999881
6091  23.548  -69.225  23.114 0.6999999881
2452  28.452  -78.467  15.797 0.4000000060
1788  31.074  -80.882  14.308 0.5000000000
6601  24.667  -68.952  17.884 0.6000000238
5374  20.988  -71.420  15.193 0.5000000000
6616  24.139  -68.642  16.741 0.6000000238
4953  25.796  -72.660  14.575 0.8000000119
4955  23.558  -73.044  14.741 0.6999999881
119652  26.766  -70.536  14.488 0.6000000238
6654  27.406  -68.624  14.812 0.6999999881
108088  15.856  -65.461  26.678 0.4000000060
8572  29.035  -65.567  20.279 0.5000000000
106965  31.283  -66.724  16.315 0.6000000238
7548  30.443  -67.008  19.744 0.4000000060
6181  30.278  -69.558  15.247 0.6000000238
122081  31.212  -67.466  15.085 0.6000000238
113561  16.253  -65.230  29.898 0.3000000119
7565  31.812  -66.747  18.090 0.4000000060
7576  32.434  -66.555  17.061 0.4000000060
111245  19.305  -61.831  30.564 0.4000000060
115666  16.799  -57.769  28.629 0.3000000119
113280  18.914  -56.237  27.924 0.3000000119
5767  31.714  -70.381  15.864 0.5000000000
5358  30.715  -70.893  15.774 0.5000000000
4938  29.396  -72.244  15.374 0.6999999881
4932  28.956  -72.649  16.233 0.6999999881
4511  27.608  -73.774  15.652 0.6000000238
5768  30.454  -70.311  15.377 0.5000000000
5769  29.984  -70.899  15.245 0.6000000238
4939  28.794  -72.906  15.035 0.6000000238
4482  26.760  -74.101  17.907 0.6000000238
4062  25.977  -74.476  17.851 0.6000000238
4925  29.284  -71.966  17.437 0.6999999881
4498  27.971  -73.136  18.159 0.6000000238
4499  27.443  -73.686  17.215 0.6000000238
104041  28.154  -73.189  16.762 0.6000000238
114148  26.337  -74.361  16.998 0.6000000238
6180  31.837  -69.848  15.520 0.5000000000
5303  29.720  -71.931  19.002 0.6999999881
4912  28.560  -72.714  18.907 0.6999999881
4468  28.729  -73.307  19.329 0.6000000238
4470  27.238  -74.154  19.115 0.6000000238
110843  29.764  -71.543  18.249 0.6000000238
4911  29.156  -72.105  18.590 0.6999999881
4481  27.432  -73.661  18.445 0.6000000238
122851  30.996  -71.013  18.370 0.6000000238
6639  32.994  -68.485  15.112 0.5000000000
116280  31.045  -69.664  15.335 0.5000000000
5319  30.478  -71.568  18.833 0.6999999881
4898  29.311  -72.531  19.209 0.6000000238
110489  27.083  -74.768  19.403 0.6000000238
6638  34.035  -68.020  15.014 0.5000000000
6188  31.902  -68.891  15.203 0.5000000000
7088  35.066  -66.619  15.631 0.5000000000
6648  33.264  -67.584  14.871 0.5000000000
7585  34.345  -66.405  15.973 0.4000000060
5240  21.408  -71.105  23.896 0.4000000060
5270  23.567  -71.681  22.089 0.4000000060
111712  21.999  -71.694  22.794 0.4000000060
5271  22.606  -71.728  22.027 0.5000000000
110700  22.184  -71.549  21.042 0.5000000000
5272  21.592  -71.687  21.905 0.5000000000
7107  33.586  -66.478  15.313 0.5000000000
110707  21.092  -71.414  20.857 0.5000000000
4877  18.505  -72.572  22.076 0.6000000238
7602  33.954  -66.381  15.503 0.4000000060
116232  20.729  -71.234  19.902 0.5000000000
5294  19.892  -71.386  20.422 0.5000000000
5275  18.741  -72.075  21.055 0.5000000000
5254  21.318  -71.520  23.350 0.5000000000
110507  21.156  -71.709  22.663 0.5000000000
5255  20.324  -71.704  23.092 0.5000000000
5273  20.404  -71.663  21.839 0.5000000000
5256  19.272  -71.724  23.115 0.5000000000
5274  19.562  -71.788  22.348 0.5000000000
107139  18.884  -72.044  22.199 0.5000000000
7586  33.381  -66.318  15.833 0.5000000000
113390  19.292  -71.741  21.285 0.5000000000
7058  35.269  -67.413  17.723 0.4000000060
7574  34.387  -66.863  17.309 0.4000000060
115258  21.173  -68.738  22.530 0.5000000000
5674  19.121  -70.678  23.933 0.5000000000
7604  32.589  -66.396  15.544 0.5000000000
7575  33.359  -66.531  16.921 0.4000000060
7529  20.375  -66.815  20.928 0.5000000000
7530  19.879  -66.909  20.207 0.5000000000
6560  21.110  -68.170  21.826 0.5000000000
7563  33.673  -66.776  18.259 0.4000000060
7516  20.948  -66.768  21.814 0.5000000000
8039  19.881  -66.162  20.612 0.5000000000
8024  20.401  -65.998  21.551 0.5000000000
8040  19.314  -65.533  20.319 0.5000000000
8061  19.525  -66.301  19.788 0.5000000000
7552  19.210  -66.479  18.957 0.4000000060
8025  19.656  -65.452  21.183 0.5000000000
8062  18.990  -65.625  19.398 0.6000000238
104982  18.639  -65.870  18.455 0.6000000238
8010  20.710  -65.661  22.556 0.5000000000
8540  19.110  -64.954  21.900 0.5000000000
118920  19.053  -65.013  20.943 0.5000000000
8559  18.551  -64.821  20.168 0.6000000238
8063  18.215  -64.943  18.956 0.6000000238
8072  17.956  -65.359  17.968 0.6000000238
8080  17.548  -65.766  17.347 0.5000000000
7583  17.070  -66.199  16.966 0.5000000000
8090  15.669  -65.567  16.484 0.5000000000
8011  19.951  -65.363  22.111 0.5000000000
8525  19.501  -65.064  22.752 0.5000000000
8526  18.250  -64.622  22.339 0.5000000000
8541  18.412  -64.623  21.301 0.5000000000
8542  17.626  -64.297  21.819 0.6000000238
8576  17.209  -64.025  18.919 0.6000000238
8582  17.520  -64.595  18.358 0.6000000238
8590  17.218  -64.914  17.580 0.6000000238
8082  16.096  -65.033  16.804 0.5000000000
8561  12.545  -64.386  20.061 0.5000000000
8601  14.122  -64.687  16.605 0.5000000000
8524  20.203  -65.195  23.139 0.5000000000
121277  18.090  -64.654  23.198 0.5000000000
8527  17.530  -64.416  22.871 0.6000000238
9044  16.345  -63.292  21.860 0.6000000238
9045  15.749  -62.627  21.330 0.6000000238
9073  17.040  -63.704  19.593 0.6000000238
9062  15.842  -62.632  20.390 0.6000000238
9074  16.443  -63.390  19.038 0.6000000238
102063  15.936  -62.797  19.599 0.6000000238
8591  16.446  -64.533  17.314 0.6000000238
9092  15.203  -63.645  17.398 0.5000000000
8600  15.222  -64.820  16.636 0.5000000000
8593  14.759  -63.995  16.934 0.5000000000
9094  13.454  -63.320  17.777 0.5000000000
105849  12.829  -63.764  17.372 0.5000000000
9095  12.660  -63.503  18.089 0.5000000000
9555  15.669  -62.719  22.348 0.6000000238
9567  14.974  -62.186  21.785 0.6000000238
9557  14.082  -62.058  22.249 0.6000000238
9584  15.031  -62.192  20.807 0.6000000238
9596  15.077  -62.325  19.752 0.6000000238
9585  14.153  -62.166  20.396 0.6000000238
103009  14.624  -62.527  18.895 0.5000000000
9597  14.150  -62.293  19.600 0.5000000000
9083  15.145  -63.080  18.067 0.5000000000
9063  12.783  -62.907  20.022 0.5000000000
9570  12.801  -62.764  20.738 0.6000000238
9085  13.188  -63.006  18.558 0.5000000000
9078  12.599  -63.404  19.603 0.5000000000
113392  12.524  -63.994  20.842 0.5000000000
7517  13.190  -66.266  21.572 0.5000000000
9556  14.905  -62.190  22.788 0.6000000238
9558  13.112  -62.277  22.697 0.6000000238
106721  13.438  -62.269  21.797 0.6000000238
9569  13.368  -62.355  20.995 0.6000000238
8543  12.521  -64.161  21.647 0.6000000238
119852  12.926  -65.351  21.593 0.5000000000
9542  13.988  -61.972  23.231 0.6000000238
9559  12.794  -62.664  21.731 0.6000000238
8013  12.767  -64.842  22.395 0.6000000238
8012  13.275  -65.870  22.288 0.5000000000
9499  13.702  -62.854  26.159 0.6000000238
107483  13.251  -62.117  24.562 0.6000000238
8996  12.762  -63.528  24.864 0.6000000238
121271  12.485  -63.224  24.064 0.6000000238
8997  12.432  -63.486  23.356 0.6000000238
7997  13.605  -65.742  23.616 0.5000000000
8984  13.345  -63.511  25.701 0.6000000238
8477  13.446  -64.384  25.337 0.6000000238
8476  14.298  -64.980  25.621 0.6000000238
8490  12.592  -64.057  24.035 0.6000000238
7977  14.843  -66.060  25.252 0.6000000238
7480  15.193  -67.057  25.349 0.5000000000
7976  15.520  -66.646  25.921 0.4000000060
4061  26.863  -74.176  16.395 0.6000000238
4510  28.383  -73.259  15.568 0.6999999881
6650  31.505  -68.006  15.015 0.5000000000
7118  31.942  -67.150  14.924 0.5000000000
6637  34.739  -67.226  15.105 0.5000000000
6647  33.870  -66.980  14.948 0.5000000000
9060  17.184  -63.745  20.324 0.6000000238
121078  16.817  -63.465  20.636 0.6000000238
9082  15.959  -63.387  18.316 0.6000000238
9076  13.676  -62.573  19.093 0.5000000000
9521  12.786  -62.630  24.373 0.6000000238
9014  12.484  -62.902  22.634 0.6000000238
7978  13.925  -65.273  24.966 0.6000000238
7985  14.328  -66.015  24.577 0.6000000238
902  31.421  -82.850  16.964 0.4000000060
1127  32.003  -82.155  18.510 0.5000000000
1438  32.059  -81.566  18.187 0.5000000000
889  31.810  -82.302  17.665 0.4000000060
1138  31.677  -82.358  17.168 0.4000000060
1151  31.759  -81.795  16.360 0.4000000060
909  31.417  -82.638  16.254 0.4000000060
114685  32.186  -81.236  18.704 0.5000000000
107725  32.183  -81.633  19.321 0.5000000000
1444  31.951  -81.481  16.913 0.5000000000
1452  31.902  -81.480  16.051 0.5000000000
1152  31.716  -81.965  15.915 0.4000000060
1768  31.795  -80.598  18.289 0.5000000000
1772  32.031  -81.027  17.093 0.5000000000
1779  32.052  -81.194  16.262 0.5000000000
1784  31.998  -81.067  15.548 0.5000000000
1453  31.769  -81.440  15.432 0.4000000060
1787  31.681  -80.848  14.804 0.4000000060
2108  31.281  -79.777  18.047 0.5000000000
1773  31.777  -80.475  17.343 0.5000000000
106256  31.511  -79.411  16.900 0.5000000000
111664  31.994  -80.487  16.360 0.5000000000
108110  31.968  -80.340  15.132 0.5000000000
112135  31.078  -80.256  14.334 0.4000000060
3625  28.446  -75.877  19.078 0.5000000000
3196  28.010  -76.618  18.851 0.4000000060
3212  28.404  -76.910  17.915 0.4000000060
3211  29.211  -76.492  17.328 0.4000000060
2828  29.577  -76.780  16.158 0.4000000060
2829  28.950  -77.647  16.017 0.4000000060
2119  31.923  -79.807  15.583 0.5000000000
2467  29.333  -78.068  15.150 0.4000000060
2479  29.574  -78.774  14.617 0.4000000060
109952  29.837  -79.321  14.344 0.4000000060
2451  31.650  -78.477  15.473 0.4000000060
2126  31.609  -79.400  14.878 0.5000000000
2135  31.100  -79.556  14.384 0.4000000060
114449  31.573  -80.108  14.637 0.4000000060
3195  28.840  -76.186  18.341 0.4000000060
107880  29.632  -77.319  15.406 0.4000000060
113489  31.630  -78.473  16.714 0.4000000060
2856  30.033  -78.225  14.564 0.4000000060
2478  30.415  -78.934  14.368 0.4000000060
2466  31.319  -78.502  14.798 0.4000000060
2844  30.786  -78.089  14.603 0.4000000060
2477  31.121  -78.886  14.492 0.4000000060
3608  28.280  -75.096  19.451 0.5000000000
3624  29.181  -75.317  18.856 0.4000000060
3623  30.069  -74.971  18.252 0.4000000060
3638  30.498  -75.336  17.242 0.4000000060
3228  30.520  -76.260  15.701 0.4000000060
3238  30.289  -76.841  15.140 0.4000000060
118652  30.989  -76.536  14.995 0.4000000060
2845  30.159  -77.527  14.798 0.4000000060
111884  31.973  -77.197  15.391 0.4000000060
3236  31.633  -76.667  15.064 0.4000000060
3237  30.918  -77.141  14.730 0.4000000060
111837  28.467  -74.151  19.453 0.5000000000
3607  28.970  -74.561  19.353 0.5000000000
4028  29.245  -73.825  19.400 0.6000000238
4041  30.379  -74.315  18.618 0.5000000000
3653  30.920  -75.645  16.192 0.4000000060
3652  31.802  -75.513  15.801 0.4000000060
3662  32.190  -76.008  15.224 0.4000000060
3225  33.176  -76.343  15.703 0.4000000060
103874  31.041  -73.784  18.527 0.4000000060
4479  30.581  -72.951  19.234 0.5000000000
4059  31.697  -74.422  17.485 0.4000000060
4079  32.219  -74.953  16.410 0.4000000060
4497  32.038  -73.636  18.126 0.5000000000
4058  32.612  -74.315  17.260 0.4000000060
4078  33.115  -74.946  16.262 0.4000000060
4478  31.554  -72.951  18.844 0.6000000238
4897  30.104  -72.350  19.216 0.6000000238
4496  32.947  -73.492  17.970 0.5000000000
4057  33.588  -74.230  17.255 0.4000000060
5360  30.060  -71.644  15.887 0.5000000000
9032  16.274  -63.445  22.965 0.5000000000
9541  14.867  -62.054  23.861 0.5000000000
9504  13.859  -61.984  25.895 0.5000000000
9519  13.769  -61.834  25.050 0.5000000000
9013  15.642  -62.732  23.419 0.5000000000
119863  32.031  -81.473  17.453 0.5000000000
106945  31.946  -81.767  17.550 0.5000000000
3639  29.643  -75.715  17.791 0.4000000060
3210  30.026  -75.984  16.708 0.4000000060
108795  31.370  -77.633  14.897 0.4000000060
4060  30.850  -74.641  17.784 0.4000000060
3637  31.343  -75.077  16.765 0.4000000060
3227  31.382  -76.065  15.316 0.4000000060
4027  30.111  -73.716  19.197 0.5000000000
3651  32.643  -75.548  15.637 0.4000000060
110458  32.361  -72.982  18.511 0.6000000238
4909  32.147  -72.168  18.802 0.5000000000
6613  38.893  -68.639  17.036 0.3000000119
6623  38.357  -69.070  16.604 0.3000000119
6624  37.558  -68.728  16.370 0.3000000119
6614  38.058  -68.509  16.861 0.3000000119
7072  39.429  -68.065  17.482 0.3000000119
7052  40.995  -67.308  17.648 0.3000000119
7053  39.900  -67.361  17.856 0.3000000119
6163  37.822  -69.641  16.283 0.3000000119
5748  37.312  -70.451  16.270 0.4000000060
108374  36.918  -69.671  16.027 0.4000000060
6154  39.209  -69.228  16.790 0.3000000119
6164  36.119  -69.362  15.733 0.4000000060
114743  36.849  -68.763  15.952 0.4000000060
6179  33.667  -69.126  15.374 0.4000000060
102857  32.718  -69.462  15.456 0.4000000060
6612  39.839  -68.731  17.129 0.3000000119
6625  36.996  -68.073  16.035 0.3000000119
6636  35.574  -67.658  15.395 0.4000000060
7055  37.977  -67.802  18.315 0.3000000119
7075  36.926  -67.927  16.533 0.3000000119
5356  35.979  -70.979  16.511 0.4000000060
5337  34.724  -71.534  17.721 0.4000000060
5316  33.173  -71.054  18.153 0.4000000060
5739  32.813  -70.631  17.390 0.4000000060
118536  38.081  -70.636  16.380 0.4000000060
5749  36.470  -70.280  16.138 0.4000000060
5357  35.043  -70.811  16.710 0.4000000060
115951  33.797  -70.596  16.824 0.4000000060
5752  33.238  -70.421  16.528 0.4000000060
5747  38.859  -70.400  16.522 0.3000000119
5750  35.617  -70.197  16.057 0.4000000060
5751  34.124  -70.339  16.378 0.4000000060
5755  31.266  -70.778  16.624 0.4000000060
6153  40.177  -69.618  17.016 0.3000000119
5764  34.293  -69.713  15.734 0.4000000060
5754  31.650  -70.611  16.245 0.4000000060
6611  40.891  -68.922  17.318 0.3000000119
105847  34.924  -68.070  15.196 0.4000000060
7087  35.704  -66.967  15.782 0.4000000060
4923  35.544  -72.383  17.600 0.4000000060
4908  33.710  -72.356  18.341 0.4000000060
4922  36.549  -72.747  17.210 0.4000000060
5336  36.295  -71.818  17.014 0.4000000060
4924  34.500  -72.403  18.091 0.4000000060
106602  33.082  -71.835  18.556 0.4000000060
118319  39.246  -71.940  16.725 0.3000000119
5354  37.757  -71.482  16.528 0.4000000060
5333  41.381  -70.706  17.755 0.3000000119
5736  40.718  -70.371  17.260 0.3000000119
5740  31.950  -70.640  17.293 0.4000000060
6610  41.893  -69.154  17.665 0.3000000119
4477  33.045  -72.656  18.408 0.4000000060
7077  35.222  -66.839  16.429 0.3000000119
7057  36.114  -67.817  18.131 0.3000000119
7076  36.116  -67.484  16.768 0.3000000119
5359  30.648  -71.119  16.781 0.4000000060
5317  32.323  -71.270  18.494 0.4000000060
5318  31.443  -71.460  18.730 0.4000000060
4495  33.963  -73.228  18.002 0.4000000060
7073  38.499  -68.161  17.534 0.3000000119
7054  38.938  -67.565  18.114 0.3000000119
5355  36.832  -71.169  16.509 0.4000000060
6176  36.103  -68.422  15.594 0.4000000060
5763  35.168  -69.524  15.672 0.4000000060
6177  35.460  -68.657  15.428 0.4000000060
5765  33.422  -69.931  15.824 0.4000000060
6635  36.309  -67.846  15.752 0.4000000060
4907  33.889  -71.683  18.257 0.4000000060
5737  34.236  -70.877  17.167 0.4000000060
5353  38.667  -71.340  16.530 0.3000000119
115460  34.847  -70.153  16.056 0.4000000060
5746  39.941  -70.576  16.866 0.3000000119
115838  37.801  -72.415  16.733 0.4000000060
4920  38.579  -72.331  16.728 0.3000000119
5351  40.691  -71.128  17.352 0.3000000119
1086  31.396  -82.608  22.246 0.3000000119
844  30.526  -82.720  22.088 0.3000000119
115498  31.919  -82.508  22.569 0.3000000119
836  30.723  -82.751  22.593 0.3000000119
842  31.675  -82.503  21.613 0.3000000119
853  30.463  -82.840  21.596 0.3000000119
1073  32.810  -82.200  22.484 0.3000000119
1370  32.640  -81.986  23.375 0.3000000119
1074  32.099  -82.459  23.087 0.3000000119
1084  33.057  -82.100  21.721 0.3000000119
1085  32.208  -82.384  22.008 0.3000000119
852  30.617  -82.795  21.233 0.3000000119
877  31.745  -82.826  18.387 0.3000000119
1696  33.906  -80.802  23.376 0.3000000119
1357  33.045  -81.227  23.781 0.3000000119
1382  33.803  -81.717  22.042 0.3000000119
1369  33.552  -81.617  22.876 0.3000000119
850  32.064  -82.388  21.020 0.3000000119
1116  32.056  -82.246  19.555 0.3000000119
104828  31.862  -82.662  19.069 0.3000000119
1396  34.477  -81.074  21.669 0.3000000119
1095  32.882  -82.024  21.158 0.3000000119
1397  33.660  -81.533  21.276 0.3000000119
1738  33.530  -81.245  20.713 0.3000000119
1415  32.497  -81.876  20.187 0.3000000119
112868  32.064  -82.333  20.328 0.3000000119
1429  32.857  -81.459  20.180 0.3000000119
2098  30.866  -79.292  18.771 0.4000000060
1757  31.960  -80.668  19.146 0.4000000060
1032  31.386  -82.471  27.740 0.3000000119
805  30.887  -82.686  27.972 0.3000000119
118917  31.238  -82.717  23.280 0.3000000119
121991  30.480  -82.817  23.422 0.3000000119
106246  33.505  -80.211  26.276 0.3000000119
1352  32.331  -81.744  26.268 0.3000000119
1050  32.246  -81.969  27.070 0.3000000119
118310  31.539  -82.362  27.108 0.3000000119
110975  30.504  -82.715  27.095 0.3000000119
2025  33.438  -79.542  24.775 0.3000000119
1680  32.474  -81.289  25.364 0.3000000119
822  30.624  -82.717  25.908 0.3000000119
817  30.540  -82.686  26.442 0.3000000119
1687  32.763  -80.941  24.611 0.3000000119
1358  32.391  -81.692  24.343 0.3000000119
1059  31.103  -82.614  25.610 0.3000000119
828  30.581  -82.827  25.192 0.3000000119
1066  31.154  -82.668  24.558 0.3000000119
835  30.556  -82.853  24.224 0.3000000119
851  31.246  -82.691  21.163 0.3000000119
122930  30.921  -82.927  20.660 0.3000000119
1686  33.224  -80.358  24.261 0.3000000119
1105  32.567  -82.050  20.707 0.3000000119
1316  32.650  -81.505  28.705 0.3000000119
121566  30.030  -83.132  24.694 0.3000000119
1679  33.013  -80.315  25.318 0.3000000119
1340  32.833  -81.524  27.033 0.3000000119
1058  31.798  -82.174  25.190 0.3000000119
105172  31.642  -82.261  26.305 0.3000000119
824  30.047  -83.056  25.477 0.3000000119
1756  32.468  -81.189  19.583 0.3000000119
3604  33.573  -75.317  19.875 0.3000000119
108512  33.032  -75.820  19.648 0.3000000119
3183  32.413  -76.292  19.463 0.3000000119
3193  32.621  -76.819  18.735 0.4000000060
2793  31.925  -77.396  18.294 0.4000000060
2810  31.691  -77.973  17.422 0.3000000119
3182  33.845  -76.030  19.289 0.3000000119
104877  34.048  -76.700  18.502 0.4000000060
2792  32.976  -77.166  17.853 0.4000000060
2808  33.389  -77.164  16.989 0.4000000060
2827  32.144  -77.708  16.201 0.3000000119
106669  34.050  -76.371  16.244 0.4000000060
107051  33.434  -76.773  16.303 0.4000000060
2826  32.702  -76.897  15.773 0.3000000119
3226  32.833  -75.989  15.349 0.3000000119
3997  31.661  -73.948  21.465 0.3000000119
4013  32.134  -74.377  20.907 0.3000000119
3605  32.197  -75.692  20.047 0.4000000060
3194  31.775  -76.817  19.231 0.4000000060
2780  31.031  -77.444  19.169 0.3000000119
2421  31.063  -77.980  18.319 0.3000000119
2422  30.791  -78.644  18.555 0.3000000119
101883  33.960  -74.187  20.439 0.3000000119
4026  34.122  -74.779  20.067 0.3000000119
3603  34.417  -75.518  19.547 0.3000000119
3181  34.720  -76.332  18.825 0.3000000119
3192  34.996  -76.943  17.762 0.3000000119
2791  33.928  -77.036  17.658 0.4000000060
103397  36.181  -75.970  18.766 0.3000000119
3179  36.490  -76.564  18.055 0.3000000119
3180  35.645  -76.531  18.360 0.3000000119
3209  34.426  -76.841  16.930 0.4000000060
3223  35.973  -76.445  16.969 0.3000000119
3224  35.071  -76.443  16.715 0.4000000060
4055  35.631  -74.312  17.221 0.3000000119
4076  35.122  -75.196  16.667 0.4000000060
3649  34.585  -75.847  16.272 0.4000000060
3650  33.492  -75.735  15.797 0.4000000060
4056  34.618  -74.229  17.286 0.4000000060
3974  34.561  -74.571  23.719 0.3000000119
3975  33.546  -74.452  23.701 0.3000000119
3550  33.231  -75.263  23.418 0.3000000119
3564  31.667  -75.815  22.948 0.3000000119
4444  31.343  -73.466  22.070 0.3000000119
3989  31.009  -73.923  22.456 0.3000000119
3990  30.795  -74.730  22.171 0.3000000119
118965  30.951  -75.931  22.516 0.3000000119
4442  32.892  -73.025  21.214 0.3000000119
4443  31.965  -73.144  21.626 0.3000000119
3998  31.049  -74.309  21.821 0.3000000119
3577  30.832  -75.285  21.512 0.3000000119
3590  30.653  -76.127  21.010 0.3000000119
3172  30.544  -76.814  20.738 0.3000000119
3184  30.576  -77.310  20.118 0.3000000119
2414  30.598  -78.628  19.451 0.3000000119
2083  30.959  -79.464  19.548 0.3000000119
2072  31.644  -79.677  20.213 0.3000000119
4460  33.466  -73.690  20.760 0.3000000119
3647  36.473  -75.965  16.946 0.3000000119
3648  35.606  -75.998  16.634 0.3000000119
4074  37.042  -75.199  17.128 0.3000000119
4075  36.148  -75.278  16.867 0.3000000119
4053  37.363  -74.157  17.175 0.3000000119
4493  36.024  -73.446  17.403 0.3000000119
4494  35.055  -73.302  17.703 0.3000000119
3973  35.451  -74.619  23.708 0.3000000119
4426  34.193  -73.818  23.925 0.3000000119
3976  32.617  -74.011  23.692 0.3000000119
3551  32.254  -75.203  23.337 0.3000000119
4435  31.422  -73.179  22.743 0.3000000119
3552  31.854  -74.410  23.404 0.3000000119
1740  32.312  -80.521  19.829 0.3000000119
102999  37.014  -73.751  23.811 0.3000000119
102408  34.960  -74.026  23.950 0.3000000119
4849  33.935  -72.981  24.091 0.3000000119
4427  33.293  -73.547  23.873 0.3000000119
121652  31.957  -73.707  23.467 0.3000000119
4876  31.713  -72.549  22.352 0.3000000119
4425  35.783  -73.757  23.952 0.3000000119
4858  35.475  -72.887  24.146 0.3000000119
4859  33.012  -72.713  23.896 0.3000000119
4860  32.268  -72.498  23.474 0.3000000119
2097  31.296  -79.986  18.884 0.3000000119
2109  31.050  -79.158  18.059 0.3000000119
2433  31.193  -78.618  17.686 0.3000000119
114427  32.801  -77.200  16.410 0.4000000060
4077  34.075  -75.032  16.398 0.4000000060
4921  37.437  -73.118  17.009 0.3000000119
122395  32.836  -75.285  20.138 0.3000000119
113722  33.243  -76.431  19.042 0.3000000119
3588  32.132  -75.024  20.544 0.3000000119
2809  32.491  -77.523  17.184 0.4000000060
4461  32.529  -73.776  21.051 0.3000000119
4014  31.402  -74.746  21.169 0.3000000119
3171  30.873  -76.506  20.395 0.3000000119
3589  31.264  -75.634  20.653 0.3000000119
117721  31.111  -76.838  19.750 0.4000000060
2794  30.675  -78.123  19.005 0.3000000119
4025  34.969  -74.972  19.813 0.3000000119
3602  35.287  -75.758  19.199 0.3000000119
3208  35.522  -76.732  17.191 0.4000000060
4054  36.568  -74.385  17.153 0.3000000119
3565  31.000  -75.244  22.658 0.3000000119
3566  30.622  -75.553  22.063 0.3000000119
112863  30.601  -75.983  21.553 0.3000000119
4073  37.824  -74.589  17.318 0.3000000119
5295  18.966  -71.700  20.292 0.4000000060
823  30.235  -82.866  25.779 0.3000000119
829  30.199  -83.011  24.924 0.3000000119
843  31.241  -82.777  21.933 0.3000000119
856  31.470  -82.718  20.504 0.3000000119
903  30.947  -83.396  16.626 0.4000000060
1018  32.079  -82.094  27.937 0.3000000119
1051  31.032  -82.574  26.424 0.3000000119
1065  31.843  -82.330  23.920 0.3000000119
1067  29.929  -82.995  24.077 0.3000000119
1096  32.380  -82.239  21.483 0.3000000119
1137  31.823  -81.807  16.957 0.4000000060
1147  31.673  -82.171  16.630 0.4000000060
1157  31.022  -82.112  14.679 0.5000000000
1414  33.059  -81.675  20.727 0.3000000119
1450  31.869  -81.506  16.532 0.5000000000
1455  31.408  -81.428  14.791 0.5000000000
1458  30.133  -81.498  13.876 0.5000000000
1767  32.083  -81.215  17.775 0.5000000000
1780  32.065  -80.650  15.693 0.5000000000
1797  30.498  -81.002  14.030 0.4000000060
2438  24.746  -77.715  17.344 0.6000000238
2781  30.513  -77.943  19.611 0.3000000119
2797  26.637  -77.314  18.672 0.5000000000
3157  30.672  -76.420  22.028 0.3000000119
3165  30.520  -76.719  21.291 0.3000000119
3185  27.733  -75.932  19.422 0.5000000000
3186  26.921  -76.016  19.553 0.6000000238
3188  25.269  -75.949  19.359 0.6999999881
3190  36.454  -76.544  17.577 0.3000000119
3191  35.953  -76.781  17.631 0.3000000119
3200  24.671  -76.312  18.908 0.6999999881
3207  36.136  -76.599  17.304 0.3000000119
3222  36.659  -76.274  17.298 0.3000000119
3235  32.451  -76.406  15.390 0.4000000060
3606  31.571  -76.271  19.925 0.4000000060
3611  25.774  -75.515  19.371 0.6999999881
3627  24.392  -75.613  18.724 0.6999999881
3640  21.864  -75.309  16.811 0.5000000000
3646  37.601  -75.315  17.432 0.3000000119
3655  20.961  -75.090  16.318 0.5000000000
3977  31.384  -73.774  23.110 0.3000000119
4011  34.682  -74.256  20.235 0.3000000119
4012  33.110  -74.545  20.458 0.3000000119
4024  35.820  -75.157  19.477 0.3000000119
4029  27.732  -74.516  19.460 0.6000000238
4030  26.612  -74.724  19.243 0.6999999881
4031  25.947  -74.969  19.209 0.6999999881
4042  29.688  -74.461  19.049 0.5000000000
4065  23.482  -74.786  17.132 0.6999999881
4082  25.254  -74.545  16.198 0.6999999881
4094  25.832  -74.387  15.214 0.6999999881
4097  22.976  -74.236  14.986 0.6000000238
4100  19.717  -73.513  15.283 0.5000000000
4107  26.201  -74.127  14.729 0.6999999881
4109  24.712  -74.129  14.842 0.6999999881
4112  21.726  -73.703  14.654 0.6000000238
4416  34.841  -73.309  24.085 0.3000000119
4428  32.458  -73.263  23.646 0.3000000119
4429  31.777  -73.102  23.241 0.3000000119
4467  29.652  -73.052  19.380 0.6000000238
4469  28.018  -73.859  19.364 0.6000000238
4480  27.993  -73.428  19.068 0.6000000238
4492  36.815  -73.588  17.190 0.3000000119
4521  27.316  -73.738  14.715 0.6999999881
4523  20.973  -73.438  14.600 0.6000000238
4525  19.757  -72.912  14.779 0.5000000000
4534  25.306  -73.892  14.659 0.6999999881
4910  31.049  -72.203  19.094 0.6000000238
4913  18.586  -71.927  18.150 0.5000000000
4926  28.594  -72.510  17.807 0.6000000238
4930  37.113  -72.125  16.770 0.4000000060
4931  29.590  -72.048  16.299 0.6999999881
4933  19.207  -71.995  15.537 0.5000000000
4957  21.221  -72.799  14.537 0.5000000000
4958  20.346  -72.762  14.558 0.5000000000
5238  23.244  -71.153  23.372 0.6999999881
5239  22.244  -71.294  23.515 0.4000000060
5241  20.668  -71.224  23.839 0.5000000000
5250  25.196  -71.205  22.119 0.6999999881
5252  23.855  -71.396  22.778 0.6999999881
5267  25.822  -71.225  20.817 0.6000000238
5290  24.642  -71.638  20.497 0.6999999881
5304  25.917  -71.184  20.169 0.6000000238
5306  19.221  -71.411  19.477 0.5000000000
5307  18.734  -71.762  19.604 0.5000000000
5315  33.955  -71.156  17.865 0.4000000060
5321  25.237  -71.380  18.466 0.6999999881
5322  23.881  -71.619  18.978 0.6999999881
5338  30.409  -71.076  17.930 0.6000000238
5339  29.964  -71.523  17.102 0.6999999881
5342  24.006  -71.616  17.427 0.6000000238
5346  19.485  -71.038  17.485 0.5000000000
5352  40.140  -71.396  17.046 0.3000000119
5364  20.942  -71.079  16.024 0.5000000000
5376  19.620  -71.457  15.578 0.5000000000
5381  29.105  -71.717  14.687 0.6000000238
5383  27.449  -72.053  14.277 0.6000000238
5384  26.721  -71.350  14.467 0.6000000238
5670  24.133  -70.041  23.327 0.6999999881
5684  25.289  -70.595  22.427 0.6999999881
5685  25.015  -69.922  22.734 0.6999999881
5729  32.404  -70.755  18.094 0.4000000060
5730  31.699  -70.841  18.255 0.6000000238
5738  33.559  -70.770  17.356 0.4000000060
5741  31.133  -70.790  17.646 0.6000000238
5753  32.379  -70.476  16.449 0.4000000060
5766  32.560  -70.142  15.870 0.4000000060
5780  26.282  -70.655  14.836 0.6000000238
6073  23.129  -69.929  23.635 0.6000000238
6090  24.391  -69.223  22.762 0.6999999881
6110  25.500  -69.293  21.507 0.6999999881
6137  25.461  -69.615  18.611 0.6000000238
6144  25.395  -69.730  17.832 0.6000000238
6152  41.235  -69.796  17.468 0.3000000119
6155  25.568  -70.357  17.392 0.6000000238
6161  39.369  -69.856  16.685 0.3000000119
6162  38.705  -69.619  16.556 0.3000000119
6165  25.440  -70.188  16.386 0.6000000238
6178  34.604  -68.887  15.355 0.4000000060
6189  30.903  -68.827  15.181 0.5000000000
6543  23.810  -68.520  22.613 0.6999999881
6591  25.565  -69.519  19.567 0.6000000238
6649  32.419  -67.789  14.913 0.5000000000
6651  30.122  -68.714  15.202 0.6000000238
6995  23.163  -67.630  22.473 0.6999999881
7014  20.727  -67.537  21.392 0.5000000000
7038  38.362  -67.131  18.901 0.3000000119
7043  28.923  -67.222  19.088 0.6000000238
7044  24.270  -68.066  19.408 0.6999999881
7060  29.350  -67.566  18.672 0.6000000238
7086  36.358  -67.520  15.928 0.4000000060
7089  30.203  -67.426  17.088 0.6000000238
7094  23.121  -67.321  15.956 0.6999999881
7104  35.854  -67.251  15.595 0.4000000060
7105  35.202  -66.833  15.396 0.5000000000
7106  34.385  -66.603  15.316 0.5000000000
7108  32.956  -66.411  15.361 0.5000000000
7110  28.045  -67.653  15.513 0.6999999881
7114  23.803  -67.341  15.635 0.6999999881
7117  32.965  -66.923  14.871 0.5000000000
7489  14.101  -66.330  23.985 0.6000000238
7526  30.026  -66.567  20.449 0.5000000000
7549  29.498  -67.038  19.729 0.5000000000
7551  19.543  -67.048  19.497 0.5000000000
7562  34.565  -67.155  18.486 0.4000000060
7579  27.933  -67.207  17.887 0.6000000238
7581  22.524  -66.612  16.866 0.6999999881
7582  17.681  -66.547  17.316 0.5000000000
7590  29.520  -67.444  15.799 0.6000000238
7594  22.773  -66.549  16.275 0.6000000238
7603  33.225  -66.354  15.541 0.5000000000
7605  32.015  -66.552  15.491 0.6000000238
7607  26.088  -66.886  15.541 0.6999999881
7610  32.332  -66.597  15.260 0.5000000000
7611  31.424  -66.961  15.299 0.6000000238
7935  16.746  -65.738  29.342 0.3000000119
7950  16.474  -66.090  27.109 0.4000000060
7986  13.690  -65.507  24.262 0.6000000238
7998  13.181  -65.402  23.064 0.5000000000
8077  27.852  -65.641  18.090 0.6000000238
8081  16.856  -65.360  17.039 0.6000000238
8088  22.782  -64.999  16.144 0.6000000238
8089  16.348  -65.892  16.685 0.5000000000
8096  24.049  -65.238  15.714 0.6000000238
8427  18.340  -64.208  29.150 0.4000000060
8429  17.064  -65.068  29.752 0.3000000119
8449  17.173  -65.111  27.807 0.4000000060
8450  16.408  -65.036  27.218 0.4000000060
8467  15.364  -64.374  26.774 0.4000000060
8469  13.824  -64.207  25.877 0.6000000238
8483  22.663  -64.147  24.891 0.5000000000
8489  13.162  -64.640  24.585 0.6000000238
8501  20.440  -64.897  24.206 0.5000000000
8503  18.396  -64.681  23.874 0.5000000000
8505  13.076  -64.978  23.817 0.5000000000
8506  12.666  -64.423  23.224 0.6000000238
8528  12.443  -63.804  22.549 0.6000000238
8560  17.770  -64.224  20.750 0.6000000238
8575  17.703  -64.230  19.662 0.6000000238
8581  22.750  -64.222  17.590 0.8000000119
8583  16.710  -64.031  18.090 0.6000000238
8584  15.876  -63.795  17.674 0.6000000238
8589  22.670  -64.449  16.652 0.6999999881
8592  15.652  -64.237  17.059 0.5000000000
8594  13.762  -63.795  17.060 0.5000000000
8597  25.856  -64.205  16.038 0.6000000238
8598  23.733  -63.732  15.872 0.6000000238
8602  13.114  -64.248  16.834 0.5000000000
8604  24.577  -64.545  15.800 0.6000000238
8605  23.874  -64.252  15.732 0.6000000238
8971  16.840  -63.276  27.727 0.4000000060
8980  13.871  -63.672  26.183 0.6000000238
8993  18.179  -63.881  24.974 0.5000000000
9033  12.435  -63.282  21.972 0.6000000238
9043  16.890  -63.978  22.407 0.6000000238
9046  12.518  -63.301  21.235 0.6000000238
9061  16.561  -63.227  20.059 0.6000000238
9064  12.602  -63.396  20.425 0.6000000238
9071  24.537  -63.446  19.812 0.6000000238
9075  15.558  -62.823  18.895 0.6000000238
9077  12.963  -62.865  19.342 0.5000000000
9081  23.272  -63.692  18.095 0.6000000238
9084  14.076  -62.894  18.285 0.5000000000
9086  12.653  -63.401  18.841 0.5000000000
9089  27.310  -63.830  16.446 0.6000000238
9090  23.767  -63.098  16.603 0.8000000119
9093  14.418  -63.382  17.519 0.5000000000
9097  26.896  -62.947  15.912 0.6000000238
9488  17.006  -62.416  27.746 0.4000000060
9497  15.279  -62.402  27.110 0.4000000060
9518  14.563  -61.810  24.728 0.5000000000
9520  13.190  -62.533  25.310 0.6000000238
9543  13.167  -62.166  23.766 0.6000000238
9544  12.623  -62.678  23.492 0.6000000238
9568  14.153  -62.100  21.323 0.6000000238
9598  13.347  -62.496  20.019 0.5000000000
9610  24.633  -62.675  16.325 0.6000000238
9611  25.131  -63.093  15.686 0.6000000238
9612  24.863  -62.847  15.784 0.6000000238
9963  20.008  -61.900  30.288 0.4000000060
10014  15.333  -61.394  26.225 0.4000000060
10025  15.847  -61.126  25.771 0.4000000060
10513  18.591  -60.974  30.690 0.4000000060
10515  16.538  -61.151  30.522 0.3000000119
10516  15.588  -61.007  30.336 0.3000000119
10527  15.303  -60.282  29.877 0.3000000119
10543  13.941  -59.777  29.048 0.3000000119
10545  12.670  -60.356  28.696 0.3000000119
10553  12.134  -59.941  28.034 0.3000000119
11100  18.520  -60.003  30.553 0.4000000060
11101  17.536  -60.037  30.404 0.4000000060
11119  15.503  -59.591  29.548 0.3000000119
11130  16.112  -58.524  29.030 0.4000000060
11141  13.191  -59.004  27.830 0.3000000119
11142  12.486  -59.331  27.595 0.3000000119
11188  11.616  -59.741  23.261 0.4000000060
11214  13.102  -59.181  20.237 0.3000000119
11231  12.290  -59.347  19.855 0.3000000119
11232  11.261  -59.419  20.008 0.3000000119
11692  16.919  -58.730  29.501 0.4000000060
11702  15.541  -58.270  28.475 0.4000000060
11703  14.772  -58.510  28.302 0.3000000119
11717  13.969  -58.026  26.056 0.3000000119
11729  14.093  -58.029  25.217 0.3000000119
11745  13.576  -58.512  24.091 0.3000000119
11784  13.427  -58.922  21.051 0.3000000119
11795  14.472  -58.100  19.917 0.3000000119
12325  17.258  -57.388  28.435 0.3000000119
12326  16.494  -57.396  28.081 0.4000000060
12340  15.892  -56.968  26.897 0.3000000119
12389  15.394  -57.537  22.153 0.3000000119
12405  15.783  -57.183  21.343 0.3000000119
12425  15.746  -57.023  20.488 0.3000000119
12437  14.468  -57.758  19.024 0.3000000119
13025  18.604  -56.774  28.381 0.3000000119
13033  19.660  -55.986  27.853 0.3000000119
13049  15.967  -56.702  26.020 0.3000000119
13071  16.004  -56.998  23.542 0.3000000119
13081  16.499  -56.544  22.806 0.3000000119
13125  14.883  -56.409  18.803 0.3000000119
13816  14.324  -55.404  18.718 0.3000000119
14476  17.279  -55.155  22.821 0.3000000119
14489  17.299  -54.341  22.478 0.3000000119
14524  13.960  -54.402  18.902 0.3000000119
15213  15.205  -53.273  19.818 0.3000000119
102678  19.325  -72.709  15.304 0.5000000000
102817  32.705  -74.668  23.558 0.3000000119
102954  39.475  -71.279  16.718 0.3000000119
103056  17.020  -63.748  21.247 0.6000000238
104441  25.564  -71.304  19.457 0.6000000238
104718  11.837  -59.654  20.576 0.3000000119
104971  22.280  -74.474  15.700 0.6999999881
105502  19.579  -71.105  16.486 0.5000000000
105667  32.195  -66.426  16.222 0.6000000238
106092  23.498  -65.798  15.802 0.6000000238
106113  22.927  -67.303  17.268 0.6999999881
107330  23.939  -66.764  20.418 0.8000000119
107511  13.077  -62.427  29.508 0.3000000119
108416  26.066  -70.088  21.199 0.6999999881
109469  19.745  -71.306  23.707 0.5000000000
109645  37.051  -75.811  17.240 0.3000000119
110197  24.244  -71.636  19.748 0.6999999881
110435  34.620  -66.519  15.457 0.5000000000
110443  23.882  -65.798  21.520 0.6999999881
110697  20.965  -71.095  19.047 0.5000000000
110736  14.565  -53.848  19.012 0.3000000119
110788  22.469  -66.104  17.521 0.8000000119
110838  31.337  -66.785  15.647 0.6000000238
111528  35.569  -71.497  17.204 0.4000000060
111990  23.470  -68.074  22.491 0.6999999881
112029  13.894  -61.869  24.179 0.6000000238
112299  18.787  -64.834  22.976 0.5000000000
112493  21.961  -70.745  23.974 0.6000000238
112888  25.924  -77.267  18.688 0.6000000238
113373  28.343  -70.031  14.536 0.6999999881
113754  21.619  -71.316  15.804 0.5000000000
113899  23.415  -65.378  19.959 0.8000000119
114643  13.636  -58.371  24.800 0.3000000119
114697  16.421  -63.140  20.911 0.6000000238
115002  31.093  -74.480  22.879 0.3000000119
115102  14.170  -58.258  23.706 0.3000000119
115247  29.626  -71.580  15.172 0.6000000238
116185  33.387  -76.869  18.371 0.4000000060
116251  31.494  -75.040  23.127 0.3000000119
116542  31.604  -80.065  19.536 0.4000000060
116589  27.706  -73.297  14.565 0.8000000119
116880  24.805  -71.589  19.114 0.6999999881
116929  27.077  -72.883  14.345 0.6999999881
117244  13.288  -59.866  28.751 0.3000000119
117258  12.441  -59.005  19.140 0.3000000119
117680  31.176  -82.502  26.958 0.3000000119
117811  25.244  -66.386  15.697 0.6000000238
117921  24.008  -63.715  24.200 0.5000000000
118201  15.972  -57.282  27.546 0.4000000060
118391  15.009  -61.815  26.592 0.4000000060
118556  25.539  -62.703  15.737 0.5000000000
118698  24.575  -67.970  21.020 0.6999999881
119776  13.549  -56.568  18.613 0.3000000119
120807  24.510  -63.978  21.120 0.5000000000
121400  24.832  -75.810  19.146 0.6999999881
121459  15.981  -56.499  20.424 0.3000000119
121738  31.133  -70.263  15.585 0.5000000000
121880  12.994  -65.790  20.993 0.5000000000
122011  24.420  -63.943  15.741 0.6000000238
122040  25.623  -70.320  15.786 0.6000000238
122042  30.046  -68.182  15.235 0.6000000238
122221  27.716  -69.841  14.429 0.6999999881
122240  32.787  -66.343  16.219 0.6000000238
122511  22.572  -71.454  19.521 0.6000000238
122572  15.253  -64.982  26.448 0.6000000238
122980  21.167  -69.110  23.101 0.5000000000
123046  16.425  -55.330  20.918 0.3000000119
123051  17.675  -64.432  18.967 0.6000000238
