#!ascii label  , from subject sub-v2s0x29025_ses-1 vox2ras=TkReg
1176
115283  7.783  -32.531  93.582 0.0000000000
35927  1.461  -38.505  76.238 0.0000000000
34020  -1.741  -40.089  91.379 0.0000000000
40776  -0.947  -31.835  86.631 0.0000000000
45032  1.914  -26.602  82.181 0.0000000000
37432  2.384  -37.446  93.459 0.0000000000
39210  1.110  -34.664  90.302 0.0000000000
39176  10.911  -34.045  94.312 0.0000000000
35748  5.942  -37.931  93.928 0.0000000000
32256  1.213  -41.357  91.795 0.0000000000
118236  1.310  -25.397  90.534 0.0000000000
43256  2.421  -29.120  85.574 0.0000000000
50095  1.510  -21.908  86.169 0.0000000000
107080  -2.459  -42.004  85.893 0.0000000000
108601  -0.664  -38.959  83.741 0.0000000000
36675  -1.488  -36.618  88.738 0.0000000000
43183  1.369  -29.366  91.647 0.0000000000
109422  1.226  -35.541  82.505 0.0000000000
107771  4.307  -33.140  80.174 0.0000000000
114686  5.861  -30.491  76.647 0.0000000000
46831  1.142  -25.281  78.043 0.0000000000
39188  4.868  -34.798  94.258 0.0000000000
39206  4.046  -34.657  91.618 0.0000000000
40724  9.537  -33.260  94.343 0.0000000000
37426  8.099  -35.622  94.404 0.0000000000
122870  6.013  -35.516  94.748 0.0000000000
109000  3.629  -37.703  93.970 0.0000000000
49241  1.120  -23.289  88.980 0.0000000000
33165  -2.547  -41.644  88.465 0.0000000000
34879  -2.364  -39.341  87.226 0.0000000000
115946  -2.293  -37.977  90.172 0.0000000000
41524  3.690  -31.006  91.397 0.0000000000
41526  1.513  -31.553  90.982 0.0000000000
32246  0.011  -40.783  91.784 0.0000000000
31365  0.061  -42.883  90.142 0.0000000000
32297  -1.993  -42.626  89.608 0.0000000000
31416  -2.369  -43.903  87.911 0.0000000000
38447  -0.241  -35.303  85.358 0.0000000000
128257  0.345  -37.629  82.856 0.0000000000
126723  0.605  -34.103  84.266 0.0000000000
45012  3.962  -27.441  84.831 0.0000000000
42419  3.867  -30.969  83.062 0.0000000000
43273  6.465  -29.403  82.230 0.0000000000
40836  6.608  -32.198  78.233 0.0000000000
43289  4.486  -28.299  79.719 0.0000000000
35756  0.246  -38.683  92.707 0.0000000000
37475  -0.498  -37.429  91.341 0.0000000000
38368  1.871  -36.342  91.884 0.0000000000
40765  3.616  -33.104  89.937 0.0000000000
38335  12.544  -34.070  93.339 0.0000000000
37500  10.950  -35.114  90.577 0.0000000000
36606  9.558  -36.095  92.561 0.0000000000
35758  7.910  -37.979  92.100 0.0000000000
33993  3.454  -40.090  93.246 0.0000000000
33987  1.765  -39.551  93.578 0.0000000000
114905  -0.274  -28.445  89.010 0.0000000000
42403  0.186  -30.761  85.873 0.0000000000
44976  0.907  -27.032  87.776 0.0000000000
46769  1.080  -25.528  86.103 0.0000000000
47648  0.159  -24.507  84.521 0.0000000000
42335  11.068  -30.875  92.340 0.0000000000
110371  16.673  -33.560  91.853 0.0000000000
38312  17.955  -33.592  93.039 0.0000000000
39935  13.494  -32.886  95.081 0.0000000000
42312  12.296  -32.007  93.890 0.0000000000
31492  -2.328  -43.639  83.712 0.0000000000
120287  -1.375  -41.780  82.511 0.0000000000
106557  -2.071  -40.692  84.770 0.0000000000
108861  -1.433  -37.261  86.044 0.0000000000
39231  -0.773  -34.344  88.021 0.0000000000
38391  -0.204  -35.827  90.116 0.0000000000
39989  -0.214  -33.145  89.487 0.0000000000
120660  -0.892  -30.884  89.333 0.0000000000
44929  1.573  -27.558  91.684 0.0000000000
34160  0.392  -40.806  81.633 0.0000000000
35025  1.714  -39.268  80.990 0.0000000000
36742  3.018  -37.120  79.611 0.0000000000
41569  1.618  -32.016  84.275 0.0000000000
40032  2.797  -34.772  81.489 0.0000000000
38549  2.465  -35.272  77.725 0.0000000000
40086  1.696  -34.044  76.186 0.0000000000
41634  3.318  -32.140  74.847 0.0000000000
111187  2.126  -21.920  83.250 0.0000000000
120063  0.371  -23.409  81.937 0.0000000000
49339  1.410  -22.988  79.862 0.0000000000
45048  1.321  -26.524  80.045 0.0000000000
45064  3.049  -27.127  78.618 0.0000000000
39964  6.567  -33.502  94.081 0.0000000000
123422  5.965  -33.431  92.287 0.0000000000
40742  7.360  -32.466  91.899 0.0000000000
40732  8.519  -32.974  94.204 0.0000000000
39947  7.859  -34.546  94.590 0.0000000000
113436  6.997  -33.793  94.529 0.0000000000
39178  5.885  -34.951  94.794 0.0000000000
35060  1.219  -38.976  75.603 0.0000000000
126054  0.665  -37.448  75.898 0.0000000000
34046  -2.446  -40.391  89.963 0.0000000000
107078  -2.538  -39.879  89.152 0.0000000000
35770  -2.347  -38.663  90.624 0.0000000000
37498  12.496  -34.397  90.115 0.0000000000
34019  -1.214  -40.601  91.436 0.0000000000
32272  -0.979  -41.732  90.718 0.0000000000
33145  -2.105  -41.151  90.431 0.0000000000
111888  -2.373  -42.145  89.234 0.0000000000
40000  -0.414  -33.405  85.986 0.0000000000
39252  0.074  -34.496  85.011 0.0000000000
113567  -0.300  -32.833  85.674 0.0000000000
45021  3.282  -26.743  83.484 0.0000000000
44142  5.043  -28.325  83.764 0.0000000000
44148  4.732  -27.468  82.354 0.0000000000
44160  5.931  -28.596  81.173 0.0000000000
44155  3.957  -27.412  81.087 0.0000000000
36604  1.065  -38.114  93.175 0.0000000000
37455  1.005  -37.725  92.597 0.0000000000
38355  2.184  -36.705  92.861 0.0000000000
39214  3.792  -34.454  90.698 0.0000000000
41533  4.830  -31.774  89.419 0.0000000000
38318  11.938  -33.975  93.992 0.0000000000
37451  10.935  -34.850  92.855 0.0000000000
128963  10.355  -34.743  93.864 0.0000000000
36601  6.977  -36.973  94.070 0.0000000000
36608  8.097  -37.028  93.311 0.0000000000
35754  6.950  -38.099  93.253 0.0000000000
34847  4.714  -38.692  93.800 0.0000000000
36596  3.341  -37.356  93.849 0.0000000000
34844  2.910  -38.494  93.650 0.0000000000
35745  1.943  -38.335  93.502 0.0000000000
34853  0.843  -39.005  93.240 0.0000000000
44951  0.455  -27.156  89.925 0.0000000000
44965  0.103  -27.699  88.663 0.0000000000
119432  0.441  -25.503  89.027 0.0000000000
49275  1.334  -22.533  87.717 0.0000000000
47618  0.092  -24.247  87.293 0.0000000000
48465  -0.028  -23.467  85.899 0.0000000000
46770  0.472  -25.084  85.338 0.0000000000
119632  0.187  -22.845  85.418 0.0000000000
128942  13.823  -33.469  94.124 0.0000000000
107357  -2.361  -43.068  84.575 0.0000000000
32348  -2.322  -42.304  84.544 0.0000000000
33190  -2.355  -41.349  85.354 0.0000000000
107620  -2.286  -37.861  87.921 0.0000000000
35780  -2.226  -38.422  87.160 0.0000000000
36687  -1.828  -37.001  87.773 0.0000000000
38425  -1.043  -35.685  87.351 0.0000000000
113224  -0.889  -35.260  88.039 0.0000000000
38380  0.696  -35.801  90.517 0.0000000000
37490  -0.658  -36.819  90.798 0.0000000000
39211  0.664  -34.531  90.053 0.0000000000
41517  1.346  -30.884  91.183 0.0000000000
40758  0.261  -32.482  89.948 0.0000000000
117977  0.409  -31.015  90.545 0.0000000000
41535  -0.263  -31.905  89.869 0.0000000000
42355  -0.076  -30.545  90.511 0.0000000000
44054  0.100  -28.810  90.813 0.0000000000
44033  1.141  -28.990  91.592 0.0000000000
36644  9.768  -36.116  90.262 0.0000000000
36643  10.462  -35.472  89.918 0.0000000000
32268  2.344  -41.939  91.265 0.0000000000
32296  2.720  -42.676  89.688 0.0000000000
32284  1.677  -42.412  90.681 0.0000000000
30621  -0.808  -43.585  89.528 0.0000000000
30629  0.096  -44.253  89.223 0.0000000000
126403  -2.516  -43.176  86.687 0.0000000000
31454  -2.436  -43.355  85.380 0.0000000000
34138  -1.037  -40.269  82.916 0.0000000000
33227  -0.842  -41.245  82.139 0.0000000000
35000  -0.613  -39.886  82.696 0.0000000000
37632  0.742  -36.459  82.707 0.0000000000
35845  1.171  -38.321  81.787 0.0000000000
110723  1.646  -37.688  81.477 0.0000000000
112251  2.648  -37.946  80.069 0.0000000000
37644  2.353  -36.499  81.015 0.0000000000
43257  1.290  -29.721  85.824 0.0000000000
41565  0.768  -31.863  85.097 0.0000000000
110314  1.597  -30.856  84.900 0.0000000000
41586  4.764  -31.992  81.738 0.0000000000
41588  3.226  -32.663  82.636 0.0000000000
40811  3.732  -33.535  81.225 0.0000000000
39317  3.255  -35.363  79.026 0.0000000000
40039  3.665  -34.503  79.069 0.0000000000
40054  2.179  -34.612  77.126 0.0000000000
40052  3.381  -34.175  77.979 0.0000000000
41617  6.002  -31.457  76.946 0.0000000000
40851  4.401  -32.638  76.366 0.0000000000
41625  4.991  -31.975  76.031 0.0000000000
50145  3.346  -22.278  82.417 0.0000000000
49310  1.138  -22.376  82.635 0.0000000000
49321  1.555  -22.494  82.014 0.0000000000
48526  1.455  -23.746  77.742 0.0000000000
48519  1.322  -23.602  78.635 0.0000000000
118547  0.346  -25.068  79.765 0.0000000000
45938  1.186  -26.262  78.870 0.0000000000
119159  2.023  -26.731  79.047 0.0000000000
45065  1.890  -26.426  78.207 0.0000000000
38338  4.065  -35.767  94.263 0.0000000000
38354  2.926  -36.193  93.319 0.0000000000
39194  4.368  -34.811  93.559 0.0000000000
39946  10.456  -33.639  94.449 0.0000000000
37424  9.568  -34.960  94.290 0.0000000000
38306  8.539  -34.975  94.555 0.0000000000
37419  7.262  -35.320  94.651 0.0000000000
36593  5.820  -37.010  94.430 0.0000000000
35742  5.182  -37.515  94.253 0.0000000000
36590  4.994  -36.639  94.605 0.0000000000
119869  4.208  -36.181  94.377 0.0000000000
48415  2.412  -24.507  90.744 0.0000000000
48429  1.061  -23.959  89.450 0.0000000000
49239  2.659  -23.241  89.493 0.0000000000
127325  2.992  -22.526  88.470 0.0000000000
50081  2.813  -22.026  87.126 0.0000000000
33174  -2.552  -41.652  87.396 0.0000000000
34097  -2.504  -41.001  86.903 0.0000000000
107077  -2.498  -39.833  88.150 0.0000000000
35776  -2.415  -38.187  88.769 0.0000000000
37515  -1.721  -37.031  89.487 0.0000000000
40749  2.051  -32.353  90.983 0.0000000000
40751  1.206  -32.459  90.511 0.0000000000
41525  1.954  -31.442  91.346 0.0000000000
42340  2.094  -30.174  91.886 0.0000000000
42330  2.350  -29.426  92.120 0.0000000000
44023  2.487  -28.460  92.451 0.0000000000
32257  0.620  -41.230  91.623 0.0000000000
31349  0.333  -42.218  90.598 0.0000000000
113076  -0.472  -41.818  90.709 0.0000000000
31367  -1.060  -42.932  89.804 0.0000000000
31384  -1.375  -43.522  89.363 0.0000000000
30640  -2.002  -44.422  88.250 0.0000000000
32309  -2.340  -42.764  89.038 0.0000000000
106731  -2.596  -42.406  87.852 0.0000000000
37590  -0.430  -36.869  84.441 0.0000000000
35808  -0.301  -38.271  83.580 0.0000000000
108297  -0.030  -36.129  84.117 0.0000000000
128814  0.560  -35.665  83.308 0.0000000000
39272  0.926  -34.849  83.389 0.0000000000
44122  3.493  -27.731  85.376 0.0000000000
42405  3.419  -29.927  84.208 0.0000000000
43263  4.493  -28.587  84.302 0.0000000000
42411  5.416  -29.655  83.290 0.0000000000
41585  5.970  -31.442  81.575 0.0000000000
40818  4.910  -32.970  79.213 0.0000000000
41595  7.105  -31.329  80.300 0.0000000000
42440  6.788  -29.983  79.095 0.0000000000
43303  5.855  -29.371  78.708 0.0000000000
48531  1.588  -23.894  76.936 0.0000000000
46837  1.993  -25.689  77.318 0.0000000000
46847  2.252  -25.137  76.809 0.0000000000
34007  -1.332  -39.403  91.857 0.0000000000
35761  -1.438  -38.718  91.767 0.0000000000
36612  -0.566  -38.207  91.949 0.0000000000
37473  0.862  -37.278  92.044 0.0000000000
38379  1.459  -35.810  90.857 0.0000000000
39201  2.929  -35.437  91.858 0.0000000000
39208  2.537  -35.144  90.943 0.0000000000
39979  2.022  -34.281  90.433 0.0000000000
41534  2.846  -32.551  90.716 0.0000000000
38364  12.957  -34.120  92.224 0.0000000000
37485  12.422  -34.366  90.950 0.0000000000
37469  11.617  -34.629  91.964 0.0000000000
37436  9.096  -35.715  93.911 0.0000000000
36619  8.330  -37.252  92.521 0.0000000000
35763  8.061  -37.977  91.233 0.0000000000
33123  3.937  -40.939  91.972 0.0000000000
33125  2.386  -41.101  92.447 0.0000000000
34848  3.930  -38.840  93.751 0.0000000000
33986  2.491  -39.586  93.595 0.0000000000
33113  1.443  -40.585  92.946 0.0000000000
33115  0.515  -40.351  92.321 0.0000000000
33996  -0.071  -39.632  92.324 0.0000000000
42389  -0.957  -30.574  87.454 0.0000000000
110721  -0.390  -30.836  86.232 0.0000000000
44094  -0.315  -29.036  87.645 0.0000000000
44110  0.924  -28.630  86.885 0.0000000000
44109  1.744  -28.158  86.644 0.0000000000
121449  0.328  -24.949  88.474 0.0000000000
46746  0.797  -25.698  87.495 0.0000000000
45863  2.325  -26.720  86.324 0.0000000000
45877  2.675  -26.608  85.602 0.0000000000
128748  2.351  -26.300  84.402 0.0000000000
45900  0.878  -25.967  83.261 0.0000000000
41508  8.969  -32.007  93.408 0.0000000000
108124  15.548  -33.606  91.930 0.0000000000
38346  20.165  -33.866  92.363 0.0000000000
38310  19.468  -33.437  93.037 0.0000000000
38348  18.451  -33.648  92.174 0.0000000000
38349  17.541  -33.570  92.342 0.0000000000
107061  15.644  -33.590  92.913 0.0000000000
38350  14.635  -33.648  92.935 0.0000000000
39173  13.141  -33.601  94.233 0.0000000000
39160  12.170  -33.451  94.381 0.0000000000
41481  12.927  -32.115  94.158 0.0000000000
127309  11.529  -32.941  94.480 0.0000000000
41484  10.872  -32.731  94.242 0.0000000000
41507  9.803  -32.119  93.614 0.0000000000
33199  -1.977  -41.103  83.944 0.0000000000
111615  -1.331  -39.265  84.639 0.0000000000
108424  -2.178  -39.857  85.910 0.0000000000
34910  -1.769  -39.296  85.331 0.0000000000
35791  -1.250  -38.531  84.877 0.0000000000
37575  -0.962  -36.884  85.333 0.0000000000
38435  -0.515  -35.275  86.105 0.0000000000
39998  -0.976  -33.193  87.317 0.0000000000
36633  -1.581  -37.779  91.181 0.0000000000
36660  -1.411  -36.866  90.088 0.0000000000
118459  -0.455  -35.740  89.735 0.0000000000
39982  0.498  -33.376  89.913 0.0000000000
120350  -0.013  -34.081  89.495 0.0000000000
39221  -0.258  -34.843  89.404 0.0000000000
115444  -0.656  -33.750  88.607 0.0000000000
40770  -0.928  -32.269  88.933 0.0000000000
126765  -1.131  -31.196  88.012 0.0000000000
118642  -0.906  -29.933  89.087 0.0000000000
44944  0.261  -27.980  90.378 0.0000000000
45814  1.189  -26.603  90.864 0.0000000000
113944  2.121  -27.219  92.326 0.0000000000
46698  2.554  -26.091  92.076 0.0000000000
116857  2.613  -25.256  91.470 0.0000000000
31399  2.451  -43.466  88.250 0.0000000000
30619  0.517  -43.464  89.783 0.0000000000
111352  0.172  -39.267  82.243 0.0000000000
35026  1.033  -39.588  81.521 0.0000000000
36773  2.651  -37.566  77.571 0.0000000000
41566  0.309  -32.068  85.226 0.0000000000
40786  0.750  -33.296  84.571 0.0000000000
40023  1.508  -34.783  82.807 0.0000000000
41568  2.248  -31.768  83.739 0.0000000000
40802  2.547  -33.911  82.646 0.0000000000
39287  1.933  -34.985  82.192 0.0000000000
38533  2.963  -35.865  80.196 0.0000000000
37665  2.591  -36.059  78.006 0.0000000000
36775  1.187  -36.731  76.822 0.0000000000
37687  0.714  -36.075  76.502 0.0000000000
113452  4.229  -33.243  77.688 0.0000000000
40853  2.672  -33.193  75.658 0.0000000000
50105  3.691  -21.812  85.525 0.0000000000
125501  4.231  -21.971  84.114 0.0000000000
50122  1.570  -21.777  84.874 0.0000000000
50133  0.869  -22.205  83.862 0.0000000000
48484  0.224  -23.502  82.970 0.0000000000
46794  0.357  -25.721  81.894 0.0000000000
49332  0.997  -22.960  80.672 0.0000000000
46805  0.217  -25.632  81.125 0.0000000000
45042  1.303  -26.518  80.893 0.0000000000
44162  2.891  -27.108  79.843 0.0000000000
44168  3.628  -27.782  79.188 0.0000000000
43312  5.387  -28.796  77.881 0.0000000000
44181  5.030  -28.025  77.798 0.0000000000
40738  7.193  -32.865  93.774 0.0000000000
115350  6.579  -33.022  93.062 0.0000000000
40737  7.369  -32.518  92.814 0.0000000000
41503  8.412  -32.483  93.811 0.0000000000
40726  7.712  -33.560  94.452 0.0000000000
121147  7.255  -33.292  94.327 0.0000000000
39958  6.319  -34.303  94.641 0.0000000000
35059  1.501  -39.401  75.918 0.0000000000
35928  0.951  -38.086  75.790 0.0000000000
35916  1.005  -37.554  76.295 0.0000000000
34033  -2.144  -40.493  90.814 0.0000000000
34869  -2.321  -39.710  90.751 0.0000000000
38389  14.115  -33.935  90.960 0.0000000000
122991  13.932  -34.017  90.314 0.0000000000
38390  13.261  -34.116  90.637 0.0000000000
33138  -1.678  -40.873  91.023 0.0000000000
40777  -0.784  -32.754  86.462 0.0000000000
40003  -0.029  -33.607  85.376 0.0000000000
40780  -0.543  -32.105  85.939 0.0000000000
45022  2.270  -26.553  83.014 0.0000000000
45030  3.963  -27.087  82.971 0.0000000000
45039  3.628  -27.120  81.930 0.0000000000
126663  4.842  -27.682  81.543 0.0000000000
45040  2.970  -27.054  81.175 0.0000000000
36603  1.819  -37.827  93.324 0.0000000000
37440  1.424  -37.843  93.073 0.0000000000
37439  2.175  -37.326  93.337 0.0000000000
109928  11.243  -34.055  94.188 0.0000000000
38337  11.103  -34.330  93.889 0.0000000000
38319  10.460  -34.428  94.189 0.0000000000
36602  6.202  -37.263  94.175 0.0000000000
35747  6.610  -37.670  93.820 0.0000000000
35755  6.247  -38.330  93.514 0.0000000000
35760  6.535  -38.669  92.988 0.0000000000
34854  5.911  -38.982  93.175 0.0000000000
34855  5.081  -39.184  93.357 0.0000000000
34846  5.494  -38.517  93.686 0.0000000000
37431  3.071  -37.060  93.710 0.0000000000
36597  2.498  -37.659  93.551 0.0000000000
36598  1.945  -38.174  93.525 0.0000000000
35746  1.439  -38.407  93.365 0.0000000000
46716  1.176  -25.959  90.557 0.0000000000
45828  0.569  -26.324  89.523 0.0000000000
46725  0.867  -25.531  89.902 0.0000000000
49285  1.033  -22.228  86.750 0.0000000000
49276  0.630  -22.792  87.253 0.0000000000
49286  0.443  -22.644  86.227 0.0000000000
49291  0.650  -22.292  85.407 0.0000000000
32338  -2.417  -42.590  85.252 0.0000000000
107610  -2.410  -41.974  85.126 0.0000000000
114429  -1.292  -36.135  87.990 0.0000000000
38413  -0.952  -35.792  88.793 0.0000000000
42341  1.199  -30.163  91.411 0.0000000000
41518  0.863  -30.964  90.869 0.0000000000
42348  0.598  -30.340  91.040 0.0000000000
43184  0.876  -29.584  91.439 0.0000000000
32255  1.918  -41.529  91.913 0.0000000000
32269  1.436  -41.873  91.271 0.0000000000
30631  -1.169  -44.142  89.041 0.0000000000
30630  -0.575  -44.218  89.172 0.0000000000
32328  -2.433  -42.850  86.024 0.0000000000
118508  -2.486  -43.642  86.186 0.0000000000
34130  -1.215  -40.105  83.481 0.0000000000
34974  -0.760  -39.568  83.214 0.0000000000
38498  0.970  -35.944  82.599 0.0000000000
37631  1.090  -36.612  82.213 0.0000000000
36728  1.684  -37.021  81.570 0.0000000000
37645  1.731  -36.400  81.742 0.0000000000
44124  2.028  -28.672  86.128 0.0000000000
121547  1.266  -30.525  85.393 0.0000000000
43266  1.917  -30.035  85.168 0.0000000000
40799  4.532  -32.701  81.011 0.0000000000
40800  4.033  -32.786  81.674 0.0000000000
40030  3.952  -33.889  79.917 0.0000000000
40819  4.211  -33.498  79.332 0.0000000000
42455  6.372  -30.878  77.388 0.0000000000
128618  5.571  -31.929  76.592 0.0000000000
42465  5.478  -31.237  76.175 0.0000000000
107518  4.160  -22.284  82.057 0.0000000000
50160  3.608  -22.388  81.696 0.0000000000
50162  2.349  -22.400  81.949 0.0000000000
50161  3.034  -22.453  81.483 0.0000000000
113046  1.338  -24.485  77.602 0.0000000000
47702  1.063  -24.400  78.357 0.0000000000
115446  0.744  -25.126  78.905 0.0000000000
112691  1.265  -26.025  78.216 0.0000000000
45944  1.565  -26.379  78.412 0.0000000000
39180  4.540  -35.361  94.457 0.0000000000
39189  4.090  -35.154  93.820 0.0000000000
40743  6.683  -32.922  91.884 0.0000000000
119443  9.939  -33.483  94.445 0.0000000000
118966  9.415  -33.940  94.523 0.0000000000
115399  8.586  -34.445  94.552 0.0000000000
39948  7.088  -34.625  94.672 0.0000000000
39165  7.182  -34.976  94.715 0.0000000000
38307  6.524  -35.325  94.703 0.0000000000
37427  6.724  -36.029  94.563 0.0000000000
37421  6.214  -35.847  94.692 0.0000000000
36589  5.704  -36.468  94.646 0.0000000000
37422  5.795  -36.173  94.797 0.0000000000
39179  5.020  -35.037  94.601 0.0000000000
38322  5.123  -35.824  94.810 0.0000000000
38323  4.503  -35.720  94.480 0.0000000000
48420  2.674  -24.101  90.437 0.0000000000
111054  3.186  -22.865  89.101 0.0000000000
49253  3.694  -22.510  88.597 0.0000000000
49274  2.350  -22.398  87.916 0.0000000000
50080  3.755  -21.992  87.183 0.0000000000
34079  -2.532  -40.837  87.808 0.0000000000
35773  -2.458  -38.480  89.649 0.0000000000
107466  -2.503  -39.086  88.928 0.0000000000
106798  -2.218  -37.718  89.491 0.0000000000
123108  2.405  -31.665  91.366 0.0000000000
41514  2.818  -31.024  91.743 0.0000000000
42339  2.584  -30.376  91.975 0.0000000000
43170  3.075  -29.120  92.433 0.0000000000
44022  3.086  -28.517  92.711 0.0000000000
120615  0.145  -41.154  91.522 0.0000000000
32271  0.076  -41.646  91.042 0.0000000000
32258  -0.436  -41.262  91.217 0.0000000000
32285  -1.403  -42.287  90.129 0.0000000000
31351  -0.790  -42.300  90.290 0.0000000000
31368  -1.537  -42.949  89.619 0.0000000000
31385  -2.022  -43.334  89.149 0.0000000000
123893  -2.516  -42.429  88.611 0.0000000000
37574  -0.386  -36.120  84.917 0.0000000000
110253  0.442  -34.622  84.325 0.0000000000
38469  0.428  -35.412  83.778 0.0000000000
39262  0.693  -34.718  83.806 0.0000000000
39273  0.721  -35.326  83.317 0.0000000000
45876  3.363  -27.041  85.284 0.0000000000
44134  4.034  -28.157  84.872 0.0000000000
44147  5.498  -28.089  83.044 0.0000000000
44141  5.646  -28.829  83.318 0.0000000000
43274  6.084  -29.413  82.827 0.0000000000
41573  5.420  -31.074  82.333 0.0000000000
42427  6.324  -30.583  82.093 0.0000000000
41596  6.461  -31.698  80.735 0.0000000000
42426  6.781  -30.010  81.847 0.0000000000
43288  5.550  -28.730  80.194 0.0000000000
43294  6.936  -29.823  79.966 0.0000000000
43295  6.169  -29.335  79.654 0.0000000000
43296  5.108  -28.788  79.285 0.0000000000
48536  1.903  -23.529  76.276 0.0000000000
109274  1.921  -24.332  76.627 0.0000000000
47715  2.245  -24.477  76.450 0.0000000000
34857  -0.200  -39.070  92.416 0.0000000000
34861  -0.861  -38.970  92.114 0.0000000000
35757  -0.322  -38.613  92.244 0.0000000000
37472  1.530  -36.891  92.235 0.0000000000
38369  1.127  -36.574  91.419 0.0000000000
39195  3.844  -35.126  93.223 0.0000000000
38366  3.234  -35.572  92.821 0.0000000000
39200  3.600  -35.050  92.257 0.0000000000
39207  3.312  -34.915  91.313 0.0000000000
39215  2.916  -34.552  90.576 0.0000000000
39987  2.494  -33.847  90.357 0.0000000000
124819  2.330  -33.078  90.626 0.0000000000
40757  2.935  -33.380  90.295 0.0000000000
38351  12.295  -34.240  92.896 0.0000000000
38365  12.316  -34.296  92.395 0.0000000000
37452  10.068  -35.472  93.015 0.0000000000
37471  10.373  -35.523  92.220 0.0000000000
38320  8.699  -35.166  94.467 0.0000000000
37425  8.934  -35.450  94.269 0.0000000000
37437  8.318  -36.004  94.132 0.0000000000
35753  7.642  -37.735  92.896 0.0000000000
36632  8.502  -37.325  91.699 0.0000000000
35764  7.435  -38.517  91.573 0.0000000000
34868  6.533  -39.511  90.568 0.0000000000
33992  4.092  -40.084  92.963 0.0000000000
34005  3.654  -40.543  92.642 0.0000000000
33124  3.144  -41.066  92.255 0.0000000000
33111  2.914  -40.655  92.917 0.0000000000
35743  4.512  -37.472  94.246 0.0000000000
35750  4.546  -38.110  94.005 0.0000000000
34843  3.732  -38.265  93.879 0.0000000000
33101  1.930  -40.142  93.414 0.0000000000
33102  1.258  -40.070  93.297 0.0000000000
33114  0.927  -40.477  92.709 0.0000000000
33103  0.753  -39.991  92.988 0.0000000000
34856  0.351  -39.091  92.871 0.0000000000
33989  0.573  -39.500  92.962 0.0000000000
108362  -0.676  -39.433  92.130 0.0000000000
109563  -0.578  -29.087  88.523 0.0000000000
43238  -0.501  -29.773  87.132 0.0000000000
113104  0.479  -27.009  88.370 0.0000000000
44093  0.405  -28.392  87.477 0.0000000000
44078  0.457  -27.624  87.905 0.0000000000
44988  1.304  -27.567  87.250 0.0000000000
47598  0.574  -24.575  89.132 0.0000000000
48437  0.616  -23.654  88.648 0.0000000000
46759  0.501  -25.068  86.846 0.0000000000
109425  0.330  -24.969  87.747 0.0000000000
46758  1.158  -25.756  86.873 0.0000000000
119400  1.855  -26.864  86.867 0.0000000000
45864  1.696  -26.206  86.575 0.0000000000
45878  1.907  -26.117  85.807 0.0000000000
46780  1.226  -25.640  85.173 0.0000000000
45891  1.096  -25.811  84.238 0.0000000000
45899  1.788  -26.212  83.762 0.0000000000
46781  0.466  -25.268  83.789 0.0000000000
41511  9.756  -31.565  92.886 0.0000000000
42336  10.185  -30.960  92.124 0.0000000000
115094  17.245  -33.614  91.237 0.0000000000
38387  16.763  -33.648  90.531 0.0000000000
38375  16.178  -33.596  91.218 0.0000000000
39168  18.111  -33.394  93.387 0.0000000000
39167  19.300  -33.095  93.355 0.0000000000
38311  18.754  -33.569  93.008 0.0000000000
38328  19.472  -33.672  92.633 0.0000000000
38329  18.625  -33.622  92.546 0.0000000000
38330  17.718  -33.601  92.599 0.0000000000
125375  17.167  -33.587  93.077 0.0000000000
38332  14.933  -33.574  93.328 0.0000000000
39158  13.532  -33.320  94.342 0.0000000000
39159  12.885  -33.415  94.333 0.0000000000
39944  12.609  -33.095  94.592 0.0000000000
42298  13.265  -31.908  94.125 0.0000000000
41490  12.475  -31.830  93.913 0.0000000000
41482  12.058  -32.410  94.233 0.0000000000
41491  11.991  -32.332  94.156 0.0000000000
41483  11.604  -32.757  94.393 0.0000000000
41499  11.740  -32.137  93.901 0.0000000000
115297  11.418  -31.262  92.869 0.0000000000
41506  10.543  -31.813  93.422 0.0000000000
42327  10.709  -31.310  92.901 0.0000000000
31518  -2.082  -43.860  82.706 0.0000000000
32359  -1.999  -43.041  82.950 0.0000000000
33200  -2.248  -41.567  84.601 0.0000000000
33208  -2.096  -41.900  83.868 0.0000000000
34122  -1.609  -40.352  84.019 0.0000000000
34123  -1.658  -39.872  84.667 0.0000000000
107076  -2.454  -40.214  87.169 0.0000000000
122784  -2.389  -40.448  86.385 0.0000000000
128923  -2.322  -39.778  86.597 0.0000000000
35784  -1.848  -37.943  86.367 0.0000000000
34892  -2.101  -39.009  86.314 0.0000000000
35787  -1.683  -38.506  85.679 0.0000000000
36705  -1.357  -37.788  85.491 0.0000000000
107793  -0.691  -34.797  87.010 0.0000000000
38436  -0.933  -35.813  86.586 0.0000000000
40001  -0.660  -33.711  86.675 0.0000000000
128856  -0.806  -33.909  87.387 0.0000000000
35765  -1.236  -38.105  91.601 0.0000000000
35766  -1.891  -38.315  91.329 0.0000000000
117797  -1.069  -37.527  91.242 0.0000000000
37501  -0.885  -36.470  90.238 0.0000000000
39981  0.947  -33.463  90.203 0.0000000000
40752  0.732  -32.479  90.198 0.0000000000
39988  0.129  -33.263  89.712 0.0000000000
117858  -0.311  -33.907  89.168 0.0000000000
41545  -0.728  -31.720  89.498 0.0000000000
114425  -1.124  -31.948  88.107 0.0000000000
41544  -1.055  -31.448  88.753 0.0000000000
42375  -1.039  -30.621  88.435 0.0000000000
42362  -0.669  -30.333  89.921 0.0000000000
44938  0.672  -28.137  91.063 0.0000000000
44943  0.767  -27.307  90.641 0.0000000000
45805  1.608  -26.684  91.393 0.0000000000
44921  2.300  -27.779  92.553 0.0000000000
37486  11.494  -34.741  91.215 0.0000000000
37499  11.697  -34.689  90.398 0.0000000000
120519  11.141  -34.972  89.974 0.0000000000
31363  1.980  -42.955  90.043 0.0000000000
116723  0.574  -42.734  90.290 0.0000000000
30675  -2.479  -44.550  84.083 0.0000000000
30682  -2.328  -44.509  83.193 0.0000000000
34148  -0.252  -40.640  82.018 0.0000000000
33226  -0.176  -41.466  81.736 0.0000000000
33233  0.596  -41.599  81.277 0.0000000000
36714  0.018  -37.550  83.349 0.0000000000
35807  -0.006  -38.313  82.988 0.0000000000
112022  1.276  -38.914  81.485 0.0000000000
110448  1.459  -40.123  81.037 0.0000000000
35873  2.410  -38.852  80.290 0.0000000000
35872  3.138  -38.554  79.389 0.0000000000
35895  3.171  -38.028  78.456 0.0000000000
35914  2.971  -38.543  77.678 0.0000000000
36756  3.054  -37.192  78.569 0.0000000000
41563  -0.125  -31.534  85.684 0.0000000000
128223  1.115  -32.188  84.711 0.0000000000
41570  0.687  -32.536  84.885 0.0000000000
41578  1.229  -32.838  84.397 0.0000000000
40792  1.112  -33.774  83.973 0.0000000000
119436  1.623  -33.395  83.868 0.0000000000
116316  3.449  -30.649  83.615 0.0000000000
42413  2.678  -30.883  83.887 0.0000000000
42420  3.005  -31.456  83.334 0.0000000000
119281  3.153  -33.671  82.136 0.0000000000
40790  2.892  -33.252  82.736 0.0000000000
40022  2.222  -34.532  82.384 0.0000000000
115671  2.531  -35.228  81.417 0.0000000000
127607  2.972  -35.431  80.527 0.0000000000
37666  2.161  -35.633  77.528 0.0000000000
37676  1.949  -36.238  77.341 0.0000000000
37677  1.330  -35.819  76.938 0.0000000000
38562  1.599  -35.247  77.040 0.0000000000
40069  2.201  -34.245  76.807 0.0000000000
40855  1.546  -33.851  75.686 0.0000000000
40826  5.974  -32.680  78.561 0.0000000000
40827  5.009  -33.020  78.056 0.0000000000
41627  3.297  -32.479  75.263 0.0000000000
40852  3.531  -32.921  76.028 0.0000000000
126174  2.845  -32.687  75.105 0.0000000000
40863  2.312  -33.034  75.027 0.0000000000
50130  4.513  -22.043  83.433 0.0000000000
50120  2.667  -21.796  84.005 0.0000000000
50106  2.807  -21.696  84.974 0.0000000000
108264  1.622  -21.843  84.079 0.0000000000
50109  0.968  -21.990  84.708 0.0000000000
49311  0.685  -22.785  82.704 0.0000000000
47661  0.011  -24.374  82.365 0.0000000000
46786  0.266  -25.339  82.711 0.0000000000
125411  0.063  -25.170  81.902 0.0000000000
49338  2.205  -22.790  79.490 0.0000000000
49331  1.788  -22.810  80.469 0.0000000000
46814  0.401  -25.776  80.162 0.0000000000
47680  0.132  -25.090  80.540 0.0000000000
45927  0.755  -26.266  80.544 0.0000000000
45047  1.881  -26.663  80.345 0.0000000000
45046  2.576  -26.910  80.449 0.0000000000
123077  2.357  -26.814  79.923 0.0000000000
44175  3.069  -27.269  78.983 0.0000000000
44169  3.055  -27.238  79.336 0.0000000000
44174  3.677  -27.709  78.820 0.0000000000
43305  4.125  -28.149  78.917 0.0000000000
44173  4.484  -28.173  78.494 0.0000000000
111505  2.598  -26.465  77.899 0.0000000000
39965  5.636  -34.088  94.009 0.0000000000
126753  6.003  -33.525  93.282 0.0000000000
40747  7.118  -32.684  91.221 0.0000000000
41494  9.336  -32.920  94.167 0.0000000000
39955  8.823  -33.924  94.518 0.0000000000
39956  7.815  -34.098  94.561 0.0000000000
39177  6.444  -34.760  94.726 0.0000000000
38308  6.090  -35.201  94.761 0.0000000000
39187  5.592  -34.692  94.669 0.0000000000
35929  0.674  -37.692  75.602 0.0000000000
36793  0.382  -37.047  75.779 0.0000000000
34062  -2.537  -40.664  88.846 0.0000000000
34873  -2.524  -39.372  89.874 0.0000000000
124131  -0.604  -40.653  91.617 0.0000000000
33137  -1.092  -41.132  91.141 0.0000000000
32273  -1.547  -41.522  90.609 0.0000000000
113949  -2.055  -41.921  90.037 0.0000000000
33155  -2.389  -41.342  89.516 0.0000000000
39237  -0.306  -34.356  85.913 0.0000000000
38458  0.063  -35.362  84.567 0.0000000000
40006  0.206  -33.089  85.085 0.0000000000
45888  3.515  -26.831  84.519 0.0000000000
44133  4.506  -27.859  84.305 0.0000000000
45029  4.762  -27.599  83.487 0.0000000000
44146  6.057  -28.767  82.626 0.0000000000
43282  6.363  -28.913  81.820 0.0000000000
115885  5.638  -28.144  82.000 0.0000000000
106448  4.906  -28.056  80.777 0.0000000000
44161  3.899  -27.771  80.061 0.0000000000
36605  0.631  -38.407  92.907 0.0000000000
36610  0.776  -38.118  92.833 0.0000000000
37454  1.492  -37.207  92.574 0.0000000000
39993  4.363  -33.493  89.667 0.0000000000
41543  4.418  -32.784  89.401 0.0000000000
38336  11.931  -34.143  93.643 0.0000000000
38352  11.794  -34.337  93.137 0.0000000000
121772  11.254  -34.472  93.434 0.0000000000
37434  10.452  -34.869  93.544 0.0000000000
36591  7.405  -36.226  94.323 0.0000000000
36600  7.799  -36.660  93.911 0.0000000000
36609  7.339  -37.367  93.582 0.0000000000
35759  7.113  -38.486  92.447 0.0000000000
33991  4.732  -39.807  92.891 0.0000000000
33984  4.159  -39.452  93.462 0.0000000000
125911  3.271  -38.116  93.774 0.0000000000
35744  2.797  -38.011  93.675 0.0000000000
34845  2.286  -38.543  93.577 0.0000000000
34851  1.898  -39.108  93.611 0.0000000000
33988  1.134  -39.422  93.415 0.0000000000
34852  1.334  -38.785  93.437 0.0000000000
35751  1.074  -38.615  93.285 0.0000000000
44952  0.065  -27.820  89.511 0.0000000000
44079  -0.123  -28.327  88.149 0.0000000000
116145  0.277  -27.032  89.144 0.0000000000
45839  0.428  -26.288  88.722 0.0000000000
49256  0.811  -22.994  88.183 0.0000000000
48448  0.311  -23.483  87.751 0.0000000000
48457  0.096  -23.425  86.819 0.0000000000
47628  0.021  -24.262  86.402 0.0000000000
119645  0.330  -24.885  86.043 0.0000000000
47640  0.022  -24.313  85.527 0.0000000000
48471  -0.015  -23.526  84.984 0.0000000000
38374  17.608  -33.590  91.765 0.0000000000
39154  17.572  -33.205  93.826 0.0000000000
123637  14.329  -33.455  94.018 0.0000000000
113481  14.398  -32.942  94.551 0.0000000000
39942  14.043  -32.573  94.626 0.0000000000
42320  11.862  -31.858  93.625 0.0000000000
32360  -2.182  -42.690  83.803 0.0000000000
36688  -2.050  -37.641  87.191 0.0000000000
36698  -1.694  -37.119  86.783 0.0000000000
37557  -1.211  -36.592  86.258 0.0000000000
37541  -1.360  -36.400  87.125 0.0000000000
37489  -0.194  -36.944  91.105 0.0000000000
38381  -0.018  -36.293  90.638 0.0000000000
117109  0.263  -35.439  90.143 0.0000000000
41527  1.056  -31.651  90.645 0.0000000000
41528  0.480  -31.707  90.255 0.0000000000
124406  0.067  -32.008  90.006 0.0000000000
40766  -0.477  -32.430  89.496 0.0000000000
114408  0.008  -31.438  90.184 0.0000000000
113514  -0.487  -31.175  89.972 0.0000000000
43195  0.234  -29.653  91.025 0.0000000000
44043  0.696  -28.929  91.374 0.0000000000
44042  1.215  -28.305  91.527 0.0000000000
36629  10.326  -35.694  90.739 0.0000000000
36658  9.740  -35.918  89.407 0.0000000000
32267  3.038  -41.969  90.807 0.0000000000
32283  2.483  -42.350  90.441 0.0000000000
30620  -0.238  -43.580  89.656 0.0000000000
32318  -2.563  -43.165  87.463 0.0000000000
31435  -2.461  -43.874  87.040 0.0000000000
31475  -2.452  -43.909  84.714 0.0000000000
33217  -1.246  -40.985  82.694 0.0000000000
34149  -0.748  -40.479  82.415 0.0000000000
34999  -0.238  -39.902  82.335 0.0000000000
36718  0.663  -37.209  82.583 0.0000000000
36717  1.086  -37.523  82.061 0.0000000000
35844  1.871  -38.315  81.002 0.0000000000
36727  2.333  -37.291  80.734 0.0000000000
37655  2.988  -36.449  79.909 0.0000000000
122185  0.512  -30.129  86.016 0.0000000000
42408  0.433  -31.369  85.488 0.0000000000
42415  1.345  -31.589  84.775 0.0000000000
41574  4.351  -31.477  82.515 0.0000000000
41575  3.420  -31.886  82.771 0.0000000000
41587  3.810  -32.332  82.211 0.0000000000
40801  3.472  -33.125  82.144 0.0000000000
40031  3.494  -34.380  80.667 0.0000000000
39301  3.307  -34.980  80.151 0.0000000000
121378  3.347  -34.873  78.642 0.0000000000
39336  2.689  -34.929  77.748 0.0000000000
39337  1.878  -34.891  77.124 0.0000000000
40053  2.944  -34.495  77.657 0.0000000000
40068  2.838  -33.965  77.168 0.0000000000
41616  6.572  -31.630  77.721 0.0000000000
40837  5.850  -32.398  77.388 0.0000000000
40850  5.165  -32.407  76.671 0.0000000000
41626  4.125  -32.187  75.562 0.0000000000
107047  3.880  -22.142  82.849 0.0000000000
50131  2.998  -22.039  83.111 0.0000000000
50132  1.327  -22.091  83.247 0.0000000000
50147  1.783  -22.180  82.619 0.0000000000
49322  0.923  -22.709  82.004 0.0000000000
49348  1.855  -22.979  78.913 0.0000000000
115185  1.133  -23.349  79.386 0.0000000000
48510  0.722  -23.429  80.083 0.0000000000
47695  0.720  -24.133  79.354 0.0000000000
46819  0.659  -25.817  79.322 0.0000000000
45933  0.940  -26.270  79.683 0.0000000000
45054  1.450  -26.511  79.303 0.0000000000
45059  1.603  -26.523  78.807 0.0000000000
115657  1.932  -26.604  78.589 0.0000000000
37438  2.949  -36.973  93.674 0.0000000000
38340  2.779  -36.804  93.524 0.0000000000
38339  3.464  -36.390  93.941 0.0000000000
39199  4.237  -34.704  92.674 0.0000000000
39968  5.387  -33.885  92.786 0.0000000000
39973  4.731  -34.301  92.120 0.0000000000
39162  11.004  -33.802  94.389 0.0000000000
38304  10.185  -34.289  94.422 0.0000000000
114898  9.884  -34.168  94.501 0.0000000000
38305  9.280  -34.700  94.469 0.0000000000
121808  7.961  -35.298  94.552 0.0000000000
39164  8.011  -34.930  94.607 0.0000000000
114334  7.342  -35.669  94.548 0.0000000000
36592  6.534  -36.625  94.373 0.0000000000
35741  5.639  -37.496  94.204 0.0000000000
35749  5.219  -37.990  93.998 0.0000000000
36594  5.229  -37.012  94.514 0.0000000000
38309  5.644  -35.596  94.771 0.0000000000
37423  5.183  -36.050  94.736 0.0000000000
36595  4.125  -37.050  94.305 0.0000000000
37430  3.816  -36.763  94.145 0.0000000000
38324  3.604  -36.567  94.004 0.0000000000
122160  1.934  -24.559  90.564 0.0000000000
47592  1.127  -24.711  90.008 0.0000000000
48421  2.059  -24.146  90.263 0.0000000000
48428  1.627  -23.734  89.662 0.0000000000
49240  1.820  -23.116  89.163 0.0000000000
109960  3.426  -23.298  89.823 0.0000000000
49254  2.452  -22.786  88.781 0.0000000000
49255  1.819  -22.734  88.418 0.0000000000
50082  1.851  -22.099  87.008 0.0000000000
50094  2.369  -21.843  86.318 0.0000000000
33182  -2.499  -41.650  86.615 0.0000000000
107201  -2.422  -38.783  88.013 0.0000000000
36676  -2.071  -37.383  88.689 0.0000000000
39980  1.410  -33.570  90.414 0.0000000000
40750  1.649  -32.352  90.761 0.0000000000
117975  2.146  -30.754  91.714 0.0000000000
41516  1.787  -30.826  91.477 0.0000000000
114803  1.644  -30.330  91.564 0.0000000000
42331  1.759  -29.658  91.808 0.0000000000
43172  1.713  -29.051  91.845 0.0000000000
43171  2.117  -28.999  92.099 0.0000000000
32270  0.736  -41.719  91.149 0.0000000000
31350  -0.215  -42.264  90.440 0.0000000000
31366  -0.493  -42.906  89.929 0.0000000000
30639  -1.480  -44.601  88.460 0.0000000000
30632  -1.738  -44.006  88.849 0.0000000000
125225  -2.160  -43.812  88.578 0.0000000000
31400  -2.461  -43.145  88.406 0.0000000000
115000  -2.532  -42.407  86.827 0.0000000000
35799  -0.707  -38.315  84.185 0.0000000000
36711  -0.354  -37.572  83.977 0.0000000000
37605  -0.026  -36.838  83.695 0.0000000000
121252  0.343  -36.116  83.442 0.0000000000
37619  0.387  -36.791  83.048 0.0000000000
38482  0.692  -35.928  83.017 0.0000000000
38481  1.002  -35.381  82.905 0.0000000000
44123  2.874  -28.175  85.860 0.0000000000
43265  2.894  -29.510  84.927 0.0000000000
44135  3.348  -28.565  85.279 0.0000000000
43264  3.839  -28.978  84.705 0.0000000000
42412  4.388  -30.018  83.652 0.0000000000
43269  4.974  -29.097  83.831 0.0000000000
42418  4.937  -30.566  82.988 0.0000000000
41597  5.509  -32.154  80.955 0.0000000000
40810  5.184  -32.645  80.236 0.0000000000
124124  6.036  -32.266  80.305 0.0000000000
40809  6.721  -32.017  79.931 0.0000000000
41603  7.152  -31.573  79.523 0.0000000000
43281  7.088  -30.025  81.120 0.0000000000
42439  7.280  -30.519  79.719 0.0000000000
41609  7.063  -31.556  78.643 0.0000000000
42454  6.877  -31.052  78.041 0.0000000000
42448  6.517  -30.233  78.066 0.0000000000
123420  6.108  -30.112  77.328 0.0000000000
47708  1.512  -24.970  77.210 0.0000000000
46838  1.724  -25.576  77.368 0.0000000000
115985  1.918  -25.098  76.894 0.0000000000
47714  2.568  -24.485  76.393 0.0000000000
35055  2.012  -39.403  76.619 0.0000000000
34865  -2.003  -39.139  91.399 0.0000000000
123305  -0.935  -38.515  91.973 0.0000000000
36620  -0.189  -37.865  91.874 0.0000000000
36611  0.158  -38.254  92.443 0.0000000000
37474  0.127  -37.400  91.631 0.0000000000
38370  0.388  -36.766  91.180 0.0000000000
39209  1.748  -34.965  90.480 0.0000000000
38367  2.541  -35.979  92.409 0.0000000000
39202  2.230  -35.736  91.384 0.0000000000
116815  1.845  -33.205  90.641 0.0000000000
124430  3.086  -31.715  91.184 0.0000000000
122914  3.810  -32.091  90.273 0.0000000000
38378  13.322  -34.049  91.543 0.0000000000
37468  12.344  -34.341  91.724 0.0000000000
108774  11.082  -34.922  92.244 0.0000000000
37470  10.917  -35.143  91.704 0.0000000000
37487  10.766  -35.284  91.154 0.0000000000
37488  10.317  -35.716  91.434 0.0000000000
36645  9.178  -36.667  90.531 0.0000000000
37435  9.799  -35.063  94.018 0.0000000000
117099  9.738  -35.414  93.605 0.0000000000
37453  9.308  -35.959  93.326 0.0000000000
36599  8.544  -36.309  93.637 0.0000000000
36607  8.808  -36.579  92.936 0.0000000000
36618  9.046  -36.750  92.153 0.0000000000
35762  8.582  -37.266  90.852 0.0000000000
34862  7.035  -39.080  91.088 0.0000000000
33134  4.196  -41.124  91.185 0.0000000000
33135  3.282  -41.463  91.441 0.0000000000
33136  2.595  -41.461  91.899 0.0000000000
33985  3.280  -39.515  93.575 0.0000000000
34849  3.124  -38.981  93.627 0.0000000000
33994  2.689  -40.137  93.398 0.0000000000
33112  2.151  -40.646  93.004 0.0000000000
33126  1.638  -41.050  92.451 0.0000000000
32244  1.036  -40.916  92.298 0.0000000000
32245  0.576  -40.806  92.017 0.0000000000
33995  0.397  -39.916  92.547 0.0000000000
33116  0.012  -40.250  92.041 0.0000000000
126354  -0.389  -40.141  91.922 0.0000000000
34006  -0.932  -40.033  91.896 0.0000000000
41555  -1.123  -31.469  87.354 0.0000000000
41559  -0.887  -31.044  86.719 0.0000000000
42395  -0.619  -30.397  86.744 0.0000000000
43248  -0.063  -30.016  86.404 0.0000000000
44111  0.123  -29.178  86.929 0.0000000000
43247  0.651  -29.473  86.393 0.0000000000
44125  1.291  -28.948  86.368 0.0000000000
113673  0.485  -25.613  88.242 0.0000000000
120525  0.235  -24.261  88.193 0.0000000000
45852  0.719  -26.354  87.956 0.0000000000
45851  1.336  -26.463  87.328 0.0000000000
44987  2.134  -27.376  86.561 0.0000000000
44108  2.428  -27.900  86.297 0.0000000000
45002  2.855  -27.317  85.949 0.0000000000
45890  2.014  -26.133  84.859 0.0000000000
45889  2.882  -26.517  84.866 0.0000000000
45898  2.723  -26.470  84.035 0.0000000000
45910  1.471  -26.343  82.672 0.0000000000
41509  8.148  -32.097  93.113 0.0000000000
41512  8.725  -31.726  92.485 0.0000000000
42346  9.865  -30.800  91.159 0.0000000000
38377  14.437  -33.776  91.741 0.0000000000
38360  17.046  -33.556  92.075 0.0000000000
112124  16.858  -33.590  92.810 0.0000000000
38361  16.188  -33.550  92.415 0.0000000000
125517  15.384  -33.605  92.570 0.0000000000
38362  14.775  -33.682  92.356 0.0000000000
38363  13.815  -33.840  92.429 0.0000000000
39172  14.022  -33.481  94.213 0.0000000000
38316  13.567  -33.672  93.716 0.0000000000
38317  12.737  -33.850  93.794 0.0000000000
39174  12.313  -33.973  93.868 0.0000000000
39175  11.735  -33.878  94.159 0.0000000000
39161  11.512  -33.522  94.405 0.0000000000
119331  14.432  -32.184  94.517 0.0000000000
40708  13.611  -32.459  94.553 0.0000000000
41480  13.628  -32.167  94.415 0.0000000000
40709  13.266  -32.748  94.631 0.0000000000
39937  12.472  -33.041  94.653 0.0000000000
39945  12.024  -33.171  94.545 0.0000000000
117978  11.350  -33.256  94.461 0.0000000000
40718  10.911  -33.125  94.407 0.0000000000
41493  10.125  -32.773  94.156 0.0000000000
41500  11.134  -32.057  93.757 0.0000000000
116330  10.665  -32.433  93.990 0.0000000000
41501  9.927  -32.498  93.929 0.0000000000
41502  9.161  -32.508  93.901 0.0000000000
107204  -1.851  -42.236  83.100 0.0000000000
114903  -1.724  -41.452  83.217 0.0000000000
108496  -1.505  -40.711  83.358 0.0000000000
34954  -1.156  -39.592  83.995 0.0000000000
120922  -2.433  -41.186  86.124 0.0000000000
34111  -2.269  -40.603  85.632 0.0000000000
120170  -2.044  -40.053  85.255 0.0000000000
119627  -0.996  -38.946  84.289 0.0000000000
36708  -0.876  -37.641  84.679 0.0000000000
38448  -0.714  -36.016  85.726 0.0000000000
40773  -1.099  -32.348  87.331 0.0000000000
36646  -2.024  -37.827  90.778 0.0000000000
110480  -1.407  -37.205  90.719 0.0000000000
36661  -1.916  -37.390  90.169 0.0000000000
37514  -1.070  -36.309  89.555 0.0000000000
39216  0.235  -34.509  89.777 0.0000000000
39217  -0.086  -35.031  89.696 0.0000000000
38401  -0.558  -35.540  89.308 0.0000000000
39225  -0.552  -34.769  88.832 0.0000000000
39994  -0.599  -33.065  89.086 0.0000000000
123233  -0.890  -33.602  87.909 0.0000000000
124227  -1.002  -32.892  88.219 0.0000000000
123858  -0.585  -29.216  89.449 0.0000000000
43203  -0.362  -29.570  90.306 0.0000000000
44064  -0.217  -28.628  89.949 0.0000000000
46710  1.433  -25.988  90.919 0.0000000000
44024  1.888  -28.440  92.107 0.0000000000
44922  1.840  -27.701  92.105 0.0000000000
45797  1.869  -27.001  91.949 0.0000000000
45796  2.291  -26.660  92.218 0.0000000000
45804  2.069  -26.328  91.706 0.0000000000
46705  1.794  -25.984  91.300 0.0000000000
47584  2.135  -24.997  91.018 0.0000000000
48408  2.776  -24.836  91.218 0.0000000000
41513  7.907  -32.039  92.197 0.0000000000
37512  11.701  -34.733  89.526 0.0000000000
37513  10.960  -35.069  89.456 0.0000000000
31348  0.954  -42.304  90.698 0.0000000000
31364  1.167  -42.943  90.234 0.0000000000
31383  1.403  -43.471  89.555 0.0000000000
32383  -0.792  -42.177  81.925 0.0000000000
121063  -0.374  -38.880  83.224 0.0000000000
34973  -0.222  -39.162  82.690 0.0000000000
35027  0.368  -39.943  81.914 0.0000000000
35823  0.469  -38.319  82.417 0.0000000000
35846  0.693  -39.054  81.897 0.0000000000
119832  0.848  -40.272  81.503 0.0000000000
34159  1.087  -40.889  81.127 0.0000000000
34165  1.812  -40.790  80.494 0.0000000000
35044  2.895  -39.330  79.730 0.0000000000
106601  2.220  -38.465  77.060 0.0000000000
40783  -0.028  -32.367  85.382 0.0000000000
40787  0.411  -32.783  84.970 0.0000000000
40008  0.797  -34.123  84.027 0.0000000000
128904  1.192  -34.938  82.993 0.0000000000
39288  1.359  -35.168  82.607 0.0000000000
42406  2.387  -30.424  84.547 0.0000000000
42414  1.937  -31.247  84.295 0.0000000000
41577  1.943  -32.625  83.837 0.0000000000
41576  2.683  -32.458  83.198 0.0000000000
40791  2.263  -33.343  83.347 0.0000000000
40012  1.726  -34.148  83.259 0.0000000000
38496  1.699  -35.415  82.128 0.0000000000
38517  2.262  -35.842  81.441 0.0000000000
38532  2.971  -35.791  78.670 0.0000000000
37654  2.976  -36.461  78.748 0.0000000000
36757  2.603  -36.652  77.863 0.0000000000
36774  2.000  -36.917  77.243 0.0000000000
35915  1.673  -37.632  76.869 0.0000000000
36792  0.626  -36.874  76.235 0.0000000000
37688  0.306  -36.297  76.044 0.0000000000
40828  4.231  -33.404  78.474 0.0000000000
40051  3.588  -33.665  77.651 0.0000000000
40840  3.066  -33.482  76.658 0.0000000000
40839  3.878  -33.194  76.926 0.0000000000
122468  2.136  -33.579  75.958 0.0000000000
50093  3.284  -21.838  86.393 0.0000000000
107053  3.559  -21.851  84.502 0.0000000000
50108  1.208  -21.879  85.445 0.0000000000
49297  0.397  -22.676  84.558 0.0000000000
48475  0.134  -23.535  83.987 0.0000000000
49302  0.892  -22.389  83.176 0.0000000000
49303  0.512  -22.779  83.526 0.0000000000
47654  0.116  -24.427  83.387 0.0000000000
45911  0.780  -26.092  82.300 0.0000000000
45920  1.335  -26.474  81.784 0.0000000000
111657  1.327  -22.751  81.336 0.0000000000
123633  0.768  -22.998  81.373 0.0000000000
113173  0.284  -24.247  80.323 0.0000000000
112150  0.452  -23.521  80.942 0.0000000000
47671  0.069  -24.490  81.306 0.0000000000
45921  0.728  -26.217  81.425 0.0000000000
45041  2.055  -26.716  81.283 0.0000000000
44156  3.247  -27.289  80.318 0.0000000000
44170  2.497  -26.876  79.431 0.0000000000
108945  3.430  -27.540  79.642 0.0000000000
43297  4.247  -28.283  79.172 0.0000000000
43304  4.957  -28.666  78.639 0.0000000000
43311  5.786  -29.408  77.913 0.0000000000
120584  5.900  -29.558  77.133 0.0000000000
45952  1.685  -26.079  77.845 0.0000000000
45074  2.382  -26.652  78.326 0.0000000000
44182  3.892  -27.507  78.423 0.0000000000
34850  2.339  -39.023  93.610 0.0000000000
35752  0.730  -38.670  93.073 0.0000000000
36621  -0.756  -37.853  91.594 0.0000000000
37420  6.778  -35.617  94.634 0.0000000000
37428  6.206  -36.381  94.563 0.0000000000
37429  4.531  -36.389  94.515 0.0000000000
37450  11.668  -34.514  92.575 0.0000000000
37456  0.449  -37.835  92.266 0.0000000000
38315  14.611  -33.554  93.667 0.0000000000
38321  5.599  -35.315  94.775 0.0000000000
38353  3.601  -35.714  93.694 0.0000000000
38497  1.406  -35.917  82.155 0.0000000000
39163  8.940  -34.586  94.535 0.0000000000
39936  13.058  -33.135  95.018 0.0000000000
39943  13.232  -33.094  94.594 0.0000000000
39957  7.015  -34.216  94.621 0.0000000000
39969  4.853  -34.385  93.286 0.0000000000
40009  0.531  -33.500  84.593 0.0000000000
40013  1.155  -34.502  83.403 0.0000000000
40021  3.022  -34.195  81.786 0.0000000000
40038  3.894  -33.916  78.720 0.0000000000
40710  12.944  -32.936  94.676 0.0000000000
40716  12.623  -32.713  94.534 0.0000000000
40717  12.008  -32.936  94.559 0.0000000000
40725  8.627  -33.470  94.393 0.0000000000
40733  7.807  -32.902  94.148 0.0000000000
40759  -0.091  -32.487  89.775 0.0000000000
40817  6.013  -32.545  79.564 0.0000000000
40825  6.776  -32.234  79.069 0.0000000000
40838  4.776  -32.880  77.153 0.0000000000
40841  2.326  -33.767  76.384 0.0000000000
40862  2.530  -32.902  75.052 0.0000000000
41474  13.174  -32.512  94.502 0.0000000000
41492  11.369  -32.404  94.093 0.0000000000
41515  2.311  -31.020  91.705 0.0000000000
41521  9.253  -31.273  91.717 0.0000000000
41561  -0.635  -31.447  86.208 0.0000000000
41584  6.860  -30.825  81.216 0.0000000000
41594  7.374  -31.062  79.873 0.0000000000
41602  7.320  -31.124  79.312 0.0000000000
42345  10.708  -30.605  91.533 0.0000000000
42402  0.756  -30.661  85.664 0.0000000000
42407  0.999  -31.163  85.266 0.0000000000
42417  5.863  -30.194  82.732 0.0000000000
42433  7.264  -30.643  80.472 0.0000000000
42447  7.149  -30.767  78.762 0.0000000000
43286  7.141  -30.069  80.453 0.0000000000
43287  6.654  -29.344  80.813 0.0000000000
44032  1.492  -28.733  91.741 0.0000000000
44176  2.583  -26.938  79.204 0.0000000000
44937  1.178  -27.441  91.218 0.0000000000
45020  4.125  -27.179  84.011 0.0000000000
45031  2.792  -26.851  82.269 0.0000000000
45053  1.883  -26.658  79.642 0.0000000000
45058  2.474  -26.861  78.790 0.0000000000
45821  0.874  -26.471  90.272 0.0000000000
45951  2.133  -26.219  77.771 0.0000000000
46824  0.952  -25.806  78.638 0.0000000000
47585  1.712  -25.458  90.979 0.0000000000
47589  1.614  -24.890  90.555 0.0000000000
47729  2.166  -23.850  76.177 0.0000000000
48422  1.570  -24.317  90.103 0.0000000000
49229  2.275  -23.683  89.878 0.0000000000
49273  3.296  -22.242  87.885 0.0000000000
49290  0.877  -22.057  86.021 0.0000000000
50107  2.033  -21.709  85.454 0.0000000000
50121  2.121  -21.691  84.671 0.0000000000
50146  2.571  -22.180  82.584 0.0000000000
107050  3.605  -21.985  83.637 0.0000000000
109347  2.834  -21.718  85.736 0.0000000000
109530  1.866  -23.008  77.969 0.0000000000
112196  3.119  -37.726  79.261 0.0000000000
114747  3.859  -27.961  79.457 0.0000000000
118361  1.591  -28.166  91.831 0.0000000000
119081  13.792  -33.013  94.600 0.0000000000
120050  -0.791  -29.801  88.015 0.0000000000
120196  18.820  -33.304  93.300 0.0000000000
120385  14.066  -33.245  94.358 0.0000000000
121377  1.447  -25.675  77.698 0.0000000000
121933  2.647  -28.901  92.336 0.0000000000
122201  6.598  -34.991  94.747 0.0000000000
122594  6.719  -29.545  81.621 0.0000000000
122649  0.385  -33.845  84.736 0.0000000000
123373  17.879  -33.588  91.941 0.0000000000
123849  10.480  -32.037  93.661 0.0000000000
123915  1.159  -39.270  75.372 0.0000000000
123950  6.395  -29.890  82.399 0.0000000000
124067  4.293  -29.291  84.193 0.0000000000
124956  -0.705  -29.769  89.736 0.0000000000
125014  10.109  -33.084  94.356 0.0000000000
126431  2.220  -33.322  75.379 0.0000000000
127085  0.633  -25.291  84.616 0.0000000000
127379  2.963  -22.378  82.055 0.0000000000
127415  2.621  -22.503  81.420 0.0000000000
127460  3.987  -36.149  94.279 0.0000000000
128867  1.314  -22.893  88.501 0.0000000000
