#!ascii label  , from subject sub-v2s0x29025_ses-1 vox2ras=TkReg
1033
42533  28.712  -30.407  70.626 0.0000000000
114251  42.801  -9.941  55.292 0.0000000000
111572  34.643  -20.565  62.193 0.0000000000
35842  10.144  -38.409  80.382 0.0000000000
106531  25.123  -31.770  75.589 0.0000000000
55426  35.246  -15.474  60.649 0.0000000000
39352  16.367  -34.561  77.015 0.0000000000
35867  14.381  -38.582  79.006 0.0000000000
117469  20.301  -35.412  75.552 0.0000000000
59630  47.202  -10.212  54.838 0.0000000000
46012  30.966  -26.064  70.723 0.0000000000
120476  31.228  -25.374  67.078 0.0000000000
44236  33.381  -28.869  70.954 0.0000000000
64826  46.598  -4.526  53.732 0.0000000000
124256  49.534  -6.878  52.206 0.0000000000
60473  39.615  -9.387  57.644 0.0000000000
111373  41.972  -13.528  58.839 0.0000000000
118747  38.019  -14.639  58.693 0.0000000000
51990  39.182  -19.491  61.573 0.0000000000
38633  29.132  -35.415  71.645 0.0000000000
32368  8.766  -43.252  81.623 0.0000000000
31491  4.492  -43.982  83.301 0.0000000000
30645  2.070  -44.655  87.112 0.0000000000
112626  26.569  -31.753  73.381 0.0000000000
37742  23.952  -36.123  72.461 0.0000000000
51182  30.749  -20.075  65.114 0.0000000000
50307  34.678  -21.882  68.237 0.0000000000
65671  53.339  -3.544  50.771 0.0000000000
60489  45.171  -9.643  54.717 0.0000000000
58814  44.684  -11.648  56.563 0.0000000000
45126  29.193  -27.882  70.726 0.0000000000
115777  30.169  -27.868  69.002 0.0000000000
42531  30.803  -30.024  70.671 0.0000000000
63110  43.135  -6.561  56.155 0.0000000000
63948  45.392  -4.775  55.966 0.0000000000
63120  44.381  -6.520  54.525 0.0000000000
62293  46.332  -7.415  53.476 0.0000000000
26859  2.159  -49.648  85.699 0.0000000000
58792  37.942  -11.386  58.005 0.0000000000
57954  37.139  -12.013  60.136 0.0000000000
52793  33.895  -18.083  60.870 0.0000000000
53682  36.734  -17.756  59.897 0.0000000000
51227  36.613  -20.142  61.654 0.0000000000
50362  36.939  -21.610  64.491 0.0000000000
35869  12.314  -38.562  79.339 0.0000000000
34996  13.919  -40.423  80.963 0.0000000000
34155  11.386  -41.052  80.160 0.0000000000
32365  11.226  -42.580  82.657 0.0000000000
33231  9.578  -41.294  80.210 0.0000000000
33207  5.437  -41.606  83.135 0.0000000000
30661  3.136  -44.502  84.931 0.0000000000
40121  25.922  -31.865  74.323 0.0000000000
40162  25.140  -33.915  71.046 0.0000000000
39409  22.878  -33.373  72.869 0.0000000000
37672  19.478  -37.286  76.803 0.0000000000
37683  21.712  -37.216  76.172 0.0000000000
46902  34.326  -25.538  69.766 0.0000000000
48628  32.995  -23.084  67.689 0.0000000000
57088  37.320  -13.547  61.520 0.0000000000
53662  35.815  -15.958  63.139 0.0000000000
52782  32.814  -18.084  62.216 0.0000000000
124198  17.350  -36.878  77.462 0.0000000000
35864  16.918  -38.133  79.664 0.0000000000
113211  15.709  -36.328  77.917 0.0000000000
37652  13.139  -36.153  79.212 0.0000000000
37630  11.602  -36.473  81.038 0.0000000000
106581  21.776  -33.103  74.947 0.0000000000
40082  20.682  -32.627  76.462 0.0000000000
38572  18.686  -35.246  76.055 0.0000000000
48582  30.266  -23.647  71.441 0.0000000000
48615  28.899  -23.331  68.234 0.0000000000
46914  29.844  -26.114  67.911 0.0000000000
46025  32.759  -27.124  68.716 0.0000000000
65656  49.925  -3.431  52.747 0.0000000000
63140  47.949  -5.811  52.584 0.0000000000
123066  47.858  -8.370  53.366 0.0000000000
61392  40.836  -9.076  55.965 0.0000000000
58804  42.115  -11.820  56.705 0.0000000000
58806  40.019  -11.571  56.911 0.0000000000
57111  40.542  -13.753  58.539 0.0000000000
55436  40.800  -16.330  60.003 0.0000000000
56309  35.955  -14.410  59.347 0.0000000000
53680  38.854  -17.469  60.206 0.0000000000
124277  29.040  -33.354  71.080 0.0000000000
41659  30.905  -31.716  72.111 0.0000000000
61370  42.133  -7.671  57.670 0.0000000000
34971  8.048  -38.904  82.052 0.0000000000
33225  6.770  -41.420  81.555 0.0000000000
30680  6.383  -44.360  82.509 0.0000000000
29272  6.064  -45.935  84.107 0.0000000000
29274  4.133  -46.281  83.865 0.0000000000
29267  2.251  -46.834  85.190 0.0000000000
28433  1.262  -47.624  85.965 0.0000000000
28419  -1.008  -46.946  86.958 0.0000000000
41684  27.532  -31.740  70.934 0.0000000000
39432  27.495  -34.261  70.628 0.0000000000
37755  26.445  -36.317  71.611 0.0000000000
107263  22.236  -35.484  74.014 0.0000000000
51213  32.117  -20.232  63.124 0.0000000000
49474  30.104  -22.864  66.262 0.0000000000
50350  32.521  -21.911  64.885 0.0000000000
50363  35.127  -21.697  64.327 0.0000000000
41656  33.033  -30.862  72.956 0.0000000000
64847  54.326  -4.722  49.347 0.0000000000
109832  51.527  -4.896  51.239 0.0000000000
63157  52.551  -6.079  50.634 0.0000000000
60490  44.347  -9.844  55.033 0.0000000000
59608  45.028  -11.190  55.871 0.0000000000
59622  43.594  -10.490  55.446 0.0000000000
43382  28.376  -28.973  70.672 0.0000000000
43381  29.359  -29.191  70.013 0.0000000000
42532  29.637  -30.018  70.459 0.0000000000
61390  42.572  -7.923  55.264 0.0000000000
63121  43.774  -6.688  54.888 0.0000000000
61401  43.481  -7.991  54.757 0.0000000000
61400  44.438  -8.195  54.427 0.0000000000
26860  1.393  -50.095  85.744 0.0000000000
58768  38.520  -10.986  60.722 0.0000000000
57952  38.557  -11.630  61.706 0.0000000000
51995  34.088  -19.070  61.134 0.0000000000
52002  35.442  -19.069  60.707 0.0000000000
51228  35.513  -20.251  61.761 0.0000000000
51210  37.032  -21.092  63.024 0.0000000000
51211  36.197  -21.290  63.131 0.0000000000
35870  11.591  -38.625  79.605 0.0000000000
35042  12.058  -39.418  79.548 0.0000000000
116558  10.846  -40.257  79.809 0.0000000000
33230  10.539  -41.343  80.237 0.0000000000
35023  9.414  -39.688  80.163 0.0000000000
40110  25.528  -31.768  75.067 0.0000000000
109653  24.666  -32.495  73.192 0.0000000000
107058  24.011  -31.956  74.464 0.0000000000
109497  19.724  -37.875  77.702 0.0000000000
51130  30.197  -20.461  69.469 0.0000000000
47773  34.517  -24.070  69.911 0.0000000000
53656  34.307  -16.606  63.048 0.0000000000
107398  33.292  -16.617  63.859 0.0000000000
38560  16.915  -35.350  76.688 0.0000000000
37661  16.611  -36.766  77.762 0.0000000000
38561  15.666  -34.757  77.584 0.0000000000
38530  13.833  -34.924  79.551 0.0000000000
38516  13.396  -34.941  80.518 0.0000000000
119961  12.211  -36.118  80.531 0.0000000000
116586  22.627  -31.933  76.734 0.0000000000
40066  17.488  -33.133  77.591 0.0000000000
40084  18.425  -33.283  76.712 0.0000000000
39365  17.173  -34.381  76.586 0.0000000000
37686  18.134  -36.118  76.396 0.0000000000
47784  29.831  -25.268  69.300 0.0000000000
46895  30.269  -25.764  69.872 0.0000000000
44262  31.463  -28.488  69.295 0.0000000000
45145  32.106  -27.921  68.947 0.0000000000
45134  33.024  -27.737  69.546 0.0000000000
46011  33.620  -27.017  69.519 0.0000000000
44248  33.933  -28.230  70.814 0.0000000000
63954  45.815  -4.299  55.294 0.0000000000
64832  48.144  -4.152  53.043 0.0000000000
63964  47.077  -5.439  53.115 0.0000000000
61398  46.941  -9.035  54.018 0.0000000000
114989  47.169  -7.750  53.303 0.0000000000
61397  47.839  -9.211  53.904 0.0000000000
60472  40.164  -9.045  56.973 0.0000000000
59613  40.343  -10.180  56.255 0.0000000000
59599  39.141  -10.164  57.237 0.0000000000
57113  37.910  -13.241  58.221 0.0000000000
57977  39.313  -12.735  57.741 0.0000000000
56313  39.622  -14.214  58.632 0.0000000000
55441  40.597  -15.648  59.570 0.0000000000
55442  39.163  -15.621  59.250 0.0000000000
55424  36.388  -14.687  61.454 0.0000000000
57098  36.264  -13.601  60.241 0.0000000000
55446  35.444  -14.946  59.698 0.0000000000
118264  37.961  -18.458  60.602 0.0000000000
53691  37.167  -17.198  59.663 0.0000000000
52799  38.503  -18.158  60.541 0.0000000000
53679  39.838  -17.652  60.472 0.0000000000
39421  28.993  -34.655  71.301 0.0000000000
40132  30.170  -34.087  72.047 0.0000000000
106423  41.054  -8.928  59.024 0.0000000000
61361  40.947  -8.483  58.084 0.0000000000
61380  41.250  -8.174  56.575 0.0000000000
35865  16.082  -38.297  79.455 0.0000000000
35839  15.666  -38.878  80.054 0.0000000000
32367  9.641  -43.211  82.012 0.0000000000
32355  10.742  -42.948  83.337 0.0000000000
31487  9.411  -43.741  83.711 0.0000000000
31488  8.593  -44.124  83.537 0.0000000000
115645  7.501  -39.195  82.670 0.0000000000
34972  7.510  -39.708  81.669 0.0000000000
34137  7.007  -39.983  82.404 0.0000000000
32358  4.604  -43.088  83.456 0.0000000000
32370  5.430  -42.581  82.649 0.0000000000
112864  5.619  -44.215  82.625 0.0000000000
30672  6.837  -44.928  83.139 0.0000000000
123204  5.108  -45.183  83.188 0.0000000000
29273  5.542  -46.339  84.241 0.0000000000
29995  4.678  -45.639  83.513 0.0000000000
30654  2.329  -44.825  86.133 0.0000000000
29990  2.801  -46.035  84.682 0.0000000000
111363  2.218  -45.731  85.575 0.0000000000
29268  1.628  -47.054  85.765 0.0000000000
29978  1.286  -45.860  86.878 0.0000000000
41649  27.276  -30.999  73.878 0.0000000000
112706  27.539  -30.130  72.546 0.0000000000
40903  27.103  -32.115  71.301 0.0000000000
40912  27.259  -32.573  70.907 0.0000000000
40161  26.567  -33.125  70.997 0.0000000000
38638  24.586  -35.585  71.345 0.0000000000
38648  25.483  -35.291  70.913 0.0000000000
37740  25.373  -36.520  72.273 0.0000000000
39377  20.989  -33.827  75.189 0.0000000000
38604  21.959  -34.695  73.872 0.0000000000
38592  21.715  -35.308  74.528 0.0000000000
36789  23.199  -37.667  76.368 0.0000000000
111609  42.551  -12.597  57.944 0.0000000000
57974  43.485  -12.360  57.923 0.0000000000
57103  43.596  -13.136  59.352 0.0000000000
52761  31.545  -18.490  64.892 0.0000000000
52775  31.501  -18.756  63.987 0.0000000000
51196  31.101  -20.396  64.399 0.0000000000
47810  29.540  -24.259  67.042 0.0000000000
49475  29.510  -22.764  66.700 0.0000000000
47823  30.700  -24.118  66.644 0.0000000000
49456  33.465  -22.418  67.375 0.0000000000
49472  32.384  -22.545  66.303 0.0000000000
50317  33.650  -22.041  66.523 0.0000000000
50349  33.451  -21.865  64.976 0.0000000000
50336  34.357  -21.826  66.270 0.0000000000
108926  35.869  -21.686  65.806 0.0000000000
41657  32.248  -31.225  72.662 0.0000000000
64843  53.869  -4.200  50.031 0.0000000000
63972  49.989  -5.066  51.900 0.0000000000
64836  50.324  -4.140  52.024 0.0000000000
63148  50.607  -5.960  51.614 0.0000000000
63146  52.104  -6.640  51.063 0.0000000000
62322  52.824  -6.959  50.792 0.0000000000
40067  16.870  -33.278  77.850 0.0000000000
39334  15.384  -34.114  78.311 0.0000000000
60488  45.825  -9.983  54.780 0.0000000000
106795  46.776  -10.979  55.935 0.0000000000
59607  45.912  -11.093  55.822 0.0000000000
45135  29.819  -27.315  70.287 0.0000000000
46014  29.846  -27.165  69.495 0.0000000000
44264  29.710  -28.152  69.405 0.0000000000
44252  30.887  -28.985  69.652 0.0000000000
43378  32.037  -29.315  70.553 0.0000000000
63104  45.526  -5.427  57.660 0.0000000000
63109  43.818  -6.019  55.908 0.0000000000
63956  44.699  -5.698  54.669 0.0000000000
63959  45.299  -5.440  54.274 0.0000000000
63129  45.986  -6.542  53.533 0.0000000000
62294  45.576  -7.266  53.799 0.0000000000
112220  45.209  -8.872  54.361 0.0000000000
26858  2.959  -49.361  85.770 0.0000000000
60453  39.573  -9.487  58.711 0.0000000000
59587  38.876  -9.942  58.105 0.0000000000
59588  38.291  -10.582  58.528 0.0000000000
58793  37.429  -11.897  58.642 0.0000000000
57979  37.242  -12.687  58.590 0.0000000000
114957  34.626  -16.904  60.364 0.0000000000
54558  34.938  -16.324  59.957 0.0000000000
52802  35.470  -18.437  60.332 0.0000000000
52000  36.824  -18.874  60.647 0.0000000000
125168  38.107  -20.205  61.923 0.0000000000
51217  38.379  -20.593  62.523 0.0000000000
51195  38.164  -21.223  63.780 0.0000000000
37719  28.500  -36.833  72.669 0.0000000000
35868  13.324  -38.452  79.001 0.0000000000
35019  14.112  -39.384  79.551 0.0000000000
35041  13.008  -39.432  79.415 0.0000000000
34153  13.129  -40.669  80.576 0.0000000000
34145  12.692  -41.180  81.076 0.0000000000
33222  10.136  -42.125  80.829 0.0000000000
32378  9.374  -42.704  81.204 0.0000000000
122308  6.120  -40.360  83.671 0.0000000000
33197  4.787  -41.844  84.201 0.0000000000
31473  4.076  -43.501  83.976 0.0000000000
31474  3.567  -43.997  84.462 0.0000000000
31453  3.324  -43.673  85.349 0.0000000000
31433  3.144  -43.448  86.299 0.0000000000
31415  2.400  -43.916  87.475 0.0000000000
40882  26.282  -31.799  73.889 0.0000000000
40150  25.913  -32.802  71.848 0.0000000000
40134  25.189  -32.826  72.429 0.0000000000
40152  24.013  -33.651  71.536 0.0000000000
38619  23.290  -35.394  72.042 0.0000000000
37698  20.427  -36.406  75.852 0.0000000000
37697  21.271  -36.524  75.712 0.0000000000
36791  21.054  -37.529  76.648 0.0000000000
56297  42.586  -14.829  60.036 0.0000000000
51167  30.301  -20.548  66.501 0.0000000000
46913  32.882  -25.660  68.095 0.0000000000
47807  32.068  -24.685  67.296 0.0000000000
118867  33.295  -24.224  68.287 0.0000000000
49441  34.045  -23.016  69.032 0.0000000000
65665  53.237  -2.680  51.591 0.0000000000
26851  -0.603  -49.997  85.737 0.0000000000
56274  37.820  -14.408  62.571 0.0000000000
55416  36.576  -15.337  62.305 0.0000000000
54547  35.126  -16.111  61.349 0.0000000000
53664  34.113  -17.050  62.102 0.0000000000
53673  33.432  -17.700  61.699 0.0000000000
51996  33.549  -19.513  61.666 0.0000000000
36751  18.347  -37.721  78.285 0.0000000000
123936  17.907  -37.837  78.897 0.0000000000
36752  17.447  -37.433  78.165 0.0000000000
36753  16.018  -37.181  78.326 0.0000000000
36754  15.034  -36.913  78.302 0.0000000000
38547  14.976  -35.041  78.139 0.0000000000
37663  14.279  -36.082  78.420 0.0000000000
36755  14.103  -37.064  78.533 0.0000000000
36740  12.416  -37.552  79.305 0.0000000000
36725  11.890  -36.940  80.045 0.0000000000
36726  11.242  -37.254  80.496 0.0000000000
40112  23.494  -32.102  74.652 0.0000000000
40098  22.992  -31.930  76.020 0.0000000000
40099  21.228  -32.831  75.737 0.0000000000
40100  20.414  -33.382  75.739 0.0000000000
40064  20.052  -32.442  77.281 0.0000000000
40083  19.800  -33.107  76.276 0.0000000000
38584  19.585  -34.791  75.745 0.0000000000
37685  18.976  -36.465  76.249 0.0000000000
37673  18.520  -36.924  76.868 0.0000000000
49430  29.635  -22.399  71.262 0.0000000000
50293  29.346  -21.901  70.057 0.0000000000
48605  29.266  -23.395  69.964 0.0000000000
47785  29.383  -24.810  68.692 0.0000000000
116260  29.929  -25.624  67.445 0.0000000000
118179  29.928  -26.627  68.369 0.0000000000
46035  31.206  -26.846  67.753 0.0000000000
112560  32.367  -26.137  67.837 0.0000000000
46024  33.467  -26.409  68.940 0.0000000000
116257  34.487  -26.084  70.159 0.0000000000
64831  48.900  -3.510  53.086 0.0000000000
64838  48.648  -4.525  52.550 0.0000000000
63139  48.845  -6.177  52.303 0.0000000000
63128  46.831  -6.647  53.168 0.0000000000
62292  47.621  -7.179  52.996 0.0000000000
60492  41.460  -9.230  55.581 0.0000000000
120438  42.670  -10.610  55.669 0.0000000000
59612  41.085  -10.481  56.024 0.0000000000
58805  41.097  -11.850  56.855 0.0000000000
116589  41.016  -12.551  57.527 0.0000000000
57990  39.195  -11.865  57.276 0.0000000000
57976  40.350  -13.019  57.948 0.0000000000
57105  41.407  -13.901  58.995 0.0000000000
55440  41.323  -15.248  59.623 0.0000000000
55435  41.395  -15.916  59.988 0.0000000000
57097  37.015  -12.976  60.785 0.0000000000
57106  36.182  -13.621  59.517 0.0000000000
56315  37.170  -14.290  58.727 0.0000000000
54565  36.066  -16.151  59.306 0.0000000000
108914  37.680  -15.969  59.178 0.0000000000
55443  38.309  -15.403  59.046 0.0000000000
54556  39.608  -16.905  60.050 0.0000000000
40902  29.112  -32.131  70.842 0.0000000000
41673  29.634  -31.474  71.038 0.0000000000
40901  29.876  -32.271  71.411 0.0000000000
116262  30.904  -32.938  72.444 0.0000000000
126097  42.441  -7.251  57.120 0.0000000000
62266  41.886  -7.764  55.962 0.0000000000
35821  9.816  -37.664  81.468 0.0000000000
35805  9.166  -37.898  82.026 0.0000000000
35822  9.319  -38.370  80.972 0.0000000000
34158  8.479  -40.236  80.465 0.0000000000
33224  8.072  -41.609  80.721 0.0000000000
112093  7.416  -42.171  81.177 0.0000000000
33216  6.042  -41.708  82.220 0.0000000000
32381  6.646  -42.210  81.603 0.0000000000
31541  7.500  -43.479  81.805 0.0000000000
30679  7.280  -44.360  82.610 0.0000000000
30665  7.135  -45.184  84.035 0.0000000000
28449  4.520  -47.660  85.086 0.0000000000
29989  3.426  -45.711  84.140 0.0000000000
29275  3.444  -46.477  84.250 0.0000000000
27615  3.258  -48.580  85.344 0.0000000000
27616  2.316  -48.697  85.415 0.0000000000
119889  1.577  -48.328  85.592 0.0000000000
27605  0.615  -48.906  85.891 0.0000000000
29251  0.594  -46.112  87.251 0.0000000000
28434  0.384  -47.459  86.506 0.0000000000
27606  -0.707  -48.334  86.299 0.0000000000
43368  28.055  -29.182  71.311 0.0000000000
42503  27.680  -29.983  71.523 0.0000000000
41683  28.095  -31.174  70.732 0.0000000000
40911  27.886  -32.161  70.666 0.0000000000
40159  28.014  -33.617  70.644 0.0000000000
38634  28.389  -35.390  71.195 0.0000000000
39434  25.868  -34.542  70.721 0.0000000000
38635  26.727  -35.789  71.066 0.0000000000
37738  27.871  -36.575  72.020 0.0000000000
40124  22.534  -33.296  73.578 0.0000000000
39398  22.299  -34.178  73.105 0.0000000000
37725  22.822  -35.920  73.706 0.0000000000
115015  22.066  -36.648  75.505 0.0000000000
37696  23.335  -36.788  75.023 0.0000000000
37709  24.185  -36.787  74.040 0.0000000000
58815  43.823  -11.701  56.588 0.0000000000
52759  32.557  -17.204  64.107 0.0000000000
52783  32.291  -18.620  62.690 0.0000000000
51222  33.085  -20.060  62.228 0.0000000000
50309  29.333  -21.717  68.303 0.0000000000
50319  29.599  -21.933  66.818 0.0000000000
50352  30.433  -21.572  65.631 0.0000000000
48642  31.234  -23.537  66.526 0.0000000000
49483  31.231  -22.280  65.558 0.0000000000
50367  31.384  -21.241  64.562 0.0000000000
50366  32.087  -21.477  64.254 0.0000000000
50379  33.258  -21.347  63.559 0.0000000000
50385  34.651  -21.160  62.869 0.0000000000
107110  36.010  -21.696  64.886 0.0000000000
41671  31.033  -31.113  71.808 0.0000000000
42518  32.161  -30.139  71.626 0.0000000000
42517  32.847  -29.909  71.873 0.0000000000
42489  33.930  -30.466  73.154 0.0000000000
123153  34.274  -29.161  72.071 0.0000000000
65674  55.297  -3.647  49.276 0.0000000000
65667  51.718  -3.398  51.876 0.0000000000
64845  52.634  -4.120  50.877 0.0000000000
63147  51.400  -6.333  51.329 0.0000000000
63978  51.862  -5.740  51.055 0.0000000000
64844  53.131  -4.594  50.346 0.0000000000
63991  53.712  -5.113  49.789 0.0000000000
63990  54.291  -5.549  49.286 0.0000000000
61389  43.341  -9.482  55.061 0.0000000000
111425  28.755  -29.499  70.427 0.0000000000
126705  29.384  -30.788  70.727 0.0000000000
60491  42.391  -9.051  55.212 0.0000000000
122738  43.104  -8.637  54.980 0.0000000000
60501  43.859  -8.877  54.742 0.0000000000
26861  0.794  -49.539  85.728 0.0000000000
51229  34.439  -19.876  61.588 0.0000000000
51994  35.006  -19.469  61.091 0.0000000000
51219  36.397  -20.779  62.357 0.0000000000
51220  35.478  -20.977  62.589 0.0000000000
35841  10.985  -38.104  80.058 0.0000000000
109214  11.041  -39.230  79.718 0.0000000000
35022  10.159  -39.498  79.999 0.0000000000
40111  24.719  -31.867  74.741 0.0000000000
36750  19.178  -37.970  78.389 0.0000000000
121850  19.867  -38.256  78.407 0.0000000000
51118  30.249  -20.663  70.410 0.0000000000
37675  16.192  -35.680  77.306 0.0000000000
39351  16.837  -33.674  77.138 0.0000000000
40085  17.600  -33.538  76.809 0.0000000000
44237  32.607  -28.883  70.432 0.0000000000
44250  32.410  -28.399  69.722 0.0000000000
44249  33.219  -28.294  70.266 0.0000000000
63958  45.823  -4.800  54.227 0.0000000000
64818  46.396  -4.007  54.666 0.0000000000
64833  47.408  -4.322  53.331 0.0000000000
106542  46.496  -9.709  54.468 0.0000000000
60499  47.300  -9.669  54.332 0.0000000000
59629  47.958  -9.955  54.585 0.0000000000
27602  4.390  -48.474  86.475 0.0000000000
59614  39.791  -9.735  56.794 0.0000000000
57112  38.935  -13.430  58.166 0.0000000000
56314  38.538  -14.073  58.482 0.0000000000
56308  38.928  -14.862  58.864 0.0000000000
56288  35.674  -14.914  60.844 0.0000000000
56300  35.440  -14.875  60.242 0.0000000000
52791  38.623  -18.846  61.026 0.0000000000
39407  29.746  -34.870  71.933 0.0000000000
38617  29.583  -35.809  72.152 0.0000000000
60465  40.246  -9.007  58.399 0.0000000000
115587  40.261  -8.842  57.611 0.0000000000
35866  15.238  -38.475  79.148 0.0000000000
35840  14.882  -38.995  79.544 0.0000000000
32356  9.944  -43.392  82.986 0.0000000000
31513  8.968  -43.718  82.613 0.0000000000
31490  5.114  -43.529  82.863 0.0000000000
112933  5.081  -44.483  82.965 0.0000000000
30674  4.522  -44.854  83.345 0.0000000000
29977  1.853  -45.421  86.486 0.0000000000
29260  1.699  -46.280  86.032 0.0000000000
29968  1.559  -45.223  87.190 0.0000000000
117468  26.892  -31.360  73.965 0.0000000000
41660  26.993  -31.384  72.770 0.0000000000
40890  26.809  -32.012  72.131 0.0000000000
40904  26.636  -32.524  71.541 0.0000000000
38618  24.013  -35.599  71.640 0.0000000000
37741  24.772  -36.128  71.857 0.0000000000
121512  24.810  -36.512  72.555 0.0000000000
37722  25.590  -36.854  73.091 0.0000000000
37723  24.510  -36.646  73.233 0.0000000000
38593  21.031  -35.027  75.093 0.0000000000
57110  42.251  -13.067  58.487 0.0000000000
57966  43.093  -12.868  58.628 0.0000000000
57104  42.713  -13.491  59.153 0.0000000000
51956  30.641  -19.856  65.966 0.0000000000
51955  31.075  -19.152  65.437 0.0000000000
51965  31.113  -19.409  64.537 0.0000000000
47809  29.961  -24.761  66.888 0.0000000000
47824  30.080  -24.206  66.693 0.0000000000
46942  30.543  -24.755  66.825 0.0000000000
49455  34.029  -22.216  68.011 0.0000000000
50316  34.308  -21.893  67.276 0.0000000000
113472  34.918  -21.718  66.770 0.0000000000
65664  54.001  -2.713  51.166 0.0000000000
65670  54.248  -3.314  50.388 0.0000000000
113697  49.749  -6.047  52.008 0.0000000000
40049  17.501  -32.838  78.596 0.0000000000
40050  16.648  -33.183  78.448 0.0000000000
39313  16.911  -32.881  79.284 0.0000000000
59620  45.316  -10.473  55.230 0.0000000000
58813  45.538  -11.519  56.529 0.0000000000
45136  29.449  -27.840  69.956 0.0000000000
43380  30.319  -29.444  70.067 0.0000000000
43392  29.937  -28.816  69.596 0.0000000000
43379  31.288  -29.438  70.290 0.0000000000
109504  44.325  -5.673  56.513 0.0000000000
63115  44.032  -6.075  55.102 0.0000000000
63130  45.186  -6.329  54.048 0.0000000000
62282  44.783  -7.250  54.191 0.0000000000
60500  44.593  -9.095  54.614 0.0000000000
121061  45.752  -9.415  54.457 0.0000000000
59575  39.854  -9.737  59.751 0.0000000000
59576  38.939  -10.026  59.163 0.0000000000
58769  37.746  -11.282  59.906 0.0000000000
58778  37.724  -11.184  58.944 0.0000000000
58779  37.333  -11.710  59.323 0.0000000000
57967  36.986  -12.322  59.229 0.0000000000
53684  34.239  -17.375  60.735 0.0000000000
112183  34.719  -17.728  60.333 0.0000000000
51993  35.925  -19.587  61.138 0.0000000000
52001  36.129  -19.006  60.632 0.0000000000
51992  36.782  -19.453  61.084 0.0000000000
52792  37.620  -19.092  60.957 0.0000000000
51983  37.502  -19.898  61.522 0.0000000000
51218  37.436  -20.593  62.243 0.0000000000
50375  37.465  -21.376  63.727 0.0000000000
50361  37.887  -21.464  64.446 0.0000000000
50345  37.577  -21.583  65.285 0.0000000000
59574  40.693  -9.570  60.155 0.0000000000
114843  11.761  -40.261  79.794 0.0000000000
35021  12.656  -40.178  79.880 0.0000000000
34154  12.307  -40.851  80.334 0.0000000000
121091  12.003  -41.378  80.757 0.0000000000
33220  12.188  -41.642  81.529 0.0000000000
33223  9.023  -41.944  80.591 0.0000000000
33198  4.619  -41.740  84.916 0.0000000000
32347  4.370  -42.521  84.298 0.0000000000
32336  4.158  -42.319  85.334 0.0000000000
31452  3.834  -43.133  84.866 0.0000000000
32337  3.644  -42.870  85.814 0.0000000000
31434  2.617  -44.044  86.697 0.0000000000
40120  26.645  -31.475  74.991 0.0000000000
40133  25.825  -32.291  73.143 0.0000000000
119992  25.384  -32.299  73.458 0.0000000000
107255  23.773  -32.799  72.958 0.0000000000
40135  24.257  -33.081  72.246 0.0000000000
39408  23.356  -33.602  72.024 0.0000000000
38640  23.087  -34.544  71.842 0.0000000000
123594  22.738  -34.102  72.378 0.0000000000
124921  19.730  -36.726  76.156 0.0000000000
37684  20.315  -37.188  76.392 0.0000000000
51928  30.678  -19.665  67.813 0.0000000000
51148  30.256  -20.371  67.361 0.0000000000
47783  33.476  -25.067  68.567 0.0000000000
47782  34.114  -24.774  69.332 0.0000000000
48603  34.087  -23.814  69.250 0.0000000000
48593  34.495  -23.169  69.684 0.0000000000
26852  -1.405  -49.181  85.746 0.0000000000
56275  37.143  -14.779  62.206 0.0000000000
54537  35.433  -16.183  62.334 0.0000000000
124311  34.738  -16.599  61.908 0.0000000000
53663  34.882  -16.423  62.739 0.0000000000
53657  33.489  -17.174  62.849 0.0000000000
52794  33.331  -18.604  61.507 0.0000000000
36772  18.043  -37.201  77.535 0.0000000000
36737  15.606  -37.813  78.715 0.0000000000
39335  14.802  -34.407  78.724 0.0000000000
38531  13.682  -35.658  78.947 0.0000000000
38548  14.289  -35.075  78.704 0.0000000000
37664  13.666  -36.433  78.752 0.0000000000
36739  13.236  -37.157  78.895 0.0000000000
40097  23.927  -31.839  76.262 0.0000000000
40081  21.641  -32.244  76.564 0.0000000000
122986  22.102  -32.307  75.835 0.0000000000
39363  19.010  -33.870  76.106 0.0000000000
117153  19.212  -32.978  76.746 0.0000000000
39379  19.783  -33.884  75.794 0.0000000000
38571  19.603  -35.874  75.898 0.0000000000
37674  17.735  -36.589  76.939 0.0000000000
36771  18.876  -37.528  77.577 0.0000000000
48583  29.661  -23.127  70.993 0.0000000000
48594  30.005  -23.980  70.527 0.0000000000
46905  29.620  -25.544  68.501 0.0000000000
46915  29.526  -25.264  67.915 0.0000000000
112466  30.116  -27.308  68.603 0.0000000000
45155  31.681  -27.384  68.252 0.0000000000
46034  32.105  -26.735  67.967 0.0000000000
46033  32.862  -26.353  68.314 0.0000000000
45123  34.400  -27.585  70.856 0.0000000000
46010  34.335  -26.838  70.288 0.0000000000
121841  45.675  -4.838  56.877 0.0000000000
65647  49.767  -2.859  53.761 0.0000000000
63963  47.929  -4.914  52.767 0.0000000000
119078  48.491  -5.310  52.431 0.0000000000
63965  46.358  -5.875  53.364 0.0000000000
126597  47.746  -7.781  53.160 0.0000000000
62304  48.172  -6.763  52.625 0.0000000000
59624  41.425  -10.012  55.680 0.0000000000
59625  40.870  -9.736  55.897 0.0000000000
58818  40.606  -11.036  56.416 0.0000000000
127266  40.551  -12.102  57.155 0.0000000000
59600  38.532  -10.688  57.653 0.0000000000
58808  38.575  -11.399  57.456 0.0000000000
112561  39.764  -13.446  58.194 0.0000000000
56307  40.739  -14.641  59.154 0.0000000000
54554  41.390  -16.712  60.300 0.0000000000
57953  37.735  -12.223  61.253 0.0000000000
56299  35.749  -14.235  59.932 0.0000000000
57115  36.525  -13.904  58.979 0.0000000000
55454  36.530  -14.756  58.935 0.0000000000
53693  35.473  -16.638  59.654 0.0000000000
53692  36.311  -17.005  59.522 0.0000000000
53690  38.010  -16.841  59.653 0.0000000000
54564  36.988  -16.497  59.323 0.0000000000
108365  38.595  -16.153  59.412 0.0000000000
54563  39.387  -16.274  59.612 0.0000000000
54557  38.901  -16.732  59.788 0.0000000000
110382  29.385  -32.940  71.193 0.0000000000
40131  30.750  -33.777  72.459 0.0000000000
115221  43.572  -6.689  57.679 0.0000000000
61381  40.712  -8.741  56.477 0.0000000000
61391  41.244  -8.496  55.966 0.0000000000
112709  41.841  -8.421  55.549 0.0000000000
36735  17.230  -37.769  78.989 0.0000000000
36724  17.829  -38.131  79.718 0.0000000000
113979  14.391  -39.883  80.523 0.0000000000
36713  10.318  -36.993  82.064 0.0000000000
35798  8.554  -38.155  82.534 0.0000000000
35797  9.046  -37.510  83.033 0.0000000000
35806  8.646  -38.589  81.497 0.0000000000
34997  8.978  -39.131  80.680 0.0000000000
34998  8.240  -39.493  80.993 0.0000000000
34147  7.094  -40.569  81.563 0.0000000000
34146  7.846  -40.542  80.873 0.0000000000
123758  7.390  -41.248  81.103 0.0000000000
34121  5.567  -40.872  83.909 0.0000000000
33206  5.968  -40.877  83.004 0.0000000000
31516  5.865  -43.542  82.311 0.0000000000
32369  6.242  -42.770  81.978 0.0000000000
31515  6.826  -43.673  82.039 0.0000000000
31542  7.071  -42.921  81.610 0.0000000000
31514  7.585  -43.909  82.195 0.0000000000
29993  6.376  -45.490  83.649 0.0000000000
29988  6.636  -45.681  84.480 0.0000000000
28460  4.861  -46.881  84.426 0.0000000000
29266  5.625  -46.711  85.008 0.0000000000
30667  3.478  -44.867  84.209 0.0000000000
29983  3.090  -45.243  84.618 0.0000000000
28462  3.067  -47.096  84.554 0.0000000000
28450  3.609  -47.861  84.874 0.0000000000
28451  2.716  -47.840  85.007 0.0000000000
27604  0.905  -48.308  85.992 0.0000000000
29969  0.977  -45.342  87.720 0.0000000000
29970  0.187  -45.656  87.882 0.0000000000
28418  -0.326  -46.902  87.034 0.0000000000
28435  -0.509  -47.589  86.626 0.0000000000
28436  -1.178  -47.578  86.472 0.0000000000
44238  28.579  -28.470  71.195 0.0000000000
42504  27.333  -30.758  71.910 0.0000000000
42522  27.638  -30.833  71.096 0.0000000000
40160  27.300  -33.419  70.705 0.0000000000
114504  27.778  -32.912  70.670 0.0000000000
39431  28.257  -34.470  70.831 0.0000000000
40151  25.351  -33.242  71.523 0.0000000000
110362  25.878  -33.554  71.009 0.0000000000
38636  25.943  -35.843  71.208 0.0000000000
38647  26.186  -35.336  70.825 0.0000000000
115051  27.539  -35.629  71.031 0.0000000000
37754  27.280  -36.261  71.503 0.0000000000
37739  26.993  -36.664  72.147 0.0000000000
108922  22.635  -32.671  74.449 0.0000000000
38603  22.370  -35.193  73.250 0.0000000000
36807  23.350  -37.228  75.696 0.0000000000
36806  24.037  -37.230  75.314 0.0000000000
37695  23.933  -36.914  74.677 0.0000000000
58816  42.414  -11.236  56.174 0.0000000000
59610  43.283  -11.225  56.032 0.0000000000
120682  42.986  -11.742  56.621 0.0000000000
107360  33.281  -16.215  64.826 0.0000000000
111746  32.517  -17.068  64.878 0.0000000000
51974  31.804  -19.176  63.169 0.0000000000
51985  32.388  -19.595  62.571 0.0000000000
126859  32.627  -20.185  62.665 0.0000000000
49442  29.096  -22.517  69.635 0.0000000000
50302  29.293  -21.791  69.260 0.0000000000
49448  29.014  -22.488  68.680 0.0000000000
49485  29.973  -22.151  66.161 0.0000000000
50337  30.074  -21.366  66.271 0.0000000000
48614  32.705  -23.928  67.677 0.0000000000
48630  31.952  -23.825  67.091 0.0000000000
125470  32.487  -23.324  67.270 0.0000000000
49482  32.026  -22.252  65.530 0.0000000000
49473  31.575  -22.722  66.128 0.0000000000
50351  31.011  -21.726  65.212 0.0000000000
49496  31.683  -21.838  64.935 0.0000000000
50348  34.449  -21.802  65.238 0.0000000000
50365  32.958  -21.644  64.177 0.0000000000
50364  33.980  -21.663  64.133 0.0000000000
50378  33.893  -21.280  63.210 0.0000000000
106696  34.618  -21.518  63.562 0.0000000000
50377  35.370  -21.450  63.379 0.0000000000
50334  36.465  -21.599  66.460 0.0000000000
41672  30.387  -31.602  71.599 0.0000000000
42520  30.323  -30.770  71.106 0.0000000000
42502  31.804  -30.788  72.050 0.0000000000
112912  32.573  -30.492  72.280 0.0000000000
42501  33.338  -30.142  72.429 0.0000000000
42500  34.067  -29.745  72.505 0.0000000000
43364  34.870  -28.494  72.060 0.0000000000
65675  54.572  -3.884  49.619 0.0000000000
65655  50.436  -2.861  53.313 0.0000000000
63979  50.761  -4.932  51.544 0.0000000000
64835  51.169  -4.114  51.681 0.0000000000
64841  51.953  -4.137  51.263 0.0000000000
63985  52.364  -5.013  50.743 0.0000000000
63984  53.114  -5.566  50.232 0.0000000000
59621  44.499  -10.687  55.483 0.0000000000
59609  44.163  -11.218  55.958 0.0000000000
44254  28.860  -28.410  70.474 0.0000000000
44253  29.222  -28.490  69.895 0.0000000000
125242  28.788  -28.854  70.247 0.0000000000
62273  42.741  -7.141  55.685 0.0000000000
63116  43.442  -6.587  55.455 0.0000000000
62283  43.279  -7.221  55.058 0.0000000000
110078  43.988  -7.285  54.590 0.0000000000
59567  39.348  -10.318  60.454 0.0000000000
129059  37.880  -11.559  60.791 0.0000000000
52803  34.721  -18.677  60.644 0.0000000000
122650  36.754  -21.451  63.650 0.0000000000
34156  10.035  -40.485  79.978 0.0000000000
34157  9.131  -40.415  80.166 0.0000000000
32326  4.106  -42.174  86.282 0.0000000000
40122  25.079  -31.966  74.079 0.0000000000
40123  24.246  -32.163  73.850 0.0000000000
107348  23.354  -32.558  73.801 0.0000000000
36770  20.390  -37.767  77.115 0.0000000000
51140  30.148  -20.439  68.693 0.0000000000
46894  34.777  -25.467  70.395 0.0000000000
128941  34.569  -24.881  70.007 0.0000000000
53655  35.157  -16.012  63.615 0.0000000000
52772  34.134  -16.249  63.698 0.0000000000
112316  17.006  -36.242  77.060 0.0000000000
125133  15.480  -35.561  77.759 0.0000000000
39316  14.478  -34.325  79.429 0.0000000000
115896  13.304  -35.439  79.601 0.0000000000
37643  12.794  -35.715  80.034 0.0000000000
40063  21.177  -32.140  77.345 0.0000000000
120215  18.123  -33.046  77.336 0.0000000000
40065  18.990  -32.660  77.602 0.0000000000
39364  18.027  -34.212  76.293 0.0000000000
38573  17.674  -35.211  76.304 0.0000000000
122834  17.468  -35.927  76.616 0.0000000000
47774  30.359  -24.870  70.188 0.0000000000
46904  29.803  -26.014  68.780 0.0000000000
45146  30.951  -27.940  68.611 0.0000000000
45133  33.791  -27.620  70.197 0.0000000000
63953  46.556  -3.969  55.662 0.0000000000
64824  47.951  -3.429  53.879 0.0000000000
61412  46.607  -8.261  53.663 0.0000000000
61411  47.280  -8.557  53.609 0.0000000000
61410  48.724  -8.892  53.419 0.0000000000
60480  40.378  -9.385  56.344 0.0000000000
58819  39.756  -10.629  56.676 0.0000000000
57978  37.828  -12.303  58.112 0.0000000000
57991  38.477  -12.090  57.641 0.0000000000
114722  38.451  -12.754  57.918 0.0000000000
108178  39.820  -15.138  59.161 0.0000000000
109198  39.832  -15.821  59.460 0.0000000000
57089  36.639  -13.855  61.053 0.0000000000
56287  35.937  -14.320  60.601 0.0000000000
52800  37.218  -18.402  60.388 0.0000000000
53681  37.784  -17.759  60.137 0.0000000000
52798  39.245  -18.237  60.750 0.0000000000
40149  28.720  -33.796  70.996 0.0000000000
40148  29.499  -33.852  71.455 0.0000000000
60451  41.826  -8.921  59.779 0.0000000000
60464  41.750  -8.466  58.871 0.0000000000
61360  41.732  -8.101  58.140 0.0000000000
61371  41.354  -8.021  57.379 0.0000000000
61372  40.668  -8.464  57.137 0.0000000000
36736  16.444  -37.789  78.920 0.0000000000
32366  10.444  -42.927  82.358 0.0000000000
30664  8.334  -44.415  84.280 0.0000000000
119507  8.037  -38.494  83.043 0.0000000000
33215  6.475  -40.738  82.229 0.0000000000
32357  4.922  -42.268  83.498 0.0000000000
126350  4.997  -42.853  83.101 0.0000000000
30673  5.845  -44.998  82.971 0.0000000000
29994  5.515  -45.745  83.569 0.0000000000
29280  4.950  -46.264  83.813 0.0000000000
29984  2.691  -45.074  85.255 0.0000000000
29261  1.043  -46.758  86.525 0.0000000000
42493  27.271  -30.767  72.927 0.0000000000
41674  27.208  -31.517  71.533 0.0000000000
38650  24.172  -35.032  71.066 0.0000000000
39435  24.936  -34.711  70.863 0.0000000000
38649  24.856  -35.287  71.036 0.0000000000
37756  25.633  -36.265  71.720 0.0000000000
113942  26.111  -36.662  72.258 0.0000000000
37721  26.630  -36.897  72.913 0.0000000000
39399  21.998  -33.701  74.008 0.0000000000
39388  21.467  -34.270  74.529 0.0000000000
36790  22.386  -37.708  76.564 0.0000000000
36808  22.590  -37.212  75.942 0.0000000000
57987  42.758  -12.182  57.264 0.0000000000
52747  31.774  -18.253  65.941 0.0000000000
52760  32.121  -17.978  64.447 0.0000000000
51975  31.409  -19.771  63.752 0.0000000000
47795  29.144  -24.333  67.880 0.0000000000
48631  29.163  -23.488  67.259 0.0000000000
48644  29.722  -23.548  66.669 0.0000000000
48643  30.402  -23.548  66.426 0.0000000000
49457  32.729  -22.782  67.033 0.0000000000
49471  33.052  -22.374  66.608 0.0000000000
49481  32.983  -22.141  65.773 0.0000000000
106656  33.774  -21.908  65.757 0.0000000000
50347  35.313  -21.742  65.247 0.0000000000
107323  35.086  -21.741  66.001 0.0000000000
40888  31.194  -32.186  72.486 0.0000000000
41658  31.503  -31.488  72.360 0.0000000000
40887  31.848  -31.985  72.917 0.0000000000
64837  49.458  -4.273  52.336 0.0000000000
62312  52.443  -7.447  51.305 0.0000000000
63156  53.291  -6.485  50.306 0.0000000000
39333  16.131  -33.738  77.759 0.0000000000
39314  16.012  -33.355  78.818 0.0000000000
123094  19.085  -32.329  78.582 0.0000000000
116498  18.278  -32.674  78.150 0.0000000000
59631  46.388  -10.501  55.164 0.0000000000
59619  47.168  -10.640  55.429 0.0000000000
46013  30.185  -26.550  70.017 0.0000000000
45147  29.809  -27.611  69.300 0.0000000000
44263  30.488  -28.414  69.191 0.0000000000
44251  31.802  -28.918  69.988 0.0000000000
63108  44.977  -5.216  56.710 0.0000000000
63114  44.561  -5.393  55.617 0.0000000000
63955  45.209  -4.959  54.953 0.0000000000
123993  46.305  -5.255  53.583 0.0000000000
63966  45.787  -5.685  53.756 0.0000000000
62281  45.326  -8.049  54.096 0.0000000000
61413  45.955  -7.962  53.772 0.0000000000
61399  46.039  -8.769  54.092 0.0000000000
27603  3.743  -48.986  86.114 0.0000000000
109292  38.343  -10.652  59.607 0.0000000000
115340  37.753  -13.945  58.514 0.0000000000
54548  34.918  -16.207  60.490 0.0000000000
55437  35.091  -15.538  60.064 0.0000000000
125789  34.981  -17.035  59.953 0.0000000000
53683  35.650  -17.590  59.886 0.0000000000
52801  36.328  -18.372  60.240 0.0000000000
51991  38.326  -19.638  61.478 0.0000000000
51208  38.802  -20.870  63.381 0.0000000000
51209  37.890  -20.970  63.098 0.0000000000
51194  38.677  -21.185  64.335 0.0000000000
37736  29.389  -36.551  72.624 0.0000000000
38601  30.086  -36.116  72.703 0.0000000000
60452  40.407  -9.306  59.319 0.0000000000
35020  13.554  -40.051  80.090 0.0000000000
33213  11.671  -42.105  82.042 0.0000000000
33221  11.289  -41.815  80.962 0.0000000000
33214  10.854  -42.457  81.688 0.0000000000
32377  10.117  -42.744  81.571 0.0000000000
111100  5.126  -41.549  83.835 0.0000000000
30666  3.967  -44.425  83.759 0.0000000000
30653  2.856  -44.242  85.779 0.0000000000
40881  26.762  -31.395  74.508 0.0000000000
40891  26.252  -32.247  72.678 0.0000000000
111678  24.686  -33.416  71.557 0.0000000000
39422  24.382  -34.168  71.101 0.0000000000
39423  23.701  -34.343  71.395 0.0000000000
38639  23.562  -35.026  71.453 0.0000000000
38583  20.918  -35.883  75.445 0.0000000000
112724  20.957  -36.968  76.173 0.0000000000
118349  21.714  -37.761  76.774 0.0000000000
36769  21.312  -38.107  77.354 0.0000000000
109848  42.114  -13.933  59.230 0.0000000000
51942  30.634  -19.748  66.881 0.0000000000
46926  32.207  -25.534  67.543 0.0000000000
47794  32.815  -24.869  67.879 0.0000000000
48613  33.245  -23.526  68.144 0.0000000000
127354  33.741  -24.306  68.820 0.0000000000
48604  33.667  -23.614  68.649 0.0000000000
49447  33.631  -22.848  68.270 0.0000000000
49446  34.274  -22.358  68.706 0.0000000000
61421  49.784  -7.743  52.407 0.0000000000
63138  50.362  -7.054  52.015 0.0000000000
26850  -0.070  -49.194  86.015 0.0000000000
56285  37.902  -13.724  62.220 0.0000000000
56286  37.226  -14.205  61.807 0.0000000000
55425  35.755  -15.399  61.428 0.0000000000
54546  35.811  -15.832  62.047 0.0000000000
54538  34.450  -16.825  61.128 0.0000000000
53672  33.940  -17.416  61.257 0.0000000000
51230  33.891  -20.183  61.985 0.0000000000
109811  18.655  -38.154  79.188 0.0000000000
116739  16.749  -37.414  78.421 0.0000000000
36738  14.709  -37.847  78.617 0.0000000000
37662  14.994  -35.938  78.093 0.0000000000
127194  14.616  -35.531  78.323 0.0000000000
111382  13.921  -37.853  78.710 0.0000000000
37653  12.519  -36.573  79.558 0.0000000000
36741  11.678  -37.815  79.698 0.0000000000
36716  10.532  -37.478  80.944 0.0000000000
106941  24.310  -31.790  75.504 0.0000000000
40113  23.290  -31.986  75.317 0.0000000000
126639  22.508  -32.371  75.260 0.0000000000
39378  20.325  -34.403  75.455 0.0000000000
50292  29.672  -21.606  70.800 0.0000000000
49431  29.348  -22.497  70.505 0.0000000000
124465  28.909  -23.148  69.125 0.0000000000
47775  29.601  -24.397  69.629 0.0000000000
112922  29.000  -23.933  68.958 0.0000000000
46928  29.697  -24.961  67.325 0.0000000000
46927  30.285  -25.324  67.080 0.0000000000
46026  29.816  -26.557  69.119 0.0000000000
45156  30.858  -27.339  68.104 0.0000000000
46036  30.411  -26.800  67.928 0.0000000000
46049  30.623  -26.105  67.450 0.0000000000
46048  31.630  -26.193  67.515 0.0000000000
46912  33.348  -25.852  68.581 0.0000000000
46903  33.833  -25.669  69.118 0.0000000000
46023  34.037  -26.275  69.622 0.0000000000
63973  49.176  -5.203  52.193 0.0000000000
62305  47.506  -6.371  52.838 0.0000000000
62303  48.967  -7.294  52.493 0.0000000000
59623  42.068  -9.926  55.459 0.0000000000
59611  41.860  -10.599  55.857 0.0000000000
58817  41.529  -11.211  56.300 0.0000000000
57988  41.892  -12.335  57.339 0.0000000000
107687  41.806  -12.735  57.949 0.0000000000
58807  39.055  -11.024  57.026 0.0000000000
57989  40.068  -12.343  57.385 0.0000000000
57975  41.340  -13.238  58.310 0.0000000000
56306  41.841  -14.598  59.500 0.0000000000
56298  41.998  -15.370  60.007 0.0000000000
57955  36.605  -12.874  59.791 0.0000000000
57980  36.673  -13.082  59.068 0.0000000000
57114  37.177  -13.483  58.661 0.0000000000
54566  35.387  -15.774  59.650 0.0000000000
55445  35.936  -15.255  59.264 0.0000000000
55444  36.729  -15.643  59.050 0.0000000000
55453  37.393  -15.134  58.863 0.0000000000
54562  40.129  -16.343  59.817 0.0000000000
54555  40.518  -17.038  60.259 0.0000000000
41682  28.848  -31.314  70.661 0.0000000000
40889  30.544  -32.294  72.037 0.0000000000
40147  30.177  -33.168  71.859 0.0000000000
115491  43.031  -6.823  56.979 0.0000000000
62265  42.471  -7.176  56.372 0.0000000000
62258  41.833  -7.605  56.784 0.0000000000
35837  17.333  -38.443  80.446 0.0000000000
36715  11.013  -36.801  81.578 0.0000000000
35804  9.638  -37.216  82.558 0.0000000000
35843  9.577  -38.990  80.373 0.0000000000
35024  8.810  -39.762  80.410 0.0000000000
33232  8.629  -41.045  80.323 0.0000000000
32379  8.419  -42.516  81.032 0.0000000000
34129  6.494  -40.178  83.078 0.0000000000
32380  7.879  -43.082  81.422 0.0000000000
31540  8.146  -43.676  81.981 0.0000000000
31489  8.076  -44.112  82.711 0.0000000000
30671  7.757  -44.624  83.523 0.0000000000
109042  7.778  -44.793  84.605 0.0000000000
117145  4.635  -48.030  85.906 0.0000000000
27614  4.077  -48.363  85.543 0.0000000000
29996  3.973  -45.317  83.703 0.0000000000
28461  3.933  -47.155  84.339 0.0000000000
28452  1.961  -47.748  85.406 0.0000000000
27617  1.428  -49.125  85.620 0.0000000000
29252  -0.103  -46.269  87.436 0.0000000000
29262  0.307  -46.723  86.995 0.0000000000
114262  0.089  -48.301  86.271 0.0000000000
42521  28.182  -29.953  70.868 0.0000000000
40910  28.446  -31.911  70.617 0.0000000000
115532  28.521  -32.839  70.756 0.0000000000
39433  26.662  -33.984  70.668 0.0000000000
38646  26.911  -34.991  70.621 0.0000000000
37753  28.001  -36.096  71.454 0.0000000000
37737  28.743  -36.162  71.896 0.0000000000
38620  22.632  -34.893  72.463 0.0000000000
38602  23.044  -35.697  72.836 0.0000000000
37724  23.609  -36.328  73.391 0.0000000000
38582  21.579  -35.950  75.147 0.0000000000
37711  22.474  -36.203  74.690 0.0000000000
111414  22.776  -36.813  75.369 0.0000000000
37710  23.366  -36.514  74.246 0.0000000000
37708  25.050  -37.013  73.952 0.0000000000
128371  43.474  -12.020  57.151 0.0000000000
57986  44.274  -11.998  57.395 0.0000000000
57095  43.297  -13.786  59.790 0.0000000000
120338  34.104  -15.877  64.464 0.0000000000
52773  32.684  -17.635  63.194 0.0000000000
52774  32.097  -18.233  63.565 0.0000000000
51984  32.762  -19.115  61.992 0.0000000000
50301  29.731  -21.239  69.836 0.0000000000
50308  29.755  -21.089  68.922 0.0000000000
50318  29.886  -20.943  67.987 0.0000000000
49458  29.158  -22.484  67.591 0.0000000000
124114  29.503  -21.649  67.504 0.0000000000
113934  29.863  -21.128  67.026 0.0000000000
51183  30.466  -20.741  65.717 0.0000000000
47808  31.281  -24.422  66.867 0.0000000000
48652  30.809  -22.864  66.091 0.0000000000
48629  32.046  -23.101  66.731 0.0000000000
49484  30.564  -22.252  65.787 0.0000000000
51197  30.797  -21.003  65.028 0.0000000000
50381  31.690  -20.752  63.853 0.0000000000
50380  32.491  -21.079  63.588 0.0000000000
51212  33.009  -20.754  62.916 0.0000000000
51221  33.849  -20.722  62.512 0.0000000000
50376  36.076  -21.592  63.959 0.0000000000
50346  36.704  -21.640  65.521 0.0000000000
42519  31.324  -30.433  71.382 0.0000000000
43367  31.727  -29.801  70.954 0.0000000000
43366  32.635  -29.481  71.159 0.0000000000
41647  33.537  -31.289  73.583 0.0000000000
43365  33.537  -29.436  71.773 0.0000000000
108205  34.096  -28.731  71.485 0.0000000000
44235  34.452  -28.142  71.332 0.0000000000
65661  50.902  -3.256  52.500 0.0000000000
125877  52.158  -3.022  52.057 0.0000000000
65666  52.487  -3.336  51.463 0.0000000000
124582  51.214  -5.550  51.334 0.0000000000
63165  53.769  -6.010  49.777 0.0000000000
38637  25.203  -35.775  71.313 0.0000000000
38645  27.749  -34.988  70.738 0.0000000000
56305  42.618  -14.172  59.632 0.0000000000
125264  10.708  -40.810  79.994 0.0000000000
