#!ascii label  , from subject sub-v2s0x29025_ses-1 vox2ras=TkReg
1785
127907  41.155  -75.072  20.655 0.2000000030
7462  41.271  -74.610  21.638 0.2000000030
7473  40.795  -74.789  20.674 0.2000000030
7472  41.441  -74.872  21.298 0.2000000030
113509  40.305  -74.234  18.576 0.1000000015
8103  41.808  -74.082  22.614 0.3000000119
7463  39.940  -74.353  21.365 0.2000000030
7482  40.001  -74.527  19.966 0.1000000015
7481  40.768  -75.010  19.986 0.2000000030
7474  39.683  -74.365  20.659 0.1000000015
7487  40.304  -74.664  19.273 0.1000000015
8134  39.824  -74.119  19.459 0.1000000015
8756  39.352  -73.328  20.032 0.1000000015
9394  40.141  -71.435  19.928 0.1000000015
8133  40.277  -73.322  18.961 0.1000000015
8767  40.574  -72.289  18.624 0.1000000015
10119  40.703  -70.772  19.727 0.2000000030
9409  40.637  -71.401  19.292 0.1000000015
8106  38.370  -73.084  22.084 0.1000000015
8747  38.067  -72.464  21.659 0.1000000015
8115  39.047  -74.038  21.106 0.1000000015
8123  39.311  -74.042  20.334 0.1000000015
9395  39.216  -72.267  20.282 0.1000000015
110211  40.708  -69.635  20.191 0.2000000030
10120  40.146  -70.511  20.260 0.2000000030
11644  41.234  -68.918  20.005 0.1000000015
10874  40.951  -70.137  19.834 0.2000000030
11643  41.644  -68.191  19.595 0.2000000030
11674  41.712  -68.051  19.272 0.1000000015
12437  42.124  -67.561  19.222 0.1000000015
8757  38.540  -72.891  20.815 0.1000000015
9382  37.793  -71.548  21.606 0.1000000015
12420  41.125  -67.955  20.149 0.2000000030
124570  41.534  -67.177  20.102 0.2000000030
13200  42.345  -66.888  19.744 0.2000000030
12419  42.029  -67.592  19.589 0.2000000030
12418  42.686  -67.036  19.211 0.1000000015
122110  42.698  -66.982  18.926 0.2000000030
9396  38.365  -71.979  20.975 0.1000000015
111940  38.259  -71.205  21.043 0.1000000015
112089  39.140  -71.320  20.514 0.1000000015
10875  39.474  -69.665  20.620 0.2000000030
110249  39.016  -67.926  20.673 0.2000000030
11645  40.122  -68.698  20.449 0.3000000119
13995  42.609  -65.996  19.893 0.3000000119
13210  43.244  -66.425  19.052 0.2000000030
13217  43.321  -66.265  18.960 0.2000000030
13224  41.791  -66.544  18.241 0.2000000030
12421  40.009  -67.694  20.490 0.3000000119
116183  41.671  -65.452  20.355 0.3000000119
14776  42.599  -65.010  20.172 0.3000000119
15582  43.361  -64.193  20.055 0.3000000119
14775  43.784  -65.052  19.431 0.3000000119
14015  43.851  -65.583  18.941 0.2000000030
14022  42.169  -66.067  18.262 0.2000000030
14023  41.234  -66.194  17.940 0.2000000030
116425  41.307  -63.221  20.538 0.4000000060
113883  40.649  -65.333  20.502 0.3000000119
14777  41.248  -64.681  20.497 0.3000000119
13201  40.416  -66.889  20.421 0.2000000030
13996  41.364  -66.260  20.316 0.2000000030
14793  44.335  -64.779  19.057 0.3000000119
14016  43.137  -65.881  18.661 0.2000000030
14806  44.223  -64.927  19.001 0.2000000030
14808  42.516  -65.178  18.333 0.2000000030
16447  41.825  -62.559  20.514 0.3000000119
115804  42.642  -63.322  20.382 0.3000000119
15597  44.373  -64.170  19.055 0.2000000030
113963  42.706  -63.182  18.467 0.2000000030
117548  43.917  -63.532  18.720 0.2000000030
15609  43.296  -64.270  18.576 0.2000000030
120774  40.663  -63.822  18.386 0.2000000030
15610  41.928  -64.058  18.425 0.2000000030
14809  41.190  -64.759  18.191 0.2000000030
16446  43.178  -62.541  20.291 0.3000000119
16445  44.488  -62.335  19.703 0.3000000119
109997  43.945  -63.336  19.805 0.3000000119
17300  44.487  -61.373  19.888 0.2000000030
16462  44.820  -62.407  19.227 0.3000000119
16461  44.928  -61.979  19.149 0.2000000030
114994  44.589  -63.046  19.142 0.1000000015
16472  43.877  -62.641  18.647 0.1000000015
16473  41.649  -62.252  18.470 0.1000000015
110206  42.827  -62.234  18.464 0.1000000015
17334  43.712  -61.540  18.551 0.1000000015
113685  41.214  -63.088  18.467 0.1000000015
122560  42.509  -61.239  20.405 0.3000000119
17301  43.460  -61.699  20.281 0.2000000030
128570  44.406  -60.825  19.901 0.2000000030
19133  44.644  -59.918  19.267 0.2000000030
125111  44.612  -59.190  19.221 0.1000000015
18187  44.798  -60.887  19.430 0.1000000015
18214  44.786  -60.481  19.092 0.1000000015
17333  44.808  -61.343  18.876 0.1000000015
110134  44.626  -62.117  18.819 0.1000000015
17335  42.088  -61.386  18.416 0.1000000015
17336  40.808  -61.361  18.376 0.1000000015
19117  42.839  -59.868  20.019 0.2000000030
19132  44.735  -59.486  19.065 0.1000000015
19143  44.484  -58.909  18.709 0.1000000015
128737  44.604  -59.694  18.822 0.1000000015
18215  44.117  -60.332  18.612 0.1000000015
18216  42.893  -59.555  18.136 0.1000000015
108604  42.576  -60.416  18.313 0.1000000015
19152  43.686  -58.282  17.934 0.1000000015
18225  41.470  -59.470  17.709 0.1000000015
18217  41.111  -60.473  18.144 0.1000000015
20051  44.332  -57.979  18.491 0.1000000015
9410  40.109  -72.370  19.466 0.1000000015
8124  38.830  -73.581  20.750 0.1000000015
11661  41.296  -68.783  19.556 0.1000000015
19922  43.809  -58.205  30.715 0.5000000000
20735  43.417  -57.627  32.209 0.5000000000
20745  43.107  -57.880  31.280 0.5000000000
19923  42.754  -58.283  30.318 0.5000000000
19936  42.601  -58.454  29.404 0.5000000000
106760  42.154  -57.654  33.508 0.2000000030
20709  42.997  -57.813  33.261 0.2000000030
20723  42.623  -57.493  32.703 0.3000000119
20736  42.384  -57.580  31.765 0.5000000000
20737  41.319  -57.496  31.327 0.5000000000
20746  42.005  -57.924  30.800 0.5000000000
19935  43.463  -58.593  29.060 0.5000000000
19937  41.776  -58.199  28.905 0.5000000000
19947  43.536  -58.552  28.108 0.5000000000
106445  45.608  -58.058  26.461 0.5000000000
21524  41.235  -57.153  33.517 0.3000000119
125620  41.755  -57.346  32.162 0.5000000000
20747  40.961  -57.662  30.229 0.5000000000
20755  41.791  -58.197  29.827 0.5000000000
19948  42.648  -58.416  28.483 0.5000000000
19958  43.872  -58.223  27.188 0.5000000000
19082  47.698  -59.387  23.683 0.4000000060
19999  47.055  -57.965  23.555 0.5000000000
121085  47.490  -57.931  24.486 0.5000000000
19966  46.415  -57.470  25.549 0.5000000000
19967  44.733  -57.818  26.479 0.5000000000
18151  46.855  -59.737  23.545 0.4000000060
20710  41.332  -57.794  34.342 0.3000000119
20711  40.760  -57.008  34.150 0.4000000060
21525  40.392  -56.512  33.513 0.4000000060
21549  40.812  -57.023  32.045 0.5000000000
21535  40.203  -56.433  32.532 0.5000000000
20738  40.445  -57.118  30.989 0.5000000000
21550  40.006  -56.444  31.592 0.5000000000
20756  41.165  -57.853  29.347 0.5000000000
20761  41.949  -57.889  27.994 0.5000000000
19968  44.009  -57.545  26.457 0.6000000238
20782  46.932  -57.145  24.600 0.5000000000
20776  45.573  -57.138  25.689 0.5000000000
20777  44.684  -56.908  25.821 0.5000000000
111499  47.143  -62.127  23.706 0.4000000060
17266  47.866  -61.516  23.693 0.4000000060
19083  46.472  -58.649  23.461 0.5000000000
19843  41.142  -58.400  37.815 0.1000000015
126872  41.244  -57.791  37.597 0.1000000015
21496  41.225  -57.220  37.390 0.1000000015
20680  40.922  -57.887  37.119 0.1000000015
21488  41.122  -56.337  37.294 0.1000000015
20681  40.557  -57.545  36.453 0.1000000015
21497  40.566  -56.819  36.772 0.1000000015
21489  40.541  -55.903  36.941 0.1000000015
20700  40.536  -57.389  34.902 0.2000000030
113617  40.195  -56.914  35.385 0.1000000015
21534  40.896  -56.836  32.921 0.5000000000
21514  40.138  -56.474  34.574 0.4000000060
22382  39.734  -55.874  32.993 0.4000000060
21536  39.687  -55.981  32.242 0.5000000000
22399  39.858  -55.941  30.989 0.5000000000
123224  40.113  -56.598  30.771 0.5000000000
19959  42.843  -58.154  27.552 0.5000000000
20783  46.230  -56.575  24.808 0.5000000000
20810  46.841  -57.206  23.790 0.5000000000
17267  46.944  -61.003  23.657 0.4000000060
15553  46.656  -63.778  23.816 0.5000000000
18895  43.334  -59.609  39.468 0.1000000015
19815  42.616  -59.024  39.268 0.1000000015
19830  42.203  -58.378  38.718 0.1000000015
20668  41.766  -57.698  38.034 0.1000000015
109011  41.876  -56.728  37.633 0.1000000015
20649  42.591  -57.724  38.411 0.1000000015
24006  40.303  -53.334  36.671 0.2000000030
20689  40.482  -57.766  35.814 0.1000000015
21506  40.102  -56.766  36.037 0.1000000015
111217  40.041  -55.854  36.368 0.1000000015
22352  39.776  -54.797  36.352 0.2000000030
125826  39.845  -56.093  35.881 0.1000000015
22360  39.622  -55.439  35.646 0.2000000030
23184  39.421  -54.445  35.552 0.2000000030
24011  39.953  -53.142  35.995 0.2000000030
24853  40.641  -52.704  36.211 0.2000000030
114018  39.854  -56.233  35.406 0.2000000030
22368  39.595  -55.660  34.772 0.2000000030
22377  39.697  -55.788  33.881 0.3000000119
124766  39.346  -55.172  33.317 0.3000000119
126484  39.288  -54.799  32.958 0.4000000060
22383  39.418  -55.276  32.500 0.5000000000
20778  43.768  -56.762  26.030 0.5000000000
21551  39.623  -55.661  31.729 0.4000000060
22458  44.522  -54.834  24.339 0.5000000000
123145  44.325  -54.905  24.944 0.5000000000
21583  43.599  -55.653  25.642 0.5000000000
21609  45.228  -55.610  23.933 0.5000000000
21588  45.019  -55.359  24.654 0.5000000000
20785  44.573  -55.852  25.354 0.5000000000
20757  40.661  -57.309  29.361 0.5000000000
20748  40.318  -57.019  30.134 0.5000000000
20000  46.250  -57.561  23.453 0.5000000000
21608  45.839  -56.241  23.850 0.5000000000
21587  45.612  -55.941  24.301 0.5000000000
20779  42.805  -56.621  26.368 0.5000000000
110820  45.933  -60.559  23.859 0.5000000000
20784  45.437  -56.127  25.095 0.5000000000
20770  43.190  -57.574  26.741 0.6000000238
20794  46.481  -56.647  24.110 0.5000000000
123187  45.740  -63.320  24.113 0.4000000060
17993  44.717  -60.053  39.221 0.1000000015
19814  43.582  -58.806  39.171 0.1000000015
122629  43.867  -58.092  38.684 0.1000000015
19827  45.312  -58.425  38.339 0.1000000015
19829  43.019  -58.225  38.835 0.1000000015
20667  42.670  -57.041  37.965 0.1000000015
21487  42.752  -56.256  37.696 0.1000000015
22346  41.863  -55.875  37.561 0.1000000015
123558  41.749  -55.067  37.811 0.1000000015
22347  41.033  -55.392  37.417 0.1000000015
23176  41.505  -54.184  37.795 0.2000000030
23999  40.813  -53.657  37.318 0.2000000030
22351  40.270  -55.112  36.971 0.1000000015
23181  40.118  -54.187  36.951 0.2000000030
23190  39.196  -54.254  34.627 0.3000000119
24016  39.393  -53.522  34.241 0.3000000119
24872  40.217  -52.749  35.260 0.2000000030
23201  39.184  -54.266  33.486 0.3000000119
24873  39.732  -53.059  34.635 0.2000000030
23210  39.355  -54.493  32.571 0.4000000060
24030  39.599  -53.276  33.349 0.3000000119
23222  39.497  -54.828  31.837 0.4000000060
24042  39.449  -53.836  32.741 0.4000000060
123459  43.438  -54.491  25.244 0.5000000000
114728  42.579  -55.456  26.056 0.5000000000
113594  39.759  -55.213  31.255 0.5000000000
23300  41.778  -53.181  25.973 0.5000000000
109432  41.636  -54.382  26.698 0.5000000000
22451  41.767  -55.378  26.683 0.5000000000
21575  41.900  -56.449  26.808 0.6000000238
22416  40.177  -56.230  30.149 0.5000000000
22442  41.276  -55.482  27.378 0.5000000000
20771  42.269  -57.404  27.116 0.5000000000
20762  41.144  -57.484  28.533 0.5000000000
20772  41.493  -57.107  27.599 0.5000000000
123717  45.821  -66.345  24.032 0.4000000060
128253  45.909  -65.157  23.935 0.4000000060
16415  47.408  -63.179  23.697 0.4000000060
109794  46.428  -57.186  37.359 0.1000000015
19842  45.883  -57.724  37.594 0.1000000015
21485  45.292  -56.579  37.703 0.1000000015
126210  44.579  -58.016  38.440 0.1000000015
20665  44.700  -56.911  37.700 0.1000000015
21486  44.420  -56.365  37.757 0.1000000015
20647  44.221  -57.423  38.134 0.1000000015
22345  42.607  -55.470  37.894 0.1000000015
23175  42.394  -54.563  38.107 0.1000000015
23997  42.318  -53.602  37.971 0.2000000030
24836  41.774  -52.560  37.082 0.2000000030
24005  41.028  -52.819  36.974 0.2000000030
24852  41.523  -52.375  36.445 0.2000000030
23258  45.297  -54.925  28.882 0.2000000030
24891  40.959  -52.475  34.580 0.2000000030
23259  44.456  -55.176  29.017 0.2000000030
23237  43.992  -54.857  29.908 0.2000000030
24067  43.303  -54.475  30.562 0.2000000030
123438  40.074  -52.819  33.669 0.2000000030
23281  43.908  -54.825  28.823 0.2000000030
23260  43.492  -55.115  29.189 0.2000000030
23261  42.459  -54.970  29.287 0.2000000030
23239  42.033  -54.892  30.039 0.2000000030
24068  42.501  -54.413  30.704 0.3000000119
23220  41.534  -54.403  30.776 0.4000000060
118913  41.810  -54.733  28.529 0.2000000030
23282  42.851  -54.645  28.857 0.3000000119
23262  41.410  -55.200  29.348 0.4000000060
23240  41.068  -54.940  30.185 0.4000000060
126933  40.730  -54.539  30.816 0.5000000000
23221  40.058  -54.436  31.328 0.4000000060
24110  41.598  -53.627  27.018 0.5000000000
23291  41.499  -54.741  27.867 0.4000000060
23283  41.283  -55.277  28.579 0.4000000060
22427  40.872  -55.678  29.018 0.5000000000
22415  40.662  -55.571  29.781 0.5000000000
23241  40.237  -55.230  30.582 0.5000000000
120116  41.429  -54.817  27.412 0.5000000000
22437  41.098  -55.561  28.158 0.5000000000
21568  40.952  -56.228  28.057 0.5000000000
21576  41.275  -56.289  27.383 0.5000000000
110774  41.040  -56.802  28.036 0.5000000000
20763  40.715  -56.816  28.679 0.5000000000
21565  40.436  -56.666  29.422 0.5000000000
20662  48.654  -57.694  36.870 0.1000000015
20663  47.605  -57.508  37.076 0.1000000015
21471  47.186  -56.398  38.031 0.1000000015
126536  45.962  -56.490  37.644 0.1000000015
21484  46.540  -56.610  37.585 0.1000000015
22342  45.462  -55.916  38.008 0.1000000015
22341  46.258  -56.032  38.119 0.1000000015
22338  44.104  -55.118  38.286 0.1000000015
22337  44.969  -55.176  38.395 0.1000000015
23174  43.246  -54.932  38.241 0.1000000015
23167  43.071  -54.046  38.316 0.2000000030
23987  43.784  -53.670  38.314 0.2000000030
23996  43.108  -53.167  37.985 0.2000000030
24871  41.199  -52.363  35.556 0.2000000030
23236  44.976  -54.779  29.557 0.1000000015
24909  40.737  -52.621  33.710 0.2000000030
24064  46.346  -53.745  30.283 0.1000000015
24065  45.535  -53.952  30.368 0.1000000015
24066  44.684  -54.022  30.586 0.1000000015
120642  43.846  -53.928  30.965 0.1000000015
24041  39.969  -53.401  32.459 0.3000000119
24922  40.374  -52.848  32.993 0.2000000030
24051  42.980  -53.747  31.282 0.1000000015
24052  41.904  -53.638  31.512 0.1000000015
24054  40.222  -53.742  31.818 0.2000000030
22428  40.505  -56.102  29.431 0.5000000000
22438  40.731  -56.219  28.812 0.5000000000
21482  49.018  -57.132  37.430 0.1000000015
21470  48.303  -56.512  38.148 0.1000000015
22334  47.791  -55.780  38.857 0.1000000015
22336  45.842  -55.255  38.577 0.1000000015
22335  46.791  -55.406  38.885 0.1000000015
23164  45.432  -54.415  38.685 0.1000000015
23165  44.497  -54.277  38.505 0.2000000030
23995  43.924  -52.904  37.882 0.2000000030
24834  43.255  -52.486  37.387 0.2000000030
24835  42.403  -52.754  37.505 0.2000000030
24851  42.502  -52.210  36.737 0.2000000030
24870  42.146  -52.105  35.803 0.2000000030
24037  44.431  -53.207  31.568 0.1000000015
24908  41.654  -52.501  33.807 0.1000000015
24921  41.279  -52.679  32.947 0.2000000030
24038  43.553  -53.136  31.874 0.1000000015
24039  42.624  -53.050  32.098 0.1000000015
24040  40.903  -53.234  32.159 0.2000000030
21468  50.243  -56.533  38.170 0.1000000015
21469  49.354  -56.554  38.180 0.1000000015
22320  50.293  -55.424  39.367 0.1000000015
22333  48.765  -55.945  38.916 0.1000000015
22321  49.254  -55.322  39.465 0.1000000015
22322  48.321  -55.179  39.455 0.1000000015
23155  47.053  -54.421  39.276 0.1000000015
22323  47.536  -55.047  39.367 0.1000000015
23163  46.271  -54.490  38.951 0.1000000015
125303  45.999  -53.576  38.696 0.1000000015
23985  45.132  -53.523  38.478 0.1000000015
24820  45.684  -52.919  38.247 0.1000000015
24821  44.852  -52.734  37.900 0.1000000015
24833  44.162  -52.343  37.286 0.2000000030
24850  43.554  -52.102  36.662 0.2000000030
109879  43.081  -52.065  35.922 0.2000000030
108468  42.840  -52.246  35.024 0.2000000030
24890  41.924  -52.332  34.789 0.2000000030
122208  48.011  -53.285  30.481 0.1000000015
24926  46.656  -52.796  31.800 0.1000000015
24049  46.052  -53.185  31.088 0.1000000015
24050  45.258  -53.239  31.280 0.1000000015
24907  42.741  -52.497  33.905 0.2000000030
24927  45.813  -52.774  31.911 0.1000000015
24928  45.052  -52.765  32.179 0.1000000015
24920  42.224  -52.636  32.945 0.2000000030
23151  50.788  -54.760  39.881 0.1000000015
23153  48.839  -54.459  39.702 0.1000000015
127776  46.656  -53.777  39.031 0.1000000015
127535  46.182  -53.005  38.439 0.1000000015
24832  45.696  -52.402  37.620 0.1000000015
128438  45.194  -52.032  36.429 0.1000000015
24849  44.465  -52.059  36.514 0.1000000015
24868  44.961  -52.040  35.621 0.1000000015
107967  43.974  -52.041  35.833 0.2000000030
24903  47.292  -52.744  33.195 0.1000000015
24904  46.368  -52.618  33.297 0.1000000015
24905  45.461  -52.557  33.620 0.1000000015
24887  45.188  -52.303  34.549 0.1000000015
24888  44.293  -52.228  34.920 0.1000000015
120649  47.525  -52.987  31.311 0.1000000015
24915  47.427  -52.866  32.337 0.1000000015
120733  46.258  -52.678  32.478 0.1000000015
119498  44.973  -52.650  33.014 0.1000000015
120717  43.649  -52.584  33.528 0.1000000015
24889  43.598  -52.415  34.414 0.1000000015
24917  45.655  -52.648  32.755 0.1000000015
24918  44.195  -52.752  32.677 0.1000000015
23974  49.332  -53.740  39.784 0.1000000015
23975  48.617  -53.687  39.556 0.1000000015
23983  48.152  -53.262  39.215 0.1000000015
125454  46.746  -53.060  38.618 0.1000000015
24819  46.320  -52.615  38.096 0.1000000015
24848  45.788  -52.050  36.843 0.1000000015
24884  48.209  -52.114  34.632 0.1000000015
106429  47.267  -51.893  35.885 0.1000000015
24866  46.549  -51.966  35.496 0.1000000015
24902  48.716  -52.819  33.439 0.1000000015
119565  48.906  -52.402  34.113 0.1000000015
127049  47.632  -52.284  34.354 0.1000000015
24885  47.315  -52.037  34.932 0.1000000015
108093  45.849  -52.077  35.091 0.1000000015
107440  47.990  -52.545  33.806 0.1000000015
121647  46.557  -52.155  34.751 0.1000000015
24818  47.105  -52.466  38.092 0.1000000015
25771  48.007  -52.071  37.130 0.1000000015
24831  46.573  -52.197  37.361 0.1000000015
24846  47.279  -52.003  36.777 0.1000000015
127931  48.819  -52.072  34.657 0.1000000015
106633  48.004  -51.905  35.465 0.1000000015
127015  48.501  -51.850  35.914 0.1000000015
24847  46.535  -51.957  36.400 0.1000000015
18894  44.189  -59.453  39.271 0.1000000015
24007  39.732  -53.856  36.211 0.3000000119
23998  41.599  -53.183  37.506 0.2000000030
22369  39.333  -54.948  34.965 0.2000000030
24012  39.542  -53.522  35.257 0.3000000119
22378  39.249  -55.014  34.174 0.3000000119
19828  44.429  -58.669  38.870 0.1000000015
20646  45.046  -57.539  37.968 0.1000000015
20648  43.346  -57.502  38.319 0.1000000015
20666  43.711  -56.716  37.803 0.1000000015
128734  41.243  -54.800  37.653 0.1000000015
24893  39.730  -53.031  34.043 0.3000000119
22450  42.440  -54.025  25.761 0.5000000000
23310  42.216  -53.119  24.994 0.5000000000
20664  45.465  -57.114  37.556 0.1000000015
22344  43.659  -55.823  37.819 0.1000000015
22343  44.637  -55.864  37.906 0.1000000015
23280  44.813  -54.860  28.672 0.2000000030
23238  43.019  -54.957  29.939 0.2000000030
24053  40.853  -53.912  31.339 0.3000000119
24098  41.728  -53.513  27.795 0.5000000000
21483  47.916  -56.985  37.336 0.1000000015
23166  43.736  -54.429  38.391 0.1000000015
23986  44.428  -53.380  38.284 0.2000000030
21481  50.303  -57.180  37.445 0.1000000015
24063  47.156  -53.452  30.347 0.1000000015
114080  46.734  -53.111  30.938 0.1000000015
115321  41.800  -52.967  32.304 0.1000000015
22332  49.768  -56.008  38.837 0.1000000015
125693  51.027  -56.804  37.780 0.1000000015
22331  50.991  -56.174  38.507 0.1000000015
22319  51.515  -55.509  39.184 0.1000000015
23152  49.741  -54.635  39.836 0.1000000015
23154  47.946  -54.208  39.522 0.1000000015
24869  43.553  -52.182  35.233 0.2000000030
24919  43.177  -52.696  32.814 0.1000000015
23984  47.346  -53.522  39.135 0.1000000015
108263  45.013  -52.197  37.132 0.1000000015
24914  48.181  -53.027  32.898 0.1000000015
24916  46.806  -52.720  32.636 0.1000000015
24886  46.073  -52.392  34.230 0.1000000015
112118  47.024  -52.443  34.085 0.1000000015
24906  44.486  -52.558  33.833 0.1000000015
24817  48.532  -52.629  38.806 0.1000000015
110148  47.651  -52.818  38.655 0.1000000015
24864  48.810  -51.880  35.234 0.1000000015
24867  45.803  -51.959  35.983 0.1000000015
24829  48.058  -52.309  38.034 0.1000000015
24830  47.391  -52.215  37.500 0.1000000015
24865  47.945  -51.932  36.296 0.1000000015
25785  48.625  -51.918  36.606 0.1000000015
122481  49.365  -52.048  34.698 0.1000000015
18060  44.312  -60.731  33.667 0.1000000015
18059  45.142  -60.220  33.186 0.1000000015
18991  44.431  -59.650  33.446 0.1000000015
19888  44.356  -58.601  33.183 0.1000000015
19902  44.187  -57.956  32.978 0.1000000015
18993  43.169  -59.460  34.043 0.1000000015
19890  42.751  -58.452  33.823 0.1000000015
117344  45.836  -60.273  32.829 0.2000000030
19004  45.750  -59.415  32.692 0.1000000015
18074  46.299  -60.739  32.571 0.2000000030
19005  45.045  -58.989  32.941 0.1000000015
20722  43.595  -57.692  32.893 0.1000000015
17188  46.103  -61.652  32.366 0.2000000030
19003  46.258  -59.896  32.509 0.2000000030
19901  44.759  -58.157  32.696 0.2000000030
19900  45.529  -58.483  32.317 0.2000000030
20721  44.248  -57.799  32.509 0.3000000119
19914  44.962  -57.934  32.131 0.3000000119
19915  44.149  -57.841  31.734 0.3000000119
19017  46.526  -58.833  31.450 0.2000000030
19913  45.977  -58.522  31.837 0.2000000030
17204  48.346  -61.377  31.116 0.2000000030
109216  45.542  -58.189  31.831 0.2000000030
18106  48.145  -60.363  31.018 0.2000000030
15492  47.667  -62.949  27.938 0.1000000015
17205  47.547  -61.631  31.644 0.2000000030
19016  47.238  -59.608  31.486 0.2000000030
18086  47.584  -60.715  31.676 0.2000000030
124368  44.978  -58.154  31.195 0.3000000119
128304  48.746  -62.461  29.659 0.1000000015
16326  48.515  -62.005  30.795 0.1000000015
19028  47.096  -59.026  31.000 0.2000000030
19921  45.907  -58.413  31.320 0.2000000030
15481  47.365  -62.689  29.172 0.1000000015
16338  48.873  -62.213  30.153 0.2000000030
19027  47.755  -59.525  30.743 0.2000000030
17218  48.989  -61.644  30.357 0.2000000030
15511  48.397  -63.295  27.260 0.1000000015
14680  48.794  -63.564  26.767 0.2000000030
15491  48.727  -62.830  28.259 0.1000000015
15489  49.546  -62.576  28.157 0.1000000015
18105  48.934  -60.920  30.485 0.2000000030
19931  47.213  -58.930  30.290 0.2000000030
19932  46.372  -58.665  29.704 0.2000000030
19933  45.611  -58.489  30.344 0.4000000060
15479  49.006  -62.553  29.055 0.1000000015
19944  46.254  -58.693  28.422 0.4000000060
109959  44.412  -58.521  29.860 0.4000000060
18118  49.746  -61.040  29.321 0.3000000119
19037  48.817  -59.879  29.552 0.3000000119
17229  49.739  -61.552  29.232 0.2000000030
18123  49.965  -61.292  28.621 0.4000000060
121990  45.327  -58.645  29.170 0.4000000060
19934  44.333  -58.639  28.680 0.4000000060
19044  48.162  -59.207  28.946 0.3000000119
19049  49.921  -60.139  27.158 0.4000000060
19042  49.679  -60.260  28.188 0.3000000119
125927  46.709  -54.149  28.593 0.1000000015
19954  47.397  -58.835  28.202 0.4000000060
19945  45.103  -58.624  28.109 0.5000000000
19055  48.484  -59.126  26.875 0.4000000060
19043  48.994  -59.691  28.592 0.3000000119
19051  48.344  -59.116  27.943 0.4000000060
124507  47.693  -58.865  27.321 0.4000000060
23279  45.595  -54.588  28.598 0.1000000015
124624  46.220  -54.255  28.536 0.1000000015
19946  44.304  -58.567  27.861 0.4000000060
19957  44.856  -58.386  27.252 0.5000000000
19956  45.795  -58.529  27.327 0.5000000000
24963  44.502  -53.226  28.676 0.1000000015
24094  45.077  -54.125  28.476 0.1000000015
24096  43.268  -54.134  28.623 0.1000000015
18061  43.600  -61.011  34.052 0.1000000015
122763  43.869  -59.223  33.590 0.1000000015
19889  43.595  -58.341  33.402 0.1000000015
18992  43.757  -60.166  33.930 0.1000000015
19879  42.374  -59.291  34.449 0.1000000015
19891  42.051  -58.435  34.189 0.1000000015
120577  43.390  -58.491  29.868 0.4000000060
17177  44.095  -61.392  33.526 0.1000000015
19026  48.554  -60.117  30.340 0.2000000030
19943  47.254  -58.855  29.263 0.3000000119
24095  44.215  -54.230  28.561 0.1000000015
18979  42.660  -60.070  34.555 0.1000000015
10047  34.098  -69.992  25.819 0.1000000015
10062  33.562  -70.470  25.345 0.1000000015
9332  36.136  -71.186  25.986 0.1000000015
9341  32.646  -70.571  25.477 0.1000000015
10046  35.780  -70.479  26.185 0.1000000015
10048  33.146  -69.963  25.900 0.1000000015
9342  31.464  -71.662  25.549 0.1000000015
9351  32.147  -71.300  24.943 0.1000000015
106834  37.438  -76.734  33.528 0.1000000015
7396  32.872  -74.448  28.618 0.1000000015
8038  32.126  -73.708  27.891 0.1000000015
10789  35.498  -69.317  26.669 0.1000000015
8688  31.763  -72.825  27.582 0.1000000015
10802  34.730  -69.613  26.268 0.1000000015
8689  31.487  -72.249  26.976 0.1000000015
10801  36.110  -69.971  26.582 0.1000000015
8703  31.268  -72.479  26.219 0.1000000015
109521  36.569  -70.662  26.431 0.1000000015
6745  36.534  -75.899  33.603 0.1000000015
6184  38.221  -77.584  33.310 0.1000000015
5563  38.718  -77.633  32.547 0.1000000015
7982  37.237  -73.584  33.564 0.1000000015
127970  37.433  -74.807  33.532 0.1000000015
6744  37.659  -75.724  33.518 0.1000000015
110763  38.538  -76.656  33.361 0.1000000015
5566  38.313  -77.725  31.876 0.1000000015
6774  34.494  -75.398  30.090 0.1000000015
7387  33.348  -74.789  28.986 0.1000000015
10803  33.745  -69.420  26.332 0.1000000015
10049  32.346  -70.148  26.157 0.1000000015
11549  36.506  -68.730  27.279 0.1000000015
10040  37.747  -69.965  26.985 0.1000000015
108525  37.425  -70.733  26.644 0.1000000015
6183  39.018  -77.134  33.066 0.1000000015
5562  39.092  -77.088  32.403 0.1000000015
7981  38.082  -73.521  33.594 0.1000000015
113273  37.777  -74.232  33.552 0.1000000015
7340  38.342  -75.084  33.515 0.1000000015
6743  39.375  -76.373  33.138 0.1000000015
107112  39.564  -76.480  32.231 0.1000000015
6191  38.984  -77.029  31.942 0.1000000015
6761  38.060  -76.077  31.460 0.1000000015
7365  36.559  -75.072  31.280 0.1000000015
6763  35.993  -75.837  31.109 0.1000000015
7366  35.581  -74.951  31.050 0.1000000015
6773  35.133  -75.665  30.658 0.1000000015
116750  34.271  -74.396  30.275 0.1000000015
7378  33.675  -74.353  29.634 0.1000000015
8018  33.657  -73.573  30.104 0.1000000015
8025  32.675  -73.180  29.180 0.1000000015
9312  31.566  -70.880  28.008 0.1000000015
117972  35.231  -68.623  27.028 0.1000000015
10791  33.353  -68.753  26.990 0.1000000015
10804  32.769  -69.501  26.527 0.1000000015
10043  31.627  -70.525  27.128 0.1000000015
9324  31.537  -71.417  27.251 0.1000000015
10787  37.211  -69.213  27.195 0.1000000015
10041  36.901  -70.003  26.825 0.1000000015
122697  39.350  -74.958  31.510 0.1000000015
127854  38.449  -72.032  33.753 0.1000000015
115702  39.264  -73.574  33.617 0.1000000015
113721  38.803  -74.402  33.569 0.1000000015
7339  39.541  -75.452  33.372 0.1000000015
6751  40.139  -75.950  32.419 0.1000000015
108047  40.296  -75.345  31.796 0.1000000015
7364  38.758  -75.642  31.521 0.1000000015
114958  37.129  -74.206  31.396 0.1000000015
112174  36.079  -74.208  31.296 0.1000000015
8010  35.098  -73.110  31.243 0.1000000015
8624  39.216  -72.522  33.720 0.1000000015
8623  40.278  -73.193  33.606 0.1000000015
117899  39.779  -74.581  33.503 0.1000000015
7338  40.533  -75.100  33.119 0.1000000015
6741  40.649  -75.398  32.560 0.1000000015
7367  35.082  -74.079  31.009 0.1000000015
8657  32.776  -72.093  30.229 0.1000000015
8664  33.003  -72.969  29.889 0.1000000015
9304  32.177  -71.544  29.713 0.1000000015
8665  32.452  -72.444  29.464 0.1000000015
9311  31.733  -71.251  28.907 0.1000000015
10777  31.822  -69.258  28.242 0.1000000015
116508  31.670  -70.232  28.784 0.1000000015
107343  31.962  -72.027  29.011 0.1000000015
11551  34.388  -68.316  27.242 0.1000000015
10792  32.218  -69.207  27.275 0.1000000015
11550  35.840  -68.346  27.367 0.1000000015
123016  37.079  -68.527  27.465 0.1000000015
10786  38.119  -69.273  27.320 0.1000000015
112343  39.580  -68.741  27.533 0.1000000015
11547  38.639  -68.564  27.562 0.1000000015
114510  40.051  -74.424  31.503 0.1000000015
8006  38.971  -73.988  31.347 0.1000000015
9270  40.159  -72.087  33.839 0.1000000015
113720  41.090  -73.790  33.305 0.1000000015
7362  41.356  -74.450  32.159 0.1000000015
6759  40.605  -75.419  32.185 0.1000000015
8007  37.930  -73.649  31.417 0.1000000015
8008  36.462  -73.472  31.390 0.1000000015
8648  35.271  -72.257  31.399 0.1000000015
7980  40.445  -74.176  33.450 0.1000000015
121898  34.608  -71.706  31.438 0.1000000015
8649  34.404  -72.483  31.182 0.1000000015
8656  33.537  -72.555  30.663 0.1000000015
8650  33.791  -71.753  31.230 0.1000000015
9295  33.041  -71.611  30.897 0.1000000015
9287  33.356  -70.861  31.362 0.1000000015
123640  32.552  -71.374  30.424 0.1000000015
10774  31.808  -69.346  29.163 0.1000000015
10027  31.867  -70.076  29.721 0.1000000015
12320  35.632  -67.688  27.718 0.1000000015
12302  35.332  -66.923  28.249 0.1000000015
12321  34.561  -67.629  27.840 0.1000000015
11539  33.473  -68.033  27.781 0.1000000015
11540  32.143  -68.576  28.708 0.1000000015
119048  36.158  -66.599  28.277 0.1000000015
11552  32.502  -68.527  27.820 0.1000000015
13098  36.912  -66.714  28.200 0.1000000015
12300  37.176  -67.437  27.914 0.1000000015
11548  37.749  -68.567  27.513 0.1000000015
12316  40.315  -68.164  27.594 0.1000000015
9251  40.491  -71.308  34.045 0.1000000015
9252  39.592  -71.064  34.107 0.1000000015
111883  42.025  -72.536  33.050 0.1000000015
8621  41.986  -73.013  32.667 0.1000000015
8622  41.360  -72.975  33.352 0.1000000015
7978  41.619  -73.754  32.656 0.1000000015
119035  40.945  -73.172  31.525 0.1000000015
8005  39.780  -73.381  31.359 0.1000000015
8645  38.577  -73.059  31.374 0.1000000015
8646  37.617  -72.820  31.418 0.1000000015
109584  36.206  -71.931  31.469 0.1000000015
109586  38.154  -72.165  31.413 0.1000000015
117504  36.806  -71.166  31.586 0.1000000015
124892  34.735  -71.068  31.610 0.1000000015
116963  34.117  -71.181  31.521 0.1000000015
120652  34.218  -70.444  31.768 0.1000000015
108476  33.334  -69.893  31.661 0.1000000015
10759  32.615  -69.211  31.304 0.1000000015
10022  32.223  -69.922  30.592 0.1000000015
111690  31.989  -68.655  29.588 0.1000000015
117321  32.103  -68.914  30.463 0.1000000015
12303  34.246  -66.957  28.441 0.1000000015
12305  32.421  -67.844  29.233 0.1000000015
13099  35.669  -66.055  28.514 0.1000000015
13100  34.640  -66.130  28.746 0.1000000015
117830  36.552  -65.998  28.398 0.1000000015
12299  37.778  -66.839  28.116 0.1000000015
12317  38.108  -67.722  27.798 0.1000000015
106913  39.344  -67.698  27.741 0.1000000015
9284  41.867  -71.701  31.574 0.1000000015
9285  40.702  -71.459  31.449 0.1000000015
117993  41.401  -71.075  34.037 0.1000000015
9268  42.257  -71.860  33.238 0.1000000015
8620  42.403  -72.377  32.478 0.1000000015
8636  41.985  -73.109  32.270 0.1000000015
109514  41.458  -72.412  31.546 0.1000000015
109989  39.762  -71.828  31.411 0.1000000015
10006  39.522  -70.754  31.581 0.1000000015
9269  41.311  -71.968  33.598 0.1000000015
118584  41.857  -73.130  31.918 0.1000000015
117506  38.756  -71.479  31.474 0.1000000015
10008  37.311  -70.286  31.728 0.1000000015
10756  35.736  -69.739  32.012 0.1000000015
117505  37.753  -71.265  31.540 0.1000000015
10741  34.339  -69.053  32.202 0.1000000015
10758  33.420  -68.943  31.935 0.1000000015
11526  32.815  -68.257  31.589 0.1000000015
11535  32.314  -68.248  30.973 0.1000000015
13093  33.188  -66.204  29.716 0.1000000015
11537  32.152  -68.056  30.145 0.1000000015
13101  33.687  -66.498  29.020 0.1000000015
12296  32.954  -67.007  29.353 0.1000000015
13891  37.439  -66.044  28.296 0.1000000015
10000  43.578  -70.642  32.414 0.1000000015
9980  42.812  -70.553  34.159 0.1000000015
9266  43.547  -70.846  32.728 0.1000000015
10002  43.032  -71.069  32.024 0.1000000015
10003  42.362  -71.039  31.691 0.1000000015
10751  40.842  -69.888  31.769 0.1000000015
114808  42.009  -69.922  34.859 0.1000000015
9981  41.950  -70.537  34.294 0.1000000015
9996  42.534  -71.142  33.624 0.1000000015
9267  42.895  -71.526  32.767 0.1000000015
9283  42.553  -71.802  31.877 0.1000000015
124428  42.154  -72.377  31.799 0.1000000015
10005  40.429  -70.515  31.599 0.1000000015
10752  39.908  -69.819  31.796 0.1000000015
10754  38.032  -69.627  31.876 0.1000000015
10007  38.369  -70.521  31.659 0.1000000015
10739  36.056  -68.975  32.233 0.1000000015
10740  35.195  -69.066  32.247 0.1000000015
11513  34.708  -68.503  32.365 0.1000000015
11525  33.335  -68.139  32.023 0.1000000015
12287  33.031  -67.520  31.811 0.1000000015
12288  32.560  -67.496  31.251 0.1000000015
13090  32.871  -66.014  30.424 0.1000000015
13893  35.197  -65.331  28.795 0.1000000015
13092  33.854  -65.755  29.357 0.1000000015
115920  37.020  -65.245  28.457 0.1000000015
13890  38.038  -65.255  28.353 0.1000000015
9995  44.290  -70.521  33.328 0.1000000015
118827  43.471  -70.301  32.147 0.1000000015
10750  41.919  -70.005  31.802 0.1000000015
107818  43.389  -70.883  33.298 0.1000000015
10749  42.805  -70.478  31.868 0.1000000015
10736  39.489  -68.989  32.038 0.1000000015
10737  38.579  -68.911  32.059 0.1000000015
10738  37.722  -68.856  32.136 0.1000000015
114664  36.369  -68.166  32.430 0.1000000015
11512  35.436  -68.304  32.433 0.1000000015
108711  33.945  -66.954  32.404 0.1000000015
11514  33.981  -68.337  32.275 0.1000000015
13878  33.144  -65.788  31.537 0.1000000015
118215  33.321  -67.006  32.056 0.1000000015
14657  33.608  -64.561  30.294 0.1000000015
13879  32.780  -66.046  31.046 0.1000000015
14656  34.220  -64.084  29.709 0.1000000015
13883  33.365  -65.417  30.049 0.1000000015
14671  35.032  -63.797  29.211 0.1000000015
14672  34.726  -64.658  29.158 0.1000000015
13894  34.476  -65.365  29.106 0.1000000015
14670  36.512  -64.448  28.606 0.1000000015
114748  39.066  -64.229  28.372 0.1000000015
14666  40.975  -64.371  27.941 0.1000000015
9999  44.396  -70.318  32.799 0.1000000015
10732  44.231  -69.988  32.420 0.1000000015
10734  42.013  -69.026  32.146 0.1000000015
10735  40.420  -69.099  32.066 0.1000000015
11508  40.087  -68.267  32.331 0.1000000015
124733  41.238  -69.270  32.023 0.1000000015
11510  38.212  -68.113  32.319 0.1000000015
108433  36.807  -67.340  32.571 0.1000000015
108101  35.654  -67.298  32.607 0.1000000015
109119  34.719  -66.869  32.586 0.1000000015
13084  34.211  -66.200  32.428 0.1000000015
128221  34.258  -63.001  30.418 0.1000000015
128891  33.415  -64.749  31.251 0.1000000015
15503  35.971  -63.657  28.851 0.1000000015
15502  36.957  -63.610  28.644 0.1000000015
15500  38.780  -63.573  28.485 0.1000000015
16373  41.088  -62.747  28.460 0.1000000015
15495  43.709  -62.797  28.231 0.1000000015
10716  45.542  -69.593  33.499 0.1000000015
9994  45.108  -70.271  33.351 0.1000000015
10731  44.463  -69.167  32.503 0.1000000015
11506  42.128  -68.237  32.489 0.1000000015
12276  40.706  -67.583  32.610 0.1000000015
114928  42.872  -68.791  32.331 0.1000000015
11507  41.149  -68.427  32.338 0.1000000015
12278  38.761  -67.307  32.486 0.1000000015
123004  37.787  -67.309  32.515 0.1000000015
13083  35.269  -66.152  32.663 0.1000000015
121909  34.560  -64.701  32.405 0.1000000015
14639  33.695  -64.442  31.554 0.1000000015
112205  39.960  -60.323  31.941 0.1000000015
18090  39.206  -60.169  31.391 0.1000000015
18108  38.721  -60.467  30.566 0.1000000015
17223  37.271  -60.769  30.034 0.1000000015
17236  35.781  -61.461  29.986 0.1000000015
110904  34.205  -62.864  31.001 0.1000000015
15466  33.905  -63.710  31.331 0.1000000015
18089  40.039  -60.548  31.327 0.1000000015
18107  39.608  -60.695  30.660 0.1000000015
17222  38.184  -60.866  29.957 0.1000000015
16363  34.636  -62.501  30.320 0.1000000015
18088  40.803  -60.686  31.932 0.1000000015
116517  41.481  -61.156  31.423 0.1000000015
17210  40.571  -60.965  30.831 0.1000000015
17232  39.418  -61.591  29.429 0.1000000015
16361  37.980  -62.093  29.006 0.1000000015
15483  35.417  -62.865  29.321 0.1000000015
108714  42.064  -61.472  31.030 0.1000000015
17230  41.134  -61.676  29.663 0.1000000015
16376  38.382  -62.810  28.671 0.1000000015
16357  41.628  -62.136  29.079 0.1000000015
16375  39.278  -62.834  28.597 0.1000000015
109899  44.273  -62.306  30.601 0.1000000015
16370  43.880  -62.438  28.987 0.1000000015
11492  44.835  -68.254  33.412 0.1000000015
11495  45.108  -68.901  33.010 0.1000000015
11496  44.305  -68.341  32.896 0.1000000015
11497  43.242  -67.773  32.961 0.1000000015
124372  42.853  -68.137  32.601 0.1000000015
11505  43.618  -68.555  32.544 0.1000000015
12275  42.267  -67.656  32.831 0.1000000015
13078  40.318  -66.830  32.883 0.1000000015
12277  39.731  -67.430  32.539 0.1000000015
13079  39.370  -66.592  32.732 0.1000000015
13082  36.391  -66.459  32.688 0.1000000015
127660  36.112  -65.687  32.745 0.1000000015
120367  35.035  -64.182  32.538 0.1000000015
16316  35.153  -61.931  32.170 0.1000000015
15459  34.217  -64.037  32.058 0.1000000015
120543  38.341  -59.987  31.091 0.1000000015
18111  36.167  -60.334  30.988 0.1000000015
17225  35.580  -60.992  30.712 0.1000000015
16345  34.616  -62.147  30.964 0.1000000015
19019  38.274  -59.617  31.987 0.1000000015
17191  43.010  -61.591  33.034 0.1000000015
17208  42.398  -61.440  32.022 0.1000000015
12245  44.704  -67.915  34.125 0.1000000015
12260  44.026  -67.767  33.497 0.1000000015
12262  42.323  -67.168  33.240 0.1000000015
13066  41.607  -66.634  33.528 0.1000000015
13077  41.383  -67.085  32.981 0.1000000015
13067  40.778  -66.360  33.305 0.1000000015
13080  38.288  -66.342  32.696 0.1000000015
13872  37.194  -65.609  32.778 0.1000000015
108744  35.953  -64.373  32.817 0.1000000015
13873  36.324  -65.079  32.791 0.1000000015
16315  35.693  -62.452  32.809 0.1000000015
126825  36.176  -63.122  33.092 0.1000000015
15457  35.564  -63.449  32.717 0.1000000015
18997  36.792  -59.756  32.776 0.1000000015
17194  35.423  -61.242  32.025 0.1000000015
15458  34.795  -63.512  32.266 0.1000000015
18065  39.757  -59.888  33.411 0.1000000015
19007  37.988  -59.438  32.890 0.1000000015
16332  35.068  -61.541  31.356 0.1000000015
18077  40.344  -60.333  32.765 0.1000000015
12252  43.703  -67.401  34.316 0.1000000015
12261  43.054  -67.263  33.664 0.1000000015
13065  42.294  -66.826  33.777 0.1000000015
13068  39.924  -66.079  33.105 0.1000000015
13866  39.601  -65.382  33.358 0.1000000015
13870  39.115  -65.745  32.905 0.1000000015
13871  38.323  -65.313  32.898 0.1000000015
15448  36.823  -63.285  33.408 0.1000000015
14632  36.498  -63.826  33.069 0.1000000015
107927  36.087  -61.896  33.275 0.1000000015
16302  36.376  -62.568  33.382 0.1000000015
18080  35.831  -60.694  32.263 0.1000000015
18078  39.402  -59.910  32.392 0.1000000015
18076  41.342  -60.842  33.149 0.1000000015
17178  43.395  -61.383  33.712 0.1000000015
116344  42.652  -66.838  34.544 0.1000000015
13859  41.204  -65.897  34.759 0.1000000015
13053  41.778  -66.413  34.236 0.1000000015
13054  41.071  -66.013  33.906 0.1000000015
13865  40.317  -65.708  33.639 0.1000000015
13867  38.974  -65.102  33.170 0.1000000015
14628  38.389  -64.533  33.384 0.1000000015
14631  37.709  -64.785  32.956 0.1000000015
14629  37.445  -64.019  33.280 0.1000000015
16290  36.548  -61.916  33.834 0.1000000015
18067  36.523  -60.196  33.366 0.1000000015
17181  36.256  -61.120  33.540 0.1000000015
19006  38.793  -59.555  33.040 0.1000000015
18996  37.284  -59.601  33.366 0.1000000015
17179  42.679  -61.280  33.811 0.1000000015
13846  40.637  -65.454  35.331 0.1000000015
13860  40.543  -65.506  34.385 0.1000000015
13861  39.908  -65.106  34.009 0.1000000015
14622  39.436  -64.622  34.508 0.1000000015
14627  39.206  -64.793  33.715 0.1000000015
14623  38.711  -64.185  34.283 0.1000000015
126838  37.362  -63.389  33.741 0.1000000015
16301  36.970  -62.695  33.870 0.1000000015
18063  41.620  -60.714  34.173 0.1000000015
18066  36.926  -59.936  34.010 0.1000000015
17163  42.326  -60.882  34.292 0.1000000015
122638  40.044  -65.012  34.902 0.1000000015
14616  38.663  -63.838  35.080 0.1000000015
121215  39.069  -64.236  34.995 0.1000000015
16289  37.720  -62.702  35.179 0.1000000015
15429  38.348  -63.279  35.730 0.1000000015
16279  37.483  -61.960  35.547 0.1000000015
122329  37.517  -63.043  34.337 0.1000000015
18064  40.748  -60.411  33.843 0.1000000015
18051  40.134  -59.955  34.450 0.1000000015
18994  39.110  -59.603  34.020 0.1000000015
18995  38.196  -59.482  33.680 0.1000000015
17165  36.710  -60.564  34.127 0.1000000015
18048  42.479  -60.562  34.481 0.1000000015
18983  38.435  -59.580  34.577 0.1000000015
17153  37.703  -61.526  36.146 0.1000000015
15436  38.175  -63.470  34.717 0.1000000015
17154  37.317  -61.233  35.487 0.1000000015
108843  37.050  -61.982  34.709 0.1000000015
18041  37.445  -60.413  35.352 0.1000000015
17164  36.923  -60.906  34.834 0.1000000015
18968  37.823  -59.772  35.055 0.1000000015
6788  33.375  -75.622  28.966 0.1000000015
8024  33.132  -73.874  29.288 0.1000000015
8674  32.175  -72.854  28.566 0.1000000015
8029  32.592  -73.762  28.593 0.1000000015
10061  34.503  -70.592  25.427 0.1000000015
8675  31.709  -71.916  28.141 0.1000000015
127590  35.450  -69.916  26.323 0.1000000015
10050  31.875  -70.401  26.486 0.1000000015
128198  31.604  -72.100  27.502 0.1000000015
9333  31.873  -70.836  25.876 0.1000000015
117338  31.476  -71.541  26.379 0.1000000015
7397  32.406  -74.443  28.107 0.1000000015
6804  32.706  -75.153  28.447 0.1000000015
122052  38.785  -75.912  33.424 0.1000000015
124988  38.741  -76.448  31.636 0.1000000015
7377  34.876  -74.895  30.631 0.1000000015
10790  34.507  -68.954  26.682 0.1000000015
10042  31.971  -69.861  26.807 0.1000000015
6182  39.473  -76.592  32.699 0.1000000015
6742  40.129  -75.946  32.936 0.1000000015
106971  39.454  -76.331  31.841 0.1000000015
109484  37.619  -75.260  31.385 0.1000000015
6762  37.101  -76.131  31.346 0.1000000015
113884  38.265  -74.590  31.409 0.1000000015
8017  34.314  -73.370  30.773 0.1000000015
10031  31.651  -69.970  27.717 0.1000000015
114926  35.139  -68.100  27.411 0.1000000015
124627  37.167  -73.363  31.427 0.1000000015
124239  35.926  -72.837  31.391 0.1000000015
8009  35.722  -73.541  31.309 0.1000000015
7979  41.156  -74.464  33.008 0.1000000015
113362  31.855  -70.784  29.499 0.1000000015
110586  32.169  -70.766  30.183 0.1000000015
124009  32.727  -68.002  28.373 0.1000000015
8004  40.715  -73.991  31.574 0.1000000015
7994  41.627  -73.874  32.191 0.1000000015
7363  40.969  -74.766  31.909 0.1000000015
8647  36.765  -72.733  31.431 0.1000000015
9286  35.375  -71.438  31.551 0.1000000015
10011  32.773  -70.163  31.228 0.1000000015
12304  33.024  -67.503  28.662 0.1000000015
8644  39.151  -72.412  31.363 0.1000000015
8643  40.039  -72.618  31.346 0.1000000015
109585  37.210  -72.009  31.457 0.1000000015
10009  36.315  -70.411  31.765 0.1000000015
10010  35.329  -70.566  31.764 0.1000000015
121683  34.809  -69.761  32.033 0.1000000015
10757  33.990  -69.639  32.002 0.1000000015
12297  32.449  -67.283  30.003 0.1000000015
120371  38.288  -66.136  28.194 0.1000000015
13097  38.708  -66.860  28.004 0.1000000015
10004  41.349  -70.760  31.576 0.1000000015
120624  40.587  -72.303  31.400 0.1000000015
9280  42.828  -71.536  32.290 0.1000000015
8635  42.327  -72.437  32.095 0.1000000015
125585  37.316  -69.452  31.957 0.1000000015
10755  36.615  -69.622  31.963 0.1000000015
13088  32.538  -66.778  30.715 0.1000000015
13892  36.086  -65.265  28.582 0.1000000015
10753  38.959  -69.760  31.821 0.1000000015
123462  36.903  -68.874  32.186 0.1000000015
12279  34.579  -67.711  32.477 0.1000000015
13087  32.874  -66.678  31.521 0.1000000015
113901  35.578  -64.517  28.820 0.1000000015
14669  37.473  -64.417  28.496 0.1000000015
113627  38.895  -64.935  28.309 0.1000000015
10733  42.825  -69.668  32.029 0.1000000015
122713  43.676  -69.426  32.260 0.1000000015
11509  39.134  -68.162  32.297 0.1000000015
11511  37.305  -68.122  32.386 0.1000000015
13085  33.433  -66.333  32.061 0.1000000015
13876  33.683  -65.576  32.070 0.1000000015
13882  33.985  -64.945  29.581 0.1000000015
125069  34.919  -62.646  29.779 0.1000000015
15499  39.675  -63.680  28.358 0.1000000015
15498  40.594  -63.528  28.214 0.1000000015
15497  41.425  -63.425  27.997 0.1000000015
10728  45.004  -69.780  32.741 0.1000000015
13875  34.465  -65.411  32.441 0.1000000015
15482  36.463  -62.814  28.935 0.1000000015
16372  42.101  -62.686  28.374 0.1000000015
16374  40.175  -62.826  28.535 0.1000000015
16358  40.666  -62.179  28.969 0.1000000015
16371  43.105  -62.505  28.697 0.1000000015
122025  41.541  -67.748  32.659 0.1000000015
13081  37.303  -66.616  32.648 0.1000000015
13874  35.377  -65.089  32.664 0.1000000015
18109  37.849  -60.306  30.546 0.1000000015
17221  39.088  -60.994  29.960 0.1000000015
17234  37.609  -61.416  29.490 0.1000000015
107416  37.022  -62.049  29.106 0.1000000015
16362  35.278  -62.183  29.835 0.1000000015
16344  35.090  -61.754  30.503 0.1000000015
16317  34.420  -63.201  31.726 0.1000000015
107605  39.949  -61.173  30.042 0.1000000015
17233  38.533  -61.492  29.428 0.1000000015
17209  41.646  -61.081  32.309 0.1000000015
17220  41.346  -61.387  30.511 0.1000000015
16360  38.892  -62.121  28.925 0.1000000015
16359  39.776  -62.178  28.933 0.1000000015
17231  40.266  -61.665  29.484 0.1000000015
17219  42.167  -61.718  30.124 0.1000000015
16356  42.660  -62.149  29.335 0.1000000015
124484  44.451  -62.435  29.699 0.1000000015
16355  43.616  -62.266  29.634 0.1000000015
108949  34.989  -62.797  32.227 0.1000000015
19020  37.355  -59.653  31.805 0.1000000015
18093  36.208  -60.189  31.778 0.1000000015
18094  35.642  -60.765  31.507 0.1000000015
17192  42.180  -61.288  33.059 0.1000000015
116547  36.905  -64.616  32.928 0.1000000015
17180  42.042  -61.056  33.764 0.1000000015
15447  37.967  -63.783  33.906 0.1000000015
19955  46.813  -58.675  27.316 0.4000000060
19053  50.040  -60.164  26.203 0.3000000119
19054  49.393  -59.570  26.472 0.3000000119
19963  48.624  -59.023  25.678 0.3000000119
19964  47.597  -58.635  26.296 0.4000000060
19965  46.533  -58.302  26.410 0.4000000060
125491  48.848  -59.322  25.008 0.3000000119
112837  47.188  -57.971  25.364 0.4000000060
8079  43.265  -73.138  24.536 0.1000000015
9357  43.540  -71.807  24.483 0.1000000015
10085  44.510  -69.726  24.414 0.2000000030
13159  45.150  -66.850  24.044 0.3000000119
123811  44.865  -57.080  23.353 0.4000000060
18126  50.194  -60.753  26.759 0.3000000119
125827  45.623  -64.233  24.090 0.4000000060
17268  45.991  -61.664  24.074 0.4000000060
12377  45.224  -67.687  24.187 0.2000000030
13931  44.955  -66.007  24.122 0.3000000119
121100  44.735  -63.254  24.342 0.4000000060
122867  45.207  -61.045  24.171 0.4000000060
19084  45.439  -58.642  23.482 0.4000000060
7426  43.178  -73.722  25.171 0.1000000015
118729  44.717  -68.639  24.305 0.3000000119
17257  44.846  -61.691  24.321 0.4000000060
18141  44.977  -60.322  24.077 0.4000000060
18153  44.717  -59.508  23.859 0.4000000060
8080  42.882  -73.715  24.116 0.1000000015
20812  45.151  -56.257  23.578 0.5000000000
10838  43.666  -70.181  24.337 0.2000000030
12378  44.419  -67.997  24.202 0.3000000119
14716  44.865  -65.047  24.191 0.3000000119
123480  44.429  -60.964  24.346 0.4000000060
22477  44.644  -54.994  23.975 0.4000000060
23316  43.836  -54.303  24.529 0.4000000060
117889  44.364  -64.017  24.351 0.4000000060
117239  43.830  -62.946  24.552 0.4000000060
18142  44.011  -60.187  24.271 0.4000000060
19068  43.957  -59.381  24.024 0.4000000060
20002  44.189  -57.864  23.474 0.5000000000
8093  42.816  -73.235  23.855 0.2000000030
8724  43.160  -72.570  24.253 0.2000000030
10086  43.266  -71.068  24.311 0.2000000030
118493  43.866  -68.483  24.241 0.2000000030
10073  44.094  -70.906  24.484 0.2000000030
13932  43.993  -65.564  24.274 0.3000000119
14717  43.562  -64.582  24.421 0.3000000119
7446  42.441  -74.214  23.607 0.1000000015
17258  43.945  -61.587  24.507 0.4000000060
13160  44.354  -67.270  24.150 0.3000000119
15536  43.449  -63.593  24.542 0.4000000060
113268  43.695  -60.920  24.485 0.4000000060
20813  44.051  -56.853  23.376 0.5000000000
21611  43.389  -56.067  23.388 0.5000000000
22478  44.002  -54.430  24.079 0.4000000060
113835  43.021  -62.848  24.659 0.4000000060
19069  43.275  -59.656  24.261 0.4000000060
20003  43.384  -57.855  23.591 0.5000000000
20814  42.893  -57.261  23.520 0.5000000000
113296  43.908  -54.921  23.652 0.4000000060
9358  42.848  -71.876  24.143 0.2000000030
121568  43.074  -69.545  24.312 0.2000000030
12356  43.561  -67.691  24.263 0.4000000060
11585  42.935  -68.224  24.335 0.2000000030
13138  43.282  -66.752  24.338 0.3000000119
12357  42.442  -67.345  24.417 0.4000000060
111950  43.035  -65.321  24.446 0.3000000119
19070  42.710  -59.178  24.248 0.5000000000
22479  43.307  -54.249  23.786 0.4000000060
23331  43.328  -53.907  24.241 0.4000000060
13139  42.332  -66.545  24.453 0.4000000060
15537  42.592  -63.394  24.664 0.4000000060
17259  43.011  -61.361  24.663 0.4000000060
19985  42.530  -58.333  23.945 0.5000000000
8725  42.495  -72.624  23.817 0.2000000030
10074  42.721  -70.319  24.293 0.2000000030
23332  42.719  -53.714  23.988 0.4000000060
10825  42.473  -68.842  24.393 0.2000000030
14718  42.560  -64.602  24.557 0.3000000119
123309  42.328  -62.799  24.759 0.4000000060
18144  42.327  -60.696  24.721 0.4000000060
8094  42.422  -73.805  23.371 0.2000000030
10087  42.317  -71.103  24.188 0.2000000030
107521  41.961  -68.080  24.456 0.3000000119
23309  43.105  -53.710  24.781 0.4000000060
107875  42.160  -65.271  24.543 0.3000000119
116251  42.493  -59.896  24.506 0.5000000000
21612  42.204  -56.585  23.541 0.5000000000
108185  42.180  -73.340  23.349 0.2000000030
15538  41.854  -63.237  24.809 0.4000000060
17260  42.028  -61.471  24.872 0.4000000060
126248  41.953  -55.880  23.544 0.5000000000
22480  42.482  -54.387  23.674 0.4000000060
24097  42.190  -53.834  28.557 0.4000000060
9359  41.900  -71.866  23.891 0.2000000030
10075  41.642  -70.319  24.343 0.2000000030
11586  41.470  -68.752  24.481 0.2000000030
13934  41.305  -65.260  24.606 0.4000000060
19071  41.859  -59.213  24.462 0.5000000000
19986  41.564  -58.262  24.206 0.5000000000
6868  41.893  -74.939  22.031 0.2000000030
107661  41.790  -65.970  24.514 0.4000000060
112965  42.150  -63.933  24.676 0.3000000119
124542  41.734  -60.125  24.781 0.5000000000
110702  42.718  -55.271  23.460 0.5000000000
7461  41.820  -74.722  22.059 0.2000000030
126343  41.352  -52.694  27.081 0.4000000060
21595  41.658  -55.207  23.685 0.4000000060
23318  42.110  -53.337  24.386 0.4000000060
10088  41.202  -71.107  24.138 0.2000000030
10827  40.972  -69.502  24.459 0.2000000030
8726  41.489  -72.644  23.554 0.2000000030
24122  41.314  -52.635  26.285 0.4000000060
24143  41.467  -52.949  24.869 0.4000000060
118110  41.212  -53.592  24.399 0.4000000060
119163  41.644  -62.361  24.955 0.3000000119
109730  41.375  -56.375  23.805 0.5000000000
22465  41.855  -53.999  23.899 0.4000000060
127574  41.542  -67.430  24.496 0.4000000060
107796  41.377  -63.853  24.791 0.4000000060
15539  41.053  -63.109  25.023 0.3000000119
17248  41.026  -61.418  25.128 0.4000000060
13140  40.814  -66.096  24.589 0.4000000060
19072  40.946  -58.931  24.684 0.5000000000
9360  40.753  -71.892  23.833 0.2000000030
24123  40.920  -52.438  25.987 0.4000000060
21596  40.669  -55.965  24.162 0.5000000000
20797  40.640  -57.064  24.303 0.5000000000
16406  40.657  -62.331  25.213 0.4000000060
121929  40.981  -60.430  25.046 0.5000000000
19987  40.739  -58.030  24.454 0.5000000000
19060  40.307  -59.684  25.139 0.5000000000
113533  47.891  -58.408  25.223 0.4000000060
18152  45.710  -59.583  23.670 0.4000000060
24137  41.400  -52.749  25.501 0.4000000060
16402  49.174  -62.795  24.479 0.3000000119
17265  49.023  -61.637  24.249 0.3000000119
18140  49.105  -60.644  24.378 0.2000000030
19067  48.149  -59.223  24.061 0.2000000030
13919  48.152  -65.066  24.840 0.2000000030
14734  48.302  -64.065  24.077 0.3000000119
15551  48.152  -63.546  23.849 0.3000000119
16414  48.050  -62.524  23.736 0.3000000119
13951  47.181  -65.678  24.165 0.2000000030
13952  46.869  -65.723  23.975 0.2000000030
14736  46.876  -64.878  23.815 0.2000000030
11584  45.091  -68.966  24.439 0.2000000030
6330  41.160  -75.716  21.088 0.1000000015
112099  40.733  -76.051  20.430 0.1000000015
10090  37.373  -70.449  22.782 0.1000000015
15509  49.664  -62.699  27.398 0.1000000015
18128  50.224  -61.148  25.948 0.2000000030
19065  49.610  -60.562  24.905 0.2000000030
15528  49.746  -63.021  25.620 0.2000000030
17247  49.975  -61.584  25.458 0.2000000030
14681  48.190  -64.085  26.517 0.1000000015
13911  48.204  -65.070  25.593 0.1000000015
14705  48.719  -64.379  25.267 0.2000000030
14697  47.971  -65.004  26.104 0.1000000015
13913  47.188  -65.908  26.132 0.1000000015
7460  42.011  -74.396  22.803 0.1000000015
6879  41.487  -75.239  21.374 0.1000000015
9361  39.552  -71.914  23.712 0.1000000015
123371  38.989  -71.230  23.794 0.1000000015
10077  39.071  -70.356  24.085 0.1000000015
10829  38.618  -69.329  24.166 0.1000000015
8727  39.062  -72.587  23.182 0.1000000015
119200  38.125  -70.910  23.449 0.1000000015
10839  37.892  -69.979  23.625 0.1000000015
12360  38.881  -67.782  24.455 0.1000000015
11590  37.433  -68.167  23.819 0.1000000015
13144  37.441  -66.231  24.307 0.1000000015
12362  37.316  -67.115  24.070 0.1000000015
13145  36.712  -66.232  23.930 0.1000000015
15521  49.759  -62.921  26.489 0.2000000030
14696  48.699  -64.216  26.103 0.1000000015
110728  41.007  -67.940  24.518 0.1000000015
118727  40.569  -63.802  24.933 0.3000000119
8095  41.047  -73.372  23.031 0.1000000015
109199  40.252  -72.673  23.451 0.1000000015
10076  40.446  -70.316  24.321 0.1000000015
11587  40.409  -68.643  24.510 0.1000000015
13141  39.940  -66.676  24.598 0.2000000030
113285  40.141  -64.482  24.832 0.3000000119
16395  39.799  -62.348  25.358 0.3000000119
17250  39.456  -61.596  25.448 0.3000000119
6886  41.134  -75.241  20.682 0.1000000015
8104  40.514  -73.995  22.246 0.1000000015
10828  39.792  -69.449  24.391 0.1000000015
108100  39.244  -67.112  24.551 0.1000000015
107104  39.852  -65.773  24.635 0.2000000030
15531  39.320  -63.082  25.265 0.3000000119
8105  39.110  -73.748  22.003 0.1000000015
108051  38.420  -67.100  24.440 0.1000000015
107530  37.599  -64.849  24.620 0.2000000030
15532  38.386  -63.088  25.274 0.3000000119
13938  37.171  -65.575  24.334 0.1000000015
113553  37.127  -64.319  24.614 0.2000000030
16398  36.969  -62.188  25.337 0.4000000060
13161  36.375  -66.874  23.390 0.1000000015
106793  36.805  -64.898  24.282 0.1000000015
15544  36.204  -63.528  24.353 0.3000000119
122525  44.547  -61.649  33.027 0.1000000015
16312  46.354  -62.199  31.812 0.1000000015
19988  39.929  -57.754  24.835 0.4000000060
19974  40.107  -58.687  24.968 0.4000000060
17249  40.208  -61.698  25.333 0.3000000119
18133  40.059  -60.818  25.320 0.4000000060
19061  39.239  -60.018  25.420 0.4000000060
17251  38.546  -61.501  25.499 0.4000000060
19062  38.405  -59.695  25.497 0.4000000060
17252  37.543  -61.397  25.475 0.4000000060
17253  36.595  -61.338  25.259 0.5000000000
118291  36.561  -62.887  24.863 0.3000000119
16408  36.195  -62.085  24.923 0.5000000000
13175  35.921  -66.626  22.843 0.2000000030
114472  36.077  -65.881  23.324 0.1000000015
16409  35.921  -62.786  24.361 0.4000000060
12404  36.522  -67.692  21.984 0.1000000015
13190  36.076  -66.399  22.283 0.1000000015
13955  35.666  -65.055  23.004 0.2000000030
14723  35.942  -64.065  23.917 0.2000000030
11627  37.514  -68.965  21.393 0.1000000015
117498  37.112  -68.171  21.504 0.1000000015
117567  35.919  -65.117  22.412 0.2000000030
10860  38.181  -69.734  21.037 0.1000000015
12402  37.917  -68.082  21.029 0.1000000015
22466  40.872  -54.705  24.147 0.3000000119
21597  39.833  -56.734  24.763 0.4000000060
19975  39.131  -58.458  25.302 0.4000000060
108682  38.886  -59.266  25.405 0.4000000060
20786  39.092  -57.436  25.284 0.4000000060
18136  37.093  -60.547  25.456 0.4000000060
19064  36.638  -59.755  25.369 0.4000000060
19063  37.555  -59.735  25.538 0.4000000060
18137  36.272  -60.531  25.151 0.5000000000
17261  35.917  -61.279  24.831 0.4000000060
15563  35.609  -63.402  23.118 0.3000000119
15554  35.715  -63.463  23.801 0.4000000060
122688  35.638  -62.005  24.331 0.4000000060
13998  37.848  -65.774  20.855 0.2000000030
13980  37.013  -65.973  21.264 0.2000000030
14748  35.798  -64.209  22.593 0.2000000030
12422  38.208  -67.225  20.828 0.1000000015
12423  37.522  -66.581  21.040 0.2000000030
22467  39.898  -55.552  24.728 0.4000000060
23320  40.194  -54.250  24.749 0.4000000060
111157  38.837  -56.433  25.469 0.4000000060
20787  38.176  -57.869  25.585 0.4000000060
125802  38.508  -57.217  25.530 0.4000000060
121083  37.374  -58.325  25.610 0.4000000060
19073  36.002  -59.781  24.952 0.4000000060
19977  37.016  -58.994  25.558 0.4000000060
18145  35.759  -60.495  24.626 0.3000000119
17269  35.549  -61.009  23.224 0.4000000060
18146  35.528  -60.362  23.861 0.4000000060
15575  36.298  -63.673  21.906 0.3000000119
15562  35.843  -63.172  22.512 0.3000000119
16423  35.588  -62.616  22.999 0.4000000060
13203  38.477  -66.399  20.698 0.2000000030
14779  38.364  -64.937  20.723 0.2000000030
14760  37.143  -65.071  21.159 0.2000000030
14761  36.289  -64.657  21.827 0.2000000030
108946  39.235  -67.026  20.600 0.2000000030
9421  40.259  -71.103  18.478 0.1000000015
9420  40.756  -71.327  18.816 0.1000000015
10134  40.866  -70.602  19.335 0.1000000015
24138  40.875  -52.679  25.389 0.3000000119
22459  39.196  -55.105  25.399 0.4000000060
23311  39.570  -53.861  25.532 0.3000000119
22460  38.244  -55.642  25.931 0.4000000060
22461  37.289  -55.832  26.065 0.4000000060
21589  37.833  -56.367  25.877 0.4000000060
20788  37.151  -57.605  25.678 0.4000000060
122761  37.901  -57.052  25.717 0.4000000060
19989  35.907  -58.233  24.974 0.4000000060
19978  36.585  -58.255  25.468 0.4000000060
19087  35.566  -59.566  23.672 0.4000000060
19990  35.725  -59.069  24.481 0.3000000119
17285  37.097  -61.429  21.313 0.3000000119
18170  36.536  -60.769  21.669 0.3000000119
18159  35.928  -60.866  22.368 0.3000000119
19086  35.649  -60.146  22.940 0.3000000119
14778  40.158  -64.508  20.552 0.2000000030
116977  39.206  -64.336  20.618 0.2000000030
15587  37.940  -63.513  20.893 0.3000000119
15574  37.017  -63.140  21.367 0.2000000030
17286  36.296  -61.714  21.937 0.3000000119
17275  35.730  -61.653  22.683 0.3000000119
124789  39.511  -65.262  20.556 0.2000000030
113404  37.763  -64.345  20.915 0.2000000030
13202  39.407  -66.185  20.556 0.2000000030
24990  40.469  -52.366  26.569 0.3000000119
24978  40.015  -52.285  27.322 0.3000000119
24139  40.330  -52.552  25.948 0.3000000119
24124  39.544  -53.159  26.103 0.4000000060
23319  40.624  -53.231  24.979 0.3000000119
23302  37.303  -54.281  26.468 0.3000000119
23301  38.465  -54.026  26.341 0.4000000060
22454  36.765  -55.083  26.100 0.4000000060
22453  37.733  -54.991  26.241 0.4000000060
112021  36.504  -55.926  25.789 0.4000000060
21590  36.952  -56.690  25.811 0.4000000060
21591  35.767  -56.671  24.936 0.3000000119
20789  36.229  -57.360  25.372 0.4000000060
128160  36.214  -56.525  25.486 0.4000000060
128476  36.990  -59.152  21.177 0.3000000119
20018  36.602  -58.705  21.425 0.2000000030
20011  35.944  -58.471  22.123 0.2000000030
20815  35.627  -57.526  23.451 0.2000000030
20799  35.617  -58.238  24.054 0.3000000119
20798  35.712  -57.466  24.530 0.3000000119
112231  37.919  -61.333  20.804 0.3000000119
111342  36.747  -60.089  21.428 0.3000000119
19095  36.098  -59.945  21.993 0.2000000030
20004  35.710  -59.197  22.706 0.2000000030
110405  35.609  -58.311  23.030 0.2000000030
15584  40.742  -63.858  20.568 0.2000000030
117876  39.493  -63.098  20.633 0.3000000119
16450  38.736  -62.736  20.717 0.3000000119
17306  38.240  -62.025  20.758 0.3000000119
24977  40.571  -52.260  27.160 0.3000000119
24989  40.924  -52.360  26.723 0.3000000119
113769  36.128  -55.346  25.614 0.3000000119
109803  36.340  -56.051  22.152 0.2000000030
22488  36.113  -55.376  22.756 0.2000000030
116812  35.688  -55.935  24.334 0.2000000030
23321  35.786  -55.006  24.784 0.2000000030
20833  36.913  -57.394  21.140 0.2000000030
21631  36.325  -57.042  21.855 0.2000000030
21620  35.812  -56.819  22.793 0.2000000030
115336  35.779  -56.010  23.231 0.2000000030
111057  41.532  -52.826  28.420 0.2000000030
11646  38.680  -68.842  20.840 0.1000000015
116424  40.269  -63.119  20.592 0.3000000119
108025  40.231  -65.967  20.508 0.2000000030
19982  47.844  -58.570  24.220 0.3000000119
18150  47.739  -60.430  23.691 0.3000000119
18149  48.505  -61.024  23.919 0.3000000119
13953  46.362  -65.759  23.958 0.2000000030
18075  45.580  -61.068  32.909 0.1000000015
17241  50.113  -61.426  27.016 0.2000000030
19066  49.277  -59.861  24.869 0.2000000030
14720  40.928  -64.519  24.733 0.3000000119
126072  41.022  -52.445  27.659 0.3000000119
12358  40.797  -67.090  24.555 0.3000000119
15530  40.191  -63.076  25.176 0.2000000030
10089  39.993  -71.155  24.106 0.1000000015
119631  48.735  -63.723  24.369 0.2000000030
16413  48.741  -62.611  24.126 0.3000000119
110981  47.818  -64.916  24.184 0.1000000015
14735  47.740  -64.484  23.886 0.2000000030
16388  50.025  -62.353  26.256 0.2000000030
8734  39.722  -73.324  22.842 0.1000000015
9362  38.479  -71.776  23.292 0.1000000015
11588  39.314  -68.561  24.439 0.1000000015
11589  38.293  -68.457  24.200 0.1000000015
12361  38.052  -67.739  24.244 0.1000000015
13937  38.124  -65.644  24.575 0.1000000015
12359  39.940  -67.687  24.568 0.2000000030
15540  39.739  -63.808  25.055 0.3000000119
13142  38.972  -66.307  24.599 0.2000000030
14721  39.357  -64.537  24.872 0.3000000119
16396  38.923  -62.317  25.438 0.4000000060
18134  39.119  -60.894  25.462 0.4000000060
13936  39.106  -65.333  24.702 0.3000000119
15541  38.852  -63.867  25.093 0.3000000119
15542  37.824  -63.943  24.971 0.3000000119
19976  38.074  -58.908  25.560 0.4000000060
13189  36.581  -66.703  21.687 0.2000000030
13981  36.290  -65.701  21.848 0.2000000030
16435  36.978  -62.256  21.385 0.3000000119
117805  38.449  -64.135  20.741 0.2000000030
22452  38.614  -54.759  25.954 0.4000000060
18169  37.292  -60.618  21.136 0.3000000119
15585  39.791  -63.728  20.597 0.2000000030
15586  38.948  -63.574  20.676 0.2000000030
22468  35.887  -55.927  25.272 0.4000000060
21613  35.657  -56.737  23.901 0.2000000030
20017  37.397  -58.781  20.832 0.2000000030
122822  36.943  -58.119  21.096 0.2000000030
20834  36.387  -57.884  21.636 0.2000000030
20824  35.859  -57.656  22.434 0.2000000030
24125  38.692  -53.258  26.778 0.3000000119
124007  39.616  -52.591  26.721 0.2000000030
24111  38.719  -52.787  27.226 0.3000000119
13157  46.704  -66.282  24.187 0.1000000015
12355  46.332  -67.405  24.646 0.1000000015
12376  45.852  -67.516  24.289 0.1000000015
16367  49.898  -62.251  28.180 0.1000000015
13158  46.366  -66.319  24.082 0.1000000015
10824  45.140  -69.613  24.657 0.1000000015
108701  45.894  -66.992  24.104 0.1000000015
11598  45.417  -68.224  24.382 0.1000000015
24945  41.888  -51.871  29.594 0.1000000015
24946  41.264  -52.277  29.030 0.1000000015
121041  40.917  -52.334  28.394 0.1000000015
24964  40.392  -52.233  27.909 0.1000000015
24947  40.490  -52.032  28.768 0.1000000015
25858  39.555  -51.955  28.366 0.1000000015
114585  39.161  -52.374  27.581 0.1000000015
25841  39.169  -51.322  29.209 0.2000000030
113970  37.806  -53.696  26.759 0.2000000030
25859  38.519  -51.664  28.693 0.2000000030
24979  38.195  -52.520  27.716 0.2000000030
24112  37.732  -53.125  27.233 0.2000000030
25842  38.210  -51.037  29.307 0.2000000030
24966  37.739  -52.022  28.265 0.2000000030
24980  37.254  -52.517  27.653 0.2000000030
24126  36.975  -53.615  26.758 0.2000000030
23303  36.512  -54.148  26.197 0.2000000030
23312  36.097  -54.668  25.632 0.2000000030
108141  35.884  -53.977  24.499 0.1000000015
117178  38.933  -50.737  29.665 0.2000000030
24113  36.747  -52.933  27.110 0.2000000030
24127  36.279  -53.207  26.320 0.2000000030
24140  36.002  -53.825  25.524 0.1000000015
121403  35.998  -52.990  25.565 0.1000000015
24082  42.818  -53.213  28.826 0.1000000015
24083  42.031  -52.772  28.955 0.1000000015
24944  42.598  -52.393  29.272 0.1000000015
114190  40.919  -51.699  29.513 0.1000000015
24965  38.640  -52.117  28.137 0.2000000030
25874  36.877  -51.928  27.958 0.2000000030
113881  40.320  -61.933  20.589 0.2000000030
17305  38.705  -61.250  20.658 0.2000000030
17304  39.615  -61.464  20.578 0.2000000030
16448  40.716  -62.523  20.566 0.2000000030
17303  40.545  -61.322  20.504 0.2000000030
18193  38.153  -60.427  20.673 0.2000000030
109583  39.968  -60.671  20.428 0.2000000030
110159  39.108  -60.648  20.525 0.2000000030
115091  42.224  -61.864  20.479 0.2000000030
19103  37.319  -59.705  20.997 0.2000000030
18191  39.445  -60.010  20.354 0.1000000015
18190  40.925  -60.622  20.355 0.2000000030
19120  39.027  -59.320  20.226 0.2000000030
108905  38.140  -59.445  20.523 0.2000000030
19118  41.402  -59.938  20.083 0.1000000015
19119  40.255  -59.883  20.219 0.1000000015
127366  39.234  -58.615  19.938 0.1000000015
107135  42.623  -58.935  19.725 0.1000000015
19134  43.997  -59.303  19.590 0.1000000015
26584  39.677  -50.855  29.804 0.1000000015
20842  38.228  -57.457  20.151 0.1000000015
20043  40.105  -58.254  19.679 0.1000000015
20028  38.346  -58.479  20.249 0.1000000015
19135  41.769  -59.315  19.865 0.1000000015
20026  40.751  -59.206  19.879 0.1000000015
20041  43.450  -58.422  19.571 0.1000000015
20042  42.237  -58.088  19.567 0.1000000015
20040  44.347  -58.584  19.294 0.1000000015
26585  38.363  -50.299  29.833 0.1000000015
27335  40.527  -49.533  30.592 0.1000000015
26575  39.185  -50.220  30.171 0.1000000015
121644  36.945  -56.524  21.266 0.1000000015
20843  37.526  -57.866  20.629 0.1000000015
20027  39.032  -57.866  19.796 0.1000000015
20858  38.874  -56.956  19.782 0.1000000015
20857  41.023  -57.634  19.500 0.1000000015
109825  43.967  -57.957  19.429 0.1000000015
20855  43.078  -57.644  19.540 0.1000000015
27336  39.548  -49.510  30.535 0.1000000015
25843  37.252  -50.921  28.943 0.1000000015
22515  38.153  -55.836  20.271 0.1000000015
123359  37.083  -55.609  21.356 0.1000000015
126783  38.936  -55.431  19.816 0.1000000015
21656  38.783  -56.015  19.834 0.1000000015
21638  38.175  -56.557  20.189 0.1000000015
110197  37.599  -56.112  20.705 0.1000000015
21655  39.552  -56.476  19.579 0.1000000015
115563  41.213  -55.768  19.341 0.1000000015
111323  40.337  -56.089  19.402 0.1000000015
127636  40.253  -57.551  19.556 0.1000000015
111125  39.660  -57.344  19.617 0.1000000015
22533  42.132  -55.550  19.359 0.1000000015
21653  42.019  -56.393  19.385 0.1000000015
21654  41.117  -56.684  19.385 0.1000000015
122712  42.795  -56.943  19.463 0.1000000015
26576  38.524  -49.479  30.269 0.1000000015
125317  37.683  -50.428  29.465 0.1000000015
22499  36.642  -55.092  22.084 0.1000000015
106785  41.399  -54.779  19.351 0.1000000015
22534  40.441  -55.159  19.422 0.1000000015
17302  41.513  -61.262  20.462 0.1000000015
18189  42.076  -60.622  20.295 0.1000000015
20856  42.005  -57.245  19.433 0.1000000015
22516  37.806  -55.192  20.696 0.1000000015
11692  38.678  -67.772  18.017 0.1000000015
13227  39.369  -66.638  17.521 0.1000000015
12463  38.226  -67.210  17.532 0.1000000015
11678  37.999  -68.439  18.364 0.1000000015
119224  36.542  -69.099  18.865 0.1000000015
10904  35.804  -69.527  19.120 0.1000000015
10149  34.207  -70.505  19.134 0.1000000015
11691  39.699  -67.880  18.179 0.1000000015
13226  40.187  -66.875  17.786 0.1000000015
11693  37.622  -67.731  17.873 0.1000000015
10903  37.385  -69.138  18.720 0.1000000015
14024  40.227  -66.296  17.655 0.1000000015
13225  41.037  -66.693  18.037 0.1000000015
12461  40.931  -67.207  18.195 0.1000000015
12449  40.768  -67.984  18.454 0.1000000015
11677  39.051  -68.557  18.373 0.1000000015
122121  38.655  -66.857  17.444 0.1000000015
12460  41.877  -67.067  18.468 0.1000000015
12448  41.985  -67.619  18.898 0.1000000015
14025  39.300  -65.963  17.468 0.1000000015
14818  40.498  -65.486  17.884 0.1000000015
14810  40.043  -64.465  18.237 0.1000000015
114101  38.429  -65.317  17.651 0.1000000015
127340  39.847  -65.778  17.631 0.1000000015
14819  39.349  -65.083  17.867 0.1000000015
12462  40.183  -67.338  18.027 0.1000000015
10150  33.487  -70.420  18.457 0.1000000015
5556  38.999  -77.233  32.757 0.1000000015
5557  38.716  -77.753  32.968 0.1000000015
6343  40.870  -75.628  20.371 0.1000000015
6760  40.103  -75.979  32.019 0.1000000015
7337  41.054  -74.934  32.673 0.1000000015
7351  41.386  -74.471  32.430 0.1000000015
7352  41.057  -74.926  32.294 0.1000000015
7407  31.891  -74.324  27.678 0.1000000015
8003  41.406  -73.991  31.889 0.1000000015
8116  38.500  -73.376  21.414 0.1000000015
8625  38.298  -72.724  33.649 0.1000000015
9271  39.016  -71.621  33.915 0.1000000015
9288  32.643  -70.810  30.858 0.1000000015
9338  35.665  -71.562  25.421 0.1000000015
9427  33.610  -71.013  19.054 0.1000000015
10770  31.898  -69.380  29.928 0.1000000015
10788  36.371  -69.356  26.931 0.1000000015
10826  42.068  -69.553  24.405 0.2000000030
11599  43.931  -69.286  24.299 0.2000000030
11600  37.647  -69.059  23.722 0.1000000015
12280  33.664  -67.618  32.238 0.1000000015
12294  32.330  -67.563  30.638 0.1000000015
12301  36.303  -67.229  27.992 0.1000000015
12318  37.341  -68.059  27.673 0.1000000015
12319  36.565  -68.010  27.634 0.1000000015
12354  46.620  -66.752  24.422 0.1000000015
12375  46.303  -66.881  24.223 0.1000000015
12403  37.243  -67.416  21.298 0.2000000030
13094  32.723  -66.629  30.036 0.1000000015
13137  44.196  -66.417  24.204 0.3000000119
13143  38.051  -66.491  24.445 0.1000000015
13199  43.030  -66.544  19.355 0.1000000015
13209  43.642  -65.878  19.013 0.2000000030
13218  42.565  -66.513  18.604 0.1000000015
13880  33.125  -65.195  30.917 0.1000000015
13933  42.651  -65.968  24.453 0.4000000060
13935  40.469  -65.193  24.673 0.3000000119
13939  36.518  -65.497  23.920 0.1000000015
13954  45.625  -65.691  24.018 0.4000000060
13994  43.533  -65.913  19.247 0.2000000030
13997  38.714  -65.703  20.633 0.2000000030
14008  43.953  -65.348  18.952 0.2000000030
14614  39.515  -64.541  35.419 0.1000000015
14615  38.951  -64.015  35.731 0.1000000015
14633  33.925  -64.839  32.076 0.1000000015
14646  33.508  -64.336  30.991 0.1000000015
14667  39.614  -64.604  28.254 0.1000000015
14668  38.364  -64.338  28.433 0.1000000015
14715  48.495  -64.285  24.497 0.2000000030
14719  41.735  -64.564  24.646 0.4000000060
14722  38.487  -64.694  24.813 0.3000000119
14737  36.128  -64.830  23.680 0.2000000030
14738  35.678  -64.194  23.345 0.2000000030
14807  43.727  -65.111  18.814 0.2000000030
14817  41.546  -65.605  18.063 0.2000000030
15474  33.924  -63.620  30.514 0.1000000015
15480  48.341  -62.662  29.089 0.1000000015
15484  34.521  -63.160  29.824 0.1000000015
15490  49.251  -62.634  28.448 0.1000000015
15501  37.904  -63.587  28.559 0.1000000015
15510  49.182  -62.974  27.579 0.1000000015
15522  49.317  -63.653  25.837 0.2000000030
15529  49.149  -63.640  24.925 0.2000000030
15534  49.531  -62.912  24.915 0.2000000030
15535  49.062  -63.297  24.509 0.2000000030
15543  36.915  -63.662  24.758 0.3000000119
15550  48.702  -63.381  24.225 0.3000000119
15552  47.499  -64.049  23.721 0.2000000030
15581  44.269  -64.197  19.301 0.3000000119
15583  41.966  -64.041  20.468 0.3000000119
15608  44.305  -64.268  19.002 0.2000000030
16327  48.017  -62.024  31.252 0.1000000015
16333  34.684  -62.382  31.565 0.1000000015
16339  48.053  -62.343  30.833 0.1000000015
16351  49.719  -61.953  29.096 0.2000000030
16352  49.121  -62.345  29.523 0.1000000015
16368  49.457  -62.325  28.916 0.1000000015
16369  44.557  -62.593  28.767 0.1000000015
16377  37.450  -62.805  28.757 0.1000000015
16381  50.101  -61.834  27.597 0.2000000030
16382  49.962  -62.291  27.131 0.1000000015
16387  50.092  -61.818  26.744 0.2000000030
16393  50.158  -61.749  26.052 0.2000000030
16394  49.914  -62.306  25.523 0.2000000030
16397  37.955  -62.259  25.432 0.4000000060
16401  49.619  -62.197  24.909 0.2000000030
16403  45.323  -62.509  24.245 0.4000000060
16404  44.334  -62.364  24.456 0.4000000060
16405  43.440  -62.213  24.617 0.4000000060
16407  37.418  -63.016  25.167 0.4000000060
16412  49.262  -62.149  24.491 0.3000000119
16416  46.393  -62.772  23.928 0.4000000060
16417  35.569  -62.705  23.679 0.4000000060
16422  35.869  -62.335  22.483 0.3000000119
16436  36.330  -62.718  21.917 0.3000000119
16449  39.722  -62.401  20.628 0.3000000119
16451  37.741  -62.607  20.962 0.2000000030
17187  46.914  -61.184  32.135 0.2000000030
17189  45.200  -61.673  32.731 0.1000000015
17193  35.733  -61.423  32.741 0.1000000015
17206  46.832  -61.867  31.884 0.2000000030
17217  49.432  -61.838  29.733 0.2000000030
17224  36.370  -60.795  30.286 0.1000000015
17235  36.666  -61.385  29.655 0.1000000015
17239  50.000  -61.734  28.493 0.1000000015
17244  50.165  -61.393  26.426 0.2000000030
17256  49.607  -61.374  24.793 0.3000000119
17262  35.521  -61.178  24.130 0.4000000060
17270  35.516  -61.902  23.428 0.4000000060
17276  35.629  -62.127  22.880 0.3000000119
17319  45.030  -61.319  19.128 0.2000000030
17320  44.943  -61.742  19.341 0.2000000030
18052  37.160  -60.147  34.647 0.1000000015
18079  36.332  -60.164  32.533 0.1000000015
18087  46.833  -60.163  32.138 0.2000000030
18091  37.599  -59.851  31.207 0.1000000015
18092  36.816  -59.912  31.395 0.1000000015
18104  49.447  -61.307  29.856 0.3000000119
18110  36.989  -60.242  30.690 0.1000000015
18119  49.282  -60.647  29.868 0.3000000119
18122  50.117  -61.423  27.798 0.4000000060
18125  50.234  -61.092  26.509 0.2000000030
18129  50.235  -60.768  26.066 0.2000000030
18132  50.006  -60.961  25.405 0.2000000030
18135  38.220  -60.540  25.518 0.4000000060
18143  43.121  -60.466  24.487 0.4000000060
18188  43.489  -60.818  20.195 0.2000000030
18192  38.755  -59.969  20.438 0.2000000030
18206  44.206  -60.263  19.793 0.2000000030
18984  37.586  -59.654  34.246 0.1000000015
19008  37.391  -59.552  32.471 0.1000000015
19009  36.763  -59.754  32.108 0.1000000015
19018  46.338  -59.155  32.075 0.2000000030
19036  49.494  -60.424  29.117 0.3000000119
19038  48.018  -59.336  29.934 0.2000000030
19050  49.193  -59.600  27.558 0.4000000060
19058  49.926  -60.427  25.516 0.3000000119
19059  49.463  -59.686  25.555 0.3000000119
19074  35.674  -59.846  24.379 0.3000000119
19081  48.380  -60.051  23.995 0.3000000119
19085  44.441  -58.696  23.645 0.5000000000
19104  36.628  -59.449  21.465 0.2000000030
19920  46.511  -58.644  30.737 0.2000000030
19973  48.194  -58.746  24.782 0.3000000119
19981  48.500  -59.290  24.532 0.2000000030
19983  47.328  -57.797  23.942 0.5000000000
19984  43.467  -58.739  23.900 0.4000000060
19998  47.554  -58.546  23.776 0.5000000000
20001  45.145  -57.773  23.373 0.4000000060
20724  41.644  -57.178  32.842 0.4000000060
20793  47.056  -57.236  24.120 0.5000000000
20795  42.075  -57.597  23.796 0.5000000000
20796  41.392  -57.354  23.969 0.5000000000
20811  46.324  -56.763  23.724 0.5000000000
21594  45.023  -55.293  24.201 0.5000000000
21610  44.519  -55.634  23.610 0.4000000060
21639  37.534  -56.979  20.634 0.1000000015
22535  39.517  -55.514  19.607 0.1000000015
23177  40.769  -54.545  37.409 0.1000000015
23317  42.723  -53.531  24.444 0.4000000060
24055  39.652  -54.041  32.043 0.4000000060
24892  40.191  -52.741  34.319 0.2000000030
25860  37.760  -51.469  28.782 0.2000000030
27343  37.739  -49.760  29.765 0.1000000015
108167  45.694  -56.828  23.487 0.4000000060
108851  36.873  -74.171  33.551 0.1000000015
108999  39.311  -67.181  17.722 0.1000000015
109458  42.571  -62.174  24.764 0.4000000060
109557  50.086  -60.864  27.778 0.3000000119
109629  44.543  -63.229  19.166 0.3000000119
109788  41.601  -66.739  24.506 0.4000000060
110493  35.863  -65.836  22.643 0.2000000030
111028  39.546  -59.229  25.257 0.4000000060
111073  37.014  -64.069  21.292 0.2000000030
111174  39.800  -59.160  19.976 0.1000000015
111527  38.793  -73.064  22.572 0.1000000015
111627  36.073  -60.693  32.915 0.1000000015
112112  47.085  -56.927  37.339 0.1000000015
112448  36.176  -66.990  22.324 0.1000000015
112946  36.067  -62.075  29.385 0.1000000015
113882  41.136  -61.910  20.546 0.2000000030
114091  47.323  -65.163  23.974 0.2000000030
114975  40.227  -64.236  28.173 0.1000000015
115232  31.626  -70.882  26.594 0.1000000015
115539  36.466  -64.230  24.287 0.3000000119
115543  42.840  -64.006  24.582 0.4000000060
116910  38.935  -61.925  20.672 0.3000000119
116933  36.254  -59.004  25.207 0.4000000060
117803  49.292  -63.326  26.671 0.2000000030
119864  41.382  -58.577  19.679 0.1000000015
120106  36.119  -59.146  21.884 0.2000000030
121031  48.509  -61.896  23.926 0.3000000119
121299  39.614  -59.589  20.204 0.1000000015
121431  39.788  -65.060  24.731 0.3000000119
121515  47.196  -58.774  23.506 0.5000000000
121852  35.570  -58.864  23.590 0.2000000030
121953  50.153  -60.838  25.740 0.2000000030
122229  50.161  -61.138  27.124 0.3000000119
122367  48.801  -59.848  24.404 0.2000000030
122432  35.004  -70.210  25.918 0.1000000015
122717  40.664  -61.337  30.081 0.1000000015
122817  49.374  -62.124  29.542 0.2000000030
123396  39.700  -75.741  31.725 0.1000000015
123652  40.304  -56.964  19.488 0.1000000015
124008  49.885  -60.819  28.676 0.3000000119
124420  33.673  -67.493  28.262 0.1000000015
124442  43.423  -66.003  24.352 0.3000000119
124981  37.207  -51.534  28.470 0.1000000015
125061  47.700  -65.625  25.797 0.1000000015
125408  36.644  -61.286  34.239 0.1000000015
125914  40.233  -52.974  25.509 0.3000000119
126028  49.236  -60.210  24.629 0.2000000030
126047  41.158  -59.682  24.839 0.5000000000
126077  35.869  -54.389  25.143 0.1000000015
126254  43.294  -68.890  24.308 0.2000000030
126736  41.616  -60.830  24.923 0.5000000000
127359  33.499  -67.073  28.714 0.1000000015
127439  33.211  -67.756  28.252 0.1000000015
127957  35.906  -68.875  27.052 0.1000000015
128016  43.203  -65.524  19.693 0.3000000119
128144  33.444  -65.075  31.582 0.1000000015
128249  36.020  -71.103  31.623 0.1000000015
128286  38.460  -61.632  20.690 0.2000000030
128543  44.071  -63.441  24.464 0.4000000060
128705  37.587  -61.930  21.006 0.3000000119
