#!ascii label  , from subject sub-v2s0x29025_ses-1 vox2ras=TkReg
295
121110  23.925  -5.059  6.474 0.0000000000
55948  21.623  -14.767  10.237 0.0000000000
69414  22.863  0.310  5.352 0.0000000000
77058  21.788  8.977  -2.007 0.0000000000
55052  19.774  -16.458  10.906 0.0000000000
72987  24.843  4.142  6.522 0.0000000000
74608  24.549  7.045  5.020 0.0000000000
61901  21.485  -8.582  5.341 0.0000000000
60084  22.067  -10.103  7.634 0.0000000000
61878  24.350  -8.358  8.079 0.0000000000
66923  26.315  -2.511  7.528 0.0000000000
64430  27.141  -5.876  7.815 0.0000000000
118884  23.383  -1.996  5.929 0.0000000000
70270  25.508  0.874  7.394 0.0000000000
75488  22.822  7.299  -0.084 0.0000000000
77020  24.477  9.548  2.324 0.0000000000
117939  22.503  -12.627  9.678 0.0000000000
73816  23.456  5.522  4.539 0.0000000000
74622  23.572  6.666  3.301 0.0000000000
62791  22.663  -7.163  5.496 0.0000000000
61887  22.795  -8.331  6.402 0.0000000000
62779  24.113  -6.995  6.998 0.0000000000
55929  20.214  -15.788  10.595 0.0000000000
67710  23.248  -1.210  5.753 0.0000000000
68535  24.997  -0.685  7.134 0.0000000000
70283  24.514  0.975  7.122 0.0000000000
73802  26.812  5.927  6.270 0.0000000000
72985  27.076  4.172  6.497 0.0000000000
77044  20.538  8.512  -0.754 0.0000000000
74656  20.839  6.468  -0.147 0.0000000000
76258  22.612  8.353  -1.008 0.0000000000
80004  23.977  13.608  -0.235 0.0000000000
79291  24.659  12.405  0.866 0.0000000000
77850  24.335  10.454  1.080 0.0000000000
78558  25.581  11.641  2.099 0.0000000000
77840  25.886  10.685  3.081 0.0000000000
59248  23.206  -10.964  9.128 0.0000000000
59249  22.283  -11.186  8.792 0.0000000000
122694  19.228  -17.047  11.282 0.0000000000
71189  23.884  2.447  6.498 0.0000000000
72141  23.218  3.547  5.517 0.0000000000
114781  24.575  5.606  6.024 0.0000000000
75443  26.481  7.698  5.285 0.0000000000
60101  20.707  -9.741  6.680 0.0000000000
60965  21.925  -9.172  6.485 0.0000000000
60953  23.152  -9.158  7.657 0.0000000000
60071  24.559  -10.073  8.961 0.0000000000
66082  24.899  -3.824  7.260 0.0000000000
64432  25.298  -5.538  7.489 0.0000000000
66080  26.771  -3.954  7.559 0.0000000000
64451  22.466  -5.667  5.104 0.0000000000
65282  22.093  -4.090  4.854 0.0000000000
66094  23.648  -3.587  6.233 0.0000000000
118720  24.656  -2.183  6.897 0.0000000000
68533  26.608  -0.842  7.568 0.0000000000
69402  27.996  0.571  7.095 0.0000000000
71187  25.958  2.638  6.955 0.0000000000
71186  27.117  2.702  6.873 0.0000000000
74642  22.605  6.000  0.513 0.0000000000
77864  23.029  10.359  -1.491 0.0000000000
77041  23.762  9.525  -0.281 0.0000000000
76245  23.991  8.708  0.904 0.0000000000
75467  23.635  7.457  1.898 0.0000000000
76216  24.564  8.497  3.646 0.0000000000
76215  25.617  9.135  4.070 0.0000000000
57613  20.737  -13.198  9.643 0.0000000000
59269  20.804  -10.886  7.739 0.0000000000
62769  25.790  -7.103  8.084 0.0000000000
61868  25.314  -8.552  8.495 0.0000000000
73824  22.959  4.895  2.660 0.0000000000
73830  23.172  5.762  2.432 0.0000000000
64443  23.617  -5.867  6.213 0.0000000000
63622  23.423  -6.916  6.201 0.0000000000
63621  24.067  -6.316  6.707 0.0000000000
53311  19.211  -18.375  11.870 0.0000000000
54163  18.613  -17.622  11.769 0.0000000000
55949  20.678  -15.050  10.337 0.0000000000
68553  23.073  -0.437  5.574 0.0000000000
69404  24.081  0.224  6.619 0.0000000000
69405  23.442  0.306  6.012 0.0000000000
124117  27.455  6.404  5.613 0.0000000000
126243  27.510  5.868  5.867 0.0000000000
76268  20.610  9.016  -1.555 0.0000000000
75500  21.405  7.623  -0.849 0.0000000000
76259  21.781  8.328  -1.369 0.0000000000
78564  25.073  11.978  1.500 0.0000000000
78557  26.473  11.959  2.219 0.0000000000
116329  24.052  -10.775  9.215 0.0000000000
56779  19.037  -14.227  10.266 0.0000000000
72142  22.942  2.735  5.349 0.0000000000
72149  22.988  3.894  4.794 0.0000000000
74609  23.729  6.414  4.357 0.0000000000
73805  23.765  5.213  5.451 0.0000000000
73804  24.094  6.098  5.288 0.0000000000
74599  25.035  6.425  5.815 0.0000000000
75444  25.405  7.802  4.973 0.0000000000
77060  20.058  9.714  -1.477 0.0000000000
60983  20.929  -9.014  5.634 0.0000000000
60982  21.601  -8.843  5.886 0.0000000000
61879  23.485  -8.427  7.318 0.0000000000
60964  22.672  -8.899  6.839 0.0000000000
60952  23.809  -8.878  8.052 0.0000000000
60942  23.696  -9.498  8.408 0.0000000000
66924  25.525  -3.152  7.378 0.0000000000
66081  25.724  -3.954  7.477 0.0000000000
113519  26.955  -3.140  7.574 0.0000000000
63643  22.068  -6.287  4.935 0.0000000000
66948  22.950  -2.706  5.519 0.0000000000
66104  23.099  -3.499  5.652 0.0000000000
66938  23.522  -2.790  6.074 0.0000000000
66937  24.144  -2.885  6.579 0.0000000000
118890  23.996  -2.082  6.438 0.0000000000
69394  25.614  -0.013  7.376 0.0000000000
68534  25.747  -0.798  7.439 0.0000000000
113690  26.323  -0.199  7.494 0.0000000000
68532  27.243  0.011  7.434 0.0000000000
69403  27.400  1.013  7.304 0.0000000000
72126  24.331  3.257  6.506 0.0000000000
71188  24.836  2.564  6.799 0.0000000000
72125  25.359  3.363  6.675 0.0000000000
72123  27.481  3.523  6.434 0.0000000000
70280  28.292  1.956  6.176 0.0000000000
74655  21.456  6.338  -0.226 0.0000000000
73849  20.950  5.760  0.103 0.0000000000
74654  22.278  6.436  -0.059 0.0000000000
74643  21.825  5.690  0.099 0.0000000000
74653  22.901  6.703  0.436 0.0000000000
79297  23.563  12.813  -0.655 0.0000000000
80010  23.414  13.567  -0.917 0.0000000000
78571  23.387  11.177  -0.968 0.0000000000
77856  23.616  10.359  -0.689 0.0000000000
77025  24.216  9.549  1.283 0.0000000000
76233  24.141  8.815  1.761 0.0000000000
76234  23.845  8.090  1.307 0.0000000000
76223  23.964  8.236  2.096 0.0000000000
75466  23.965  8.006  2.801 0.0000000000
76222  24.272  8.786  2.677 0.0000000000
77839  26.937  10.940  3.112 0.0000000000
77012  25.697  9.938  3.459 0.0000000000
77011  26.541  9.712  3.860 0.0000000000
76214  26.795  9.022  4.382 0.0000000000
58437  19.963  -12.612  9.182 0.0000000000
60085  21.183  -10.273  7.303 0.0000000000
60086  20.291  -10.252  7.206 0.0000000000
59268  21.723  -10.740  8.041 0.0000000000
58450  21.936  -11.862  9.105 0.0000000000
119318  21.571  -12.378  9.317 0.0000000000
112945  21.601  -12.995  9.686 0.0000000000
64431  26.293  -5.659  7.755 0.0000000000
63610  25.554  -6.347  7.717 0.0000000000
63609  26.532  -6.464  7.998 0.0000000000
73011  22.863  4.057  3.920 0.0000000000
73019  23.117  4.824  3.701 0.0000000000
118183  23.290  5.701  3.514 0.0000000000
74621  24.002  7.149  4.160 0.0000000000
61918  22.090  -7.951  5.299 0.0000000000
61900  22.148  -8.378  5.762 0.0000000000
62790  22.775  -7.768  5.906 0.0000000000
62780  23.467  -7.700  6.697 0.0000000000
62771  24.201  -7.693  7.502 0.0000000000
55051  20.699  -16.645  10.696 0.0000000000
55050  21.723  -16.719  10.400 0.0000000000
67684  27.774  -1.675  7.400 0.0000000000
66079  27.680  -3.097  7.452 0.0000000000
118889  22.775  -1.916  5.404 0.0000000000
67699  24.505  -1.377  6.755 0.0000000000
68544  24.333  -0.575  6.653 0.0000000000
69395  24.811  0.129  7.098 0.0000000000
73785  26.114  5.142  6.590 0.0000000000
72986  26.361  4.392  6.577 0.0000000000
73000  27.019  4.919  6.473 0.0000000000
73801  27.575  5.303  5.987 0.0000000000
75490  21.095  6.969  -0.485 0.0000000000
75499  22.251  7.752  -0.754 0.0000000000
79296  24.204  12.841  0.157 0.0000000000
124713  24.099  11.976  0.302 0.0000000000
77855  24.031  10.445  0.193 0.0000000000
78559  24.846  11.131  1.653 0.0000000000
77846  24.654  10.332  1.961 0.0000000000
77841  25.080  10.196  2.814 0.0000000000
77845  25.316  10.933  2.420 0.0000000000
78550  26.979  11.566  2.581 0.0000000000
60073  22.593  -10.489  8.437 0.0000000000
59238  22.928  -11.775  9.401 0.0000000000
55033  18.384  -16.732  11.490 0.0000000000
55053  18.899  -16.189  11.081 0.0000000000
55930  19.354  -15.623  10.704 0.0000000000
55950  19.672  -14.968  10.395 0.0000000000
56778  19.805  -14.108  10.150 0.0000000000
56777  20.701  -14.002  10.068 0.0000000000
70293  22.659  0.910  5.030 0.0000000000
70292  23.151  1.186  5.794 0.0000000000
71196  23.182  2.183  5.972 0.0000000000
72127  23.466  3.047  6.126 0.0000000000
72140  23.838  3.889  6.183 0.0000000000
73010  23.228  4.670  4.675 0.0000000000
73002  24.197  4.752  6.160 0.0000000000
73001  25.128  5.037  6.483 0.0000000000
73803  25.602  5.831  6.360 0.0000000000
74597  26.715  6.904  5.800 0.0000000000
75442  27.475  7.304  5.117 0.0000000000
121285  20.231  9.206  -0.950 0.0000000000
77059  21.032  9.220  -2.191 0.0000000000
60100  21.557  -9.679  6.888 0.0000000000
61888  22.206  -8.723  6.222 0.0000000000
60954  22.384  -9.479  7.240 0.0000000000
60083  22.867  -9.795  8.067 0.0000000000
60072  23.476  -10.232  8.764 0.0000000000
65260  24.370  -4.514  6.905 0.0000000000
64442  24.407  -5.464  6.951 0.0000000000
65251  25.070  -4.675  7.368 0.0000000000
65250  26.039  -4.787  7.620 0.0000000000
65249  27.211  -4.958  7.626 0.0000000000
127973  27.332  -3.532  7.515 0.0000000000
107565  27.808  -3.939  7.393 0.0000000000
64429  27.861  -5.695  7.547 0.0000000000
62807  21.944  -7.204  5.003 0.0000000000
63631  22.554  -6.442  5.263 0.0000000000
110233  23.410  -5.060  5.954 0.0000000000
118722  22.286  -4.888  4.975 0.0000000000
65270  23.238  -4.288  5.806 0.0000000000
65261  23.787  -4.369  6.376 0.0000000000
66093  24.256  -3.694  6.765 0.0000000000
66925  24.783  -3.001  7.073 0.0000000000
117201  25.383  -2.313  7.292 0.0000000000
67687  25.184  -1.486  7.206 0.0000000000
67686  25.995  -1.594  7.506 0.0000000000
67685  26.923  -1.648  7.598 0.0000000000
116515  27.503  -0.904  7.447 0.0000000000
68543  28.075  -0.309  7.124 0.0000000000
120532  23.591  1.736  6.400 0.0000000000
70282  25.254  1.793  7.184 0.0000000000
72124  26.476  3.549  6.659 0.0000000000
109721  26.551  1.692  7.329 0.0000000000
70281  27.796  1.837  6.964 0.0000000000
74633  22.954  5.793  1.353 0.0000000000
77866  21.593  9.813  -2.313 0.0000000000
77865  22.281  10.420  -2.101 0.0000000000
77057  22.481  9.606  -1.882 0.0000000000
77043  22.589  8.865  -1.499 0.0000000000
77042  23.249  8.814  -0.822 0.0000000000
76257  23.101  8.124  -0.454 0.0000000000
119207  24.081  9.816  0.520 0.0000000000
127442  23.816  8.660  0.395 0.0000000000
76246  23.598  8.098  0.368 0.0000000000
75478  23.431  7.328  0.814 0.0000000000
74641  23.215  6.613  1.170 0.0000000000
74632  23.386  6.599  2.168 0.0000000000
75456  23.676  7.287  2.770 0.0000000000
75455  24.012  7.594  3.537 0.0000000000
75445  24.565  7.780  4.331 0.0000000000
77013  24.877  9.407  3.236 0.0000000000
76208  25.215  8.367  4.403 0.0000000000
76207  26.134  8.415  4.726 0.0000000000
76206  27.142  8.248  4.803 0.0000000000
57614  19.857  -13.295  9.680 0.0000000000
59251  20.434  -11.454  8.221 0.0000000000
59250  21.372  -11.384  8.418 0.0000000000
58451  21.037  -11.956  8.813 0.0000000000
58452  20.144  -12.032  8.682 0.0000000000
58436  20.819  -12.518  9.232 0.0000000000
63611  24.685  -6.281  7.274 0.0000000000
62770  24.879  -7.024  7.622 0.0000000000
61877  25.048  -7.729  8.133 0.0000000000
62768  26.787  -7.273  8.274 0.0000000000
62759  26.053  -7.897  8.434 0.0000000000
60941  24.514  -9.111  8.524 0.0000000000
63630  23.019  -5.759  5.545 0.0000000000
65271  22.689  -4.202  5.275 0.0000000000
66922  27.319  -2.410  7.530 0.0000000000
67700  23.854  -1.285  6.286 0.0000000000
68545  23.684  -0.491  6.142 0.0000000000
69393  26.454  0.582  7.459 0.0000000000
70284  23.750  1.034  6.599 0.0000000000
73003  23.481  4.360  5.526 0.0000000000
74598  25.994  6.514  6.098 0.0000000000
74607  25.687  7.144  5.615 0.0000000000
75489  21.874  6.996  -0.510 0.0000000000
76267  21.195  8.678  -1.793 0.0000000000
77029  23.963  9.146  0.432 0.0000000000
77030  23.638  8.710  -0.088 0.0000000000
77832  27.269  10.161  3.522 0.0000000000
77833  26.451  10.310  3.452 0.0000000000
78551  26.175  11.347  2.651 0.0000000000
80710  23.811  14.194  -0.559 0.0000000000
110032  26.240  -3.343  7.516 0.0000000000
111273  21.149  -9.287  6.220 0.0000000000
113531  24.260  1.776  6.833 0.0000000000
117987  22.865  -4.988  5.395 0.0000000000
121289  25.628  4.551  6.582 0.0000000000
123095  20.890  9.863  -2.368 0.0000000000
125144  22.847  3.224  4.842 0.0000000000
126570  27.944  1.174  7.046 0.0000000000
128645  23.075  -6.450  5.690 0.0000000000
128702  25.734  3.995  6.591 0.0000000000
