#!ascii label  , from subject sub-v2s0x29010_ses-1 vox2ras=TkReg
967
58103  -27.745  -9.512  67.790 0.0000000000
53853  -12.961  -13.386  71.696 0.0000000000
51555  -21.176  -15.853  70.041 0.0000000000
74780  -37.403  6.399  49.897 0.0000000000
75906  -43.628  7.749  44.129 0.0000000000
51486  -7.770  -15.277  76.365 0.0000000000
70779  -33.954  2.008  52.581 0.0000000000
61149  -26.713  -5.577  67.120 0.0000000000
53898  -25.274  -13.390  68.387 0.0000000000
52609  -10.198  -14.935  73.630 0.0000000000
49303  -11.116  -18.069  77.121 0.0000000000
58115  -24.095  -9.598  66.542 0.0000000000
61165  -22.060  -6.700  65.432 0.0000000000
131432  -17.125  -14.993  70.882 0.0000000000
56112  -21.772  -11.916  67.383 0.0000000000
60236  -32.477  -7.369  55.758 0.0000000000
64461  -35.802  -3.505  53.761 0.0000000000
68797  -38.724  0.299  51.175 0.0000000000
45305  -4.074  -21.261  78.567 0.0000000000
43525  -1.190  -23.697  82.199 0.0000000000
63303  -22.152  -5.083  63.077 0.0000000000
63359  -24.768  -4.897  59.979 0.0000000000
60206  -27.378  -7.526  58.217 0.0000000000
46152  -7.382  -20.419  77.552 0.0000000000
52611  -13.113  -14.549  73.874 0.0000000000
53830  -15.063  -13.887  73.817 0.0000000000
56101  -26.538  -11.521  68.181 0.0000000000
121611  -10.854  -11.067  71.599 0.0000000000
52637  -11.690  -14.670  72.720 0.0000000000
50482  -12.266  -16.609  74.211 0.0000000000
59082  -23.885  -8.813  69.768 0.0000000000
57111  -23.317  -10.764  66.834 0.0000000000
63405  -31.404  -4.376  53.895 0.0000000000
62376  -34.320  -5.574  54.592 0.0000000000
64459  -32.871  -2.765  53.275 0.0000000000
68806  -35.818  1.094  50.708 0.0000000000
70814  -37.114  2.895  49.746 0.0000000000
69834  -40.080  1.798  50.682 0.0000000000
72726  -38.851  4.184  49.018 0.0000000000
126490  -40.544  5.481  48.130 0.0000000000
63259  -20.233  -4.502  66.606 0.0000000000
62248  -21.993  -5.867  64.206 0.0000000000
126946  -20.322  -3.302  64.157 0.0000000000
65456  -22.334  -2.042  59.889 0.0000000000
65469  -23.920  -2.537  57.963 0.0000000000
61229  -25.590  -6.245  58.962 0.0000000000
64412  -25.987  -4.055  56.909 0.0000000000
62356  -28.366  -5.581  56.259 0.0000000000
130233  -19.139  -15.842  71.017 0.0000000000
48198  -5.173  -18.600  76.744 0.0000000000
48229  -7.113  -18.554  75.739 0.0000000000
41508  -1.503  -26.061  83.238 0.0000000000
39562  0.416  -27.778  84.666 0.0000000000
67672  -33.043  -0.349  54.192 0.0000000000
63271  -26.470  -4.755  66.012 0.0000000000
52677  -23.529  -15.028  68.812 0.0000000000
51496  -9.278  -15.284  74.891 0.0000000000
49320  -9.034  -17.605  74.822 0.0000000000
49329  -11.011  -17.348  74.485 0.0000000000
76927  -44.979  8.385  42.436 0.0000000000
57126  -26.509  -10.328  66.181 0.0000000000
59127  -26.223  -8.540  65.164 0.0000000000
60110  -23.178  -8.057  66.215 0.0000000000
54990  -12.725  -12.285  70.543 0.0000000000
53855  -14.905  -13.673  71.468 0.0000000000
55003  -14.563  -12.334  69.564 0.0000000000
53893  -16.797  -13.187  68.759 0.0000000000
52688  -19.554  -14.772  68.239 0.0000000000
56097  -19.949  -11.962  68.706 0.0000000000
123322  -21.591  -14.520  67.470 0.0000000000
133073  -23.412  -13.556  66.539 0.0000000000
55048  -25.136  -12.078  66.168 0.0000000000
117689  -32.879  -8.604  58.200 0.0000000000
66646  -34.371  -1.202  52.473 0.0000000000
66649  -37.186  -1.573  52.691 0.0000000000
73717  -41.898  5.977  46.426 0.0000000000
44457  -2.398  -22.714  80.529 0.0000000000
42516  -3.402  -24.840  82.342 0.0000000000
128573  -24.579  -6.912  64.573 0.0000000000
62250  -24.344  -5.482  64.095 0.0000000000
63306  -25.327  -4.392  63.623 0.0000000000
65429  -20.791  -2.137  62.214 0.0000000000
63325  -23.268  -4.513  61.240 0.0000000000
64366  -26.342  -4.158  61.891 0.0000000000
62302  -27.736  -5.398  61.238 0.0000000000
61221  -29.032  -7.121  60.971 0.0000000000
114134  -30.560  -8.607  60.207 0.0000000000
60221  -29.799  -7.662  56.689 0.0000000000
62364  -29.570  -5.753  55.398 0.0000000000
119039  -16.828  -14.856  73.297 0.0000000000
48179  -3.766  -18.804  78.046 0.0000000000
46141  -6.219  -21.312  78.133 0.0000000000
48199  -9.048  -19.370  77.694 0.0000000000
131805  2.225  -27.871  84.789 0.0000000000
52627  -13.184  -14.215  73.225 0.0000000000
53816  -13.692  -13.952  73.976 0.0000000000
129117  -13.964  -13.759  72.767 0.0000000000
57101  -27.478  -10.221  68.280 0.0000000000
54976  -11.496  -12.379  71.378 0.0000000000
54967  -11.055  -12.859  71.861 0.0000000000
53842  -12.447  -13.775  72.167 0.0000000000
52610  -12.646  -14.789  73.296 0.0000000000
64445  -31.140  -3.476  54.309 0.0000000000
63406  -32.168  -4.159  53.566 0.0000000000
65528  -32.322  -2.221  53.625 0.0000000000
73667  -36.602  5.318  50.777 0.0000000000
71802  -35.842  3.509  50.404 0.0000000000
72724  -36.791  4.784  49.662 0.0000000000
118951  -37.940  4.205  49.141 0.0000000000
73690  -37.798  5.633  48.930 0.0000000000
73691  -38.666  5.652  48.455 0.0000000000
64315  -20.218  -3.508  65.622 0.0000000000
67622  -24.081  -0.937  58.703 0.0000000000
64411  -25.293  -3.411  57.100 0.0000000000
66591  -25.902  -1.567  57.148 0.0000000000
65496  -27.076  -3.107  56.679 0.0000000000
51554  -20.316  -15.865  70.167 0.0000000000
114426  -20.143  -15.976  72.008 0.0000000000
129707  -21.641  -15.924  71.366 0.0000000000
50465  -6.522  -16.537  76.019 0.0000000000
50466  -7.317  -16.143  75.840 0.0000000000
74828  -43.519  6.999  44.535 0.0000000000
39571  -0.723  -27.060  83.948 0.0000000000
117652  -27.331  -5.522  68.407 0.0000000000
63261  -26.661  -5.144  66.635 0.0000000000
53897  -24.797  -14.098  68.823 0.0000000000
53870  -25.407  -13.580  70.372 0.0000000000
53827  -9.624  -13.184  73.378 0.0000000000
130944  -9.310  -12.967  74.201 0.0000000000
126600  -9.224  -13.825  75.071 0.0000000000
52591  -9.500  -14.597  74.584 0.0000000000
51503  -9.795  -16.192  74.310 0.0000000000
51504  -10.470  -15.892  73.746 0.0000000000
51498  -13.237  -15.435  75.620 0.0000000000
122241  -12.468  -16.852  75.015 0.0000000000
57136  -25.218  -10.368  65.492 0.0000000000
59125  -24.657  -8.994  65.317 0.0000000000
59115  -23.821  -8.783  66.735 0.0000000000
57077  -13.185  -10.581  69.668 0.0000000000
55002  -13.845  -12.022  69.752 0.0000000000
57078  -13.926  -10.604  69.352 0.0000000000
55019  -16.637  -12.359  68.700 0.0000000000
55020  -17.423  -12.982  68.522 0.0000000000
53894  -18.162  -13.921  68.351 0.0000000000
55021  -18.446  -12.912  68.327 0.0000000000
56083  -22.097  -11.170  69.561 0.0000000000
55024  -21.124  -12.278  67.834 0.0000000000
53906  -20.496  -13.605  67.581 0.0000000000
53907  -21.356  -13.786  67.199 0.0000000000
52703  -22.228  -14.251  67.075 0.0000000000
55035  -22.205  -12.528  66.623 0.0000000000
118856  -23.847  -10.038  67.174 0.0000000000
55046  -23.720  -12.187  65.913 0.0000000000
56126  -24.323  -11.399  65.795 0.0000000000
56127  -25.439  -11.375  65.962 0.0000000000
60210  -32.158  -8.150  56.884 0.0000000000
59212  -33.714  -8.434  57.857 0.0000000000
60225  -33.242  -7.712  56.401 0.0000000000
63399  -35.138  -4.569  54.197 0.0000000000
62365  -35.038  -5.669  55.044 0.0000000000
69795  -33.695  1.313  53.623 0.0000000000
67694  -33.261  -0.753  52.982 0.0000000000
68786  -33.723  0.833  52.256 0.0000000000
68795  -37.122  0.182  51.013 0.0000000000
67711  -36.377  -0.333  51.480 0.0000000000
115923  -37.671  -0.879  52.115 0.0000000000
66650  -38.130  -1.293  52.787 0.0000000000
131443  -41.108  5.699  47.528 0.0000000000
74810  -41.307  6.580  46.412 0.0000000000
74817  -41.939  6.588  45.853 0.0000000000
46128  -2.882  -20.382  79.243 0.0000000000
46127  -2.329  -20.529  79.930 0.0000000000
44465  -3.395  -22.345  79.578 0.0000000000
42523  -3.804  -24.372  81.819 0.0000000000
41502  -3.349  -25.277  84.221 0.0000000000
118149  -24.332  -7.963  64.860 0.0000000000
60119  -25.212  -7.546  64.745 0.0000000000
60124  -23.604  -7.142  64.625 0.0000000000
62267  -22.055  -5.450  63.623 0.0000000000
137060  -22.642  -5.735  63.805 0.0000000000
62268  -22.864  -5.484  63.442 0.0000000000
63287  -24.757  -4.944  64.061 0.0000000000
136655  -23.768  -4.952  62.808 0.0000000000
123245  -22.186  -0.976  61.842 0.0000000000
64390  -23.177  -3.353  59.196 0.0000000000
64381  -22.171  -2.974  60.133 0.0000000000
63345  -23.388  -4.148  60.413 0.0000000000
64357  -25.201  -4.478  61.820 0.0000000000
129135  -24.761  -4.651  60.711 0.0000000000
119707  -26.595  -4.499  61.472 0.0000000000
62320  -25.530  -5.358  60.275 0.0000000000
122405  -26.759  -7.255  58.724 0.0000000000
61231  -26.964  -7.032  59.798 0.0000000000
59179  -27.956  -8.100  59.301 0.0000000000
59169  -29.712  -8.420  60.289 0.0000000000
59195  -29.334  -8.656  58.913 0.0000000000
59196  -30.206  -8.719  58.730 0.0000000000
117131  -29.173  -8.026  57.472 0.0000000000
64426  -28.513  -3.861  56.472 0.0000000000
62357  -29.008  -5.413  55.832 0.0000000000
63383  -29.516  -4.255  55.825 0.0000000000
52650  -15.807  -14.252  71.611 0.0000000000
52640  -15.839  -14.357  72.613 0.0000000000
52642  -17.157  -15.062  72.510 0.0000000000
47102  -6.236  -20.057  76.920 0.0000000000
128982  -5.377  -19.663  76.998 0.0000000000
46151  -6.620  -20.672  77.468 0.0000000000
48232  -9.996  -18.410  75.732 0.0000000000
48231  -9.025  -18.819  75.815 0.0000000000
48201  -10.415  -18.501  77.347 0.0000000000
52592  -13.597  -14.404  75.343 0.0000000000
53805  -13.912  -13.924  74.959 0.0000000000
53806  -14.502  -13.883  75.296 0.0000000000
53819  -15.816  -14.267  75.012 0.0000000000
55025  -26.134  -12.156  68.383 0.0000000000
119832  -25.741  -12.841  69.989 0.0000000000
57026  -10.425  -10.932  72.338 0.0000000000
53840  -10.325  -13.295  72.536 0.0000000000
52626  -10.930  -14.891  72.885 0.0000000000
50487  -11.300  -16.159  73.555 0.0000000000
51517  -11.668  -15.484  73.150 0.0000000000
137365  -12.715  -15.193  73.772 0.0000000000
132868  -23.988  -9.374  67.360 0.0000000000
59104  -23.776  -8.777  67.834 0.0000000000
132945  -22.370  -11.063  68.927 0.0000000000
56100  -22.309  -11.183  67.948 0.0000000000
57099  -23.481  -10.345  67.901 0.0000000000
61279  -31.424  -6.029  54.574 0.0000000000
61268  -32.830  -6.692  55.121 0.0000000000
62374  -32.586  -5.548  54.191 0.0000000000
63407  -33.251  -4.531  53.658 0.0000000000
64460  -34.428  -3.243  53.283 0.0000000000
69822  -34.288  1.901  51.587 0.0000000000
70803  -35.267  2.804  50.745 0.0000000000
69830  -36.233  1.637  50.399 0.0000000000
69832  -38.082  1.268  50.353 0.0000000000
69833  -39.531  1.305  50.714 0.0000000000
70806  -38.536  2.030  50.032 0.0000000000
71812  -39.390  3.514  49.394 0.0000000000
72727  -39.783  4.254  49.064 0.0000000000
73692  -39.599  5.431  48.282 0.0000000000
74799  -39.360  6.583  47.870 0.0000000000
44467  -5.113  -22.617  79.560 0.0000000000
44460  -4.569  -23.042  80.052 0.0000000000
44454  -5.466  -22.879  81.388 0.0000000000
125802  -20.974  -5.775  66.087 0.0000000000
61171  -21.644  -6.119  65.009 0.0000000000
62246  -20.645  -5.136  64.981 0.0000000000
137249  -20.486  -4.548  64.585 0.0000000000
64347  -20.782  -4.055  62.932 0.0000000000
66555  -22.621  -1.192  60.324 0.0000000000
67607  -23.625  -0.785  59.433 0.0000000000
65468  -23.384  -2.287  58.558 0.0000000000
63366  -24.143  -4.436  58.572 0.0000000000
62332  -25.135  -5.629  59.396 0.0000000000
62339  -24.619  -4.942  58.174 0.0000000000
61246  -25.793  -5.685  57.657 0.0000000000
62348  -26.979  -6.157  57.202 0.0000000000
61255  -27.840  -6.313  56.807 0.0000000000
63380  -27.260  -4.640  56.634 0.0000000000
51551  -17.603  -15.180  70.285 0.0000000000
51530  -17.926  -15.541  72.010 0.0000000000
51541  -19.395  -15.918  71.812 0.0000000000
48214  -5.868  -18.418  76.262 0.0000000000
48216  -7.427  -19.274  76.162 0.0000000000
41514  -1.307  -25.243  82.711 0.0000000000
43524  -0.631  -23.517  82.966 0.0000000000
42509  -0.490  -25.036  83.225 0.0000000000
41506  0.185  -25.547  83.887 0.0000000000
40551  1.568  -26.222  84.587 0.0000000000
130632  -26.628  -4.043  65.474 0.0000000000
51572  -22.364  -15.555  69.285 0.0000000000
51545  -23.067  -15.630  71.151 0.0000000000
53791  -8.662  -13.581  76.383 0.0000000000
51488  -8.815  -14.873  75.636 0.0000000000
50473  -8.459  -16.856  74.934 0.0000000000
50474  -9.235  -16.793  74.617 0.0000000000
49321  -10.353  -17.897  75.002 0.0000000000
49312  -10.807  -18.069  75.755 0.0000000000
50481  -11.569  -16.800  73.977 0.0000000000
49323  -12.021  -17.403  75.456 0.0000000000
127623  -11.673  -17.698  76.774 0.0000000000
76918  -44.503  8.380  43.182 0.0000000000
57127  -27.042  -10.055  66.654 0.0000000000
122912  -27.329  -8.595  66.380 0.0000000000
119598  -26.193  -9.300  65.321 0.0000000000
59124  -23.854  -8.512  65.647 0.0000000000
60109  -22.585  -7.353  65.796 0.0000000000
60088  -22.735  -7.439  67.860 0.0000000000
61148  -22.109  -6.848  67.411 0.0000000000
61147  -21.579  -6.365  67.130 0.0000000000
62222  -20.578  -4.974  67.982 0.0000000000
54977  -12.369  -12.763  71.157 0.0000000000
134265  -13.684  -13.637  72.088 0.0000000000
53867  -14.029  -12.955  70.564 0.0000000000
53878  -14.776  -13.067  70.011 0.0000000000
53879  -15.601  -13.368  69.651 0.0000000000
56077  -15.280  -11.449  69.017 0.0000000000
55005  -16.073  -13.028  69.048 0.0000000000
52675  -16.740  -14.373  69.711 0.0000000000
51567  -18.062  -15.186  69.568 0.0000000000
51580  -19.197  -15.229  68.804 0.0000000000
51581  -20.070  -15.325  68.688 0.0000000000
56096  -19.105  -11.999  68.706 0.0000000000
53896  -19.727  -13.382  67.908 0.0000000000
52689  -20.443  -14.961  68.052 0.0000000000
51583  -21.867  -15.356  68.526 0.0000000000
51584  -22.737  -15.235  68.559 0.0000000000
52693  -24.070  -14.516  68.285 0.0000000000
120702  -24.594  -13.877  67.802 0.0000000000
55045  -22.962  -12.276  66.164 0.0000000000
53918  -23.967  -12.862  66.136 0.0000000000
53910  -25.067  -13.186  67.362 0.0000000000
55038  -26.066  -12.030  67.571 0.0000000000
57112  -26.784  -10.644  66.927 0.0000000000
56050  -11.451  -11.422  70.945 0.0000000000
61258  -34.785  -6.732  55.904 0.0000000000
66636  -32.876  -1.455  53.372 0.0000000000
65545  -33.621  -1.481  52.840 0.0000000000
65530  -34.941  -2.641  53.046 0.0000000000
67710  -35.343  -0.095  51.522 0.0000000000
66648  -36.176  -1.523  52.477 0.0000000000
65531  -35.949  -2.799  53.322 0.0000000000
65533  -37.464  -2.430  53.670 0.0000000000
73728  -42.708  6.038  45.828 0.0000000000
74818  -42.510  6.787  45.331 0.0000000000
76911  -42.806  8.147  44.901 0.0000000000
123509  -1.683  -21.221  81.302 0.0000000000
44452  -1.871  -22.517  81.055 0.0000000000
43540  -3.869  -23.518  80.459 0.0000000000
43531  -2.527  -24.027  81.212 0.0000000000
42521  -2.203  -24.543  81.763 0.0000000000
41515  -2.226  -25.611  82.735 0.0000000000
59117  -26.816  -8.039  65.637 0.0000000000
60111  -26.606  -7.042  65.791 0.0000000000
61158  -26.347  -5.945  66.157 0.0000000000
61173  -23.151  -6.466  64.368 0.0000000000
62236  -24.645  -5.576  64.438 0.0000000000
62237  -25.389  -5.298  65.107 0.0000000000
121985  -25.651  -5.030  65.258 0.0000000000
63288  -25.539  -4.584  64.603 0.0000000000
123443  -25.976  -3.898  63.950 0.0000000000
65428  -20.519  -2.349  63.067 0.0000000000
64356  -21.021  -3.939  62.214 0.0000000000
65444  -21.837  -2.418  60.459 0.0000000000
130473  -21.702  -3.846  61.230 0.0000000000
63324  -22.352  -4.361  61.549 0.0000000000
63317  -24.266  -4.750  62.104 0.0000000000
63318  -25.253  -4.422  62.675 0.0000000000
61218  -26.601  -6.443  60.103 0.0000000000
62323  -27.798  -6.243  60.825 0.0000000000
131550  -31.504  -8.776  59.221 0.0000000000
59210  -31.224  -8.490  57.671 0.0000000000
60222  -30.828  -7.618  56.207 0.0000000000
61256  -28.567  -6.563  56.488 0.0000000000
60233  -30.022  -7.022  55.872 0.0000000000
60234  -30.707  -6.885  55.448 0.0000000000
62372  -30.667  -5.411  54.570 0.0000000000
64437  -30.550  -4.067  54.697 0.0000000000
126067  -14.656  -13.857  72.965 0.0000000000
126781  -16.051  -14.432  73.569 0.0000000000
51507  -18.414  -15.516  74.001 0.0000000000
46138  -3.578  -20.290  78.586 0.0000000000
48197  -4.606  -18.356  77.129 0.0000000000
46149  -4.841  -20.194  77.537 0.0000000000
45306  -4.775  -21.406  78.346 0.0000000000
45300  -6.160  -21.822  79.071 0.0000000000
49319  -8.413  -18.038  75.082 0.0000000000
48217  -8.282  -19.344  76.381 0.0000000000
47105  -8.435  -19.689  77.175 0.0000000000
38626  0.356  -28.697  85.627 0.0000000000
39561  1.352  -27.827  84.862 0.0000000000
40550  2.215  -26.228  84.480 0.0000000000
59105  -27.800  -8.729  67.332 0.0000000000
52639  -13.200  -13.868  72.509 0.0000000000
53828  -13.673  -13.897  73.203 0.0000000000
53852  -11.896  -13.273  71.767 0.0000000000
65505  -31.538  -2.917  54.577 0.0000000000
65515  -31.635  -2.843  53.951 0.0000000000
65516  -32.001  -2.157  54.124 0.0000000000
73678  -37.018  5.862  50.326 0.0000000000
73677  -36.709  5.261  50.131 0.0000000000
73683  -37.143  5.638  49.594 0.0000000000
72725  -37.458  4.910  49.158 0.0000000000
74789  -37.582  6.242  49.329 0.0000000000
51543  -20.945  -15.983  70.851 0.0000000000
115262  -21.617  -15.897  70.639 0.0000000000
74829  -44.315  6.666  44.399 0.0000000000
74839  -44.045  7.253  44.042 0.0000000000
62224  -26.829  -5.171  67.284 0.0000000000
62230  -26.363  -5.251  66.496 0.0000000000
53882  -24.899  -14.205  69.841 0.0000000000
53883  -25.363  -13.500  69.403 0.0000000000
53815  -9.522  -13.839  74.109 0.0000000000
127753  -9.865  -15.393  74.236 0.0000000000
57124  -24.717  -10.491  65.662 0.0000000000
58116  -24.452  -9.751  65.796 0.0000000000
56075  -13.538  -11.279  69.607 0.0000000000
56079  -17.944  -11.370  69.053 0.0000000000
56095  -17.607  -12.160  68.612 0.0000000000
135667  -17.837  -13.405  68.428 0.0000000000
128771  -18.380  -11.930  68.714 0.0000000000
56099  -21.648  -11.494  68.546 0.0000000000
55033  -20.948  -13.059  67.507 0.0000000000
55034  -21.527  -12.867  67.121 0.0000000000
53908  -22.119  -13.432  66.758 0.0000000000
57123  -24.046  -10.525  66.182 0.0000000000
60224  -32.526  -7.877  56.488 0.0000000000
63409  -35.000  -3.875  53.683 0.0000000000
64447  -36.323  -3.815  54.257 0.0000000000
70765  -33.887  1.819  53.168 0.0000000000
69810  -33.678  1.385  52.767 0.0000000000
69821  -33.893  1.585  52.085 0.0000000000
68796  -38.056  0.496  50.832 0.0000000000
67712  -37.216  -0.464  51.592 0.0000000000
67713  -38.078  -0.205  51.472 0.0000000000
67699  -38.574  -0.686  52.225 0.0000000000
75890  -40.934  7.356  46.640 0.0000000000
126174  -3.386  -21.036  78.926 0.0000000000
125935  -2.882  -21.372  79.487 0.0000000000
45297  -3.735  -21.839  79.026 0.0000000000
60118  -23.336  -7.735  65.278 0.0000000000
60117  -22.762  -7.046  64.940 0.0000000000
62269  -23.858  -5.295  63.534 0.0000000000
63304  -23.013  -5.128  62.913 0.0000000000
63357  -23.553  -3.948  59.666 0.0000000000
63346  -24.129  -4.430  60.200 0.0000000000
63347  -25.371  -4.780  60.807 0.0000000000
60196  -27.361  -7.778  59.024 0.0000000000
60197  -27.993  -8.064  58.578 0.0000000000
59194  -28.549  -8.449  59.112 0.0000000000
59207  -28.771  -8.339  58.275 0.0000000000
60207  -28.224  -7.701  57.665 0.0000000000
52651  -16.685  -14.787  71.569 0.0000000000
135522  -16.378  -14.646  72.226 0.0000000000
47103  -6.962  -20.236  76.992 0.0000000000
46142  -7.123  -20.922  78.216 0.0000000000
47068  -7.874  -20.385  78.378 0.0000000000
48219  -10.549  -18.346  76.463 0.0000000000
48218  -9.791  -18.751  76.569 0.0000000000
44447  -1.456  -22.890  81.659 0.0000000000
44446  -0.989  -22.804  82.539 0.0000000000
61150  -27.243  -6.170  67.777 0.0000000000
126327  -13.475  -14.296  74.529 0.0000000000
53829  -14.218  -13.805  73.546 0.0000000000
53817  -14.374  -13.823  74.408 0.0000000000
53818  -15.122  -13.903  74.740 0.0000000000
56084  -26.417  -11.760  69.138 0.0000000000
58039  -10.799  -10.141  71.939 0.0000000000
56039  -10.548  -11.696  72.006 0.0000000000
53841  -11.143  -13.467  72.132 0.0000000000
136516  -10.701  -13.054  72.140 0.0000000000
52636  -10.997  -14.106  72.486 0.0000000000
51506  -13.060  -15.102  74.515 0.0000000000
59091  -23.819  -8.829  68.767 0.0000000000
128173  -23.006  -10.680  68.661 0.0000000000
58091  -23.790  -9.661  69.206 0.0000000000
58102  -23.853  -9.654  68.194 0.0000000000
62373  -31.365  -5.170  54.183 0.0000000000
61280  -32.311  -6.156  54.578 0.0000000000
62385  -31.988  -4.981  53.885 0.0000000000
117262  -32.936  -3.627  53.352 0.0000000000
63408  -34.015  -3.991  53.498 0.0000000000
126410  -33.575  -3.214  53.238 0.0000000000
71792  -34.882  3.076  51.353 0.0000000000
71801  -35.312  3.506  51.001 0.0000000000
70813  -36.412  2.999  50.027 0.0000000000
70804  -35.930  2.499  50.343 0.0000000000
120276  -36.718  2.247  50.095 0.0000000000
69831  -37.113  1.451  50.279 0.0000000000
70805  -37.606  2.084  50.006 0.0000000000
70815  -38.047  2.756  49.660 0.0000000000
71811  -38.463  3.469  49.356 0.0000000000
72737  -40.173  4.903  48.697 0.0000000000
72736  -39.241  4.860  48.652 0.0000000000
75875  -38.450  7.264  48.849 0.0000000000
74791  -38.741  6.533  48.306 0.0000000000
62227  -20.484  -5.055  66.997 0.0000000000
62234  -20.487  -5.116  65.987 0.0000000000
64333  -20.284  -3.790  64.725 0.0000000000
63301  -20.557  -4.177  63.876 0.0000000000
66577  -23.923  -1.688  58.246 0.0000000000
64398  -23.503  -3.178  58.457 0.0000000000
128715  -23.896  -3.838  58.289 0.0000000000
63371  -24.329  -4.156  57.896 0.0000000000
63372  -25.063  -4.411  57.455 0.0000000000
63373  -25.787  -5.006  57.306 0.0000000000
61247  -26.202  -6.239  57.754 0.0000000000
63379  -26.526  -4.759  56.943 0.0000000000
62354  -26.936  -5.303  56.931 0.0000000000
64424  -26.833  -3.986  56.647 0.0000000000
64425  -27.647  -3.861  56.544 0.0000000000
51552  -18.451  -15.577  70.448 0.0000000000
51540  -18.554  -15.735  71.465 0.0000000000
51532  -20.702  -15.913  72.571 0.0000000000
49311  -7.001  -17.009  75.551 0.0000000000
49310  -6.380  -17.721  75.831 0.0000000000
48215  -6.561  -18.836  76.099 0.0000000000
41507  -0.726  -25.831  83.357 0.0000000000
124050  0.121  -27.106  84.216 0.0000000000
40556  -0.246  -26.430  83.821 0.0000000000
40552  0.677  -26.314  84.289 0.0000000000
41500  1.172  -25.460  84.457 0.0000000000
125347  1.035  -27.064  84.581 0.0000000000
136182  -26.936  -4.694  66.679 0.0000000000
64302  -27.030  -4.141  66.236 0.0000000000
51573  -23.067  -15.395  69.289 0.0000000000
51557  -22.915  -15.606  70.135 0.0000000000
52666  -23.666  -15.191  69.732 0.0000000000
52575  -9.009  -14.243  75.579 0.0000000000
53804  -9.006  -13.408  75.777 0.0000000000
51495  -8.740  -15.778  75.172 0.0000000000
136364  -9.221  -16.002  74.720 0.0000000000
50479  -10.126  -17.189  74.449 0.0000000000
49322  -11.273  -17.677  75.181 0.0000000000
50488  -12.003  -16.174  73.573 0.0000000000
50475  -12.587  -16.896  75.872 0.0000000000
49314  -12.161  -17.377  76.317 0.0000000000
58117  -26.859  -9.533  66.038 0.0000000000
58130  -26.235  -9.966  65.629 0.0000000000
60089  -23.372  -8.068  68.322 0.0000000000
60102  -23.268  -8.102  67.318 0.0000000000
61124  -21.787  -5.949  68.820 0.0000000000
122235  -21.672  -6.215  67.879 0.0000000000
62223  -21.061  -5.727  67.344 0.0000000000
54978  -13.240  -12.895  70.927 0.0000000000
54991  -13.488  -12.463  70.274 0.0000000000
54992  -14.128  -12.586  70.013 0.0000000000
53868  -15.438  -13.764  70.544 0.0000000000
53880  -16.599  -13.745  69.179 0.0000000000
135044  -16.094  -13.515  69.411 0.0000000000
131567  -17.161  -14.281  69.168 0.0000000000
52676  -17.382  -14.765  69.605 0.0000000000
116030  -18.698  -14.630  68.484 0.0000000000
52687  -18.499  -15.090  68.981 0.0000000000
51569  -19.725  -15.603  69.432 0.0000000000
56081  -20.430  -11.498  69.410 0.0000000000
56080  -19.595  -11.494  69.370 0.0000000000
55022  -19.451  -12.665  68.282 0.0000000000
52702  -20.847  -14.419  67.606 0.0000000000
51582  -20.977  -15.387  68.593 0.0000000000
52690  -21.318  -15.016  67.926 0.0000000000
52691  -22.237  -14.887  67.773 0.0000000000
52704  -23.016  -14.292  67.012 0.0000000000
52692  -23.174  -14.740  67.835 0.0000000000
52705  -23.787  -14.168  67.310 0.0000000000
56113  -22.578  -11.515  66.773 0.0000000000
55047  -24.436  -12.173  65.906 0.0000000000
55036  -24.744  -12.762  66.475 0.0000000000
55037  -25.453  -12.461  67.002 0.0000000000
57125  -25.741  -10.586  65.712 0.0000000000
56128  -26.165  -11.039  66.395 0.0000000000
56061  -12.319  -11.438  70.324 0.0000000000
57058  -11.856  -10.612  70.509 0.0000000000
56051  -12.013  -12.093  70.802 0.0000000000
129605  -32.859  -8.721  59.281 0.0000000000
59213  -34.398  -8.236  57.638 0.0000000000
59200  -34.533  -8.492  58.396 0.0000000000
61269  -33.632  -6.513  55.149 0.0000000000
60238  -34.103  -6.807  55.650 0.0000000000
61270  -34.421  -6.227  55.214 0.0000000000
66635  -32.494  -1.508  53.882 0.0000000000
67686  -32.888  -0.866  53.655 0.0000000000
67695  -33.940  -0.635  52.464 0.0000000000
65546  -34.557  -1.887  52.704 0.0000000000
68794  -35.062  0.863  51.180 0.0000000000
67698  -36.749  -0.953  52.045 0.0000000000
67697  -35.774  -0.849  51.975 0.0000000000
65548  -36.494  -2.132  53.013 0.0000000000
65532  -36.814  -2.613  53.494 0.0000000000
65549  -37.158  -2.133  53.233 0.0000000000
66638  -38.524  -1.611  53.515 0.0000000000
73705  -41.800  5.698  47.185 0.0000000000
73706  -42.499  5.558  47.633 0.0000000000
73718  -42.629  5.687  46.712 0.0000000000
75899  -42.049  7.419  45.563 0.0000000000
75900  -42.571  7.558  45.086 0.0000000000
115867  -2.305  -21.296  80.154 0.0000000000
46117  -1.951  -20.728  80.782 0.0000000000
45291  -2.024  -21.778  80.733 0.0000000000
44453  -4.809  -23.385  80.872 0.0000000000
44459  -3.848  -22.937  79.860 0.0000000000
43533  -4.258  -23.886  81.338 0.0000000000
42522  -3.018  -24.591  81.645 0.0000000000
42515  -2.625  -25.041  82.173 0.0000000000
127235  -1.931  -25.036  82.213 0.0000000000
41516  -3.026  -25.334  82.704 0.0000000000
41501  -2.738  -26.012  84.188 0.0000000000
133775  -26.758  -8.812  65.639 0.0000000000
61167  -25.674  -6.552  65.130 0.0000000000
61172  -22.354  -6.389  64.634 0.0000000000
126731  -23.450  -5.702  63.804 0.0000000000
124368  -23.768  -5.897  64.098 0.0000000000
63269  -25.051  -5.158  64.675 0.0000000000
64334  -26.240  -3.965  64.743 0.0000000000
66528  -20.975  -1.563  62.995 0.0000000000
64355  -20.641  -3.153  62.334 0.0000000000
66554  -22.011  -1.695  60.661 0.0000000000
132252  -22.367  -3.828  60.662 0.0000000000
65443  -21.513  -3.115  60.825 0.0000000000
63316  -23.146  -4.800  62.138 0.0000000000
64365  -25.756  -4.399  61.729 0.0000000000
64358  -25.897  -4.149  62.274 0.0000000000
64348  -25.937  -3.976  63.077 0.0000000000
64359  -26.686  -3.735  62.604 0.0000000000
63329  -27.265  -4.657  61.481 0.0000000000
62333  -25.840  -6.099  59.745 0.0000000000
61220  -28.142  -6.991  60.668 0.0000000000
61219  -27.342  -6.762  60.382 0.0000000000
60174  -30.350  -8.063  60.947 0.0000000000
59170  -31.113  -8.419  60.757 0.0000000000
116827  -31.478  -8.722  60.051 0.0000000000
59183  -30.799  -8.770  59.403 0.0000000000
136007  -29.928  -8.209  57.422 0.0000000000
59209  -30.455  -8.509  57.901 0.0000000000
60208  -30.611  -8.155  57.098 0.0000000000
60209  -31.449  -8.164  56.927 0.0000000000
61249  -28.178  -7.029  57.029 0.0000000000
132184  -29.583  -6.440  55.716 0.0000000000
61266  -30.094  -6.367  55.338 0.0000000000
137669  -30.173  -5.783  54.989 0.0000000000
132061  -30.684  -6.209  54.932 0.0000000000
62371  -29.986  -5.195  54.960 0.0000000000
53854  -13.964  -13.342  71.389 0.0000000000
53843  -14.367  -13.711  72.164 0.0000000000
53844  -15.162  -13.918  72.326 0.0000000000
52641  -16.439  -14.695  72.847 0.0000000000
53831  -16.348  -14.555  74.515 0.0000000000
113966  -16.953  -14.833  74.021 0.0000000000
119180  -19.047  -15.729  73.308 0.0000000000
51519  -18.142  -15.514  72.968 0.0000000000
120865  -22.405  -15.788  71.721 0.0000000000
47082  -3.478  -19.401  78.459 0.0000000000
49302  -4.747  -17.740  76.972 0.0000000000
46150  -5.741  -20.570  77.411 0.0000000000
46140  -5.230  -21.072  77.916 0.0000000000
46139  -4.403  -20.703  78.101 0.0000000000
45307  -5.450  -21.706  78.530 0.0000000000
115115  -9.059  -19.220  76.794 0.0000000000
75914  -44.841  7.782  43.033 0.0000000000
38624  1.697  -28.656  85.191 0.0000000000
40545  1.805  -27.062  84.758 0.0000000000
40544  2.339  -27.038  84.507 0.0000000000
57100  -26.968  -10.817  67.814 0.0000000000
54975  -10.875  -12.247  71.786 0.0000000000
124774  -11.781  -13.960  72.300 0.0000000000
52638  -12.451  -14.334  72.685 0.0000000000
128454  -30.989  -3.962  54.108 0.0000000000
64457  -31.450  -3.585  53.814 0.0000000000
64458  -32.081  -3.127  53.532 0.0000000000
72706  -35.652  4.130  51.036 0.0000000000
72717  -36.272  4.554  50.409 0.0000000000
71809  -36.651  3.818  49.781 0.0000000000
71810  -37.540  3.557  49.455 0.0000000000
128932  -37.229  4.264  49.407 0.0000000000
72735  -38.290  4.889  48.792 0.0000000000
74790  -38.089  6.404  48.805 0.0000000000
133219  -20.203  -4.276  66.011 0.0000000000
126113  -20.285  -2.964  66.223 0.0000000000
65395  -20.407  -2.711  65.678 0.0000000000
65414  -20.357  -2.805  64.879 0.0000000000
66589  -24.381  -1.942  57.705 0.0000000000
64410  -24.632  -3.634  57.496 0.0000000000
66590  -25.022  -1.764  57.332 0.0000000000
65483  -25.544  -2.459  56.997 0.0000000000
65484  -26.132  -3.134  56.776 0.0000000000
134399  -26.508  -3.561  56.716 0.0000000000
120945  -26.523  -2.251  56.845 0.0000000000
51553  -19.396  -15.775  70.270 0.0000000000
114590  -20.020  -15.972  71.119 0.0000000000
51542  -20.852  -15.976  71.715 0.0000000000
51533  -21.645  -15.870  72.313 0.0000000000
74820  -43.890  6.336  45.032 0.0000000000
74821  -44.654  6.147  44.997 0.0000000000
40558  -1.546  -26.761  83.868 0.0000000000
40557  -0.952  -26.495  83.554 0.0000000000
39564  -1.147  -27.391  84.462 0.0000000000
39563  -0.414  -27.631  84.480 0.0000000000
38636  -0.092  -28.199  85.018 0.0000000000
63254  -27.098  -4.882  67.335 0.0000000000
52678  -24.263  -14.705  69.281 0.0000000000
52667  -24.336  -14.810  70.266 0.0000000000
53857  -25.503  -13.572  71.260 0.0000000000
54959  -9.793  -12.431  72.989 0.0000000000
54958  -9.460  -12.346  73.882 0.0000000000
54952  -9.278  -12.429  74.615 0.0000000000
117828  -9.177  -13.080  75.030 0.0000000000
50480  -10.718  -16.692  74.001 0.0000000000
124946  -12.819  -16.116  74.722 0.0000000000
51497  -12.860  -16.339  75.486 0.0000000000
51489  -13.062  -16.247  76.272 0.0000000000
58129  -25.646  -9.901  65.362 0.0000000000
58128  -25.023  -9.804  65.387 0.0000000000
59116  -24.138  -9.146  65.971 0.0000000000
56074  -12.908  -11.143  69.879 0.0000000000
56062  -13.119  -11.784  70.040 0.0000000000
56076  -14.404  -11.495  69.309 0.0000000000
57097  -16.352  -11.038  68.908 0.0000000000
56078  -16.956  -11.364  68.832 0.0000000000
53881  -17.377  -13.758  68.694 0.0000000000
53895  -19.058  -13.920  68.046 0.0000000000
56082  -21.293  -11.386  69.427 0.0000000000
56098  -20.786  -11.801  68.633 0.0000000000
55023  -20.326  -12.632  67.994 0.0000000000
52710  -22.706  -13.793  66.659 0.0000000000
56114  -23.451  -11.469  66.121 0.0000000000
127050  -24.854  -11.636  65.782 0.0000000000
56135  -25.026  -11.008  65.614 0.0000000000
118849  -32.924  -8.242  57.197 0.0000000000
120022  -33.863  -7.985  57.090 0.0000000000
114677  -34.730  -7.808  57.113 0.0000000000
126560  -34.870  -5.172  54.513 0.0000000000
68754  -33.360  0.503  53.925 0.0000000000
125140  -33.177  -0.117  53.371 0.0000000000
68772  -33.406  0.685  53.068 0.0000000000
122341  -33.534  0.027  52.590 0.0000000000
68807  -36.611  0.889  50.591 0.0000000000
122620  -36.029  0.397  51.003 0.0000000000
66637  -37.774  -1.884  53.294 0.0000000000
67687  -38.966  -0.986  53.044 0.0000000000
73704  -40.500  5.965  47.388 0.0000000000
73716  -41.164  5.968  46.900 0.0000000000
75891  -41.513  7.338  46.096 0.0000000000
45292  -2.642  -22.102  80.027 0.0000000000
60120  -26.056  -7.702  65.073 0.0000000000
62266  -21.476  -5.388  63.994 0.0000000000
63305  -24.562  -4.798  63.168 0.0000000000
66536  -21.190  -1.956  61.614 0.0000000000
64389  -22.675  -2.787  59.482 0.0000000000
64382  -22.858  -3.509  59.896 0.0000000000
63326  -24.330  -4.579  61.068 0.0000000000
63327  -25.240  -4.551  61.292 0.0000000000
63328  -25.890  -4.536  61.412 0.0000000000
63348  -26.105  -4.899  60.878 0.0000000000
63349  -26.885  -5.073  60.969 0.0000000000
61239  -26.162  -6.640  58.490 0.0000000000
61230  -26.327  -6.827  59.293 0.0000000000
60186  -26.987  -7.344  59.340 0.0000000000
60171  -27.665  -7.593  59.901 0.0000000000
60172  -28.580  -7.756  60.448 0.0000000000
60173  -29.401  -7.881  60.730 0.0000000000
59168  -29.014  -8.234  60.263 0.0000000000
59181  -29.138  -8.532  59.704 0.0000000000
59182  -29.943  -8.696  59.566 0.0000000000
59208  -29.631  -8.482  58.095 0.0000000000
63381  -28.020  -4.646  56.386 0.0000000000
63382  -28.815  -4.641  56.061 0.0000000000
63389  -29.428  -4.976  55.500 0.0000000000
47121  -5.973  -19.230  76.522 0.0000000000
126500  -9.444  -18.191  75.139 0.0000000000
48200  -9.666  -18.907  77.495 0.0000000000
52576  -13.734  -14.554  76.321 0.0000000000
53792  -14.078  -13.995  75.973 0.0000000000
55006  -25.834  -12.669  69.009 0.0000000000
56032  -10.111  -11.664  72.716 0.0000000000
124032  -10.165  -14.097  73.044 0.0000000000
136960  -10.933  -15.554  73.268 0.0000000000
51529  -12.147  -14.985  73.017 0.0000000000
51518  -12.297  -15.492  73.398 0.0000000000
51505  -12.547  -15.876  73.933 0.0000000000
57098  -22.891  -10.833  67.586 0.0000000000
135775  -23.568  -10.179  68.737 0.0000000000
61267  -31.961  -6.728  55.069 0.0000000000
61281  -33.122  -6.090  54.618 0.0000000000
62375  -33.451  -5.399  54.191 0.0000000000
62386  -32.678  -4.948  53.826 0.0000000000
63398  -34.255  -4.844  54.008 0.0000000000
136571  -34.606  -4.341  53.822 0.0000000000
70794  -34.083  2.163  52.033 0.0000000000
70795  -34.439  2.593  51.745 0.0000000000
70802  -34.754  2.297  51.147 0.0000000000
69829  -35.346  1.805  50.732 0.0000000000
68808  -37.402  0.818  50.562 0.0000000000
68809  -38.834  0.843  50.718 0.0000000000
120700  -38.911  1.458  50.365 0.0000000000
70807  -39.482  2.067  50.228 0.0000000000
70816  -38.986  2.750  49.713 0.0000000000
70817  -39.881  2.916  49.869 0.0000000000
126830  -39.204  6.006  48.102 0.0000000000
73703  -39.815  5.946  47.802 0.0000000000
45298  -4.706  -22.036  78.849 0.0000000000
44466  -4.237  -22.559  79.410 0.0000000000
44461  -5.341  -22.827  80.408 0.0000000000
61164  -21.448  -6.226  65.829 0.0000000000
62235  -21.021  -5.702  65.415 0.0000000000
62247  -21.240  -5.592  64.598 0.0000000000
63268  -20.299  -4.426  65.300 0.0000000000
63286  -20.876  -5.025  64.194 0.0000000000
63302  -21.285  -4.889  63.437 0.0000000000
63314  -21.489  -4.512  62.638 0.0000000000
67592  -23.227  -0.768  60.062 0.0000000000
66568  -22.959  -1.361  59.585 0.0000000000
66576  -23.406  -1.494  58.891 0.0000000000
65457  -22.895  -2.100  59.167 0.0000000000
133657  -23.085  -2.731  58.942 0.0000000000
63365  -23.648  -3.917  58.890 0.0000000000
63358  -24.084  -4.475  59.374 0.0000000000
62331  -24.528  -5.102  59.001 0.0000000000
62340  -25.083  -5.601  58.598 0.0000000000
62346  -25.235  -5.369  57.850 0.0000000000
61238  -25.625  -6.023  58.231 0.0000000000
115743  -26.744  -6.911  57.932 0.0000000000
61248  -27.511  -7.014  57.433 0.0000000000
62355  -27.558  -5.422  56.646 0.0000000000
64414  -29.133  -3.195  56.938 0.0000000000
52652  -17.320  -15.196  71.620 0.0000000000
51539  -17.790  -15.438  71.116 0.0000000000
131215  -18.791  -15.779  72.398 0.0000000000
51531  -19.765  -15.874  72.733 0.0000000000
49309  -5.460  -17.680  76.425 0.0000000000
50464  -5.818  -16.927  76.266 0.0000000000
47122  -6.813  -19.643  76.542 0.0000000000
47104  -7.646  -19.888  76.873 0.0000000000
49298  -11.008  -18.088  78.017 0.0000000000
42514  -1.550  -24.498  82.145 0.0000000000
42513  -0.876  -24.409  82.681 0.0000000000
119273  -0.255  -24.215  83.390 0.0000000000
136465  0.102  -24.752  83.791 0.0000000000
42508  0.769  -24.743  84.289 0.0000000000
68740  -33.610  0.319  54.889 0.0000000000
68755  -33.884  1.070  54.551 0.0000000000
69796  -34.108  1.914  53.671 0.0000000000
70766  -34.322  2.405  53.229 0.0000000000
129957  -26.940  -3.502  64.763 0.0000000000
51556  -21.993  -15.772  70.029 0.0000000000
51544  -22.301  -15.821  70.849 0.0000000000
52574  -8.598  -14.220  76.271 0.0000000000
51487  -8.420  -15.009  76.026 0.0000000000
50467  -8.062  -15.910  75.591 0.0000000000
135564  -9.647  -17.637  74.733 0.0000000000
133217  -11.136  -17.995  76.422 0.0000000000
49330  -11.839  -17.235  74.645 0.0000000000
49313  -11.523  -17.737  75.983 0.0000000000
76917  -43.924  8.360  43.803 0.0000000000
58118  -27.415  -9.451  66.906 0.0000000000
135878  -25.837  -8.893  65.033 0.0000000000
125980  -25.462  -9.245  65.108 0.0000000000
59126  -25.415  -8.433  64.902 0.0000000000
61139  -22.277  -6.741  68.360 0.0000000000
60101  -22.595  -7.457  66.810 0.0000000000
61157  -21.911  -6.764  66.415 0.0000000000
61156  -21.285  -6.092  66.573 0.0000000000
62228  -20.830  -5.574  66.603 0.0000000000
134262  -14.623  -13.355  70.779 0.0000000000
52665  -16.392  -14.452  70.592 0.0000000000
58078  -14.322  -9.804  69.408 0.0000000000
57079  -14.805  -10.642  69.141 0.0000000000
133358  -15.024  -12.048  69.169 0.0000000000
56094  -16.102  -11.523  68.855 0.0000000000
55018  -15.720  -12.189  68.976 0.0000000000
55004  -15.291  -12.673  69.360 0.0000000000
53869  -16.110  -13.915  69.815 0.0000000000
131748  -17.036  -14.775  70.200 0.0000000000
52686  -17.864  -14.572  68.892 0.0000000000
51568  -18.859  -15.461  69.535 0.0000000000
51570  -20.634  -15.667  69.346 0.0000000000
135669  -19.159  -13.214  68.098 0.0000000000
52701  -19.995  -14.234  67.817 0.0000000000
51571  -21.510  -15.646  69.281 0.0000000000
137274  -22.672  -14.567  67.400 0.0000000000
53917  -22.757  -13.091  66.359 0.0000000000
127704  -23.342  -12.799  66.129 0.0000000000
53909  -24.295  -13.478  66.847 0.0000000000
126480  -25.691  -12.696  67.950 0.0000000000
56115  -25.817  -11.757  66.679 0.0000000000
56116  -26.436  -11.329  67.250 0.0000000000
57113  -27.292  -10.143  67.387 0.0000000000
57042  -11.271  -10.468  71.130 0.0000000000
60237  -33.423  -7.114  55.710 0.0000000000
60226  -34.197  -7.370  56.330 0.0000000000
60227  -35.169  -7.224  56.577 0.0000000000
61271  -35.151  -6.176  55.571 0.0000000000
118279  -33.041  -2.051  53.229 0.0000000000
65529  -33.802  -2.458  53.008 0.0000000000
128007  -35.244  -3.226  53.413 0.0000000000
68793  -34.258  1.137  51.620 0.0000000000
67709  -34.315  0.206  51.891 0.0000000000
67696  -34.787  -0.663  52.078 0.0000000000
66647  -35.204  -1.384  52.402 0.0000000000
65547  -35.573  -2.083  52.818 0.0000000000
64463  -37.154  -2.912  53.915 0.0000000000
73729  -43.501  6.031  45.563 0.0000000000
74819  -43.152  6.487  45.157 0.0000000000
74827  -42.911  7.062  44.873 0.0000000000
75905  -43.076  7.655  44.610 0.0000000000
76912  -43.339  8.392  44.447 0.0000000000
76907  -42.930  8.789  45.090 0.0000000000
45285  -1.551  -21.931  81.460 0.0000000000
44458  -3.150  -22.933  80.084 0.0000000000
43532  -3.406  -24.054  81.116 0.0000000000
43539  -2.876  -23.504  80.632 0.0000000000
43538  -2.102  -23.284  81.041 0.0000000000
43530  -1.784  -23.870  81.578 0.0000000000
40559  -2.220  -26.172  83.544 0.0000000000
41509  -2.928  -25.654  83.377 0.0000000000
40554  -2.206  -26.567  84.198 0.0000000000
61174  -24.040  -6.265  64.356 0.0000000000
62249  -22.872  -6.001  64.100 0.0000000000
61166  -24.989  -5.873  64.784 0.0000000000
62229  -25.785  -5.494  65.603 0.0000000000
63260  -26.083  -5.211  65.833 0.0000000000
132375  -26.050  -4.983  65.637 0.0000000000
63270  -26.077  -4.609  65.317 0.0000000000
66519  -20.652  -1.965  64.579 0.0000000000
66525  -21.286  -1.265  63.683 0.0000000000
66524  -20.748  -1.782  63.766 0.0000000000
65422  -20.399  -2.521  63.962 0.0000000000
64346  -20.440  -3.263  63.363 0.0000000000
66537  -21.757  -1.508  61.390 0.0000000000
66553  -21.457  -2.219  61.010 0.0000000000
65432  -21.015  -2.700  61.532 0.0000000000
64364  -21.149  -3.507  61.602 0.0000000000
63323  -21.596  -4.187  61.887 0.0000000000
63315  -22.277  -4.708  62.361 0.0000000000
134978  -26.505  -3.632  63.397 0.0000000000
131276  -27.238  -3.186  64.120 0.0000000000
64367  -27.188  -3.950  61.932 0.0000000000
62321  -26.293  -5.664  60.503 0.0000000000
62322  -27.108  -5.928  60.677 0.0000000000
59184  -32.061  -8.755  59.479 0.0000000000
59198  -32.023  -8.711  58.619 0.0000000000
59197  -31.123  -8.706  58.513 0.0000000000
134442  -31.615  -8.630  58.093 0.0000000000
59211  -32.047  -8.500  57.628 0.0000000000
60223  -31.820  -7.774  56.276 0.0000000000
60220  -28.850  -7.360  56.882 0.0000000000
61265  -29.033  -6.110  55.949 0.0000000000
61257  -29.286  -6.887  56.217 0.0000000000
60235  -31.497  -7.224  55.588 0.0000000000
135694  -31.241  -6.635  55.087 0.0000000000
63397  -30.857  -4.609  54.277 0.0000000000
63396  -30.363  -4.747  54.657 0.0000000000
52628  -15.331  -14.072  73.072 0.0000000000
132255  -15.673  -14.195  74.332 0.0000000000
52629  -17.528  -15.208  73.519 0.0000000000
52613  -17.655  -15.184  74.280 0.0000000000
52612  -17.199  -14.878  74.934 0.0000000000
51534  -22.479  -15.740  72.457 0.0000000000
47067  -2.969  -19.516  79.004 0.0000000000
48196  -4.107  -18.039  77.550 0.0000000000
47101  -4.505  -19.070  77.361 0.0000000000
47083  -4.065  -19.752  77.988 0.0000000000
45299  -5.519  -22.175  79.146 0.0000000000
45294  -6.650  -21.680  79.835 0.0000000000
50472  -7.719  -16.928  75.261 0.0000000000
49318  -7.381  -17.884  75.384 0.0000000000
48230  -7.964  -18.801  75.653 0.0000000000
47084  -7.978  -20.081  77.579 0.0000000000
48182  -10.191  -18.563  78.357 0.0000000000
47085  -8.497  -19.834  78.037 0.0000000000
75913  -44.212  7.769  43.606 0.0000000000
38625  1.153  -29.158  85.590 0.0000000000
38635  0.751  -28.429  85.134 0.0000000000
38622  2.661  -28.278  84.444 0.0000000000
39560  2.829  -27.620  84.157 0.0000000000
39551  2.541  -27.492  84.394 0.0000000000
120845  2.550  -25.993  84.119 0.0000000000
40549  2.620  -26.775  84.204 0.0000000000
54966  -10.406  -12.478  72.240 0.0000000000
56049  -11.013  -11.767  71.525 0.0000000000
59180  -28.447  -8.191  59.838 0.0000000000
61282  -33.807  -5.994  54.719 0.0000000000
62347  -26.347  -5.552  57.288 0.0000000000
64399  -24.092  -3.372  57.851 0.0000000000
65482  -24.628  -2.732  57.391 0.0000000000
69823  -34.717  1.586  51.209 0.0000000000
128003  -31.925  -5.592  54.235 0.0000000000
