#!ascii label  , from subject sub-v2s0x29010_ses-1 vox2ras=TkReg
1213
130766  25.555  -8.140  68.111 0.0000000000
57906  41.200  -7.601  70.988 0.0000000000
67465  46.123  2.500  46.844 0.0000000000
65326  38.004  -1.097  57.888 0.0000000000
59100  43.005  -6.245  60.951 0.0000000000
74911  56.626  8.111  36.174 0.0000000000
118499  45.884  2.586  49.672 0.0000000000
68400  40.898  2.590  50.028 0.0000000000
51964  23.916  -14.750  69.838 0.0000000000
61175  34.716  -5.293  69.365 0.0000000000
56917  35.757  -7.571  65.899 0.0000000000
60202  27.844  -6.743  63.926 0.0000000000
73100  50.704  6.382  42.292 0.0000000000
119397  30.967  -3.996  73.301 0.0000000000
57894  25.440  -8.704  73.600 0.0000000000
70415  50.620  4.682  46.804 0.0000000000
129676  20.992  -12.824  73.932 0.0000000000
49859  16.252  -16.854  75.425 0.0000000000
69275  40.713  3.307  56.106 0.0000000000
63205  42.042  -4.145  59.495 0.0000000000
58056  38.958  -8.912  57.722 0.0000000000
55975  37.051  -8.403  61.684 0.0000000000
70384  46.469  3.566  52.476 0.0000000000
68397  43.440  2.646  49.838 0.0000000000
69317  43.252  4.064  52.105 0.0000000000
68358  49.109  2.427  51.917 0.0000000000
55916  24.972  -10.849  66.471 0.0000000000
130657  24.590  -15.216  67.729 0.0000000000
55893  24.535  -10.945  69.089 0.0000000000
118899  29.541  -5.019  68.888 0.0000000000
61204  31.254  -5.293  66.513 0.0000000000
60183  27.048  -6.984  66.093 0.0000000000
56950  25.735  -9.879  64.501 0.0000000000
69394  45.041  3.219  44.981 0.0000000000
67451  47.978  2.530  47.318 0.0000000000
69378  48.570  3.435  46.310 0.0000000000
70438  48.033  4.835  44.450 0.0000000000
57885  25.411  -8.918  76.164 0.0000000000
54892  23.668  -11.712  73.324 0.0000000000
55832  23.496  -10.108  76.074 0.0000000000
53916  18.223  -12.439  80.020 0.0000000000
52874  17.888  -13.825  77.191 0.0000000000
50857  16.291  -15.386  78.198 0.0000000000
49838  14.676  -16.982  78.514 0.0000000000
50847  14.574  -15.603  81.719 0.0000000000
63173  43.949  -3.312  60.146 0.0000000000
61265  42.972  -5.649  59.710 0.0000000000
60268  40.856  -6.949  57.957 0.0000000000
58054  40.903  -7.516  59.097 0.0000000000
57992  33.253  -8.253  62.906 0.0000000000
55936  36.598  -7.918  63.624 0.0000000000
55979  33.941  -9.282  61.204 0.0000000000
56001  34.889  -10.112  60.057 0.0000000000
67335  39.124  1.043  57.012 0.0000000000
126615  38.232  2.188  53.807 0.0000000000
66361  35.622  -0.221  55.036 0.0000000000
74921  59.793  9.040  33.780 0.0000000000
74040  57.243  7.581  34.545 0.0000000000
121785  45.891  2.167  48.016 0.0000000000
66411  43.534  2.071  48.492 0.0000000000
67406  48.565  2.488  49.058 0.0000000000
59000  37.881  -7.161  70.284 0.0000000000
56878  39.060  -8.211  68.751 0.0000000000
60161  35.383  -6.910  67.625 0.0000000000
60187  32.128  -6.551  64.485 0.0000000000
60225  28.771  -6.463  61.673 0.0000000000
73092  52.740  7.379  44.338 0.0000000000
73999  53.592  7.997  41.396 0.0000000000
73124  54.182  7.349  38.955 0.0000000000
74025  54.691  6.603  36.854 0.0000000000
61164  28.319  -5.539  70.540 0.0000000000
58992  25.553  -7.781  71.089 0.0000000000
125033  27.904  -5.763  73.376 0.0000000000
62159  32.555  -4.118  71.111 0.0000000000
71332  50.648  5.696  44.472 0.0000000000
54919  24.136  -11.826  71.912 0.0000000000
51944  21.718  -14.280  71.594 0.0000000000
50929  19.567  -15.863  71.569 0.0000000000
53927  20.103  -11.965  76.167 0.0000000000
51904  18.760  -14.665  74.554 0.0000000000
49793  11.727  -15.949  84.320 0.0000000000
128601  43.540  4.244  55.440 0.0000000000
66341  39.812  0.187  58.252 0.0000000000
65299  42.043  -1.101  60.099 0.0000000000
122962  39.293  -3.218  59.028 0.0000000000
61276  39.501  -6.031  56.834 0.0000000000
59160  39.436  -7.901  55.344 0.0000000000
125915  36.287  -9.335  55.526 0.0000000000
56913  39.008  -9.017  65.747 0.0000000000
135486  39.958  -8.159  63.640 0.0000000000
58017  40.456  -7.205  61.503 0.0000000000
127792  38.280  -8.538  59.623 0.0000000000
57052  35.565  -9.655  57.058 0.0000000000
69304  40.635  3.484  53.146 0.0000000000
68403  37.604  1.544  50.828 0.0000000000
70372  46.391  3.644  53.313 0.0000000000
69316  44.820  4.143  52.622 0.0000000000
70374  44.568  4.255  53.426 0.0000000000
69298  47.984  3.071  53.191 0.0000000000
56902  24.910  -9.779  67.620 0.0000000000
54943  24.638  -11.452  67.738 0.0000000000
56888  24.803  -9.437  68.395 0.0000000000
60156  27.677  -6.113  68.274 0.0000000000
131172  28.319  -5.714  67.751 0.0000000000
60165  26.674  -7.004  67.516 0.0000000000
56919  25.494  -9.482  66.254 0.0000000000
69380  45.978  3.143  45.811 0.0000000000
67452  46.646  2.431  47.097 0.0000000000
68432  48.448  2.803  47.040 0.0000000000
68443  47.215  2.792  46.538 0.0000000000
69392  47.257  3.624  45.603 0.0000000000
52864  16.965  -13.960  80.334 0.0000000000
51871  17.237  -14.092  78.728 0.0000000000
50853  16.188  -15.163  78.997 0.0000000000
49837  15.301  -16.471  78.179 0.0000000000
50850  15.525  -15.426  80.249 0.0000000000
49829  14.303  -16.424  80.245 0.0000000000
61255  43.993  -4.874  60.501 0.0000000000
60236  43.282  -5.809  60.314 0.0000000000
59127  41.884  -6.990  59.040 0.0000000000
59101  42.193  -6.691  60.538 0.0000000000
56867  41.658  -7.946  70.075 0.0000000000
60222  31.541  -7.179  61.085 0.0000000000
116616  33.795  -8.760  62.425 0.0000000000
58028  32.384  -8.586  60.432 0.0000000000
55992  33.209  -9.646  60.307 0.0000000000
128159  38.183  -0.256  57.302 0.0000000000
67342  37.431  0.628  55.690 0.0000000000
74903  56.450  8.580  38.259 0.0000000000
75789  57.822  9.322  38.124 0.0000000000
75797  57.975  8.957  36.203 0.0000000000
74913  58.081  8.814  35.318 0.0000000000
74031  56.873  7.885  35.263 0.0000000000
67409  45.654  2.327  48.871 0.0000000000
66409  45.133  2.173  48.282 0.0000000000
133388  44.947  2.364  49.089 0.0000000000
68398  42.574  2.632  49.871 0.0000000000
67390  42.242  2.328  49.392 0.0000000000
126607  41.525  2.125  49.269 0.0000000000
68376  47.438  2.748  50.584 0.0000000000
67385  47.098  2.465  49.281 0.0000000000
67407  47.315  2.342  48.833 0.0000000000
50948  24.154  -15.186  69.030 0.0000000000
50950  22.669  -15.832  69.566 0.0000000000
60135  36.660  -6.217  70.528 0.0000000000
59008  36.802  -7.203  69.219 0.0000000000
61184  35.134  -5.927  68.888 0.0000000000
129742  29.360  -5.696  65.398 0.0000000000
61211  31.879  -5.664  65.895 0.0000000000
133435  29.701  -5.930  63.816 0.0000000000
133891  30.837  -6.185  63.523 0.0000000000
60212  28.617  -6.384  62.629 0.0000000000
59079  26.889  -7.987  63.002 0.0000000000
119748  38.517  -5.931  55.282 0.0000000000
73094  51.531  6.640  43.562 0.0000000000
73983  52.687  7.594  42.919 0.0000000000
73107  52.116  7.023  41.842 0.0000000000
73126  52.599  6.931  39.512 0.0000000000
73138  52.904  6.730  38.710 0.0000000000
73137  54.134  6.908  38.107 0.0000000000
120009  30.143  -4.293  71.722 0.0000000000
61144  27.877  -5.815  71.838 0.0000000000
61142  29.287  -4.672  73.152 0.0000000000
62142  32.425  -3.946  72.616 0.0000000000
116410  30.657  -4.256  70.996 0.0000000000
72184  51.714  6.114  45.344 0.0000000000
71326  50.551  5.461  45.444 0.0000000000
71335  48.390  5.279  43.726 0.0000000000
130805  25.175  -8.531  72.121 0.0000000000
56865  24.696  -10.299  71.519 0.0000000000
55869  24.308  -11.563  72.560 0.0000000000
52922  22.207  -12.359  73.419 0.0000000000
52937  22.580  -12.850  72.482 0.0000000000
52938  21.819  -13.246  72.637 0.0000000000
51945  20.827  -14.633  71.769 0.0000000000
51933  20.491  -14.296  72.484 0.0000000000
54872  19.892  -11.231  77.465 0.0000000000
50866  17.175  -15.304  76.290 0.0000000000
51888  18.416  -14.357  75.445 0.0000000000
50889  17.625  -15.899  74.647 0.0000000000
50902  17.781  -16.201  73.824 0.0000000000
68293  40.324  0.985  58.460 0.0000000000
63204  42.832  -3.789  59.558 0.0000000000
121737  42.809  -2.239  60.136 0.0000000000
64249  42.096  -3.103  59.662 0.0000000000
64250  41.042  -2.283  59.679 0.0000000000
126264  40.350  -3.252  59.383 0.0000000000
63220  38.913  -4.421  58.464 0.0000000000
121044  40.405  -5.119  58.885 0.0000000000
58068  40.404  -7.976  57.237 0.0000000000
59150  40.279  -7.507  56.650 0.0000000000
113552  39.129  -8.843  56.739 0.0000000000
58081  37.959  -9.061  55.545 0.0000000000
57065  37.031  -9.345  56.199 0.0000000000
125967  36.887  -7.813  66.762 0.0000000000
56897  38.967  -8.799  67.429 0.0000000000
56915  37.580  -8.212  66.048 0.0000000000
55947  37.288  -7.834  62.818 0.0000000000
56947  38.630  -8.060  63.996 0.0000000000
56962  38.748  -7.754  63.193 0.0000000000
56972  40.000  -7.610  62.486 0.0000000000
112937  38.752  -7.566  61.794 0.0000000000
124619  39.146  -7.591  60.510 0.0000000000
112936  37.660  -8.395  60.722 0.0000000000
118042  34.076  -10.313  58.621 0.0000000000
57035  35.730  -9.932  58.797 0.0000000000
70340  41.996  3.906  55.533 0.0000000000
112585  41.941  4.039  54.009 0.0000000000
114126  41.038  3.550  54.138 0.0000000000
67363  36.028  1.020  52.829 0.0000000000
68362  38.152  2.264  52.229 0.0000000000
135426  59.911  8.725  33.181 0.0000000000
126429  46.426  3.359  51.136 0.0000000000
68395  45.043  2.568  49.686 0.0000000000
69329  44.485  3.572  50.928 0.0000000000
69330  43.523  3.630  51.103 0.0000000000
69331  42.493  3.662  51.365 0.0000000000
69297  48.882  2.911  53.450 0.0000000000
69313  47.817  2.982  52.273 0.0000000000
113579  24.631  -12.940  67.102 0.0000000000
117524  24.599  -13.387  68.752 0.0000000000
52989  24.446  -13.668  69.687 0.0000000000
62206  32.114  -4.624  68.835 0.0000000000
61186  33.172  -5.237  68.074 0.0000000000
134106  30.238  -5.012  67.554 0.0000000000
61207  28.649  -5.769  66.354 0.0000000000
59045  27.160  -7.134  65.232 0.0000000000
57979  26.375  -8.489  64.361 0.0000000000
57969  26.248  -8.327  65.263 0.0000000000
54964  25.100  -11.069  65.563 0.0000000000
73110  49.667  6.084  40.852 0.0000000000
62110  31.037  -4.088  74.718 0.0000000000
68421  49.650  2.992  47.793 0.0000000000
69366  49.652  3.485  47.141 0.0000000000
70416  49.552  4.209  46.333 0.0000000000
71328  49.381  4.855  45.341 0.0000000000
69391  48.213  3.757  45.746 0.0000000000
70430  46.628  4.093  44.883 0.0000000000
57890  25.862  -8.426  75.109 0.0000000000
125103  24.940  -10.498  73.627 0.0000000000
55839  24.904  -10.054  75.160 0.0000000000
54883  23.057  -10.971  74.827 0.0000000000
53939  21.621  -11.702  74.704 0.0000000000
117683  18.802  -12.221  78.093 0.0000000000
52868  18.182  -12.922  78.554 0.0000000000
51874  17.274  -14.435  77.752 0.0000000000
50867  16.586  -15.766  76.675 0.0000000000
49842  15.501  -16.688  77.414 0.0000000000
62251  43.564  -4.448  59.966 0.0000000000
62260  42.526  -4.852  59.440 0.0000000000
61274  41.158  -5.991  58.759 0.0000000000
60256  41.810  -6.186  58.837 0.0000000000
117586  41.316  -7.376  58.660 0.0000000000
58055  40.269  -8.036  58.631 0.0000000000
56935  34.801  -8.008  64.401 0.0000000000
55924  36.090  -7.838  64.616 0.0000000000
56963  35.151  -8.453  63.361 0.0000000000
114714  35.573  -8.664  62.498 0.0000000000
120098  36.128  -8.951  61.780 0.0000000000
127694  36.167  -9.347  61.119 0.0000000000
55990  34.780  -9.797  60.819 0.0000000000
56003  33.370  -10.392  59.247 0.0000000000
69269  39.513  2.561  56.384 0.0000000000
117758  38.862  2.487  54.909 0.0000000000
68316  38.010  1.430  55.654 0.0000000000
67354  36.792  1.171  54.289 0.0000000000
75800  59.436  9.575  35.375 0.0000000000
74918  58.312  8.556  34.545 0.0000000000
66444  46.094  2.415  47.130 0.0000000000
67453  44.807  2.180  46.952 0.0000000000
66446  44.682  2.083  47.454 0.0000000000
67411  43.485  2.364  49.142 0.0000000000
66397  42.925  2.148  48.782 0.0000000000
68357  49.963  2.274  52.081 0.0000000000
68391  49.829  2.251  50.648 0.0000000000
129556  50.283  2.510  49.412 0.0000000000
67425  48.461  2.444  48.348 0.0000000000
66426  47.013  2.232  47.689 0.0000000000
57908  40.006  -7.316  71.035 0.0000000000
57929  40.207  -8.037  69.709 0.0000000000
59006  38.330  -7.627  69.764 0.0000000000
57942  36.954  -7.831  67.881 0.0000000000
57952  35.881  -7.514  66.591 0.0000000000
61202  33.025  -5.830  66.890 0.0000000000
60170  33.601  -6.493  66.375 0.0000000000
59042  34.548  -7.552  65.521 0.0000000000
59054  32.835  -7.280  64.133 0.0000000000
60209  31.227  -6.734  61.945 0.0000000000
60231  29.843  -6.639  60.446 0.0000000000
73998  54.439  8.501  41.412 0.0000000000
73115  52.289  7.006  40.352 0.0000000000
127179  53.481  7.840  40.507 0.0000000000
115544  55.065  8.454  40.033 0.0000000000
74005  55.196  8.093  39.275 0.0000000000
74017  55.304  7.386  37.617 0.0000000000
74023  55.887  7.591  36.782 0.0000000000
74032  56.105  7.336  35.642 0.0000000000
60150  26.818  -6.665  69.390 0.0000000000
57933  25.136  -8.333  69.687 0.0000000000
122337  27.275  -6.324  70.704 0.0000000000
60117  26.717  -6.780  72.016 0.0000000000
58966  26.168  -7.362  73.651 0.0000000000
126954  29.178  -4.805  74.390 0.0000000000
58953  26.671  -6.999  75.188 0.0000000000
58944  26.256  -7.815  76.407 0.0000000000
57899  41.132  -7.313  71.777 0.0000000000
58976  39.254  -6.803  72.094 0.0000000000
60123  37.650  -6.432  71.638 0.0000000000
61161  35.423  -5.227  70.604 0.0000000000
62140  34.872  -4.578  72.024 0.0000000000
62178  33.867  -4.447  70.486 0.0000000000
115889  31.669  -4.298  70.070 0.0000000000
61178  29.367  -5.033  69.544 0.0000000000
73089  52.935  7.038  45.047 0.0000000000
72189  51.642  6.399  44.466 0.0000000000
72190  50.817  6.159  43.435 0.0000000000
71334  49.538  5.232  44.687 0.0000000000
72192  49.662  5.494  43.737 0.0000000000
72210  49.140  5.870  41.638 0.0000000000
57922  24.667  -9.179  70.043 0.0000000000
54927  24.553  -11.805  71.210 0.0000000000
52971  23.820  -13.285  71.170 0.0000000000
113554  23.652  -12.022  72.472 0.0000000000
52954  23.649  -12.587  72.001 0.0000000000
51956  22.927  -14.492  70.833 0.0000000000
50939  21.595  -15.471  70.481 0.0000000000
49906  19.928  -16.225  70.820 0.0000000000
54884  21.392  -11.194  75.606 0.0000000000
53952  20.850  -12.428  74.535 0.0000000000
52891  19.409  -13.208  75.471 0.0000000000
51902  19.938  -13.786  74.025 0.0000000000
50900  19.031  -15.284  73.167 0.0000000000
50842  13.546  -15.659  82.896 0.0000000000
124213  44.761  4.262  54.845 0.0000000000
69267  40.604  3.186  57.074 0.0000000000
68304  39.460  1.869  57.253 0.0000000000
117369  39.206  0.360  57.657 0.0000000000
66349  39.322  -0.300  58.283 0.0000000000
120709  40.636  -0.541  59.309 0.0000000000
65324  39.554  -1.138  58.768 0.0000000000
64259  38.241  -2.094  58.357 0.0000000000
63221  38.215  -4.393  57.851 0.0000000000
62281  38.800  -5.636  56.235 0.0000000000
61284  39.230  -6.275  55.711 0.0000000000
60277  39.984  -6.633  57.016 0.0000000000
59159  39.985  -7.303  55.933 0.0000000000
129175  38.709  -7.941  54.524 0.0000000000
58090  37.631  -8.824  54.490 0.0000000000
57096  36.716  -9.162  54.108 0.0000000000
58002  43.323  -6.535  62.376 0.0000000000
56884  40.185  -8.476  68.463 0.0000000000
119958  40.361  -9.028  67.215 0.0000000000
56928  40.861  -9.153  65.556 0.0000000000
56931  37.910  -8.181  65.134 0.0000000000
122479  39.066  -8.513  64.642 0.0000000000
56944  41.628  -8.990  64.963 0.0000000000
56959  41.124  -7.987  63.223 0.0000000000
56970  41.426  -7.491  62.700 0.0000000000
122853  41.886  -6.792  61.338 0.0000000000
58027  40.549  -7.115  60.747 0.0000000000
58039  39.469  -7.751  59.866 0.0000000000
57032  38.387  -8.891  58.690 0.0000000000
57011  36.312  -9.740  59.434 0.0000000000
57034  36.521  -9.699  58.636 0.0000000000
57050  37.305  -9.448  57.291 0.0000000000
57066  35.927  -9.427  56.178 0.0000000000
70359  43.510  4.331  54.059 0.0000000000
69318  42.417  4.032  52.501 0.0000000000
68359  40.728  3.273  51.332 0.0000000000
69305  39.690  3.038  53.299 0.0000000000
68361  38.990  2.664  51.845 0.0000000000
68401  39.450  2.188  50.128 0.0000000000
74041  56.571  7.179  34.837 0.0000000000
70356  45.975  3.881  54.101 0.0000000000
70373  45.432  4.037  53.368 0.0000000000
135631  46.699  3.579  54.075 0.0000000000
57954  25.112  -9.124  67.747 0.0000000000
57944  25.177  -8.709  68.256 0.0000000000
126899  26.351  -7.224  68.182 0.0000000000
59025  26.016  -7.706  67.607 0.0000000000
57953  25.509  -8.519  67.453 0.0000000000
115206  45.795  2.627  46.435 0.0000000000
69381  45.077  2.700  45.824 0.0000000000
68445  45.110  2.398  46.539 0.0000000000
67464  46.779  2.555  46.815 0.0000000000
68444  46.486  2.714  46.514 0.0000000000
120058  16.411  -14.541  80.221 0.0000000000
51868  16.701  -14.479  79.442 0.0000000000
50854  15.610  -15.609  79.426 0.0000000000
51865  15.968  -14.906  80.584 0.0000000000
135489  15.509  -15.215  80.915 0.0000000000
133413  43.717  -5.769  61.179 0.0000000000
60235  43.691  -5.550  60.761 0.0000000000
59113  43.241  -6.003  60.743 0.0000000000
59114  42.824  -6.278  60.227 0.0000000000
113247  41.840  -7.718  70.807 0.0000000000
57917  41.238  -7.804  70.399 0.0000000000
59103  31.336  -7.442  60.296 0.0000000000
59102  31.881  -7.849  60.590 0.0000000000
58029  31.693  -8.197  59.887 0.0000000000
66351  37.584  -0.697  57.047 0.0000000000
74907  56.531  8.326  37.212 0.0000000000
74906  57.150  8.888  37.654 0.0000000000
74910  57.228  8.700  36.651 0.0000000000
74914  57.350  8.513  35.711 0.0000000000
67386  46.199  2.423  49.230 0.0000000000
131607  45.372  2.413  49.264 0.0000000000
68399  41.626  2.525  49.822 0.0000000000
67391  40.789  2.087  49.432 0.0000000000
67414  40.224  1.326  48.934 0.0000000000
68394  46.829  2.629  49.789 0.0000000000
68393  47.922  2.585  50.005 0.0000000000
50958  23.851  -15.838  68.706 0.0000000000
50949  23.577  -15.475  69.355 0.0000000000
61174  35.485  -5.690  69.700 0.0000000000
60147  35.721  -6.310  69.113 0.0000000000
61185  34.416  -5.526  68.625 0.0000000000
60191  28.365  -6.276  64.417 0.0000000000
61218  29.730  -5.788  64.655 0.0000000000
60190  29.035  -5.972  64.086 0.0000000000
60200  29.219  -6.087  63.241 0.0000000000
60201  28.483  -6.323  63.543 0.0000000000
60213  27.939  -6.800  63.018 0.0000000000
59067  27.351  -7.331  63.454 0.0000000000
60279  38.586  -6.572  54.638 0.0000000000
73099  51.422  6.736  42.579 0.0000000000
73098  52.091  7.179  42.790 0.0000000000
73108  51.394  6.690  41.594 0.0000000000
125015  53.357  6.576  37.978 0.0000000000
62144  30.557  -4.106  72.494 0.0000000000
62145  29.701  -4.447  72.464 0.0000000000
115833  30.075  -4.255  73.227 0.0000000000
62143  31.486  -3.935  72.546 0.0000000000
121248  31.067  -4.049  71.746 0.0000000000
71316  50.845  5.227  46.327 0.0000000000
70426  50.261  5.033  46.145 0.0000000000
57900  25.711  -7.908  73.401 0.0000000000
56861  25.092  -9.306  72.738 0.0000000000
52923  21.495  -12.913  73.325 0.0000000000
113541  21.943  -12.759  73.112 0.0000000000
51918  20.984  -13.568  72.874 0.0000000000
52924  20.669  -13.373  73.613 0.0000000000
55828  19.883  -10.911  78.030 0.0000000000
50878  16.779  -16.051  75.867 0.0000000000
50877  17.411  -15.588  75.462 0.0000000000
49858  16.974  -16.342  75.034 0.0000000000
49869  17.154  -16.619  74.216 0.0000000000
126303  41.311  -3.397  59.549 0.0000000000
63206  40.881  -4.287  59.337 0.0000000000
63219  39.828  -4.359  58.993 0.0000000000
58069  39.778  -8.505  57.210 0.0000000000
57064  38.227  -9.195  56.738 0.0000000000
56900  36.373  -7.637  66.388 0.0000000000
56899  37.401  -8.077  66.809 0.0000000000
56916  36.862  -7.815  66.105 0.0000000000
55962  36.711  -8.384  62.143 0.0000000000
55946  37.934  -7.678  62.818 0.0000000000
56974  38.294  -7.657  62.382 0.0000000000
56973  39.188  -7.614  62.542 0.0000000000
112514  37.752  -7.989  61.536 0.0000000000
70341  41.341  3.614  55.586 0.0000000000
69288  41.605  3.814  54.855 0.0000000000
113383  40.866  3.398  55.207 0.0000000000
69315  46.062  3.674  51.739 0.0000000000
69328  45.539  3.413  50.821 0.0000000000
114014  44.168  4.036  51.846 0.0000000000
69296  49.850  2.744  53.705 0.0000000000
69299  47.141  3.271  52.812 0.0000000000
69314  46.972  3.288  51.837 0.0000000000
54937  24.586  -11.623  68.611 0.0000000000
54014  24.610  -12.761  67.920 0.0000000000
54004  24.587  -12.434  68.824 0.0000000000
116069  24.537  -14.123  68.963 0.0000000000
53994  24.539  -12.814  69.828 0.0000000000
62207  31.166  -4.601  68.804 0.0000000000
112550  30.775  -4.872  67.942 0.0000000000
61190  29.799  -5.048  68.031 0.0000000000
60173  27.558  -6.452  66.484 0.0000000000
60163  28.149  -5.970  66.843 0.0000000000
60172  28.159  -6.131  66.050 0.0000000000
60182  27.636  -6.578  65.653 0.0000000000
59046  26.603  -7.626  65.697 0.0000000000
55915  25.314  -10.270  65.918 0.0000000000
67450  49.244  2.742  47.888 0.0000000000
130137  48.876  2.771  47.509 0.0000000000
68442  48.064  2.936  46.598 0.0000000000
68441  48.930  3.223  46.816 0.0000000000
69377  49.297  3.692  46.582 0.0000000000
69390  48.971  3.991  46.037 0.0000000000
69393  46.216  3.505  45.400 0.0000000000
70431  45.556  3.849  44.445 0.0000000000
57888  25.775  -8.561  75.917 0.0000000000
56856  25.253  -9.638  75.001 0.0000000000
56850  25.216  -9.383  75.707 0.0000000000
55841  23.713  -10.510  75.370 0.0000000000
53938  22.476  -11.396  74.510 0.0000000000
116183  22.258  -11.009  75.170 0.0000000000
115563  18.507  -12.307  79.112 0.0000000000
51872  16.757  -14.770  78.493 0.0000000000
51875  16.765  -15.063  77.814 0.0000000000
50860  16.953  -15.101  77.120 0.0000000000
50861  16.416  -15.575  77.447 0.0000000000
49841  16.031  -16.213  77.049 0.0000000000
50862  15.881  -16.012  77.820 0.0000000000
49833  15.111  -16.233  78.986 0.0000000000
50851  14.926  -15.750  80.830 0.0000000000
49825  14.088  -16.173  81.114 0.0000000000
50848  13.846  -15.994  81.976 0.0000000000
60242  43.215  -5.597  60.059 0.0000000000
62250  43.748  -4.893  60.279 0.0000000000
61264  43.369  -5.136  59.986 0.0000000000
128644  42.912  -5.092  59.589 0.0000000000
61266  42.293  -5.672  59.319 0.0000000000
60255  42.652  -5.885  59.335 0.0000000000
59116  41.568  -7.175  59.186 0.0000000000
57978  34.220  -8.150  64.146 0.0000000000
119552  35.113  -8.150  64.036 0.0000000000
57991  34.021  -8.506  63.384 0.0000000000
56975  33.862  -8.994  61.694 0.0000000000
123011  34.295  -8.866  62.301 0.0000000000
55965  34.439  -9.056  61.854 0.0000000000
55963  35.692  -8.923  62.028 0.0000000000
55978  34.607  -9.377  61.369 0.0000000000
55977  35.447  -9.378  61.442 0.0000000000
122187  32.750  -10.027  59.689 0.0000000000
68305  38.993  1.985  56.453 0.0000000000
68315  38.580  2.080  55.660 0.0000000000
67340  38.542  1.302  56.359 0.0000000000
67343  36.530  0.115  55.396 0.0000000000
67347  36.867  0.779  54.995 0.0000000000
67348  36.167  0.544  54.637 0.0000000000
74919  57.566  8.289  34.885 0.0000000000
74039  57.926  7.927  34.194 0.0000000000
66427  45.970  2.311  47.498 0.0000000000
66445  45.458  2.273  47.298 0.0000000000
66428  45.332  2.177  47.750 0.0000000000
66410  44.368  2.187  48.490 0.0000000000
66429  44.618  2.018  48.006 0.0000000000
129716  43.954  1.968  48.155 0.0000000000
68396  44.258  2.610  49.771 0.0000000000
67388  43.858  2.453  49.411 0.0000000000
67412  41.960  1.966  48.890 0.0000000000
121425  42.739  2.288  49.132 0.0000000000
66412  42.056  1.673  48.337 0.0000000000
69311  49.473  2.513  52.775 0.0000000000
127433  48.542  2.510  49.751 0.0000000000
67383  49.293  2.442  49.885 0.0000000000
67382  50.115  2.370  49.988 0.0000000000
67405  49.596  2.505  49.290 0.0000000000
124199  49.177  2.568  48.707 0.0000000000
66393  46.898  2.232  48.421 0.0000000000
66407  47.169  2.174  48.100 0.0000000000
129879  46.400  2.254  47.693 0.0000000000
66443  46.543  2.378  47.336 0.0000000000
58999  38.685  -7.303  70.499 0.0000000000
57920  39.105  -7.691  70.003 0.0000000000
59016  36.006  -7.208  68.044 0.0000000000
59015  36.603  -7.475  68.394 0.0000000000
59023  36.421  -7.557  67.727 0.0000000000
57951  36.544  -7.677  67.127 0.0000000000
59031  35.195  -7.229  66.798 0.0000000000
61197  31.523  -5.062  67.305 0.0000000000
61195  33.303  -5.631  67.476 0.0000000000
61203  32.161  -5.457  66.708 0.0000000000
60180  31.565  -5.921  65.068 0.0000000000
60171  32.757  -6.040  66.146 0.0000000000
112719  33.330  -6.747  65.681 0.0000000000
59033  34.119  -7.181  65.933 0.0000000000
59044  33.041  -7.027  64.938 0.0000000000
59053  33.650  -7.685  64.549 0.0000000000
60211  29.448  -6.183  62.328 0.0000000000
112603  30.979  -6.403  62.816 0.0000000000
60210  30.370  -6.313  62.084 0.0000000000
60223  30.671  -6.616  61.056 0.0000000000
60224  29.670  -6.351  61.353 0.0000000000
56949  26.080  -9.320  63.874 0.0000000000
56966  25.791  -10.074  63.755 0.0000000000
73979  53.375  7.740  44.461 0.0000000000
73988  53.385  7.902  42.448 0.0000000000
114902  53.996  8.205  42.852 0.0000000000
129521  54.046  8.218  42.070 0.0000000000
73987  54.755  8.670  42.291 0.0000000000
131981  50.988  6.501  39.813 0.0000000000
73116  51.374  6.657  40.598 0.0000000000
125356  53.405  7.170  39.288 0.0000000000
73114  53.072  7.412  40.068 0.0000000000
73125  53.826  7.712  39.764 0.0000000000
74002  54.259  8.245  40.453 0.0000000000
74006  54.538  7.933  39.539 0.0000000000
74018  54.728  6.896  37.498 0.0000000000
74011  54.749  7.293  38.272 0.0000000000
74024  55.235  6.969  36.863 0.0000000000
60137  27.344  -6.243  69.914 0.0000000000
60138  26.724  -6.711  70.262 0.0000000000
61134  27.925  -5.742  72.626 0.0000000000
60116  27.335  -6.242  72.328 0.0000000000
135711  27.426  -6.114  73.002 0.0000000000
60111  26.795  -6.684  73.026 0.0000000000
60110  27.299  -6.245  73.684 0.0000000000
62112  29.752  -4.481  74.686 0.0000000000
61113  28.544  -5.398  75.458 0.0000000000
60099  27.199  -6.398  74.583 0.0000000000
60088  27.306  -6.463  75.529 0.0000000000
58947  26.241  -7.791  75.593 0.0000000000
58987  40.362  -7.153  71.665 0.0000000000
60124  36.903  -6.041  71.339 0.0000000000
125731  33.868  -4.234  71.979 0.0000000000
62157  34.284  -4.472  71.230 0.0000000000
62158  33.431  -4.237  71.184 0.0000000000
115985  33.024  -4.262  70.422 0.0000000000
62179  32.272  -4.217  70.437 0.0000000000
62161  29.803  -4.584  70.938 0.0000000000
62182  29.562  -4.833  70.163 0.0000000000
113626  28.856  -5.256  69.989 0.0000000000
60136  28.106  -5.738  69.687 0.0000000000
72185  51.108  5.852  45.009 0.0000000000
126699  51.142  6.068  44.217 0.0000000000
72191  50.279  5.634  43.872 0.0000000000
70428  48.697  4.440  45.335 0.0000000000
70437  48.914  5.006  44.640 0.0000000000
72200  47.959  5.489  42.474 0.0000000000
71346  48.902  5.507  43.140 0.0000000000
115353  49.427  5.763  42.607 0.0000000000
114061  48.729  5.681  42.239 0.0000000000
59002  25.578  -7.738  70.206 0.0000000000
57921  25.022  -8.524  70.720 0.0000000000
55878  24.638  -11.132  71.370 0.0000000000
53986  24.062  -12.229  72.051 0.0000000000
133563  24.224  -12.557  71.238 0.0000000000
115829  23.974  -12.511  71.747 0.0000000000
55860  24.540  -11.076  73.606 0.0000000000
55859  24.485  -11.312  73.190 0.0000000000
53959  23.348  -12.011  72.857 0.0000000000
51931  22.207  -13.537  72.071 0.0000000000
122292  23.368  -12.491  72.188 0.0000000000
52955  23.077  -13.044  72.066 0.0000000000
51942  23.318  -13.612  71.388 0.0000000000
51943  22.589  -13.979  71.511 0.0000000000
50926  22.094  -14.752  70.965 0.0000000000
50914  20.018  -15.081  72.053 0.0000000000
50928  20.350  -15.435  71.302 0.0000000000
49907  19.169  -16.767  71.138 0.0000000000
55835  20.530  -11.013  76.966 0.0000000000
54875  20.615  -11.384  76.197 0.0000000000
53940  20.606  -11.967  75.410 0.0000000000
52873  18.314  -13.063  77.611 0.0000000000
115897  18.486  -13.316  76.696 0.0000000000
52892  18.748  -13.610  75.863 0.0000000000
51887  19.057  -13.903  75.087 0.0000000000
52906  19.695  -13.491  74.737 0.0000000000
51903  19.374  -14.096  74.444 0.0000000000
51920  19.416  -14.567  73.758 0.0000000000
51921  18.797  -15.165  73.858 0.0000000000
50837  13.613  -15.149  83.843 0.0000000000
50831  12.459  -15.399  84.510 0.0000000000
50838  12.745  -15.677  83.712 0.0000000000
70315  43.140  3.978  56.786 0.0000000000
69263  40.597  2.859  58.090 0.0000000000
69264  39.991  2.368  57.684 0.0000000000
68281  40.250  1.826  58.458 0.0000000000
67330  40.138  0.637  58.357 0.0000000000
66350  38.682  -0.253  57.796 0.0000000000
64241  42.056  -2.144  59.968 0.0000000000
65311  41.217  -1.207  59.749 0.0000000000
64257  39.881  -2.102  59.237 0.0000000000
65323  40.360  -1.189  59.315 0.0000000000
64258  38.998  -2.059  58.745 0.0000000000
120791  38.461  -3.243  58.566 0.0000000000
62271  39.614  -5.453  58.110 0.0000000000
62272  38.813  -5.296  57.409 0.0000000000
60267  41.144  -6.623  58.491 0.0000000000
61275  40.471  -6.579  57.932 0.0000000000
60269  40.418  -6.987  57.180 0.0000000000
59151  40.025  -7.876  56.051 0.0000000000
60278  39.468  -6.976  55.330 0.0000000000
129154  38.569  -8.489  54.931 0.0000000000
57080  36.976  -9.192  55.100 0.0000000000
57081  36.088  -9.368  54.720 0.0000000000
57082  35.305  -9.644  54.501 0.0000000000
56877  39.806  -8.250  69.002 0.0000000000
133204  38.688  -8.898  66.588 0.0000000000
56896  39.806  -8.794  67.746 0.0000000000
120811  39.443  -9.067  66.868 0.0000000000
119707  41.248  -9.109  66.620 0.0000000000
56912  40.042  -9.171  66.217 0.0000000000
55923  36.644  -7.820  64.479 0.0000000000
55914  37.140  -7.893  65.306 0.0000000000
55922  37.333  -7.882  64.485 0.0000000000
56946  39.324  -8.118  63.820 0.0000000000
56945  39.869  -8.556  64.221 0.0000000000
113129  40.690  -8.883  64.538 0.0000000000
127711  40.595  -8.347  63.781 0.0000000000
113781  41.574  -8.431  63.997 0.0000000000
56984  40.430  -7.409  62.101 0.0000000000
56971  40.733  -7.624  62.626 0.0000000000
58016  40.957  -7.277  62.101 0.0000000000
58015  41.644  -7.004  62.104 0.0000000000
113126  41.109  -7.015  61.415 0.0000000000
56998  38.710  -8.024  60.018 0.0000000000
57009  38.901  -8.291  59.304 0.0000000000
55989  35.577  -9.777  60.613 0.0000000000
55988  36.382  -9.536  60.290 0.0000000000
57012  35.666  -9.959  59.747 0.0000000000
114518  35.885  -9.864  58.005 0.0000000000
57051  36.546  -9.663  57.706 0.0000000000
57033  37.402  -9.372  58.414 0.0000000000
128226  36.474  -9.519  56.896 0.0000000000
121796  43.928  4.320  54.793 0.0000000000
70358  44.283  4.309  54.127 0.0000000000
69303  41.594  3.857  53.046 0.0000000000
69302  42.365  4.119  53.343 0.0000000000
117912  41.796  3.818  52.038 0.0000000000
69319  41.068  3.602  52.161 0.0000000000
69290  39.539  2.832  54.439 0.0000000000
68384  37.651  1.925  51.675 0.0000000000
68383  38.368  2.185  51.306 0.0000000000
68382  39.204  2.487  50.927 0.0000000000
68402  38.596  1.864  50.448 0.0000000000
116398  60.531  9.241  33.192 0.0000000000
75813  60.855  9.031  32.448 0.0000000000
75825  61.433  9.201  31.825 0.0000000000
73168  56.026  6.744  35.021 0.0000000000
70385  45.719  3.894  52.552 0.0000000000
69300  43.949  4.270  52.780 0.0000000000
70371  47.259  3.324  53.693 0.0000000000
56920  25.113  -10.039  66.790 0.0000000000
54953  24.730  -11.347  66.985 0.0000000000
55908  24.760  -10.655  67.447 0.0000000000
128168  24.590  -10.976  68.233 0.0000000000
61191  28.937  -5.292  68.369 0.0000000000
60164  27.451  -6.359  67.440 0.0000000000
59034  26.454  -7.464  66.675 0.0000000000
59047  26.087  -8.166  66.134 0.0000000000
59035  25.906  -8.086  66.881 0.0000000000
56901  25.270  -9.259  67.061 0.0000000000
119508  47.432  2.589  46.915 0.0000000000
121093  47.721  3.216  46.153 0.0000000000
69379  46.861  3.192  45.982 0.0000000000
115876  25.500  -8.484  76.702 0.0000000000
114370  25.072  -9.338  76.109 0.0000000000
56842  25.043  -8.962  76.584 0.0000000000
50858  15.732  -15.805  78.605 0.0000000000
50855  14.998  -16.019  79.859 0.0000000000
50846  15.232  -15.173  81.543 0.0000000000
61251  43.733  -5.339  60.608 0.0000000000
60243  42.879  -5.977  59.695 0.0000000000
59126  42.597  -6.386  59.609 0.0000000000
59115  41.981  -7.083  59.926 0.0000000000
58037  41.458  -7.052  59.819 0.0000000000
59076  32.491  -7.758  62.379 0.0000000000
58005  33.059  -8.507  61.986 0.0000000000
58018  32.967  -8.894  61.126 0.0000000000
56990  33.415  -9.255  60.950 0.0000000000
57001  32.873  -9.410  60.324 0.0000000000
129265  32.070  -9.263  59.576 0.0000000000
67336  38.598  0.408  56.952 0.0000000000
67341  38.131  0.759  56.212 0.0000000000
66356  37.883  0.098  56.556 0.0000000000
66357  37.109  -0.335  56.154 0.0000000000
74902  57.112  9.021  38.703 0.0000000000
75801  58.687  9.267  35.778 0.0000000000
66394  46.175  2.255  48.435 0.0000000000
127017  45.545  2.259  48.495 0.0000000000
66395  44.851  2.293  48.774 0.0000000000
66396  43.932  2.292  48.858 0.0000000000
67389  43.059  2.451  49.432 0.0000000000
67413  41.053  1.627  48.876 0.0000000000
68375  48.476  2.462  51.069 0.0000000000
67384  47.884  2.476  49.283 0.0000000000
135258  47.856  2.409  48.884 0.0000000000
67408  46.538  2.321  48.818 0.0000000000
51973  24.475  -14.788  68.494 0.0000000000
49924  22.400  -16.686  69.014 0.0000000000
49925  21.788  -16.406  69.506 0.0000000000
60145  37.086  -6.888  70.028 0.0000000000
60146  36.283  -6.425  69.679 0.0000000000
60155  35.559  -6.589  68.423 0.0000000000
113122  34.892  -6.180  68.080 0.0000000000
61205  30.342  -5.286  66.355 0.0000000000
61212  30.965  -5.533  65.695 0.0000000000
61217  30.671  -5.767  64.852 0.0000000000
60188  31.250  -6.147  64.198 0.0000000000
132854  31.704  -6.507  63.979 0.0000000000
60189  30.396  -5.956  64.022 0.0000000000
60199  30.141  -6.080  63.105 0.0000000000
59077  28.048  -6.896  62.082 0.0000000000
59078  27.427  -7.420  62.533 0.0000000000
62282  37.947  -5.395  55.614 0.0000000000
73093  52.250  7.179  43.781 0.0000000000
73982  53.169  7.803  43.512 0.0000000000
73989  52.775  7.535  42.038 0.0000000000
114504  51.744  6.707  39.713 0.0000000000
73139  52.011  6.519  38.865 0.0000000000
131269  53.625  6.929  38.638 0.0000000000
73148  54.013  6.458  37.229 0.0000000000
61163  29.022  -5.067  70.785 0.0000000000
61153  28.434  -5.382  71.350 0.0000000000
61152  29.213  -4.823  71.707 0.0000000000
135530  29.039  -4.879  72.512 0.0000000000
61133  28.548  -5.235  73.057 0.0000000000
120810  32.946  -4.050  71.898 0.0000000000
62160  31.609  -4.140  70.936 0.0000000000
71325  51.219  5.660  45.847 0.0000000000
58978  25.558  -7.876  71.935 0.0000000000
56869  24.696  -9.463  70.904 0.0000000000
56864  24.871  -9.233  71.695 0.0000000000
126243  24.809  -10.425  72.304 0.0000000000
54918  24.063  -11.552  72.243 0.0000000000
134948  22.750  -11.983  73.428 0.0000000000
53960  23.279  -11.986  73.040 0.0000000000
52921  22.832  -12.303  72.879 0.0000000000
51932  21.327  -13.861  72.189 0.0000000000
55827  20.362  -10.645  77.647 0.0000000000
54876  19.974  -11.604  76.775 0.0000000000
51877  17.528  -14.580  76.749 0.0000000000
52880  18.137  -14.074  76.295 0.0000000000
51889  17.795  -14.835  75.882 0.0000000000
50876  18.048  -15.129  75.039 0.0000000000
50888  18.255  -15.479  74.250 0.0000000000
68280  40.724  1.105  58.937 0.0000000000
67329  40.598  0.559  58.876 0.0000000000
66340  40.494  0.064  58.906 0.0000000000
63189  43.291  -3.803  59.742 0.0000000000
64240  43.331  -3.135  59.984 0.0000000000
64248  42.838  -3.033  59.792 0.0000000000
59149  40.678  -7.372  57.481 0.0000000000
58078  40.112  -8.099  56.602 0.0000000000
58079  39.664  -8.411  56.233 0.0000000000
58080  38.909  -8.760  55.878 0.0000000000
56887  37.850  -8.259  67.612 0.0000000000
56886  38.597  -8.488  67.941 0.0000000000
56898  38.126  -8.558  66.922 0.0000000000
56914  38.249  -8.616  65.925 0.0000000000
55948  36.643  -8.052  62.864 0.0000000000
55935  37.257  -7.826  63.630 0.0000000000
55934  38.001  -7.774  63.442 0.0000000000
56961  39.626  -7.852  63.159 0.0000000000
56960  40.356  -7.920  63.154 0.0000000000
128323  39.477  -7.477  61.990 0.0000000000
56985  39.942  -7.360  61.714 0.0000000000
56997  39.824  -7.309  60.802 0.0000000000
56986  39.277  -7.411  61.256 0.0000000000
56987  38.458  -7.798  60.830 0.0000000000
56999  38.100  -8.279  60.178 0.0000000000
56018  34.913  -10.151  59.137 0.0000000000
57036  34.933  -10.031  57.956 0.0000000000
57053  34.436  -9.872  56.746 0.0000000000
70339  42.775  4.118  55.464 0.0000000000
124884  43.152  4.271  54.744 0.0000000000
70360  42.381  4.121  54.755 0.0000000000
68345  36.822  1.519  53.304 0.0000000000
68344  37.817  1.995  53.142 0.0000000000
68363  37.296  1.838  52.414 0.0000000000
74922  59.346  8.467  33.510 0.0000000000
68377  46.396  2.933  50.412 0.0000000000
69338  45.531  2.834  50.124 0.0000000000
69339  44.775  2.941  50.252 0.0000000000
69340  43.903  3.020  50.348 0.0000000000
113634  45.130  3.900  51.715 0.0000000000
68378  42.995  3.086  50.443 0.0000000000
68379  42.071  3.062  50.491 0.0000000000
68380  41.229  2.993  50.537 0.0000000000
69312  48.616  2.724  52.577 0.0000000000
69325  48.376  2.658  51.845 0.0000000000
69326  47.714  2.843  51.432 0.0000000000
69327  47.033  3.072  51.041 0.0000000000
134122  24.683  -14.008  67.135 0.0000000000
116863  24.628  -12.129  67.151 0.0000000000
53025  24.638  -13.608  67.644 0.0000000000
115301  24.602  -14.100  68.307 0.0000000000
51963  24.312  -14.448  69.409 0.0000000000
62205  33.071  -4.754  68.857 0.0000000000
132361  33.725  -5.210  68.495 0.0000000000
61187  32.517  -4.921  68.274 0.0000000000
61188  31.771  -4.821  68.089 0.0000000000
61198  30.649  -5.061  67.125 0.0000000000
119420  29.115  -5.296  67.647 0.0000000000
61199  29.759  -5.186  67.125 0.0000000000
61206  29.387  -5.503  66.201 0.0000000000
61214  28.764  -5.842  65.695 0.0000000000
60181  28.247  -6.218  65.256 0.0000000000
60192  27.743  -6.679  64.805 0.0000000000
59055  27.265  -7.246  64.352 0.0000000000
59056  26.727  -7.771  64.798 0.0000000000
57980  25.988  -9.098  64.860 0.0000000000
57970  25.845  -8.906  65.749 0.0000000000
56936  25.641  -9.686  65.387 0.0000000000
73109  50.606  6.376  41.252 0.0000000000
62127  31.416  -3.999  74.111 0.0000000000
68420  50.239  3.125  48.128 0.0000000000
69356  50.484  3.447  47.998 0.0000000000
68431  49.314  3.103  47.328 0.0000000000
68430  49.978  3.330  47.684 0.0000000000
69376  49.893  3.910  46.899 0.0000000000
117226  50.071  4.462  46.598 0.0000000000
70427  49.731  4.742  45.976 0.0000000000
122642  49.291  4.457  45.824 0.0000000000
70429  47.690  4.229  45.094 0.0000000000
70439  47.008  4.656  44.256 0.0000000000
57891  25.485  -9.088  74.554 0.0000000000
56858  25.219  -9.660  73.658 0.0000000000
131891  25.203  -9.840  74.307 0.0000000000
55850  24.921  -10.316  74.399 0.0000000000
55851  24.470  -10.704  74.465 0.0000000000
56851  24.828  -9.766  75.799 0.0000000000
55840  24.394  -10.362  75.235 0.0000000000
54882  23.823  -11.069  74.441 0.0000000000
54893  23.062  -11.569  73.942 0.0000000000
53951  22.288  -11.851  73.970 0.0000000000
52904  21.590  -12.344  73.968 0.0000000000
54863  19.102  -11.521  79.000 0.0000000000
52869  17.777  -13.642  78.151 0.0000000000
49849  15.674  -16.905  76.662 0.0000000000
63187  43.817  -4.151  60.071 0.0000000000
63188  43.622  -3.823  59.949 0.0000000000
62259  43.175  -4.513  59.638 0.0000000000
131460  42.762  -4.318  59.459 0.0000000000
62261  41.410  -5.224  59.210 0.0000000000
60244  42.285  -6.429  59.183 0.0000000000
59139  41.563  -6.797  58.619 0.0000000000
59140  41.199  -7.212  58.231 0.0000000000
59128  40.803  -7.778  58.104 0.0000000000
113311  40.245  -8.272  57.871 0.0000000000
120415  39.699  -8.462  58.190 0.0000000000
56918  35.418  -7.653  65.230 0.0000000000
56933  35.910  -7.679  65.297 0.0000000000
55925  35.634  -7.792  64.766 0.0000000000
55938  35.572  -8.055  64.059 0.0000000000
55937  36.107  -8.019  63.827 0.0000000000
56964  34.501  -8.686  62.991 0.0000000000
134043  35.369  -8.558  62.882 0.0000000000
121997  36.156  -8.189  63.041 0.0000000000
55949  36.115  -8.539  62.382 0.0000000000
55976  36.617  -8.850  61.479 0.0000000000
55980  33.590  -9.523  60.634 0.0000000000
55991  33.553  -9.991  60.114 0.0000000000
56002  34.149  -10.248  59.606 0.0000000000
69276  40.119  3.005  55.782 0.0000000000
69277  39.360  2.663  55.508 0.0000000000
68329  38.177  2.031  54.759 0.0000000000
68317  37.420  1.372  54.950 0.0000000000
116343  37.512  1.762  54.065 0.0000000000
67355  36.030  0.879  53.758 0.0000000000
75804  59.618  9.312  34.564 0.0000000000
75805  58.829  9.084  34.944 0.0000000000
74917  59.080  8.772  34.205 0.0000000000
74047  58.379  7.488  33.575 0.0000000000
67466  45.515  2.265  47.162 0.0000000000
67387  44.610  2.435  49.355 0.0000000000
67410  44.284  2.379  49.135 0.0000000000
129875  42.750  1.820  48.307 0.0000000000
68374  49.478  2.242  51.280 0.0000000000
68373  50.361  2.173  51.422 0.0000000000
67404  49.940  2.651  48.768 0.0000000000
67424  49.211  2.629  48.254 0.0000000000
112845  48.444  2.492  47.812 0.0000000000
66392  47.692  2.331  48.481 0.0000000000
66425  47.718  2.238  47.989 0.0000000000
67439  47.628  2.360  47.597 0.0000000000
67440  47.166  2.410  47.261 0.0000000000
57907  40.535  -7.471  71.025 0.0000000000
57918  40.654  -7.789  70.368 0.0000000000
57919  39.910  -7.698  70.328 0.0000000000
57930  39.481  -7.978  69.501 0.0000000000
57931  38.734  -7.924  69.240 0.0000000000
59007  37.545  -7.458  69.524 0.0000000000
57932  37.965  -7.873  68.996 0.0000000000
57941  37.595  -8.018  68.159 0.0000000000
57950  37.214  -7.956  67.378 0.0000000000
61194  34.007  -5.758  67.848 0.0000000000
60162  34.634  -6.543  67.295 0.0000000000
60169  34.389  -6.900  66.569 0.0000000000
59032  34.798  -7.385  66.120 0.0000000000
57960  35.098  -7.539  65.726 0.0000000000
116683  34.366  -7.809  64.848 0.0000000000
59065  32.650  -7.524  63.288 0.0000000000
114641  31.433  -6.491  63.500 0.0000000000
59066  31.827  -6.971  62.786 0.0000000000
59091  31.876  -7.304  61.915 0.0000000000
131359  31.073  -6.988  60.624 0.0000000000
59104  30.624  -7.026  60.148 0.0000000000
59068  26.843  -7.898  63.908 0.0000000000
57993  26.493  -8.603  63.472 0.0000000000
64260  37.597  -2.374  57.950 0.0000000000
73997  55.132  8.920  41.559 0.0000000000
113203  52.024  6.894  41.094 0.0000000000
74000  52.764  7.428  41.034 0.0000000000
115349  55.053  8.759  40.853 0.0000000000
73996  55.719  9.186  41.325 0.0000000000
127808  55.702  9.012  40.522 0.0000000000
74004  55.721  8.641  39.681 0.0000000000
113446  54.778  7.653  38.915 0.0000000000
74010  55.279  7.761  38.472 0.0000000000
74009  55.810  8.290  38.825 0.0000000000
74016  55.872  7.983  37.869 0.0000000000
74033  55.505  7.044  36.174 0.0000000000
59017  26.305  -7.161  68.923 0.0000000000
57943  25.364  -8.225  68.812 0.0000000000
59009  26.195  -7.172  69.791 0.0000000000
59001  26.120  -7.213  70.669 0.0000000000
60125  27.293  -6.317  71.506 0.0000000000
60126  26.702  -6.765  71.115 0.0000000000
58991  26.108  -7.288  71.567 0.0000000000
58977  26.065  -7.414  72.601 0.0000000000
62128  30.449  -4.162  74.131 0.0000000000
62129  29.580  -4.496  73.894 0.0000000000
131076  28.352  -5.409  73.774 0.0000000000
61124  29.153  -4.901  75.083 0.0000000000
61125  28.545  -5.287  74.517 0.0000000000
60109  27.865  -5.821  74.149 0.0000000000
60100  26.682  -6.778  74.017 0.0000000000
57893  25.779  -8.155  74.219 0.0000000000
57884  25.854  -8.238  76.562 0.0000000000
57898  41.855  -7.488  71.531 0.0000000000
58988  39.716  -7.033  71.484 0.0000000000
58989  38.990  -6.990  71.276 0.0000000000
60122  38.436  -6.692  71.903 0.0000000000
60134  37.417  -6.590  70.810 0.0000000000
61173  36.024  -5.807  70.298 0.0000000000
61162  34.925  -5.110  70.013 0.0000000000
61151  35.610  -5.092  71.511 0.0000000000
62177  34.638  -4.762  70.558 0.0000000000
62198  34.284  -4.776  69.865 0.0000000000
62199  33.462  -4.523  69.723 0.0000000000
120544  31.674  -4.451  69.396 0.0000000000
133259  30.610  -4.602  69.150 0.0000000000
62180  31.037  -4.298  70.379 0.0000000000
61177  30.069  -4.685  69.472 0.0000000000
60148  28.215  -5.714  68.724 0.0000000000
60149  27.504  -6.176  69.064 0.0000000000
73972  53.644  7.386  45.281 0.0000000000
72183  52.450  6.363  45.606 0.0000000000
73090  52.243  6.748  44.788 0.0000000000
71327  49.906  5.178  45.423 0.0000000000
71333  50.090  5.434  44.649 0.0000000000
116045  49.120  5.331  44.035 0.0000000000
72199  50.142  5.910  42.990 0.0000000000
72209  49.969  6.067  41.924 0.0000000000
57934  24.839  -8.926  69.079 0.0000000000
132093  24.528  -9.966  69.389 0.0000000000
56870  24.585  -10.179  70.570 0.0000000000
55885  24.579  -10.999  70.232 0.0000000000
54934  24.592  -11.870  69.820 0.0000000000
52970  24.246  -13.020  70.802 0.0000000000
51954  24.109  -13.948  70.279 0.0000000000
122462  24.906  -10.552  72.945 0.0000000000
54909  24.022  -11.556  72.527 0.0000000000
53978  23.768  -11.963  72.449 0.0000000000
53970  23.206  -12.190  72.589 0.0000000000
52935  23.543  -12.169  72.385 0.0000000000
52953  23.650  -12.166  71.932 0.0000000000
51955  23.590  -14.206  70.610 0.0000000000
50937  23.259  -15.029  70.109 0.0000000000
50938  22.430  -15.246  70.317 0.0000000000
50951  21.921  -15.810  69.944 0.0000000000
49916  21.238  -16.159  70.021 0.0000000000
50927  21.230  -15.081  71.134 0.0000000000
50940  20.751  -15.816  70.606 0.0000000000
49917  20.439  -16.686  70.127 0.0000000000
54874  22.100  -10.587  75.950 0.0000000000
54867  19.413  -11.415  78.080 0.0000000000
53923  19.378  -11.863  77.333 0.0000000000
53928  19.515  -12.230  76.566 0.0000000000
52879  19.130  -12.908  76.249 0.0000000000
53941  19.786  -12.506  75.814 0.0000000000
52890  20.104  -12.792  75.049 0.0000000000
52905  20.380  -13.133  74.324 0.0000000000
51919  20.208  -14.062  73.273 0.0000000000
51934  19.733  -14.803  72.859 0.0000000000
50915  19.286  -15.534  72.370 0.0000000000
50901  18.406  -15.747  73.468 0.0000000000
50916  18.633  -15.990  72.702 0.0000000000
49890  18.873  -16.290  71.918 0.0000000000
113652  14.279  -15.437  82.433 0.0000000000
49818  12.994  -16.265  82.162 0.0000000000
119835  45.645  4.092  54.858 0.0000000000
70316  42.321  3.873  56.411 0.0000000000
70317  41.409  3.599  56.316 0.0000000000
69268  39.984  2.824  56.744 0.0000000000
68294  39.967  1.343  57.936 0.0000000000
67334  39.610  0.822  57.718 0.0000000000
66331  41.022  0.249  59.358 0.0000000000
66348  40.027  -0.454  58.788 0.0000000000
65325  38.770  -1.054  58.346 0.0000000000
121928  37.840  -3.334  58.114 0.0000000000
62273  38.113  -5.075  56.810 0.0000000000
59170  38.812  -7.366  54.563 0.0000000000
62270  40.482  -5.851  58.458 0.0000000000
117047  39.961  -6.180  57.628 0.0000000000
133491  40.155  -6.992  56.522 0.0000000000
129967  39.827  -6.644  56.158 0.0000000000
58101  38.025  -8.272  53.981 0.0000000000
58102  37.278  -8.886  53.348 0.0000000000
115960  36.649  -9.463  53.498 0.0000000000
59089  43.172  -6.309  61.676 0.0000000000
56868  40.922  -8.008  69.834 0.0000000000
56876  40.567  -8.229  69.162 0.0000000000
56883  41.061  -8.497  68.521 0.0000000000
56885  39.399  -8.508  68.256 0.0000000000
122755  40.515  -8.724  67.946 0.0000000000
56895  41.183  -8.879  67.657 0.0000000000
128585  41.737  -9.118  65.829 0.0000000000
127764  38.514  -8.537  65.195 0.0000000000
55921  37.968  -7.996  64.226 0.0000000000
56930  38.432  -8.264  64.638 0.0000000000
56929  39.802  -9.030  65.101 0.0000000000
132665  42.299  -8.637  64.579 0.0000000000
58004  42.142  -7.219  62.739 0.0000000000
58014  42.515  -6.711  62.070 0.0000000000
58025  42.569  -6.521  61.309 0.0000000000
58026  41.297  -6.943  60.628 0.0000000000
122852  40.709  -7.226  59.960 0.0000000000
113904  40.094  -7.387  60.147 0.0000000000
58038  40.147  -7.655  59.429 0.0000000000
112682  39.608  -8.108  59.003 0.0000000000
57031  39.133  -8.531  58.588 0.0000000000
56988  37.090  -8.675  61.139 0.0000000000
57000  37.119  -9.035  60.501 0.0000000000
128674  37.698  -8.779  60.013 0.0000000000
57010  37.054  -9.354  59.532 0.0000000000
128372  37.791  -9.025  59.273 0.0000000000
57049  38.064  -9.228  57.783 0.0000000000
120567  35.476  -9.451  55.330 0.0000000000
57067  34.926  -9.530  56.010 0.0000000000
70357  45.112  4.160  54.126 0.0000000000
70375  43.871  4.334  53.514 0.0000000000
69301  43.144  4.243  53.187 0.0000000000
69287  42.748  4.249  54.006 0.0000000000
69332  41.543  3.468  51.269 0.0000000000
68381  40.494  2.854  50.608 0.0000000000
69289  40.218  3.075  54.837 0.0000000000
131432  40.248  3.162  53.968 0.0000000000
68343  38.759  2.569  52.961 0.0000000000
130489  39.497  3.013  52.336 0.0000000000
69320  40.233  3.316  52.259 0.0000000000
68360  39.868  2.969  51.388 0.0000000000
131853  39.875  2.631  50.581 0.0000000000
127525  40.244  2.415  49.987 0.0000000000
73176  57.037  6.796  34.274 0.0000000000
51869  16.071  -15.020  79.823 0.0000000000
51988  24.651  -14.474  67.582 0.0000000000
52936  23.304  -12.346  72.372 0.0000000000
53969  23.628  -11.995  72.453 0.0000000000
54900  23.975  -11.557  73.063 0.0000000000
55842  22.916  -10.526  75.601 0.0000000000
55877  24.508  -11.337  72.160 0.0000000000
55901  24.618  -10.273  68.349 0.0000000000
55950  35.699  -8.326  63.173 0.0000000000
55951  34.943  -8.805  62.565 0.0000000000
55961  37.438  -7.936  62.205 0.0000000000
55964  35.127  -9.047  61.971 0.0000000000
56849  25.495  -9.041  75.446 0.0000000000
56875  41.371  -8.176  69.345 0.0000000000
56932  36.458  -7.725  65.310 0.0000000000
56934  35.246  -7.866  64.592 0.0000000000
56948  34.682  -8.372  63.738 0.0000000000
56989  36.683  -9.131  60.928 0.0000000000
57901  25.441  -8.222  72.752 0.0000000000
57909  39.434  -7.336  70.743 0.0000000000
57910  25.198  -8.339  71.499 0.0000000000
57940  38.310  -8.163  68.462 0.0000000000
57959  35.366  -7.481  66.209 0.0000000000
57961  25.675  -8.727  66.586 0.0000000000
57968  34.882  -7.707  65.070 0.0000000000
58954  26.240  -7.474  74.643 0.0000000000
58990  38.217  -6.851  71.052 0.0000000000
59010  25.733  -7.699  69.312 0.0000000000
59014  37.247  -7.707  68.699 0.0000000000
59018  25.885  -7.685  68.487 0.0000000000
59024  35.919  -7.395  67.294 0.0000000000
59043  33.862  -7.437  65.291 0.0000000000
59064  33.468  -7.966  63.761 0.0000000000
59090  32.352  -7.982  61.351 0.0000000000
60154  36.155  -6.907  68.825 0.0000000000
60157  26.944  -6.645  68.395 0.0000000000
60174  27.021  -6.831  66.839 0.0000000000
60179  32.460  -6.283  65.361 0.0000000000
60198  32.071  -6.886  63.704 0.0000000000
60237  29.929  -7.024  59.820 0.0000000000
61132  28.910  -4.973  73.795 0.0000000000
61143  28.488  -5.293  72.181 0.0000000000
61160  36.173  -5.630  71.022 0.0000000000
61165  27.842  -5.918  71.052 0.0000000000
61176  33.959  -4.955  69.140 0.0000000000
61179  28.819  -5.321  69.200 0.0000000000
61189  30.308  -4.762  68.703 0.0000000000
61196  32.496  -5.230  67.532 0.0000000000
61200  28.873  -5.527  66.983 0.0000000000
61213  30.073  -5.545  65.519 0.0000000000
61219  28.897  -5.926  64.916 0.0000000000
61256  43.443  -5.211  60.148 0.0000000000
62156  34.978  -4.784  71.180 0.0000000000
62181  30.331  -4.480  70.261 0.0000000000
62200  32.477  -4.388  69.662 0.0000000000
62201  30.932  -4.457  69.642 0.0000000000
66408  46.588  2.157  48.041 0.0000000000
68328  38.861  2.553  54.046 0.0000000000
112896  33.835  -6.204  67.061 0.0000000000
116664  24.160  -11.357  73.697 0.0000000000
117522  24.613  -12.075  68.046 0.0000000000
118672  36.947  -7.848  64.052 0.0000000000
118803  34.072  -9.678  60.761 0.0000000000
119949  32.015  -3.977  71.803 0.0000000000
122329  36.249  -7.637  65.831 0.0000000000
124013  24.430  -12.410  70.946 0.0000000000
128095  35.897  -8.432  62.697 0.0000000000
128239  33.500  -8.957  61.593 0.0000000000
130008  47.242  3.451  54.397 0.0000000000
131297  36.581  1.491  52.451 0.0000000000
131487  34.247  -10.036  60.304 0.0000000000
133533  27.775  -5.963  70.379 0.0000000000
134548  25.461  -9.006  75.841 0.0000000000
135098  26.659  -6.875  74.604 0.0000000000
