#!ascii label  , from subject sub-v2s0x29010_ses-1 vox2ras=TkReg
1091
63013  19.465  -3.525  80.913 0.0000000000
49927  10.875  -17.100  69.572 0.0000000000
56813  10.701  -9.616  85.173 0.0000000000
56853  10.745  -9.701  75.974 0.0000000000
59036  8.848  -7.510  66.319 0.0000000000
126066  14.737  -5.628  84.732 0.0000000000
62027  12.141  -5.316  79.959 0.0000000000
61068  21.829  -5.019  81.109 0.0000000000
120007  17.420  -8.589  83.493 0.0000000000
54841  14.186  -11.573  85.644 0.0000000000
58993  10.557  -7.390  71.610 0.0000000000
55898  9.823  -10.599  69.941 0.0000000000
62202  8.436  -4.652  69.893 0.0000000000
52862  8.440  -13.311  81.465 0.0000000000
117908  11.610  -12.697  77.748 0.0000000000
57862  12.298  -8.794  80.784 0.0000000000
60089  10.873  -6.336  75.248 0.0000000000
52940  14.839  -13.176  72.507 0.0000000000
117292  14.166  -12.064  65.919 0.0000000000
55969  8.899  -10.273  62.796 0.0000000000
62228  6.787  -3.840  62.420 0.0000000000
62011  17.018  -4.536  82.957 0.0000000000
63026  16.070  -4.003  79.879 0.0000000000
62991  20.729  -4.453  81.569 0.0000000000
60054  19.810  -6.453  81.613 0.0000000000
118183  18.241  -5.784  82.828 0.0000000000
60031  16.288  -6.651  84.471 0.0000000000
60131  9.280  -6.122  70.474 0.0000000000
54849  9.815  -12.114  83.483 0.0000000000
55810  11.041  -11.012  81.974 0.0000000000
56817  11.441  -8.685  83.012 0.0000000000
62084  14.058  -4.604  76.545 0.0000000000
61101  11.371  -5.259  77.291 0.0000000000
126181  11.860  -10.212  86.747 0.0000000000
51844  11.874  -13.776  86.115 0.0000000000
53891  10.240  -12.552  85.967 0.0000000000
52854  8.886  -14.162  84.533 0.0000000000
54868  14.038  -10.745  77.783 0.0000000000
52894  12.905  -13.269  75.381 0.0000000000
133069  14.222  -10.745  74.648 0.0000000000
56889  9.943  -9.499  68.197 0.0000000000
121210  13.226  -10.525  68.047 0.0000000000
56938  12.988  -9.081  65.284 0.0000000000
54980  11.890  -11.172  64.339 0.0000000000
57995  11.523  -8.409  63.592 0.0000000000
58901  12.213  -7.162  85.861 0.0000000000
60040  11.827  -6.674  83.470 0.0000000000
62014  13.377  -4.919  82.277 0.0000000000
62046  14.695  -4.339  78.707 0.0000000000
58919  23.419  -6.202  79.565 0.0000000000
56829  22.028  -9.044  77.901 0.0000000000
57859  20.731  -7.678  79.920 0.0000000000
55806  19.095  -9.425  81.339 0.0000000000
55788  15.651  -9.824  85.087 0.0000000000
57839  14.302  -8.575  86.115 0.0000000000
57892  9.591  -9.136  74.056 0.0000000000
55864  11.099  -10.579  73.229 0.0000000000
118705  8.665  -9.381  71.623 0.0000000000
57924  7.938  -8.455  69.588 0.0000000000
128255  7.889  -6.586  68.087 0.0000000000
132028  21.310  -3.005  79.928 0.0000000000
58934  27.600  -6.904  79.065 0.0000000000
61063  29.247  -5.492  81.470 0.0000000000
128059  24.669  -4.285  82.090 0.0000000000
63001  22.925  -3.777  81.244 0.0000000000
50856  7.651  -15.068  79.830 0.0000000000
51876  8.472  -14.469  77.526 0.0000000000
53919  9.226  -12.807  80.047 0.0000000000
55819  13.100  -10.749  79.714 0.0000000000
56833  12.048  -9.184  78.295 0.0000000000
60064  11.578  -6.648  80.768 0.0000000000
58937  10.082  -7.248  78.452 0.0000000000
57887  9.584  -8.372  76.462 0.0000000000
58955  10.821  -7.375  73.733 0.0000000000
51892  9.407  -14.710  75.546 0.0000000000
51924  11.547  -14.533  73.541 0.0000000000
119084  12.972  -15.044  70.681 0.0000000000
55880  13.792  -10.793  71.665 0.0000000000
52990  15.509  -13.041  69.115 0.0000000000
51990  12.700  -15.056  68.056 0.0000000000
53063  10.353  -13.862  66.027 0.0000000000
53078  8.297  -13.077  64.307 0.0000000000
65201  8.720  -1.584  69.503 0.0000000000
62216  7.738  -4.531  66.377 0.0000000000
64183  8.753  -1.992  64.959 0.0000000000
115330  7.984  -6.211  64.110 0.0000000000
116259  8.746  -7.784  61.621 0.0000000000
63006  17.990  -3.840  81.680 0.0000000000
63015  17.567  -3.760  80.764 0.0000000000
63023  18.792  -3.569  80.014 0.0000000000
63004  19.849  -3.969  81.590 0.0000000000
62008  19.393  -4.870  82.074 0.0000000000
62009  18.592  -4.746  82.391 0.0000000000
61993  17.330  -5.094  83.200 0.0000000000
48743  9.752  -17.925  69.324 0.0000000000
128979  10.108  -17.133  68.563 0.0000000000
55796  10.378  -10.497  84.693 0.0000000000
55800  10.608  -10.589  83.688 0.0000000000
57854  11.046  -8.730  83.803 0.0000000000
56834  24.366  -9.138  76.800 0.0000000000
56808  11.407  -9.671  86.334 0.0000000000
54837  10.922  -11.466  86.383 0.0000000000
55791  10.656  -10.835  85.956 0.0000000000
54846  9.793  -12.119  84.904 0.0000000000
55837  13.504  -10.180  76.607 0.0000000000
55836  14.108  -10.649  76.427 0.0000000000
55844  12.561  -10.164  75.444 0.0000000000
129629  9.256  -8.237  67.242 0.0000000000
56923  11.612  -8.981  66.684 0.0000000000
57963  11.012  -8.408  66.007 0.0000000000
57981  12.066  -8.537  64.312 0.0000000000
59048  9.987  -7.472  64.901 0.0000000000
60027  13.404  -6.445  85.656 0.0000000000
61044  12.779  -5.713  84.247 0.0000000000
61997  13.648  -4.922  83.084 0.0000000000
62033  15.362  -4.177  79.331 0.0000000000
116670  15.761  -4.443  76.367 0.0000000000
60051  23.281  -5.384  80.697 0.0000000000
58920  22.446  -6.435  79.568 0.0000000000
58912  21.167  -6.133  80.575 0.0000000000
119815  18.390  -7.580  82.643 0.0000000000
131798  19.124  -8.279  81.758 0.0000000000
56816  18.358  -9.124  82.467 0.0000000000
56812  16.661  -9.366  84.208 0.0000000000
60032  15.558  -6.588  84.887 0.0000000000
58900  15.322  -7.705  85.339 0.0000000000
60021  14.371  -7.254  85.836 0.0000000000
58896  13.410  -8.020  86.464 0.0000000000
58968  9.674  -8.777  72.948 0.0000000000
56860  9.401  -9.636  72.511 0.0000000000
58981  9.515  -8.526  72.018 0.0000000000
62195  8.887  -5.282  70.230 0.0000000000
60141  8.551  -6.956  70.098 0.0000000000
61171  8.359  -6.506  69.475 0.0000000000
59011  8.077  -7.881  68.886 0.0000000000
62203  8.174  -5.035  69.018 0.0000000000
61054  25.449  -5.264  82.172 0.0000000000
51863  7.810  -13.889  81.284 0.0000000000
52867  8.419  -13.497  79.687 0.0000000000
53913  8.975  -12.841  80.857 0.0000000000
55809  11.805  -10.474  81.630 0.0000000000
54862  11.537  -11.532  80.476 0.0000000000
55814  12.820  -10.398  80.392 0.0000000000
56832  13.390  -9.801  78.977 0.0000000000
57875  12.634  -9.183  79.258 0.0000000000
61070  12.312  -5.800  81.473 0.0000000000
60055  11.930  -6.565  81.506 0.0000000000
62028  11.729  -5.705  79.932 0.0000000000
61102  10.878  -5.682  76.860 0.0000000000
60072  10.421  -6.350  78.298 0.0000000000
60077  9.899  -6.732  77.293 0.0000000000
58942  9.678  -7.259  77.216 0.0000000000
131975  9.969  -6.804  75.912 0.0000000000
58948  9.662  -7.714  75.362 0.0000000000
60102  11.264  -6.595  74.346 0.0000000000
56831  20.525  -9.772  78.614 0.0000000000
55826  21.064  -10.349  77.203 0.0000000000
53892  14.840  -12.074  85.014 0.0000000000
52852  14.428  -13.615  84.440 0.0000000000
118415  13.961  -13.195  85.075 0.0000000000
51845  10.968  -13.822  86.180 0.0000000000
119145  11.838  -15.196  85.210 0.0000000000
52859  8.345  -13.814  82.957 0.0000000000
119419  7.665  -14.298  81.932 0.0000000000
52870  9.815  -13.347  78.009 0.0000000000
51879  9.049  -14.290  76.989 0.0000000000
52883  10.695  -13.488  76.744 0.0000000000
52908  13.813  -13.230  74.242 0.0000000000
51905  12.242  -13.997  74.028 0.0000000000
51922  13.377  -14.080  72.866 0.0000000000
51949  12.017  -15.221  71.955 0.0000000000
51936  13.445  -14.313  71.995 0.0000000000
113131  10.659  -10.849  71.595 0.0000000000
55872  12.996  -10.623  72.167 0.0000000000
113130  11.664  -10.891  70.871 0.0000000000
133226  14.672  -11.320  66.791 0.0000000000
54939  14.990  -11.516  68.774 0.0000000000
53026  15.171  -12.607  67.406 0.0000000000
51975  13.985  -14.375  68.630 0.0000000000
52005  13.510  -14.093  67.051 0.0000000000
52007  11.803  -14.360  66.611 0.0000000000
53046  12.324  -13.722  66.183 0.0000000000
54992  10.177  -10.889  63.725 0.0000000000
54058  10.130  -12.340  64.723 0.0000000000
54983  8.523  -11.929  63.880 0.0000000000
122837  9.052  -0.761  68.603 0.0000000000
64167  8.846  -2.674  68.089 0.0000000000
65224  9.117  -1.963  67.332 0.0000000000
135178  8.121  -2.230  62.806 0.0000000000
64187  7.605  -2.577  63.886 0.0000000000
62222  7.247  -3.882  64.933 0.0000000000
61224  6.989  -5.170  63.190 0.0000000000
60204  8.443  -6.392  63.347 0.0000000000
61227  7.275  -5.590  62.285 0.0000000000
132603  15.791  -4.896  83.691 0.0000000000
123994  15.193  -4.376  82.691 0.0000000000
63007  16.091  -3.970  81.622 0.0000000000
61058  21.456  -4.866  81.298 0.0000000000
60053  20.545  -5.837  81.220 0.0000000000
60043  19.955  -5.592  81.734 0.0000000000
130814  18.580  -6.131  82.636 0.0000000000
58907  17.417  -6.979  83.613 0.0000000000
58903  16.850  -7.528  84.064 0.0000000000
60030  16.876  -6.758  84.057 0.0000000000
61048  16.721  -5.531  83.787 0.0000000000
61169  10.818  -5.694  70.694 0.0000000000
60130  9.754  -6.985  70.985 0.0000000000
126927  9.721  -4.294  71.608 0.0000000000
63084  9.015  -4.285  71.601 0.0000000000
63085  8.505  -3.659  71.402 0.0000000000
53908  9.323  -12.790  82.946 0.0000000000
54858  9.721  -12.294  81.596 0.0000000000
54848  10.278  -11.517  83.151 0.0000000000
55804  11.463  -10.164  82.376 0.0000000000
56821  11.944  -9.480  81.827 0.0000000000
62048  12.404  -4.616  78.466 0.0000000000
62049  11.649  -5.070  78.708 0.0000000000
61100  12.229  -4.843  76.934 0.0000000000
61114  12.664  -4.986  76.005 0.0000000000
61127  12.382  -5.621  74.597 0.0000000000
60101  12.149  -6.135  73.945 0.0000000000
54834  12.604  -11.114  86.679 0.0000000000
53887  12.944  -12.555  86.104 0.0000000000
53884  11.581  -11.853  86.684 0.0000000000
52845  10.664  -12.984  86.244 0.0000000000
52846  10.093  -13.247  85.814 0.0000000000
52850  9.220  -14.286  84.995 0.0000000000
52853  9.351  -13.620  84.977 0.0000000000
53904  9.456  -12.676  84.042 0.0000000000
53920  13.248  -11.822  77.995 0.0000000000
53930  12.790  -12.783  76.714 0.0000000000
120121  13.749  -12.375  76.466 0.0000000000
133455  14.519  -12.006  75.526 0.0000000000
113559  14.906  -11.872  73.989 0.0000000000
112805  10.251  -10.329  69.130 0.0000000000
55896  11.842  -10.778  69.343 0.0000000000
55912  11.476  -10.062  68.110 0.0000000000
56904  12.928  -9.736  67.043 0.0000000000
55927  13.772  -10.381  65.524 0.0000000000
119299  13.023  -12.122  65.279 0.0000000000
55941  12.878  -9.931  64.426 0.0000000000
55953  12.222  -9.517  63.906 0.0000000000
55955  10.888  -9.347  63.059 0.0000000000
64216  7.971  -2.862  61.749 0.0000000000
61234  7.437  -5.058  60.754 0.0000000000
62238  8.178  -4.041  60.720 0.0000000000
57846  11.442  -8.398  85.876 0.0000000000
114352  11.188  -7.956  84.345 0.0000000000
60035  11.773  -6.723  84.342 0.0000000000
61061  12.510  -5.631  82.359 0.0000000000
112615  12.699  -5.158  80.677 0.0000000000
114062  14.309  -4.415  81.214 0.0000000000
128784  13.773  -4.530  80.386 0.0000000000
62034  12.975  -4.513  79.049 0.0000000000
113574  14.465  -4.537  77.196 0.0000000000
58928  24.661  -6.774  78.936 0.0000000000
119013  23.401  -7.877  77.962 0.0000000000
57865  22.713  -7.473  78.486 0.0000000000
58913  20.334  -6.681  80.974 0.0000000000
57861  19.793  -8.569  80.675 0.0000000000
55811  19.233  -10.360  80.261 0.0000000000
54845  15.524  -11.648  84.641 0.0000000000
54840  14.975  -11.146  85.257 0.0000000000
57844  15.934  -8.495  84.940 0.0000000000
56804  14.899  -9.408  85.709 0.0000000000
55784  13.882  -10.267  86.163 0.0000000000
57835  13.255  -9.279  86.704 0.0000000000
57842  11.704  -8.883  86.371 0.0000000000
56854  9.932  -9.405  75.500 0.0000000000
113535  11.472  -10.220  74.841 0.0000000000
55856  9.820  -10.013  73.625 0.0000000000
55866  9.753  -10.231  72.685 0.0000000000
55884  9.125  -10.522  71.186 0.0000000000
58996  8.752  -8.022  71.052 0.0000000000
121345  8.085  -9.356  71.014 0.0000000000
55900  8.691  -10.297  70.077 0.0000000000
56891  8.808  -9.462  68.930 0.0000000000
57956  8.564  -8.095  67.949 0.0000000000
59038  8.245  -7.160  67.106 0.0000000000
63021  20.165  -3.295  80.322 0.0000000000
58936  26.078  -7.080  78.322 0.0000000000
128269  31.143  -4.866  79.975 0.0000000000
63010  30.803  -4.113  81.165 0.0000000000
61072  30.024  -5.583  80.309 0.0000000000
60056  28.404  -6.754  80.332 0.0000000000
60057  27.593  -6.997  80.429 0.0000000000
58917  25.873  -6.829  79.964 0.0000000000
135252  24.687  -5.487  81.314 0.0000000000
61056  23.531  -4.877  81.361 0.0000000000
62988  24.064  -4.137  81.731 0.0000000000
62005  22.683  -4.432  81.332 0.0000000000
63002  22.018  -3.744  81.304 0.0000000000
63011  21.341  -3.510  81.204 0.0000000000
52871  9.051  -13.474  78.683 0.0000000000
127816  9.875  -12.949  78.652 0.0000000000
53915  9.900  -12.278  80.663 0.0000000000
53918  10.688  -12.046  80.084 0.0000000000
54871  12.319  -11.906  78.922 0.0000000000
54869  13.713  -11.041  78.480 0.0000000000
56838  13.191  -9.705  78.222 0.0000000000
56847  11.335  -9.492  76.850 0.0000000000
118505  11.451  -7.832  83.407 0.0000000000
125058  11.730  -7.698  82.038 0.0000000000
58922  11.133  -7.147  80.410 0.0000000000
61083  11.131  -5.613  78.853 0.0000000000
60068  10.688  -6.578  79.341 0.0000000000
58932  10.922  -7.621  79.908 0.0000000000
57877  10.322  -8.057  78.571 0.0000000000
56841  10.517  -8.968  77.323 0.0000000000
125443  10.073  -9.100  76.454 0.0000000000
58957  9.599  -8.506  74.788 0.0000000000
58967  10.127  -8.183  73.405 0.0000000000
58979  10.865  -7.681  72.637 0.0000000000
121784  12.239  -6.443  73.017 0.0000000000
60127  11.894  -6.583  71.274 0.0000000000
60140  11.422  -6.222  70.823 0.0000000000
50841  14.411  -14.928  83.207 0.0000000000
112829  13.095  -14.230  85.268 0.0000000000
115880  11.871  -13.521  75.641 0.0000000000
51907  10.261  -14.558  74.765 0.0000000000
49919  11.566  -16.658  70.090 0.0000000000
55863  12.751  -10.459  73.596 0.0000000000
55871  13.885  -10.707  72.566 0.0000000000
54920  15.383  -11.939  71.935 0.0000000000
55895  13.586  -10.968  69.722 0.0000000000
54929  15.105  -11.530  70.686 0.0000000000
52956  15.375  -13.116  70.931 0.0000000000
51957  14.440  -14.059  69.888 0.0000000000
51959  13.092  -15.140  69.665 0.0000000000
49932  11.377  -16.726  69.085 0.0000000000
50966  10.847  -15.645  67.471 0.0000000000
54041  11.085  -12.770  65.243 0.0000000000
54042  9.948  -13.235  65.377 0.0000000000
65176  8.340  -2.123  71.628 0.0000000000
117734  8.418  -1.183  71.137 0.0000000000
132868  8.447  -2.479  70.080 0.0000000000
62208  8.268  -4.197  68.496 0.0000000000
62213  7.874  -5.064  67.207 0.0000000000
61208  7.693  -5.593  66.428 0.0000000000
64181  8.450  -2.568  65.659 0.0000000000
117608  7.442  -5.104  65.753 0.0000000000
60194  8.322  -6.616  64.906 0.0000000000
130962  9.893  -7.183  63.861 0.0000000000
58008  9.922  -8.056  62.461 0.0000000000
58009  8.991  -8.625  61.899 0.0000000000
58021  8.122  -8.577  61.010 0.0000000000
63005  18.923  -3.865  81.700 0.0000000000
63014  18.458  -3.648  80.905 0.0000000000
62993  19.204  -4.397  81.976 0.0000000000
62994  18.373  -4.240  82.224 0.0000000000
48728  10.237  -17.596  70.080 0.0000000000
48760  9.650  -17.553  68.481 0.0000000000
48759  10.265  -17.380  69.073 0.0000000000
56815  10.775  -9.631  84.206 0.0000000000
57851  10.902  -8.781  84.732 0.0000000000
57870  25.402  -7.449  77.835 0.0000000000
57880  24.684  -8.529  77.218 0.0000000000
56811  10.989  -9.827  85.960 0.0000000000
119779  10.572  -10.321  85.507 0.0000000000
55792  10.290  -10.885  85.357 0.0000000000
56852  11.943  -9.875  76.132 0.0000000000
55838  12.903  -10.064  76.161 0.0000000000
57964  9.274  -7.873  66.541 0.0000000000
114464  9.878  -8.440  66.926 0.0000000000
57974  9.999  -7.906  65.854 0.0000000000
57973  10.870  -7.878  65.033 0.0000000000
59049  9.224  -7.506  65.705 0.0000000000
61038  13.982  -5.842  85.127 0.0000000000
61043  13.440  -5.539  84.549 0.0000000000
61996  14.282  -4.901  83.629 0.0000000000
61067  22.833  -5.026  81.041 0.0000000000
60052  22.155  -5.464  80.647 0.0000000000
128498  21.282  -5.422  80.989 0.0000000000
57852  17.951  -8.265  82.962 0.0000000000
57855  18.631  -8.254  82.317 0.0000000000
56814  17.763  -9.217  83.088 0.0000000000
55793  17.199  -9.290  83.632 0.0000000000
61041  15.447  -5.800  84.598 0.0000000000
60025  14.882  -6.922  85.447 0.0000000000
61037  14.842  -6.203  85.129 0.0000000000
60026  14.227  -6.599  85.662 0.0000000000
58980  10.092  -8.175  72.385 0.0000000000
58994  9.807  -7.840  71.644 0.0000000000
123977  8.693  -4.434  70.764 0.0000000000
61180  8.454  -5.564  69.625 0.0000000000
61181  8.131  -5.950  69.071 0.0000000000
112691  8.225  -13.502  80.446 0.0000000000
56820  12.352  -9.248  81.147 0.0000000000
55808  12.437  -10.018  81.126 0.0000000000
56824  12.826  -9.539  80.400 0.0000000000
135246  12.863  -9.295  79.857 0.0000000000
57867  12.422  -8.821  80.127 0.0000000000
61075  12.188  -5.659  80.681 0.0000000000
135434  11.845  -5.867  80.352 0.0000000000
61116  10.777  -5.997  76.115 0.0000000000
60080  10.191  -6.285  76.908 0.0000000000
60081  9.671  -7.017  76.677 0.0000000000
60103  10.287  -7.112  74.840 0.0000000000
53893  14.112  -12.483  85.333 0.0000000000
51850  10.439  -14.631  85.827 0.0000000000
53909  8.698  -13.295  82.430 0.0000000000
51860  7.846  -14.343  82.677 0.0000000000
124017  8.057  -13.758  82.102 0.0000000000
52876  10.639  -13.190  77.495 0.0000000000
52884  9.826  -13.681  77.198 0.0000000000
52875  11.342  -13.092  77.091 0.0000000000
52925  14.211  -13.357  73.328 0.0000000000
52926  13.201  -13.779  73.724 0.0000000000
52941  14.167  -13.755  72.392 0.0000000000
55890  9.731  -10.792  70.934 0.0000000000
55889  10.655  -10.881  70.457 0.0000000000
54965  14.559  -11.641  66.316 0.0000000000
54954  15.092  -11.881  66.955 0.0000000000
54029  14.686  -12.384  66.576 0.0000000000
53044  14.613  -13.149  66.943 0.0000000000
130654  13.968  -13.544  66.765 0.0000000000
53045  13.258  -13.610  66.415 0.0000000000
53060  13.952  -12.898  66.228 0.0000000000
55956  9.743  -10.406  63.234 0.0000000000
54982  9.566  -11.655  64.118 0.0000000000
54993  8.908  -11.062  63.467 0.0000000000
66235  9.141  0.144  68.780 0.0000000000
124401  9.189  -0.985  67.592 0.0000000000
64191  7.704  -2.409  63.091 0.0000000000
65251  8.337  -2.120  63.499 0.0000000000
63138  7.097  -3.114  63.002 0.0000000000
63135  6.951  -3.701  64.051 0.0000000000
125369  6.733  -4.223  63.162 0.0000000000
61228  6.774  -4.695  62.351 0.0000000000
112482  16.030  -4.459  83.067 0.0000000000
62996  16.561  -4.154  82.339 0.0000000000
113118  17.975  -3.728  80.002 0.0000000000
62006  21.057  -4.674  81.460 0.0000000000
118443  20.558  -5.062  81.581 0.0000000000
62007  20.252  -4.812  81.723 0.0000000000
61059  18.626  -5.206  82.499 0.0000000000
60036  19.062  -5.562  82.291 0.0000000000
60037  17.979  -6.490  83.047 0.0000000000
60038  17.484  -6.138  83.468 0.0000000000
61994  16.538  -4.952  83.531 0.0000000000
61986  16.017  -5.365  84.073 0.0000000000
62171  10.213  -4.955  70.920 0.0000000000
63074  9.308  -3.677  72.331 0.0000000000
63075  8.674  -3.607  72.136 0.0000000000
64117  8.795  -2.993  72.543 0.0000000000
54853  9.767  -12.256  82.539 0.0000000000
129968  11.116  -9.702  83.211 0.0000000000
55805  10.862  -10.819  82.803 0.0000000000
130776  11.555  -9.345  82.542 0.0000000000
116170  11.732  -8.587  82.287 0.0000000000
62064  13.621  -4.472  77.369 0.0000000000
62065  12.741  -4.544  77.583 0.0000000000
62085  13.174  -4.648  76.706 0.0000000000
119528  12.146  -5.444  75.357 0.0000000000
112475  12.857  -5.543  74.013 0.0000000000
55780  12.225  -10.387  86.803 0.0000000000
53888  12.287  -11.847  86.661 0.0000000000
54835  11.905  -11.190  86.757 0.0000000000
54842  10.492  -11.718  86.086 0.0000000000
53890  10.715  -12.133  86.348 0.0000000000
53895  9.799  -13.069  85.455 0.0000000000
134177  9.838  -11.909  84.236 0.0000000000
53905  8.905  -13.318  83.412 0.0000000000
54873  13.883  -11.412  77.632 0.0000000000
113916  13.480  -12.159  77.250 0.0000000000
132940  14.242  -11.090  77.256 0.0000000000
127331  14.290  -10.829  75.448 0.0000000000
54885  14.604  -11.472  75.453 0.0000000000
54894  14.599  -11.275  74.601 0.0000000000
53953  14.638  -12.090  74.888 0.0000000000
126125  14.714  -11.350  73.776 0.0000000000
55906  9.728  -9.942  68.820 0.0000000000
55913  10.546  -9.996  68.473 0.0000000000
56905  12.055  -9.557  67.314 0.0000000000
56922  12.794  -9.232  66.314 0.0000000000
55918  13.889  -10.263  66.275 0.0000000000
56921  13.489  -9.679  65.724 0.0000000000
55940  13.407  -10.291  64.873 0.0000000000
56937  13.354  -9.659  64.992 0.0000000000
57982  11.425  -8.027  64.273 0.0000000000
57994  12.123  -8.916  63.840 0.0000000000
56967  11.599  -9.082  63.445 0.0000000000
55954  11.562  -9.823  63.537 0.0000000000
56977  10.899  -8.596  63.004 0.0000000000
64200  8.445  -2.333  62.315 0.0000000000
64215  8.708  -2.698  61.643 0.0000000000
63150  7.638  -3.609  61.323 0.0000000000
127096  8.409  -3.317  61.193 0.0000000000
58902  11.617  -7.600  85.545 0.0000000000
58905  11.418  -7.355  84.787 0.0000000000
60029  11.857  -6.844  85.165 0.0000000000
61060  13.009  -5.228  82.883 0.0000000000
61050  12.623  -5.632  83.361 0.0000000000
134564  12.845  -5.272  82.299 0.0000000000
62015  12.689  -5.337  81.606 0.0000000000
62019  13.400  -4.812  81.245 0.0000000000
62018  15.250  -4.103  81.224 0.0000000000
113426  14.789  -4.307  81.996 0.0000000000
133838  14.445  -4.267  79.661 0.0000000000
133426  13.577  -4.471  79.572 0.0000000000
114894  13.826  -4.359  78.872 0.0000000000
113575  14.110  -4.403  78.022 0.0000000000
58918  24.463  -6.260  79.732 0.0000000000
113664  23.866  -6.671  78.953 0.0000000000
58929  22.993  -6.782  78.950 0.0000000000
58931  21.457  -6.852  79.791 0.0000000000
57866  21.359  -7.731  79.197 0.0000000000
58914  19.781  -7.230  81.349 0.0000000000
56819  18.929  -8.964  81.884 0.0000000000
56818  19.327  -8.795  81.257 0.0000000000
56823  19.443  -9.455  80.617 0.0000000000
118703  19.007  -10.106  81.094 0.0000000000
55812  18.784  -10.898  80.770 0.0000000000
54855  17.826  -11.865  81.705 0.0000000000
55794  16.314  -10.239  84.436 0.0000000000
55795  15.656  -10.725  84.890 0.0000000000
58904  16.342  -7.313  84.515 0.0000000000
57849  16.376  -8.019  84.529 0.0000000000
58899  15.860  -7.824  84.946 0.0000000000
58894  14.811  -8.125  85.765 0.0000000000
57838  14.854  -8.750  85.772 0.0000000000
56805  14.351  -9.174  86.063 0.0000000000
55783  14.402  -9.840  85.909 0.0000000000
119100  13.980  -9.598  86.256 0.0000000000
56801  13.450  -9.853  86.533 0.0000000000
117918  13.842  -8.460  86.398 0.0000000000
60023  12.905  -6.915  85.979 0.0000000000
57841  12.516  -8.434  86.619 0.0000000000
58898  11.965  -7.954  86.182 0.0000000000
56855  9.598  -9.052  74.955 0.0000000000
55846  9.873  -9.736  74.611 0.0000000000
56857  9.693  -9.526  74.094 0.0000000000
134738  9.062  -9.607  72.100 0.0000000000
56862  9.473  -9.937  72.517 0.0000000000
56863  8.948  -9.923  71.886 0.0000000000
55875  9.277  -10.228  71.859 0.0000000000
55876  8.732  -10.264  71.254 0.0000000000
61157  9.890  -5.749  70.778 0.0000000000
58995  9.265  -7.867  71.328 0.0000000000
115953  8.958  -7.157  70.713 0.0000000000
133651  7.933  -8.186  70.010 0.0000000000
59003  8.277  -7.881  70.453 0.0000000000
57923  7.913  -8.820  70.361 0.0000000000
56871  8.002  -9.679  70.487 0.0000000000
56872  7.980  -9.262  69.739 0.0000000000
118634  8.659  -9.931  69.477 0.0000000000
57935  8.150  -8.721  69.039 0.0000000000
60158  8.048  -7.304  68.178 0.0000000000
59019  8.295  -8.078  68.374 0.0000000000
59027  8.281  -7.525  67.716 0.0000000000
59026  8.589  -7.690  67.330 0.0000000000
60166  7.975  -6.766  67.461 0.0000000000
64076  20.700  -3.160  79.638 0.0000000000
64084  21.365  -3.025  79.012 0.0000000000
60071  27.533  -6.693  78.211 0.0000000000
58939  26.858  -6.964  77.673 0.0000000000
131968  27.005  -6.878  78.397 0.0000000000
58935  26.783  -6.928  78.823 0.0000000000
128362  29.548  -4.793  81.870 0.0000000000
62016  30.101  -4.052  81.831 0.0000000000
62023  29.997  -5.097  81.231 0.0000000000
62022  30.660  -4.879  80.618 0.0000000000
61073  29.507  -5.780  80.803 0.0000000000
60066  29.252  -6.274  80.059 0.0000000000
61074  28.886  -6.227  80.945 0.0000000000
112489  27.013  -6.643  81.160 0.0000000000
58916  26.712  -7.007  80.286 0.0000000000
60058  26.121  -6.691  80.778 0.0000000000
62002  25.123  -4.667  82.291 0.0000000000
60042  25.116  -5.538  81.587 0.0000000000
124032  24.861  -5.104  81.930 0.0000000000
61066  23.667  -5.179  81.169 0.0000000000
62003  24.322  -4.720  81.730 0.0000000000
64056  24.458  -3.364  81.243 0.0000000000
63000  23.771  -3.740  81.384 0.0000000000
62989  23.198  -4.144  81.460 0.0000000000
62990  22.355  -4.126  81.412 0.0000000000
64058  22.686  -3.395  81.006 0.0000000000
64075  21.932  -2.931  79.821 0.0000000000
64066  21.647  -3.103  80.599 0.0000000000
64067  20.927  -3.158  80.558 0.0000000000
49832  7.551  -16.217  80.131 0.0000000000
52866  8.809  -13.295  79.506 0.0000000000
52872  8.426  -13.710  79.081 0.0000000000
53922  9.495  -12.884  79.319 0.0000000000
54857  10.508  -11.758  81.443 0.0000000000
54861  12.425  -11.171  80.107 0.0000000000
53917  11.702  -11.874  79.558 0.0000000000
54866  12.728  -11.412  79.384 0.0000000000
54870  13.034  -11.588  78.724 0.0000000000
54865  13.333  -11.050  79.148 0.0000000000
56839  12.387  -9.550  77.521 0.0000000000
56840  11.436  -9.198  77.627 0.0000000000
58908  11.483  -7.233  83.961 0.0000000000
125474  11.657  -7.120  83.201 0.0000000000
58915  11.676  -6.970  81.772 0.0000000000
120621  11.589  -7.361  81.185 0.0000000000
61089  11.184  -5.413  78.137 0.0000000000
127109  10.345  -6.673  78.680 0.0000000000
58933  10.458  -7.260  79.178 0.0000000000
57869  10.799  -8.040  79.334 0.0000000000
58945  9.554  -7.676  76.551 0.0000000000
57882  10.066  -8.361  77.683 0.0000000000
57886  9.876  -8.552  77.019 0.0000000000
56848  9.619  -8.820  75.827 0.0000000000
57889  9.512  -8.223  75.748 0.0000000000
58956  9.863  -7.960  74.393 0.0000000000
56828  22.964  -8.742  77.561 0.0000000000
56836  22.537  -9.450  77.219 0.0000000000
113833  14.112  -14.429  84.116 0.0000000000
52843  12.361  -13.012  86.254 0.0000000000
52847  12.984  -13.146  85.874 0.0000000000
52848  12.705  -13.702  85.824 0.0000000000
50852  7.530  -15.373  80.745 0.0000000000
120343  9.016  -14.611  76.310 0.0000000000
52881  12.496  -13.151  76.047 0.0000000000
52882  11.737  -13.240  76.462 0.0000000000
51906  11.301  -14.237  74.358 0.0000000000
51925  10.637  -14.834  73.874 0.0000000000
50890  9.766  -15.258  74.192 0.0000000000
51939  10.967  -15.197  73.111 0.0000000000
51948  12.788  -14.853  71.544 0.0000000000
50930  12.306  -15.516  71.165 0.0000000000
50943  11.278  -16.532  71.195 0.0000000000
50942  11.895  -16.070  70.737 0.0000000000
134880  10.716  -10.469  73.740 0.0000000000
113335  11.541  -10.435  73.962 0.0000000000
132975  11.902  -10.514  73.402 0.0000000000
115676  13.165  -10.541  72.904 0.0000000000
54910  15.013  -11.522  72.444 0.0000000000
55870  14.551  -11.073  72.112 0.0000000000
55904  12.405  -10.581  68.620 0.0000000000
117494  12.769  -10.819  69.291 0.0000000000
55903  13.569  -10.858  68.730 0.0000000000
54005  15.549  -12.430  68.764 0.0000000000
54936  15.079  -11.537  69.743 0.0000000000
53995  15.620  -12.448  69.642 0.0000000000
53987  15.581  -12.479  70.558 0.0000000000
52972  15.493  -13.081  70.022 0.0000000000
52973  14.976  -13.590  70.402 0.0000000000
52991  15.060  -13.555  69.504 0.0000000000
51989  13.640  -14.440  67.887 0.0000000000
51976  13.345  -14.872  68.746 0.0000000000
129974  12.802  -15.385  68.876 0.0000000000
50952  12.466  -15.769  69.423 0.0000000000
50959  12.204  -15.740  68.562 0.0000000000
50960  11.323  -16.173  68.286 0.0000000000
50965  11.783  -15.442  67.743 0.0000000000
116032  10.837  -14.453  66.487 0.0000000000
52008  9.838  -14.569  66.316 0.0000000000
54056  12.466  -11.675  64.848 0.0000000000
54040  12.144  -12.470  65.233 0.0000000000
54057  11.429  -11.970  64.798 0.0000000000
132511  9.125  -12.861  64.885 0.0000000000
53064  8.793  -13.556  65.110 0.0000000000
53065  8.227  -13.881  64.646 0.0000000000
66221  8.653  -0.348  70.466 0.0000000000
120893  8.583  -1.104  70.254 0.0000000000
65188  8.436  -1.884  70.622 0.0000000000
64153  8.624  -2.573  69.127 0.0000000000
63121  8.495  -3.423  68.812 0.0000000000
63128  8.285  -3.811  66.992 0.0000000000
62212  8.199  -4.308  67.756 0.0000000000
65250  8.894  -1.802  64.456 0.0000000000
65244  9.333  -1.128  65.462 0.0000000000
118144  9.022  -1.845  65.749 0.0000000000
127754  7.031  -4.718  64.570 0.0000000000
118317  7.243  -4.687  65.215 0.0000000000
122655  7.340  -5.416  65.066 0.0000000000
60195  7.676  -6.092  64.973 0.0000000000
59059  9.114  -7.089  64.827 0.0000000000
60193  8.872  -6.686  63.980 0.0000000000
59081  9.202  -7.222  62.290 0.0000000000
60203  9.264  -6.808  63.090 0.0000000000
115896  7.684  -5.974  61.140 0.0000000000
62995  17.497  -4.178  82.327 0.0000000000
123170  16.940  -3.911  81.458 0.0000000000
113117  18.283  -3.826  79.096 0.0000000000
63003  20.789  -4.012  81.517 0.0000000000
62992  20.046  -4.466  81.729 0.0000000000
61046  17.814  -5.460  83.025 0.0000000000
61992  18.058  -5.031  82.771 0.0000000000
62010  17.829  -4.647  82.672 0.0000000000
49934  9.884  -16.906  68.107 0.0000000000
55801  10.065  -11.276  83.988 0.0000000000
55786  11.418  -10.169  86.475 0.0000000000
55781  11.548  -10.616  86.632 0.0000000000
55787  11.154  -10.407  86.306 0.0000000000
123597  10.920  -11.055  86.266 0.0000000000
118930  9.958  -12.330  85.572 0.0000000000
54843  10.136  -11.536  85.544 0.0000000000
55797  10.008  -11.327  84.793 0.0000000000
125463  13.870  -10.331  77.050 0.0000000000
55829  14.123  -10.679  77.150 0.0000000000
55843  13.590  -10.354  75.859 0.0000000000
116136  13.626  -10.451  75.024 0.0000000000
56907  9.462  -8.860  67.873 0.0000000000
56925  10.096  -9.030  67.600 0.0000000000
56924  10.631  -8.890  66.997 0.0000000000
57962  12.182  -8.702  65.693 0.0000000000
57971  12.438  -8.668  64.933 0.0000000000
57972  11.742  -8.291  65.034 0.0000000000
59058  10.726  -7.599  64.182 0.0000000000
60028  12.571  -6.533  85.441 0.0000000000
60034  12.312  -6.266  84.703 0.0000000000
60033  13.029  -5.935  85.028 0.0000000000
61049  13.365  -5.217  83.784 0.0000000000
62024  15.295  -4.081  80.229 0.0000000000
62045  15.515  -4.372  78.491 0.0000000000
116671  14.943  -4.505  77.868 0.0000000000
62063  15.318  -4.554  77.111 0.0000000000
60062  22.849  -5.812  80.127 0.0000000000
60063  21.987  -6.115  80.132 0.0000000000
123939  20.721  -6.978  80.374 0.0000000000
58909  19.109  -7.343  82.022 0.0000000000
113356  18.676  -9.744  81.834 0.0000000000
56809  16.087  -9.258  84.793 0.0000000000
60024  15.779  -7.218  84.899 0.0000000000
131153  15.282  -7.216  85.259 0.0000000000
60020  14.814  -7.539  85.650 0.0000000000
58895  14.201  -7.883  86.119 0.0000000000
60022  13.646  -7.212  86.120 0.0000000000
119333  9.654  -8.705  73.886 0.0000000000
57895  9.585  -9.243  73.203 0.0000000000
57902  9.265  -9.209  72.302 0.0000000000
58982  8.929  -8.618  71.600 0.0000000000
62173  9.306  -5.006  70.705 0.0000000000
133201  8.941  -6.585  70.307 0.0000000000
61170  8.791  -6.153  70.000 0.0000000000
60142  8.119  -7.567  69.590 0.0000000000
60151  8.039  -6.840  68.772 0.0000000000
61192  7.945  -5.913  68.455 0.0000000000
60070  28.336  -6.538  78.653 0.0000000000
62017  28.918  -5.041  82.199 0.0000000000
60041  25.847  -5.856  81.828 0.0000000000
61045  25.818  -4.852  82.609 0.0000000000
61991  25.215  -4.017  82.418 0.0000000000
51866  7.691  -14.363  80.515 0.0000000000
51870  7.954  -14.046  79.568 0.0000000000
54856  11.331  -11.260  81.242 0.0000000000
55815  12.148  -10.813  80.872 0.0000000000
132487  13.269  -10.113  79.921 0.0000000000
61062  12.154  -6.167  81.917 0.0000000000
117301  11.867  -6.693  82.484 0.0000000000
61071  11.969  -6.130  80.903 0.0000000000
61076  11.493  -6.079  80.084 0.0000000000
61084  10.721  -5.934  78.300 0.0000000000
61090  10.721  -5.805  77.581 0.0000000000
60076  10.303  -6.323  77.734 0.0000000000
58938  9.982  -6.824  77.915 0.0000000000
58941  9.838  -7.591  77.827 0.0000000000
60090  9.580  -7.490  76.109 0.0000000000
56830  21.211  -9.391  78.246 0.0000000000
56837  21.617  -9.738  77.554 0.0000000000
55820  20.835  -10.081  77.963 0.0000000000
53897  15.328  -12.474  84.371 0.0000000000
53898  14.654  -12.860  84.739 0.0000000000
51847  13.751  -13.946  84.842 0.0000000000
52857  8.601  -13.948  83.800 0.0000000000
51857  8.305  -14.691  84.123 0.0000000000
121716  8.128  -14.349  83.406 0.0000000000
49828  7.499  -15.668  81.664 0.0000000000
50849  7.550  -14.746  81.386 0.0000000000
52877  9.024  -13.881  77.778 0.0000000000
51878  9.861  -14.050  76.294 0.0000000000
52893  13.581  -13.092  74.895 0.0000000000
52909  12.974  -13.547  74.531 0.0000000000
51923  12.441  -14.305  73.209 0.0000000000
51938  11.773  -14.867  72.735 0.0000000000
51937  12.608  -14.607  72.370 0.0000000000
51947  13.550  -14.512  71.144 0.0000000000
55874  10.316  -10.603  72.571 0.0000000000
113132  12.174  -10.580  72.801 0.0000000000
55873  11.208  -10.713  72.432 0.0000000000
55882  11.929  -10.745  71.851 0.0000000000
55881  12.784  -10.791  71.228 0.0000000000
122039  14.038  -10.820  67.815 0.0000000000
55902  14.425  -11.153  68.434 0.0000000000
54945  14.867  -11.401  67.669 0.0000000000
54944  15.364  -11.899  68.338 0.0000000000
53009  15.406  -12.935  68.252 0.0000000000
53010  15.052  -13.493  68.623 0.0000000000
53027  14.932  -13.359  67.758 0.0000000000
132917  12.977  -14.569  67.369 0.0000000000
116572  12.207  -14.800  67.255 0.0000000000
52006  12.703  -14.238  66.772 0.0000000000
53047  11.354  -13.828  66.100 0.0000000000
54991  11.266  -10.655  63.820 0.0000000000
54981  10.772  -11.461  64.247 0.0000000000
131387  8.369  -12.478  64.047 0.0000000000
125765  8.850  -0.539  69.540 0.0000000000
65214  8.993  -1.763  68.354 0.0000000000
64175  8.763  -2.841  67.184 0.0000000000
63131  8.508  -2.956  66.472 0.0000000000
64186  8.338  -2.142  64.231 0.0000000000
64184  8.062  -2.523  64.748 0.0000000000
63133  7.441  -3.052  64.615 0.0000000000
62225  6.867  -4.724  63.848 0.0000000000
61220  7.272  -5.524  64.156 0.0000000000
61223  7.669  -5.887  63.250 0.0000000000
60214  8.281  -6.438  62.400 0.0000000000
61987  15.108  -5.154  84.149 0.0000000000
61995  15.139  -4.668  83.380 0.0000000000
62012  15.652  -4.135  82.190 0.0000000000
63017  16.067  -3.948  80.802 0.0000000000
61069  20.915  -5.213  81.329 0.0000000000
127252  19.733  -5.161  81.925 0.0000000000
60044  19.166  -6.267  82.200 0.0000000000
58910  18.506  -6.816  82.674 0.0000000000
58906  17.884  -7.299  83.094 0.0000000000
57853  17.378  -7.825  83.573 0.0000000000
57848  16.860  -8.451  84.007 0.0000000000
61039  16.841  -6.091  84.000 0.0000000000
61047  17.243  -5.639  83.513 0.0000000000
61040  16.199  -6.003  84.341 0.0000000000
60129  10.591  -6.539  70.918 0.0000000000
62172  9.594  -4.740  70.998 0.0000000000
63083  10.166  -3.875  72.084 0.0000000000
53912  9.132  -12.795  81.922 0.0000000000
54852  10.371  -11.670  82.268 0.0000000000
57858  11.961  -8.406  81.467 0.0000000000
62035  12.194  -4.896  79.260 0.0000000000
62066  11.874  -4.836  77.846 0.0000000000
62102  13.686  -4.770  75.766 0.0000000000
61115  11.639  -5.386  76.288 0.0000000000
129557  11.430  -5.797  75.543 0.0000000000
61128  11.711  -5.958  74.818 0.0000000000
54838  13.525  -11.477  86.094 0.0000000000
53886  13.508  -12.158  85.891 0.0000000000
54839  12.955  -11.807  86.393 0.0000000000
115973  12.506  -12.345  86.429 0.0000000000
113870  11.922  -12.464  86.592 0.0000000000
54836  11.291  -11.278  86.581 0.0000000000
53889  11.184  -12.400  86.548 0.0000000000
52844  11.474  -13.078  86.421 0.0000000000
51846  10.247  -13.820  85.869 0.0000000000
51851  9.848  -14.407  85.562 0.0000000000
52849  9.688  -13.871  85.398 0.0000000000
53899  9.533  -12.877  84.933 0.0000000000
53900  9.079  -13.422  84.311 0.0000000000
53925  12.627  -12.459  77.523 0.0000000000
53931  12.022  -12.851  77.092 0.0000000000
53944  13.214  -12.878  76.042 0.0000000000
54877  14.374  -11.106  76.667 0.0000000000
53942  14.391  -11.759  76.113 0.0000000000
53943  13.987  -12.579  75.537 0.0000000000
53954  14.143  -12.728  74.740 0.0000000000
52907  14.480  -12.610  74.073 0.0000000000
53962  14.948  -12.465  73.175 0.0000000000
55897  10.859  -10.683  69.555 0.0000000000
55905  11.288  -10.420  68.782 0.0000000000
134209  11.862  -10.330  68.383 0.0000000000
56906  10.854  -9.435  67.682 0.0000000000
55911  12.513  -10.169  67.828 0.0000000000
55910  13.560  -10.248  67.194 0.0000000000
55917  14.266  -10.913  66.236 0.0000000000
54966  14.073  -11.262  65.710 0.0000000000
134253  13.575  -12.359  65.680 0.0000000000
54978  13.553  -10.950  65.165 0.0000000000
54979  12.901  -10.818  64.591 0.0000000000
56951  12.666  -9.140  64.476 0.0000000000
55942  12.194  -10.319  64.037 0.0000000000
116074  10.659  -10.153  63.329 0.0000000000
55968  9.926  -9.737  62.834 0.0000000000
64201  7.699  -2.581  62.429 0.0000000000
63141  7.245  -3.261  62.029 0.0000000000
62231  6.945  -4.091  61.679 0.0000000000
62246  8.905  -4.236  60.464 0.0000000000
57847  11.051  -8.903  85.598 0.0000000000
57850  11.199  -8.098  85.214 0.0000000000
60039  12.202  -6.164  83.852 0.0000000000
60045  12.174  -6.152  82.915 0.0000000000
62013  14.338  -4.594  82.726 0.0000000000
114733  14.035  -4.574  81.900 0.0000000000
62025  14.615  -4.249  80.536 0.0000000000
132799  13.163  -4.830  80.556 0.0000000000
62026  12.886  -4.798  79.919 0.0000000000
62047  13.250  -4.395  78.220 0.0000000000
57871  24.793  -7.298  78.176 0.0000000000
124128  24.304  -7.912  77.763 0.0000000000
57864  24.086  -7.258  78.356 0.0000000000
130958  23.425  -7.187  78.502 0.0000000000
57873  22.406  -8.214  78.126 0.0000000000
58930  22.119  -7.129  79.040 0.0000000000
128441  21.982  -7.788  78.636 0.0000000000
57874  21.474  -8.533  78.603 0.0000000000
113557  20.827  -9.153  78.854 0.0000000000
55816  19.973  -10.189  79.027 0.0000000000
58921  20.140  -7.643  80.678 0.0000000000
57857  19.547  -7.996  81.306 0.0000000000
57860  20.258  -8.314  80.141 0.0000000000
56822  20.063  -9.068  80.019 0.0000000000
56827  19.727  -9.868  79.776 0.0000000000
55817  19.440  -10.662  79.432 0.0000000000
54854  18.305  -11.393  81.253 0.0000000000
53896  15.965  -12.051  83.982 0.0000000000
125494  16.389  -8.693  84.524 0.0000000000
57845  15.378  -8.303  85.387 0.0000000000
56810  15.461  -9.068  85.353 0.0000000000
135659  15.275  -9.603  85.437 0.0000000000
55789  15.063  -10.153  85.488 0.0000000000
55790  14.388  -10.631  85.758 0.0000000000
132526  13.829  -10.945  86.018 0.0000000000
55785  13.307  -10.857  86.416 0.0000000000
55779  12.897  -10.394  86.703 0.0000000000
56803  12.177  -9.624  86.812 0.0000000000
57840  13.298  -8.716  86.661 0.0000000000
57836  12.677  -9.125  86.806 0.0000000000
56807  11.697  -9.568  86.571 0.0000000000
57843  11.283  -8.953  85.924 0.0000000000
120329  11.404  -10.022  75.543 0.0000000000
55845  10.491  -9.977  75.174 0.0000000000
55855  10.438  -10.261  74.238 0.0000000000
55865  10.234  -10.397  73.387 0.0000000000
56859  9.663  -9.641  73.269 0.0000000000
133089  9.669  -9.961  73.013 0.0000000000
55883  9.702  -10.560  71.828 0.0000000000
55891  9.124  -10.538  70.457 0.0000000000
57911  8.348  -8.673  71.075 0.0000000000
55892  8.358  -10.204  70.612 0.0000000000
130204  8.736  -10.409  70.713 0.0000000000
55899  9.147  -10.394  69.892 0.0000000000
132229  8.973  -10.187  69.609 0.0000000000
55907  9.106  -9.906  69.151 0.0000000000
56890  9.320  -9.446  68.610 0.0000000000
57945  8.594  -8.791  68.543 0.0000000000
56908  9.004  -9.008  68.395 0.0000000000
57955  8.934  -8.355  67.771 0.0000000000
57965  8.892  -7.806  66.970 0.0000000000
59037  8.440  -7.225  66.538 0.0000000000
63022  19.490  -3.434  79.962 0.0000000000
112608  19.944  -3.419  79.336 0.0000000000
63033  20.528  -3.333  78.691 0.0000000000
62021  31.308  -4.287  80.429 0.0000000000
60067  28.478  -6.737  79.521 0.0000000000
58925  27.195  -7.081  79.643 0.0000000000
58926  26.381  -6.920  79.340 0.0000000000
58927  25.490  -6.859  78.856 0.0000000000
115511  25.187  -6.624  79.624 0.0000000000
60048  25.616  -6.127  81.190 0.0000000000
60049  24.954  -5.761  80.998 0.0000000000
60061  23.826  -5.746  80.257 0.0000000000
62986  25.688  -3.495  82.131 0.0000000000
62987  24.861  -3.796  81.946 0.0000000000
62999  24.470  -3.658  81.575 0.0000000000
62004  23.400  -4.555  81.443 0.0000000000
61057  22.524  -4.732  81.206 0.0000000000
127365  21.913  -4.511  81.318 0.0000000000
127432  21.471  -4.185  81.480 0.0000000000
64059  22.008  -3.352  81.032 0.0000000000
134645  21.422  -3.877  81.445 0.0000000000
63012  20.454  -3.513  81.160 0.0000000000
51873  8.107  -14.187  78.777 0.0000000000
52878  8.449  -14.053  78.334 0.0000000000
53926  10.649  -12.826  78.266 0.0000000000
129199  10.791  -11.802  80.794 0.0000000000
117422  9.903  -12.479  79.874 0.0000000000
53921  10.529  -12.487  79.180 0.0000000000
114536  11.540  -12.357  78.655 0.0000000000
113246  12.424  -12.174  78.268 0.0000000000
55818  13.518  -10.369  79.214 0.0000000000
55823  13.678  -10.298  78.405 0.0000000000
55830  13.795  -10.283  77.667 0.0000000000
56845  13.348  -9.949  77.319 0.0000000000
56846  12.620  -9.848  76.768 0.0000000000
58911  11.692  -7.324  82.603 0.0000000000
57856  11.625  -7.979  82.691 0.0000000000
57863  11.617  -8.065  80.587 0.0000000000
62036  11.608  -5.425  79.365 0.0000000000
61080  11.261  -5.812  79.421 0.0000000000
129454  11.013  -6.171  79.514 0.0000000000
127510  10.738  -6.093  78.936 0.0000000000
60065  11.112  -6.559  79.946 0.0000000000
58923  10.789  -6.979  79.765 0.0000000000
57868  11.614  -8.401  79.739 0.0000000000
57876  11.373  -8.640  78.918 0.0000000000
57881  10.907  -8.775  78.096 0.0000000000
127996  11.637  -6.702  73.560 0.0000000000
60112  11.575  -7.005  72.827 0.0000000000
60118  12.185  -6.641  72.121 0.0000000000
60119  11.435  -7.095  71.900 0.0000000000
60128  11.197  -6.814  71.221 0.0000000000
63034  19.153  -3.651  79.155 0.0000000000
57872  23.904  -8.592  77.387 0.0000000000
56835  23.497  -9.241  76.990 0.0000000000
55824  23.073  -9.791  76.621 0.0000000000
55825  22.055  -10.103  76.752 0.0000000000
53894  13.473  -12.859  85.636 0.0000000000
127676  13.346  -13.510  85.461 0.0000000000
50830  13.072  -15.204  84.336 0.0000000000
51880  8.483  -14.837  76.741 0.0000000000
52895  10.914  -13.712  75.956 0.0000000000
51891  10.307  -14.174  75.529 0.0000000000
52910  12.066  -13.756  74.852 0.0000000000
51890  11.108  -13.968  75.172 0.0000000000
51908  9.394  -15.117  74.822 0.0000000000
50917  11.300  -15.572  72.382 0.0000000000
55854  12.656  -10.344  74.519 0.0000000000
55853  13.658  -10.533  74.194 0.0000000000
55862  13.806  -10.625  73.391 0.0000000000
55852  14.360  -10.888  73.967 0.0000000000
55861  14.554  -11.075  73.088 0.0000000000
54901  15.011  -11.664  73.212 0.0000000000
52939  15.259  -12.545  72.275 0.0000000000
113051  11.483  -10.876  70.032 0.0000000000
55888  12.529  -10.884  70.147 0.0000000000
55887  13.643  -10.939  70.698 0.0000000000
55894  14.426  -11.199  69.269 0.0000000000
55886  14.464  -11.195  70.229 0.0000000000
55879  14.506  -11.153  71.183 0.0000000000
54921  15.072  -11.511  71.590 0.0000000000
53979  15.463  -12.521  71.447 0.0000000000
129500  15.184  -13.137  71.755 0.0000000000
52957  14.832  -13.575  71.246 0.0000000000
51946  14.308  -14.057  70.766 0.0000000000
51958  13.691  -14.566  70.255 0.0000000000
51965  14.529  -14.015  69.021 0.0000000000
50941  12.494  -15.666  70.290 0.0000000000
133647  12.106  -16.139  69.965 0.0000000000
50953  11.916  -16.296  69.202 0.0000000000
49933  10.645  -16.855  68.580 0.0000000000
49940  10.339  -16.293  67.840 0.0000000000
53061  12.906  -12.954  65.741 0.0000000000
53062  11.812  -13.214  65.655 0.0000000000
121319  10.929  -13.387  65.665 0.0000000000
52020  9.309  -14.015  65.784 0.0000000000
65167  8.521  -2.282  72.399 0.0000000000
64125  8.354  -2.989  71.992 0.0000000000
64137  8.357  -2.812  71.044 0.0000000000
63106  8.362  -3.548  70.098 0.0000000000
123636  8.332  -4.145  69.275 0.0000000000
62209  7.950  -5.041  68.137 0.0000000000
63126  8.548  -3.523  67.882 0.0000000000
113801  7.845  -5.944  67.720 0.0000000000
114482  7.850  -6.035  67.049 0.0000000000
60176  7.972  -6.516  66.558 0.0000000000
59050  8.608  -7.094  65.707 0.0000000000
64180  8.966  -2.255  66.441 0.0000000000
63129  7.970  -3.466  66.118 0.0000000000
121484  7.723  -3.179  65.311 0.0000000000
62219  7.498  -4.121  65.653 0.0000000000
60184  7.632  -5.946  65.747 0.0000000000
60175  8.051  -6.590  65.760 0.0000000000
130890  10.608  -7.611  63.482 0.0000000000
59080  10.117  -7.418  62.935 0.0000000000
57996  10.835  -7.980  63.076 0.0000000000
56978  10.041  -8.912  62.516 0.0000000000
56979  9.004  -9.479  62.272 0.0000000000
61235  7.082  -4.973  61.477 0.0000000000
51853  13.433  -14.682  84.580 0.0000000000
51935  14.183  -13.966  71.593 0.0000000000
51966  13.849  -14.514  69.370 0.0000000000
51974  14.453  -13.939  68.193 0.0000000000
53028  14.239  -13.786  67.398 0.0000000000
53885  11.046  -11.821  86.557 0.0000000000
53929  14.114  -11.666  76.920 0.0000000000
53961  15.260  -11.978  72.640 0.0000000000
54015  15.435  -12.386  68.053 0.0000000000
54028  15.313  -12.026  67.627 0.0000000000
54039  13.634  -11.701  65.435 0.0000000000
54059  8.944  -12.366  64.383 0.0000000000
54928  15.455  -11.916  71.082 0.0000000000
54935  15.487  -11.899  70.165 0.0000000000
54938  15.444  -11.904  69.241 0.0000000000
54967  13.165  -11.450  65.031 0.0000000000
55782  11.189  -10.808  86.420 0.0000000000
55813  13.199  -9.699  79.631 0.0000000000
55833  22.746  -10.205  76.223 0.0000000000
55909  14.307  -10.802  66.943 0.0000000000
56802  12.788  -9.756  86.800 0.0000000000
56806  13.825  -9.071  86.461 0.0000000000
56866  8.317  -9.915  71.205 0.0000000000
56879  8.238  -9.922  69.907 0.0000000000
56880  8.372  -9.429  69.259 0.0000000000
56903  13.431  -9.783  66.458 0.0000000000
57837  12.091  -9.087  86.734 0.0000000000
57883  9.634  -7.941  77.114 0.0000000000
58897  12.759  -7.565  86.307 0.0000000000
58924  27.906  -7.058  79.823 0.0000000000
59057  11.112  -7.887  63.663 0.0000000000
60050  24.214  -5.500  80.961 0.0000000000
61042  14.156  -5.317  84.389 0.0000000000
61055  24.358  -5.226  81.489 0.0000000000
61990  25.609  -4.352  82.685 0.0000000000
119785  9.457  -10.233  69.428 0.0000000000
127718  8.671  -13.172  80.071 0.0000000000
130524  14.471  -11.083  76.030 0.0000000000
131251  24.896  -7.898  77.596 0.0000000000
133158  14.675  -13.515  71.911 0.0000000000
133209  30.419  -4.562  81.254 0.0000000000
133988  19.214  -5.174  82.186 0.0000000000
