#!ascii label  , from subject sub-v2s0x29010_ses-1 vox2ras=TkReg
543
49701  18.720  -17.559  -4.715 0.0000000000
57736  23.314  -9.738  -10.009 0.0000000000
62900  17.198  -4.143  -13.303 0.0000000000
115371  13.813  -8.208  -8.420 0.0000000000
47293  21.441  -19.615  -0.967 0.0000000000
50706  23.905  -16.231  -3.113 0.0000000000
51800  20.412  -14.746  -8.201 0.0000000000
125982  17.175  -11.625  -8.945 0.0000000000
59945  19.736  -7.584  -12.901 0.0000000000
67015  22.775  -0.545  -14.838 0.0000000000
135777  16.049  -0.502  -14.530 0.0000000000
48478  20.066  -18.879  -2.664 0.0000000000
48475  22.448  -18.049  -2.194 0.0000000000
49698  21.009  -17.836  -4.308 0.0000000000
53771  16.848  -13.371  -6.869 0.0000000000
55658  15.710  -12.194  -6.616 0.0000000000
60905  15.818  -6.387  -10.622 0.0000000000
58804  17.344  -8.249  -11.628 0.0000000000
61901  18.514  -6.175  -13.276 0.0000000000
62896  21.967  -4.111  -14.173 0.0000000000
134352  20.196  -2.259  -14.789 0.0000000000
68926  15.834  1.311  -12.019 0.0000000000
66970  14.933  -1.150  -11.231 0.0000000000
68974  16.479  1.435  -15.514 0.0000000000
54749  21.795  -12.511  -9.673 0.0000000000
53761  23.373  -13.619  -6.688 0.0000000000
55667  24.364  -11.436  -7.603 0.0000000000
62840  16.091  -4.281  -11.057 0.0000000000
135075  24.587  -6.699  -10.816 0.0000000000
51752  17.405  -15.960  -5.039 0.0000000000
49736  19.525  -16.874  -6.586 0.0000000000
51790  18.790  -15.081  -7.388 0.0000000000
52799  19.519  -13.577  -8.982 0.0000000000
54775  20.394  -11.638  -10.681 0.0000000000
56682  16.040  -10.076  -9.409 0.0000000000
56717  19.191  -9.789  -11.627 0.0000000000
57752  21.675  -9.160  -11.867 0.0000000000
61896  23.400  -5.326  -13.120 0.0000000000
63853  15.380  -2.933  -10.629 0.0000000000
119522  16.801  -2.114  -13.878 0.0000000000
68995  17.574  1.884  -18.004 0.0000000000
68023  19.128  1.073  -17.483 0.0000000000
67031  19.703  -0.783  -15.905 0.0000000000
68973  21.997  1.553  -15.913 0.0000000000
51763  22.428  -15.897  -5.469 0.0000000000
49678  17.885  -17.304  -3.480 0.0000000000
49661  18.042  -17.868  -2.851 0.0000000000
48493  19.689  -18.502  -3.328 0.0000000000
48511  20.946  -18.200  -3.636 0.0000000000
49699  20.067  -17.877  -4.725 0.0000000000
61887  16.662  -5.230  -12.290 0.0000000000
130549  17.099  -6.511  -12.367 0.0000000000
62886  17.314  -5.004  -13.147 0.0000000000
62898  19.583  -4.419  -14.118 0.0000000000
63918  19.028  -3.609  -14.227 0.0000000000
69936  16.415  1.754  -13.021 0.0000000000
68951  16.276  1.241  -13.461 0.0000000000
69963  16.422  2.161  -15.161 0.0000000000
55688  22.226  -11.769  -9.871 0.0000000000
54739  23.234  -12.102  -8.312 0.0000000000
56672  23.928  -10.621  -8.587 0.0000000000
61836  14.649  -5.630  -8.918 0.0000000000
62827  14.765  -4.738  -9.016 0.0000000000
46260  19.688  -20.058  -0.966 0.0000000000
46250  20.191  -20.379  -0.574 0.0000000000
46248  21.841  -20.009  -0.188 0.0000000000
47292  22.338  -19.403  -0.571 0.0000000000
49660  23.246  -17.466  -2.316 0.0000000000
49651  23.712  -17.683  -1.631 0.0000000000
50758  17.893  -15.777  -5.982 0.0000000000
51777  17.576  -15.123  -6.131 0.0000000000
54751  17.263  -12.275  -8.317 0.0000000000
53780  18.654  -13.374  -8.611 0.0000000000
54750  18.813  -12.293  -9.718 0.0000000000
53811  20.234  -12.621  -10.012 0.0000000000
54763  19.184  -11.867  -10.306 0.0000000000
121709  14.437  -10.205  -7.160 0.0000000000
58768  14.217  -9.140  -8.730 0.0000000000
58827  18.589  -7.924  -12.406 0.0000000000
57755  17.773  -9.121  -11.410 0.0000000000
121474  19.585  -8.933  -12.303 0.0000000000
57765  20.049  -9.483  -12.082 0.0000000000
58814  20.646  -8.515  -12.583 0.0000000000
59929  22.113  -7.696  -12.350 0.0000000000
60961  21.986  -6.296  -13.104 0.0000000000
64966  22.552  -2.677  -14.496 0.0000000000
63914  23.243  -3.182  -14.327 0.0000000000
66990  15.005  -1.610  -12.716 0.0000000000
65969  14.829  -1.774  -11.758 0.0000000000
65987  15.103  -1.582  -12.622 0.0000000000
114025  15.763  -2.039  -12.519 0.0000000000
66017  16.080  -0.943  -14.171 0.0000000000
67045  19.231  -0.298  -16.451 0.0000000000
68013  19.982  0.582  -17.002 0.0000000000
68004  20.884  0.527  -16.405 0.0000000000
50770  19.972  -16.099  -7.370 0.0000000000
50754  20.770  -16.697  -6.411 0.0000000000
51786  22.019  -15.218  -6.940 0.0000000000
53759  24.852  -12.856  -5.728 0.0000000000
53751  24.471  -13.490  -5.448 0.0000000000
47317  18.784  -19.182  -1.970 0.0000000000
47315  20.477  -19.225  -2.043 0.0000000000
47303  22.141  -19.025  -1.289 0.0000000000
48476  21.668  -18.462  -2.385 0.0000000000
48490  21.964  -17.968  -2.884 0.0000000000
50708  22.583  -16.894  -3.703 0.0000000000
53763  16.174  -13.088  -6.112 0.0000000000
123254  16.149  -12.348  -6.938 0.0000000000
54742  16.266  -11.877  -7.517 0.0000000000
59893  15.078  -7.341  -10.051 0.0000000000
58782  15.111  -8.228  -10.026 0.0000000000
59920  16.692  -7.081  -11.593 0.0000000000
135244  17.809  -7.094  -12.382 0.0000000000
60964  19.205  -6.816  -13.115 0.0000000000
61899  20.619  -5.895  -13.710 0.0000000000
61910  20.252  -5.139  -14.023 0.0000000000
63916  21.238  -3.557  -14.256 0.0000000000
66012  21.404  -1.954  -14.975 0.0000000000
67938  15.106  0.742  -9.446 0.0000000000
67955  15.593  0.559  -11.772 0.0000000000
67980  15.999  0.370  -13.501 0.0000000000
67993  15.960  -0.002  -14.363 0.0000000000
52781  21.375  -13.684  -8.874 0.0000000000
52769  21.929  -14.584  -7.631 0.0000000000
53778  22.884  -12.943  -8.022 0.0000000000
54729  24.382  -12.030  -7.134 0.0000000000
118808  13.756  -7.322  -8.175 0.0000000000
114259  14.950  -6.146  -9.573 0.0000000000
61851  15.983  -5.671  -10.799 0.0000000000
62872  16.612  -4.213  -12.264 0.0000000000
48449  22.882  -18.803  -0.890 0.0000000000
134561  23.586  -8.306  -10.669 0.0000000000
57735  24.068  -9.355  -9.399 0.0000000000
50723  18.350  -17.175  -5.147 0.0000000000
49721  18.939  -17.404  -5.565 0.0000000000
50740  18.376  -16.861  -5.671 0.0000000000
50756  19.192  -16.435  -6.733 0.0000000000
51789  19.452  -15.343  -7.635 0.0000000000
52772  17.550  -14.020  -7.118 0.0000000000
51803  19.063  -14.513  -7.972 0.0000000000
52783  20.222  -14.039  -8.776 0.0000000000
52805  20.666  -13.067  -9.635 0.0000000000
53808  21.140  -12.438  -10.079 0.0000000000
55712  21.605  -11.095  -10.842 0.0000000000
56661  15.660  -11.138  -7.667 0.0000000000
55689  16.750  -11.128  -9.013 0.0000000000
57745  16.363  -9.283  -10.379 0.0000000000
56694  16.891  -10.111  -10.068 0.0000000000
55702  18.594  -11.111  -10.563 0.0000000000
129794  19.852  -10.707  -11.289 0.0000000000
56703  20.627  -10.517  -11.441 0.0000000000
121026  21.907  -9.809  -11.368 0.0000000000
58802  23.060  -8.167  -11.274 0.0000000000
60940  23.635  -6.466  -11.748 0.0000000000
62884  23.145  -4.874  -13.674 0.0000000000
63852  15.811  -3.462  -10.935 0.0000000000
63888  16.521  -3.030  -12.446 0.0000000000
125415  17.027  -3.153  -13.539 0.0000000000
68984  16.823  1.277  -16.398 0.0000000000
68016  17.189  0.579  -16.566 0.0000000000
69983  18.308  1.576  -17.930 0.0000000000
67047  17.531  -0.079  -16.432 0.0000000000
67033  17.685  -0.701  -15.987 0.0000000000
66027  18.110  -1.435  -15.298 0.0000000000
123815  18.493  -2.796  -14.390 0.0000000000
66013  19.803  -1.893  -14.977 0.0000000000
67029  21.410  -0.465  -15.528 0.0000000000
67028  22.097  -0.269  -15.272 0.0000000000
49734  20.470  -17.224  -5.841 0.0000000000
50738  21.966  -16.533  -5.158 0.0000000000
135466  23.228  -15.778  -4.382 0.0000000000
114743  23.140  -14.592  -6.045 0.0000000000
52752  23.573  -14.704  -5.211 0.0000000000
49677  18.466  -17.682  -3.793 0.0000000000
48494  18.815  -18.311  -3.233 0.0000000000
48513  19.326  -18.016  -4.124 0.0000000000
49700  19.348  -17.720  -4.989 0.0000000000
130566  16.746  -4.613  -12.564 0.0000000000
61902  16.974  -5.228  -12.753 0.0000000000
132253  17.705  -4.613  -13.523 0.0000000000
63919  17.842  -3.707  -13.884 0.0000000000
55699  22.501  -11.096  -10.110 0.0000000000
55687  22.866  -11.263  -9.468 0.0000000000
56679  23.675  -10.141  -9.250 0.0000000000
47294  20.541  -19.934  -0.998 0.0000000000
46249  20.976  -20.273  -0.422 0.0000000000
50689  23.682  -16.795  -2.752 0.0000000000
49659  24.213  -17.055  -2.035 0.0000000000
50688  24.427  -16.365  -2.622 0.0000000000
52753  17.062  -14.753  -5.743 0.0000000000
53796  18.261  -12.657  -8.926 0.0000000000
54765  17.897  -11.936  -9.338 0.0000000000
54764  18.426  -11.663  -10.035 0.0000000000
58757  13.956  -9.195  -7.632 0.0000000000
58826  19.222  -8.215  -12.537 0.0000000000
58825  19.916  -8.414  -12.616 0.0000000000
127690  20.409  -7.954  -12.835 0.0000000000
59930  21.234  -7.710  -12.811 0.0000000000
59944  20.571  -7.367  -13.073 0.0000000000
123668  22.701  -1.402  -14.724 0.0000000000
64965  23.143  -2.123  -14.460 0.0000000000
67018  15.800  -0.736  -13.998 0.0000000000
122709  14.959  -1.401  -13.143 0.0000000000
64972  15.768  -1.113  -13.541 0.0000000000
68989  20.105  1.469  -17.426 0.0000000000
69972  20.848  1.902  -17.251 0.0000000000
68012  20.843  1.223  -16.917 0.0000000000
115407  20.317  -15.593  -7.677 0.0000000000
50769  20.579  -16.128  -7.195 0.0000000000
51787  21.100  -15.319  -7.626 0.0000000000
54712  25.526  -12.631  -5.379 0.0000000000
53750  25.146  -13.187  -5.111 0.0000000000
131722  19.202  -18.826  -2.646 0.0000000000
47316  19.612  -19.266  -2.079 0.0000000000
48477  20.915  -18.778  -2.550 0.0000000000
49676  21.547  -17.867  -3.546 0.0000000000
49675  22.250  -17.473  -3.335 0.0000000000
49697  21.844  -17.316  -4.011 0.0000000000
131984  15.628  -12.441  -6.188 0.0000000000
121190  16.003  -12.632  -6.370 0.0000000000
55668  15.891  -11.787  -7.256 0.0000000000
133447  15.469  -6.872  -10.321 0.0000000000
59908  15.721  -7.192  -10.566 0.0000000000
60942  16.280  -6.727  -11.132 0.0000000000
60966  17.560  -5.895  -12.976 0.0000000000
59948  17.573  -6.610  -12.558 0.0000000000
60965  18.035  -6.546  -12.826 0.0000000000
117689  18.526  -6.825  -12.846 0.0000000000
61900  19.611  -6.058  -13.633 0.0000000000
61911  19.054  -5.341  -13.814 0.0000000000
63917  20.136  -3.491  -14.292 0.0000000000
64968  20.718  -2.621  -14.588 0.0000000000
64967  21.754  -2.689  -14.544 0.0000000000
68918  15.503  1.379  -11.300 0.0000000000
122568  15.319  1.293  -10.281 0.0000000000
67947  15.325  0.687  -11.109 0.0000000000
121123  15.231  0.020  -10.520 0.0000000000
68964  16.193  0.960  -14.140 0.0000000000
67992  16.240  0.769  -14.946 0.0000000000
118805  21.607  -13.131  -9.281 0.0000000000
53779  22.141  -13.437  -8.525 0.0000000000
54740  22.400  -12.734  -8.865 0.0000000000
55678  23.885  -11.345  -8.136 0.0000000000
54738  23.910  -11.887  -7.748 0.0000000000
60869  13.575  -7.263  -7.621 0.0000000000
129904  13.848  -6.627  -8.039 0.0000000000
60894  14.245  -6.549  -8.748 0.0000000000
61840  15.250  -5.199  -9.860 0.0000000000
61852  15.819  -5.115  -10.656 0.0000000000
116146  16.178  -5.097  -11.164 0.0000000000
62859  16.343  -4.374  -11.509 0.0000000000
48464  22.047  -18.596  -1.830 0.0000000000
48463  22.655  -18.444  -1.531 0.0000000000
48461  24.049  -17.955  -1.040 0.0000000000
59906  23.787  -7.676  -10.906 0.0000000000
126641  17.603  -16.487  -4.480 0.0000000000
50724  17.893  -16.681  -5.099 0.0000000000
51776  18.260  -15.504  -6.555 0.0000000000
50757  18.480  -16.284  -6.234 0.0000000000
50772  18.963  -15.815  -6.974 0.0000000000
50771  19.522  -15.970  -7.279 0.0000000000
53762  16.550  -13.457  -6.331 0.0000000000
52762  17.093  -14.204  -6.386 0.0000000000
52785  18.904  -14.016  -8.287 0.0000000000
52784  19.568  -14.132  -8.527 0.0000000000
134793  19.903  -14.230  -8.564 0.0000000000
52798  19.997  -13.670  -9.075 0.0000000000
52797  20.464  -13.448  -9.308 0.0000000000
52806  20.403  -13.078  -9.623 0.0000000000
122710  20.363  -12.176  -10.328 0.0000000000
54761  20.733  -12.209  -10.298 0.0000000000
54774  20.705  -11.589  -10.701 0.0000000000
55701  21.192  -11.761  -10.518 0.0000000000
55713  21.147  -11.001  -11.003 0.0000000000
129561  15.288  -10.542  -8.087 0.0000000000
56662  15.086  -10.784  -7.396 0.0000000000
56674  15.757  -10.647  -8.469 0.0000000000
55690  16.238  -10.755  -8.842 0.0000000000
56681  16.607  -10.543  -9.406 0.0000000000
58795  16.273  -8.402  -10.842 0.0000000000
58796  15.717  -8.607  -10.354 0.0000000000
57756  16.964  -8.834  -11.142 0.0000000000
57754  18.531  -9.441  -11.589 0.0000000000
56707  17.330  -9.633  -10.837 0.0000000000
127768  18.177  -9.852  -11.122 0.0000000000
56693  17.778  -10.430  -10.491 0.0000000000
55717  18.532  -10.438  -10.929 0.0000000000
55716  19.047  -10.751  -11.001 0.0000000000
56705  19.446  -10.428  -11.317 0.0000000000
57764  20.780  -9.258  -12.191 0.0000000000
56714  20.474  -9.872  -11.814 0.0000000000
57753  21.112  -9.914  -11.731 0.0000000000
57751  22.473  -9.008  -11.346 0.0000000000
58803  22.268  -8.371  -11.865 0.0000000000
116096  22.540  -6.333  -12.768 0.0000000000
60952  22.803  -6.889  -12.196 0.0000000000
60951  23.282  -5.940  -12.528 0.0000000000
61872  24.054  -5.713  -11.973 0.0000000000
61885  23.969  -5.308  -12.700 0.0000000000
61909  21.151  -5.256  -13.853 0.0000000000
61898  21.525  -5.858  -13.521 0.0000000000
62885  22.091  -4.919  -13.858 0.0000000000
65958  14.958  -1.007  -10.316 0.0000000000
64911  14.887  -2.208  -10.926 0.0000000000
64899  15.011  -2.538  -10.008 0.0000000000
63844  15.043  -3.384  -9.861 0.0000000000
129936  15.419  -3.732  -10.432 0.0000000000
63903  16.157  -2.144  -12.901 0.0000000000
120437  16.153  -2.729  -12.079 0.0000000000
63921  16.538  -2.406  -13.262 0.0000000000
63902  16.632  -2.991  -12.887 0.0000000000
69992  17.063  2.232  -18.466 0.0000000000
69984  17.211  1.859  -17.668 0.0000000000
68983  17.208  1.287  -17.107 0.0000000000
69982  19.369  1.813  -17.924 0.0000000000
69990  18.725  2.199  -18.376 0.0000000000
68024  18.199  0.917  -17.358 0.0000000000
68015  17.908  0.351  -16.912 0.0000000000
67046  18.297  -0.240  -16.509 0.0000000000
67032  18.708  -0.828  -15.956 0.0000000000
66015  18.062  -2.105  -14.619 0.0000000000
66026  19.247  -1.390  -15.411 0.0000000000
66014  18.912  -2.010  -14.814 0.0000000000
120449  21.406  1.150  -16.332 0.0000000000
135647  20.988  -0.066  -15.980 0.0000000000
68003  21.757  0.489  -15.736 0.0000000000
123137  19.410  -17.250  -6.097 0.0000000000
49720  19.805  -17.536  -5.589 0.0000000000
49735  19.987  -17.134  -6.310 0.0000000000
50753  21.681  -16.310  -5.947 0.0000000000
50739  21.201  -16.961  -5.579 0.0000000000
51751  22.660  -16.113  -4.744 0.0000000000
113928  23.087  -15.491  -4.992 0.0000000000
52768  22.611  -13.752  -7.599 0.0000000000
52761  22.709  -14.425  -6.791 0.0000000000
133113  23.253  -14.152  -6.339 0.0000000000
52750  24.796  -13.770  -4.779 0.0000000000
52751  24.166  -14.054  -5.121 0.0000000000
52744  24.393  -14.503  -4.452 0.0000000000
51750  23.720  -15.222  -4.409 0.0000000000
48492  20.534  -18.507  -3.208 0.0000000000
48512  20.269  -18.208  -3.918 0.0000000000
61874  16.266  -5.851  -11.266 0.0000000000
60941  16.549  -6.343  -11.714 0.0000000000
122705  16.720  -6.086  -12.184 0.0000000000
61886  17.011  -5.966  -12.581 0.0000000000
61912  18.047  -5.328  -13.450 0.0000000000
62899  18.509  -4.550  -13.870 0.0000000000
64969  19.633  -2.646  -14.547 0.0000000000
69923  16.174  1.829  -12.291 0.0000000000
68937  16.174  1.205  -12.771 0.0000000000
68950  16.333  1.685  -13.804 0.0000000000
68963  16.282  1.571  -14.614 0.0000000000
54748  22.659  -11.988  -9.184 0.0000000000
55679  23.337  -11.355  -8.798 0.0000000000
116057  14.473  -5.129  -8.240 0.0000000000
47305  19.199  -19.642  -1.452 0.0000000000
47295  18.097  -19.893  -0.564 0.0000000000
46261  18.805  -20.104  -0.816 0.0000000000
46251  19.389  -20.620  -0.429 0.0000000000
46238  22.296  -20.225  0.609 0.0000000000
47283  22.523  -19.685  0.073 0.0000000000
48474  23.071  -17.953  -1.765 0.0000000000
50741  17.883  -16.223  -5.601 0.0000000000
51764  17.474  -15.528  -5.604 0.0000000000
53782  16.961  -12.860  -7.491 0.0000000000
53770  17.354  -13.432  -7.437 0.0000000000
53781  17.714  -13.067  -8.086 0.0000000000
53795  19.245  -12.966  -9.356 0.0000000000
53794  19.908  -13.066  -9.587 0.0000000000
53812  19.675  -12.544  -9.963 0.0000000000
54762  19.877  -12.076  -10.377 0.0000000000
54776  19.839  -11.658  -10.644 0.0000000000
57716  14.649  -10.014  -7.991 0.0000000000
57728  15.096  -9.867  -8.892 0.0000000000
58817  17.758  -7.888  -12.011 0.0000000000
58816  18.389  -8.322  -12.136 0.0000000000
57767  18.792  -9.098  -11.954 0.0000000000
57766  19.484  -9.486  -11.919 0.0000000000
133253  20.157  -8.972  -12.381 0.0000000000
58813  21.472  -8.483  -12.348 0.0000000000
60953  22.001  -6.944  -12.753 0.0000000000
63915  22.285  -3.390  -14.344 0.0000000000
128856  22.893  -4.104  -14.140 0.0000000000
66977  14.980  -1.472  -12.047 0.0000000000
129177  14.750  -1.676  -10.979 0.0000000000
65975  14.888  -1.604  -12.291 0.0000000000
64924  14.923  -1.713  -12.133 0.0000000000
64910  15.364  -2.395  -11.460 0.0000000000
64956  15.460  -1.493  -12.731 0.0000000000
121481  15.902  -1.578  -13.157 0.0000000000
64971  16.255  -1.525  -13.676 0.0000000000
68014  18.891  0.300  -16.996 0.0000000000
135484  19.585  0.076  -16.757 0.0000000000
67044  20.165  -0.124  -16.363 0.0000000000
50755  20.064  -16.654  -6.901 0.0000000000
51775  21.413  -15.966  -6.785 0.0000000000
51774  22.188  -15.634  -6.212 0.0000000000
53760  24.160  -13.199  -6.160 0.0000000000
52760  23.721  -13.953  -5.842 0.0000000000
47306  18.438  -19.507  -1.260 0.0000000000
47304  20.052  -19.632  -1.519 0.0000000000
118986  20.794  -19.524  -1.485 0.0000000000
47314  21.362  -19.042  -1.798 0.0000000000
48491  21.275  -18.322  -3.051 0.0000000000
130754  22.578  -17.615  -2.760 0.0000000000
49674  22.968  -17.154  -3.066 0.0000000000
50707  23.310  -16.536  -3.405 0.0000000000
53772  16.348  -12.903  -6.567 0.0000000000
54731  16.514  -12.736  -7.025 0.0000000000
54741  16.574  -12.285  -7.512 0.0000000000
59894  14.353  -8.032  -9.399 0.0000000000
131864  15.346  -7.643  -10.310 0.0000000000
59907  16.330  -7.587  -11.085 0.0000000000
116692  16.852  -7.696  -11.538 0.0000000000
59933  16.929  -6.755  -12.034 0.0000000000
59932  17.472  -7.110  -12.225 0.0000000000
59919  17.153  -7.454  -11.883 0.0000000000
59931  18.036  -7.574  -12.271 0.0000000000
59946  18.865  -7.439  -12.707 0.0000000000
60963  20.253  -6.713  -13.371 0.0000000000
62897  21.218  -4.536  -14.070 0.0000000000
127997  20.500  -4.231  -14.158 0.0000000000
66011  22.273  -2.003  -14.759 0.0000000000
67016  21.980  -1.130  -15.120 0.0000000000
66976  15.342  -0.333  -11.496 0.0000000000
67966  15.864  0.393  -12.561 0.0000000000
66989  15.452  -0.561  -12.300 0.0000000000
119940  15.541  -0.737  -13.176 0.0000000000
131438  15.726  -0.552  -13.818 0.0000000000
67017  16.258  -0.041  -15.140 0.0000000000
52770  21.182  -14.403  -8.319 0.0000000000
133208  21.865  -14.042  -8.248 0.0000000000
53769  23.279  -13.114  -7.333 0.0000000000
54730  23.604  -12.477  -7.561 0.0000000000
53768  23.904  -12.812  -6.871 0.0000000000
54721  24.611  -12.491  -6.398 0.0000000000
59875  14.026  -7.389  -8.897 0.0000000000
113893  14.639  -6.990  -9.475 0.0000000000
60906  15.241  -6.597  -10.076 0.0000000000
60923  15.523  -5.864  -10.301 0.0000000000
118242  16.357  -5.153  -11.538 0.0000000000
62858  16.441  -4.747  -11.827 0.0000000000
48462  23.345  -18.236  -1.247 0.0000000000
135732  23.230  -9.264  -10.420 0.0000000000
58781  23.731  -8.845  -10.140 0.0000000000
49702  18.014  -17.112  -4.361 0.0000000000
49737  18.953  -16.958  -6.198 0.0000000000
130716  19.649  -16.443  -7.005 0.0000000000
51788  19.893  -15.454  -7.768 0.0000000000
51791  17.912  -14.759  -6.828 0.0000000000
52786  18.069  -13.750  -7.829 0.0000000000
52771  18.363  -14.416  -7.559 0.0000000000
51802  19.507  -14.698  -8.062 0.0000000000
51801  19.898  -14.735  -8.195 0.0000000000
52782  20.745  -13.863  -8.913 0.0000000000
52796  21.087  -13.199  -9.501 0.0000000000
53793  21.169  -12.855  -9.749 0.0000000000
53810  20.583  -12.691  -9.939 0.0000000000
53809  20.833  -12.771  -9.869 0.0000000000
114582  21.597  -12.034  -10.136 0.0000000000
55700  21.879  -11.509  -10.430 0.0000000000
56691  22.637  -10.401  -10.363 0.0000000000
55669  15.408  -11.571  -6.957 0.0000000000
55681  16.205  -11.273  -8.054 0.0000000000
55703  17.655  -11.208  -9.802 0.0000000000
58783  14.706  -8.934  -9.459 0.0000000000
57737  15.442  -9.198  -9.792 0.0000000000
116311  17.137  -10.679  -9.779 0.0000000000
121403  19.691  -11.002  -11.066 0.0000000000
55715  20.118  -11.131  -11.057 0.0000000000
56715  20.065  -10.062  -11.689 0.0000000000
56704  20.222  -10.649  -11.360 0.0000000000
55714  20.468  -11.121  -11.038 0.0000000000
56702  21.372  -10.536  -11.278 0.0000000000
56692  22.093  -10.446  -10.940 0.0000000000
57744  22.697  -9.648  -10.761 0.0000000000
58794  23.140  -8.865  -10.771 0.0000000000
59918  22.724  -7.676  -11.834 0.0000000000
59917  23.356  -7.301  -11.514 0.0000000000
59916  24.051  -6.953  -11.153 0.0000000000
61897  22.582  -5.650  -13.248 0.0000000000
65959  14.875  -1.786  -10.168 0.0000000000
126399  15.118  -4.254  -9.836 0.0000000000
62834  15.633  -4.382  -10.512 0.0000000000
64923  15.472  -2.179  -12.074 0.0000000000
63870  16.136  -3.206  -11.526 0.0000000000
62873  16.460  -3.697  -11.922 0.0000000000
62888  16.752  -3.824  -12.657 0.0000000000
63920  16.852  -3.532  -13.056 0.0000000000
69973  16.628  2.027  -16.124 0.0000000000
68991  16.862  1.833  -17.020 0.0000000000
68005  16.581  0.626  -15.799 0.0000000000
69991  17.842  2.103  -18.472 0.0000000000
68025  17.596  0.906  -17.130 0.0000000000
67034  16.858  -0.251  -15.844 0.0000000000
66029  16.434  -0.680  -14.919 0.0000000000
66028  17.058  -1.061  -15.291 0.0000000000
66016  16.603  -1.306  -14.418 0.0000000000
127164  17.296  -1.737  -14.597 0.0000000000
64970  17.508  -2.638  -14.146 0.0000000000
67030  20.585  -0.658  -15.743 0.0000000000
66025  20.167  -1.309  -15.416 0.0000000000
124150  20.568  -1.885  -15.046 0.0000000000
66024  21.024  -1.229  -15.323 0.0000000000
67991  22.491  0.253  -15.138 0.0000000000
69962  22.206  2.529  -16.066 0.0000000000
121789  22.507  2.004  -15.498 0.0000000000
68962  22.616  1.174  -15.210 0.0000000000
67990  23.160  0.415  -14.593 0.0000000000
49719  20.675  -17.503  -5.172 0.0000000000
50722  21.499  -17.168  -4.783 0.0000000000
50721  22.243  -16.704  -4.401 0.0000000000
50720  22.952  -16.293  -4.053 0.0000000000
51736  23.693  -15.820  -3.730 0.0000000000
51773  22.602  -15.033  -6.348 0.0000000000
51762  22.852  -15.232  -5.716 0.0000000000
51735  24.462  -15.751  -3.169 0.0000000000
133847  24.442  -10.259  -8.345 0.0000000000
54720  25.260  -12.271  -5.968 0.0000000000
54777  19.451  -11.402  -10.737 0.0000000000
55680  16.675  -11.699  -8.152 0.0000000000
56673  23.382  -10.784  -9.151 0.0000000000
56680  23.057  -10.559  -9.711 0.0000000000
56706  18.869  -10.108  -11.297 0.0000000000
56716  19.720  -10.200  -11.527 0.0000000000
57768  18.132  -8.680  -11.817 0.0000000000
58805  16.748  -8.156  -11.298 0.0000000000
58815  18.976  -8.710  -12.245 0.0000000000
59947  18.189  -7.140  -12.539 0.0000000000
60962  21.231  -6.750  -13.201 0.0000000000
61873  16.489  -5.583  -11.827 0.0000000000
62871  23.947  -4.839  -13.368 0.0000000000
62887  16.978  -4.414  -12.962 0.0000000000
64941  15.053  -1.642  -12.332 0.0000000000
66000  15.363  -1.221  -13.002 0.0000000000
67002  15.543  -1.044  -13.477 0.0000000000
68990  17.642  1.395  -17.569 0.0000000000
119462  15.691  -7.923  -10.557 0.0000000000
120754  24.299  -9.879  -8.740 0.0000000000
131238  22.178  -10.943  -10.606 0.0000000000
133887  20.916  -6.309  -13.501 0.0000000000
135914  20.784  -13.419  -9.338 0.0000000000
