#!ascii label  , from subject sub-v2s0x30149_ses-1 vox2ras=TkReg
1511
10053  31.178  -69.801  5.363 0.5000000000
13832  27.639  -64.672  3.576 0.6000000238
13833  26.952  -64.797  3.394 0.6000000238
13845  26.299  -64.850  2.916 0.6000000238
14688  26.389  -64.160  3.367 0.6999999881
13846  25.682  -64.832  2.252 0.6000000238
14657  26.354  -63.399  4.035 0.6999999881
14675  25.852  -63.406  2.975 0.6000000238
117768  30.967  -69.302  -4.304 0.5000000000
10845  33.825  -68.123  -3.285 0.6000000238
10849  33.092  -68.533  -3.962 0.6000000238
117961  31.959  -69.236  -4.227 0.5000000000
10823  34.069  -68.305  -1.165 0.5000000000
10833  34.187  -68.501  -2.107 0.4000000060
129895  33.379  -68.803  -3.666 0.5000000000
122989  32.662  -69.061  -4.068 0.6000000238
10826  26.880  -69.014  -0.179 0.5000000000
10769  30.795  -68.075  3.108 0.4000000060
11525  27.254  -68.518  0.302 0.5000000000
10111  26.208  -69.470  0.180 0.5000000000
11512  27.767  -67.526  1.350 0.6000000238
12202  28.188  -66.157  2.306 0.6000000238
13831  28.336  -64.503  3.495 0.6000000238
14672  28.624  -63.862  3.856 0.6999999881
12958  27.462  -65.186  3.176 0.6000000238
14673  27.874  -64.146  4.114 0.6999999881
16247  28.917  -62.138  5.232 0.6000000238
15479  28.587  -62.872  4.929 0.6999999881
16996  29.452  -60.692  5.819 0.6000000238
15466  28.134  -62.452  5.554 0.6000000238
15480  27.715  -63.072  5.131 0.6999999881
16997  28.917  -61.171  6.276 0.6999999881
14697  25.363  -64.027  1.803 0.6000000238
10853  29.452  -68.465  -4.010 0.5000000000
10851  31.394  -68.502  -4.314 0.6000000238
10852  30.401  -68.505  -4.244 0.5000000000
11552  34.139  -67.915  -2.658 0.6000000238
11556  33.554  -67.602  -3.582 0.6999999881
10850  32.327  -68.481  -4.212 0.6000000238
10813  33.525  -68.282  0.239 0.4000000060
11534  28.224  -66.971  -0.409 0.5000000000
10825  27.394  -68.367  -0.524 0.5000000000
10063  30.487  -68.951  4.332 0.5000000000
123184  27.803  -67.820  0.273 0.5000000000
13852  28.990  -65.063  1.880 0.6999999881
12229  28.313  -66.979  0.706 0.6000000238
13844  29.210  -64.262  2.225 0.6999999881
12970  28.438  -65.532  2.512 0.6000000238
12983  28.622  -65.914  1.840 0.6000000238
12956  28.728  -64.834  2.804 0.6999999881
14671  29.187  -63.362  3.297 0.6999999881
16246  29.397  -61.459  4.561 0.6000000238
15478  29.254  -62.321  4.325 0.6000000238
17000  29.501  -60.706  4.881 0.6000000238
18516  30.084  -59.298  5.348 0.6000000238
17743  30.322  -59.230  6.388 0.6999999881
15492  25.682  -62.535  3.293 0.6999999881
14698  25.019  -63.190  1.637 0.5000000000
16239  27.721  -61.906  6.016 0.6999999881
15481  26.768  -62.916  4.918 0.6999999881
114811  25.533  -63.458  2.190 0.6000000238
12270  31.232  -67.005  -4.052 0.5000000000
11565  29.898  -67.799  -4.001 0.5000000000
11566  29.183  -67.830  -3.732 0.5000000000
12264  32.571  -66.148  -3.812 0.6999999881
11564  30.822  -67.760  -4.199 0.6000000238
12254  34.060  -66.918  -1.374 0.5000000000
12259  34.056  -67.006  -2.363 0.6999999881
123595  33.528  -66.832  -3.470 0.6999999881
11557  33.095  -67.007  -3.867 0.6000000238
12269  32.226  -66.940  -4.104 0.6000000238
11524  33.819  -67.605  0.635 0.4000000060
10812  33.940  -67.992  -0.242 0.4000000060
11533  34.068  -67.575  -0.801 0.5000000000
13013  28.393  -66.134  -1.187 0.5000000000
116046  28.836  -65.304  0.179 0.5000000000
13004  28.502  -66.177  -0.059 0.5000000000
14696  29.421  -63.484  1.426 0.6000000238
114327  28.919  -65.481  1.191 0.5000000000
123743  29.475  -62.749  1.849 0.6999999881
113568  29.500  -59.747  2.730 0.6000000238
132953  29.488  -61.829  2.839 0.6999999881
116808  29.421  -62.842  2.650 0.6999999881
17023  29.461  -60.537  2.608 0.6000000238
15490  29.404  -62.461  3.299 0.6999999881
20228  30.877  -57.050  3.902 0.6999999881
17772  29.655  -59.528  3.552 0.6000000238
121549  29.515  -60.491  3.732 0.6000000238
20214  31.806  -56.605  5.341 0.6000000238
19387  30.742  -57.891  4.695 0.6999999881
20201  33.215  -56.400  7.215 0.6000000238
20203  32.047  -56.975  6.350 0.6000000238
19373  31.016  -57.976  5.635 0.6999999881
16280  24.943  -62.242  1.924 0.6000000238
19365  31.198  -58.103  6.507 0.6999999881
121198  26.400  -62.105  5.247 0.6999999881
15500  25.429  -62.734  2.339 0.6000000238
20193  32.639  -56.957  7.867 0.6999999881
20194  32.173  -57.193  7.191 0.6000000238
18503  30.757  -58.695  6.966 0.8000000119
17744  29.762  -59.926  7.042 0.6999999881
16990  28.556  -60.779  6.873 0.6999999881
128553  26.878  -61.754  5.885 0.6999999881
12271  30.256  -67.097  -3.873 0.6000000238
13019  33.221  -65.405  -3.098 0.6999999881
13020  32.777  -65.435  -3.404 0.6999999881
129855  33.611  -65.532  -1.253 0.5000000000
13016  33.442  -65.300  -2.550 0.6999999881
112172  34.099  -66.865  1.073 0.4000000060
12240  34.009  -66.907  -0.532 0.5000000000
12256  28.182  -66.523  -1.962 0.5000000000
128248  28.585  -65.470  -0.725 0.5000000000
13861  29.293  -63.874  0.624 0.6000000238
16290  29.386  -61.616  0.496 0.6000000238
15504  29.466  -62.555  0.925 0.6999999881
13862  29.168  -64.756  0.872 0.6999999881
17032  29.405  -60.515  1.567 0.6999999881
129221  29.487  -62.057  1.377 0.6999999881
17785  29.510  -58.860  2.513 0.6000000238
119402  29.363  -59.757  1.835 0.6000000238
21081  31.142  -55.005  3.080 0.6999999881
132206  30.435  -57.135  3.334 0.6999999881
19402  29.743  -57.907  2.642 0.6999999881
115858  24.823  -60.295  2.793 0.6000000238
112788  32.848  -54.953  4.940 0.6000000238
21072  31.634  -55.691  4.081 0.6999999881
19401  30.328  -57.790  3.634 0.6999999881
122779  35.919  -55.170  6.769 0.6000000238
21919  35.105  -55.086  6.247 0.6000000238
21057  34.071  -55.043  5.976 0.6000000238
21059  32.916  -55.638  5.713 0.6000000238
131656  31.779  -56.126  4.718 0.6999999881
17024  25.105  -61.012  2.739 0.6000000238
21041  35.332  -55.415  7.228 0.6000000238
20213  32.455  -56.309  5.907 0.6000000238
17738  27.512  -59.558  7.355 0.6999999881
16992  26.141  -60.544  5.833 0.6000000238
16248  25.852  -61.421  4.673 0.6999999881
16258  25.511  -61.423  3.515 0.6000000238
21027  36.081  -55.116  7.519 0.5000000000
21029  34.749  -55.802  7.841 0.6000000238
122655  32.851  -56.771  8.688 0.8000000119
19350  31.446  -57.562  8.810 0.8000000119
18488  30.230  -58.266  8.593 0.8000000119
17736  29.345  -59.527  7.756 0.8000000119
16985  28.091  -60.262  7.297 0.6999999881
133085  26.612  -61.114  6.095 0.6999999881
19358  31.846  -57.634  7.910 0.8000000119
18496  30.613  -58.648  7.847 0.8000000119
13021  31.997  -65.446  -3.556 0.6999999881
13022  30.991  -65.610  -3.424 0.6999999881
13023  30.038  -65.821  -3.205 0.6999999881
11558  29.410  -67.217  -3.619 0.6000000238
13879  33.259  -64.543  -2.130 0.6999999881
13024  29.196  -65.990  -2.966 0.6000000238
13872  33.341  -64.723  -1.173 0.6000000238
12261  28.583  -66.343  -2.550 0.5000000000
114761  28.455  -65.841  -2.014 0.5000000000
17748  18.586  -59.121  5.888 0.6000000238
121036  28.615  -65.122  -1.615 0.5000000000
18522  19.240  -58.922  4.962 0.5000000000
14719  28.904  -63.855  -1.080 0.5000000000
18541  21.744  -58.898  3.927 0.6000000238
16296  29.449  -61.629  -0.422 0.6999999881
14718  29.204  -63.263  -0.350 0.6000000238
17795  29.146  -59.608  0.693 0.6999999881
15515  29.343  -62.394  0.012 0.6999999881
132342  23.484  -59.063  3.200 0.6000000238
111624  29.278  -57.949  1.561 0.6999999881
18555  29.155  -58.867  1.330 0.6000000238
21960  31.217  -54.000  2.629 0.6999999881
114668  30.514  -55.219  2.489 0.6999999881
19417  29.489  -57.052  1.727 0.6999999881
17786  24.980  -59.634  3.185 0.6000000238
18549  24.724  -58.941  3.329 0.6000000238
21071  32.045  -54.743  3.899 0.6000000238
20238  30.414  -56.544  2.971 0.6999999881
18518  25.443  -58.830  4.186 0.6000000238
17026  24.149  -60.395  2.547 0.6000000238
21948  34.402  -54.047  4.689 0.6000000238
21934  33.633  -54.496  5.072 0.6000000238
127832  26.049  -58.866  5.718 0.6999999881
17757  25.590  -59.810  4.594 0.6000000238
124685  25.238  -60.389  3.251 0.6000000238
21931  36.104  -54.922  6.045 0.6000000238
20179  30.888  -56.629  9.554 0.6000000238
18490  28.645  -57.725  8.502 0.6000000238
18499  27.739  -58.775  7.685 0.6999999881
17752  26.131  -59.663  6.057 0.6000000238
17002  25.529  -60.543  4.102 0.6000000238
21005  32.687  -55.825  9.725 0.6000000238
18489  29.347  -58.173  8.693 0.8000000119
125682  32.463  -56.635  9.276 0.6000000238
19340  30.993  -57.271  9.320 0.6999999881
17737  28.402  -59.577  7.700 0.8000000119
13888  32.307  -64.760  -3.120 0.6999999881
13889  31.347  -64.824  -3.119 0.6999999881
13890  30.328  -65.082  -2.954 0.6999999881
14730  32.927  -63.919  -2.229 0.6999999881
128637  32.852  -64.859  -3.010 0.6999999881
13017  29.570  -65.387  -2.801 0.6000000238
13018  28.956  -65.384  -2.373 0.6000000238
19368  19.541  -57.625  6.590 0.6000000238
17740  19.812  -59.032  7.218 0.6000000238
19377  19.531  -57.801  5.956 0.6000000238
17741  19.013  -59.056  6.574 0.6000000238
13887  29.025  -64.343  -2.066 0.6000000238
18511  19.826  -58.188  5.384 0.5000000000
127618  29.661  -61.046  -0.682 0.6999999881
15522  29.389  -62.353  -0.858 0.6999999881
19390  23.455  -57.240  4.204 0.4000000060
18520  21.288  -58.400  4.521 0.5000000000
17801  28.969  -59.083  -0.023 0.6999999881
117566  29.348  -60.866  -0.135 0.8000000119
19406  24.076  -57.519  3.750 0.5000000000
111568  28.928  -58.704  0.361 0.6000000238
18538  24.467  -58.217  3.492 0.6000000238
20246  29.815  -56.162  1.926 0.6999999881
19424  29.129  -57.150  0.828 0.6999999881
19389  25.529  -57.763  4.311 0.6999999881
18537  25.063  -58.157  3.695 0.6000000238
22843  32.242  -52.924  3.071 0.6999999881
21089  30.408  -54.411  1.948 0.6999999881
19374  27.078  -56.700  6.305 0.5000000000
116718  25.103  -59.026  3.539 0.6000000238
22841  34.245  -52.704  3.397 0.6000000238
22829  32.882  -53.338  3.778 0.6000000238
21959  32.074  -53.634  3.339 0.6999999881
18517  25.810  -58.386  5.044 0.6999999881
22827  34.753  -53.485  4.004 0.6000000238
21949  33.509  -53.824  4.357 0.6000000238
20195  28.206  -56.984  8.053 0.5000000000
130132  27.019  -57.414  6.649 0.6000000238
21932  35.330  -54.638  5.345 0.6000000238
21006  31.609  -55.170  9.769 0.6000000238
21008  29.936  -56.217  9.427 0.5000000000
19366  27.269  -57.988  7.230 0.6999999881
21871  33.852  -54.737  9.733 0.6000000238
14732  32.119  -63.297  -2.360 0.6999999881
14733  31.186  -63.304  -2.431 0.6999999881
13885  30.549  -64.177  -2.636 0.6000000238
117261  29.624  -63.993  -2.315 0.6000000238
19360  20.450  -57.673  7.810 0.4000000060
18492  20.834  -58.408  8.026 0.5000000000
14734  29.362  -63.529  -1.978 0.6000000238
20218  20.549  -56.685  6.299 0.5000000000
17739  20.650  -59.718  7.462 0.6000000238
15531  30.308  -62.067  -1.768 0.6999999881
17059  30.249  -60.814  -1.068 0.6999999881
14727  29.026  -63.792  -1.706 0.6000000238
19391  21.730  -57.679  4.831 0.5000000000
111248  29.494  -59.549  -0.328 0.6999999881
20241  24.593  -56.805  3.985 0.4000000060
21982  30.052  -54.739  0.833 0.6999999881
21110  29.875  -55.423  0.637 0.6999999881
19435  29.683  -56.945  0.102 0.6999999881
20240  25.166  -56.628  4.049 0.6000000238
22853  31.670  -52.205  1.558 0.6999999881
22857  31.087  -52.808  1.143 0.6999999881
21103  29.635  -55.596  1.172 0.6999999881
20268  29.433  -56.589  0.540 0.6999999881
20230  26.126  -56.124  4.556 0.5000000000
19404  25.316  -57.151  4.011 0.5000000000
23685  32.861  -52.000  2.695 0.6000000238
22844  31.407  -52.936  2.147 0.6999999881
21967  30.696  -53.675  1.445 0.6999999881
21090  29.972  -55.124  1.620 0.6999999881
132046  26.737  -56.498  5.612 0.5000000000
22840  35.188  -53.187  3.328 0.5000000000
23684  33.692  -51.957  2.726 0.6000000238
22842  32.880  -52.643  3.295 0.6000000238
15535  31.674  -62.539  -2.205 0.6999999881
19355  21.075  -57.740  8.361 0.4000000060
16306  31.687  -61.367  -1.680 0.6999999881
121519  30.151  -63.378  -2.256 0.6999999881
18491  21.561  -58.469  8.499 0.4000000060
16307  31.213  -61.911  -2.002 0.6999999881
16980  21.699  -59.973  8.021 0.6000000238
17050  30.512  -59.962  -0.815 0.8000000119
16302  30.741  -61.363  -1.580 0.6999999881
18563  30.189  -57.774  -0.311 0.6000000238
17807  30.177  -59.097  -0.497 0.6000000238
16193  24.066  -61.243  9.251 0.6000000238
21109  30.210  -55.239  0.564 0.6999999881
20266  30.254  -56.048  0.298 0.6999999881
18575  29.349  -57.870  -0.173 0.6000000238
21974  31.378  -53.360  0.815 0.6000000238
23715  32.299  -51.803  0.951 0.6000000238
15408  25.368  -62.596  11.168 0.5000000000
23697  34.042  -51.553  1.926 0.6000000238
23698  32.966  -51.483  1.826 0.6999999881
23696  35.079  -52.017  1.881 0.5000000000
17058  31.215  -60.685  -1.320 0.6999999881
18480  22.214  -58.407  9.038 0.4000000060
17806  31.199  -59.296  -0.661 0.8000000119
111391  22.191  -59.291  8.652 0.5000000000
18562  31.254  -58.070  -0.158 0.8000000119
17725  23.566  -59.666  9.891 0.4000000060
17726  22.893  -58.944  9.469 0.4000000060
18573  30.740  -58.562  -0.467 0.6999999881
16955  24.770  -60.827  10.654 0.4000000060
16971  23.022  -59.882  9.164 0.5000000000
21981  32.390  -53.153  0.641 0.6000000238
21101  30.668  -54.799  0.669 0.6000000238
20257  30.863  -55.577  0.524 0.6999999881
17710  24.710  -60.201  11.168 0.4000000060
23714  33.069  -51.823  0.553 0.6000000238
132643  31.547  -52.614  0.892 0.6000000238
15395  25.092  -62.529  12.171 0.4000000060
15417  25.315  -62.668  10.156 0.6000000238
24588  33.607  -51.332  1.091 0.6000000238
23708  34.527  -51.355  1.084 0.5000000000
24586  36.132  -51.281  0.454 0.5000000000
19342  22.713  -57.788  9.740 0.4000000060
17805  32.148  -59.471  -0.383 0.8000000119
17712  23.548  -58.919  10.211 0.4000000060
18572  31.547  -58.814  -0.330 0.6999999881
17711  24.098  -59.532  10.622 0.4000000060
19423  31.613  -56.542  0.711 0.6000000238
21100  31.786  -54.630  0.907 0.6000000238
131924  32.456  -55.447  1.259 0.6000000238
17696  24.867  -59.829  12.066 0.4000000060
112731  25.010  -61.281  12.455 0.4000000060
23713  33.997  -51.616  0.227 0.6000000238
16158  24.814  -61.917  12.782 0.4000000060
24599  35.057  -51.052  -0.116 0.4000000060
19335  23.205  -57.633  10.170 0.4000000060
18561  32.060  -58.649  0.137 0.6999999881
18471  23.687  -58.267  10.571 0.4000000060
122344  32.533  -56.473  1.443 0.6999999881
19433  31.847  -57.708  0.565 0.6000000238
17697  24.473  -59.314  11.388 0.4000000060
21980  33.509  -53.841  0.545 0.6000000238
21973  32.845  -54.352  0.963 0.6000000238
16939  24.849  -60.376  12.668 0.4000000060
23721  34.534  -51.950  -0.303 0.6000000238
16142  24.561  -61.046  13.208 0.3000000119
24608  34.832  -51.343  -0.156 0.4000000060
24606  36.324  -50.748  -0.764 0.4000000060
129803  36.351  -50.844  -1.004 0.4000000060
18450  24.618  -58.377  12.460 0.4000000060
17684  24.724  -59.330  12.870 0.4000000060
22862  34.138  -53.548  0.098 0.6000000238
22870  35.138  -52.642  -0.645 0.6000000238
120760  35.886  -53.391  -0.863 0.6000000238
23730  36.628  -51.847  -1.350 0.4000000060
23729  37.418  -52.301  -1.472 0.5000000000
24617  38.340  -50.909  -1.505 0.4000000060
17686  20.436  -59.082  12.697 0.3000000119
23728  38.619  -51.437  -1.639 0.4000000060
20987  24.897  -55.625  12.118 0.4000000060
19315  21.190  -57.832  14.083 0.3000000119
18465  18.382  -58.445  10.988 0.4000000060
133474  25.354  -54.641  11.427 0.4000000060
20971  24.227  -55.643  13.807 0.4000000060
20149  21.211  -56.494  14.322 0.3000000119
20964  22.390  -55.810  14.482 0.3000000119
18452  19.780  -58.471  12.314 0.3000000119
19316  20.459  -57.579  13.656 0.3000000119
18464  19.222  -58.470  11.670 0.3000000119
21846  25.282  -54.062  12.799 0.4000000060
21834  24.216  -54.701  13.820 0.4000000060
20972  23.572  -55.331  14.205 0.4000000060
20156  20.508  -56.426  14.047 0.3000000119
19317  19.723  -57.116  13.315 0.3000000119
20182  15.544  -56.561  9.876 0.4000000060
132928  14.807  -55.327  10.359 0.3000000119
21866  14.780  -54.512  10.653 0.3000000119
19324  19.215  -57.651  12.490 0.3000000119
19331  18.610  -57.772  11.784 0.3000000119
23578  24.212  -53.006  13.398 0.4000000060
21835  23.173  -54.542  14.153 0.4000000060
21830  21.912  -55.147  14.385 0.3000000119
20974  21.024  -55.242  14.198 0.3000000119
20975  20.089  -55.661  13.864 0.3000000119
19336  16.493  -57.492  10.185 0.3000000119
20160  19.427  -56.284  13.396 0.3000000119
21014  15.779  -55.715  9.885 0.3000000119
20161  18.430  -56.295  12.453 0.3000000119
21879  16.493  -54.470  9.896 0.4000000060
21880  16.003  -54.408  10.079 0.3000000119
22774  16.418  -53.799  10.140 0.3000000119
22775  15.735  -53.633  10.501 0.3000000119
22722  23.534  -53.671  13.753 0.4000000060
21837  21.512  -54.390  13.995 0.4000000060
21838  20.506  -54.700  13.720 0.3000000119
133422  16.223  -55.981  9.840 0.4000000060
21839  19.768  -54.958  13.388 0.3000000119
20998  16.769  -55.872  10.204 0.3000000119
21013  16.213  -55.460  9.762 0.4000000060
21012  16.805  -55.026  9.774 0.4000000060
127801  16.724  -52.383  10.391 0.3000000119
23580  22.602  -53.085  13.445 0.4000000060
22724  21.737  -53.549  13.490 0.4000000060
22725  20.880  -53.916  13.340 0.4000000060
22733  20.517  -53.649  12.473 0.4000000060
21848  19.280  -54.841  12.600 0.3000000119
21856  18.485  -54.755  11.184 0.3000000119
21863  18.011  -54.704  10.505 0.3000000119
121556  17.891  -54.118  10.017 0.3000000119
23612  18.309  -52.477  9.605 0.5000000000
21878  16.851  -54.436  9.764 0.4000000060
112643  16.929  -53.822  9.862 0.4000000060
24506  16.515  -51.366  10.622 0.3000000119
23590  22.328  -52.470  12.853 0.4000000060
23592  20.933  -52.996  11.979 0.4000000060
22740  20.179  -53.325  11.561 0.3000000119
23603  19.740  -52.840  10.648 0.3000000119
23611  19.183  -52.220  9.755 0.3000000119
24518  19.808  -50.014  8.942 0.3000000119
22734  19.780  -54.066  12.053 0.3000000119
22741  19.406  -53.670  11.101 0.3000000119
22751  18.911  -53.148  10.174 0.3000000119
23631  18.560  -51.422  9.237 0.3000000119
24519  18.803  -50.273  8.805 0.3000000119
22742  18.591  -54.060  10.592 0.3000000119
23632  17.894  -51.733  9.618 0.3000000119
23633  17.284  -52.124  10.054 0.3000000119
25363  16.907  -50.811  10.544 0.3000000119
25343  25.003  -50.914  12.618 0.3000000119
25344  24.056  -50.875  12.475 0.3000000119
24475  22.898  -51.791  12.657 0.3000000119
24489  21.651  -51.430  11.304 0.3000000119
24502  21.255  -50.707  10.375 0.3000000119
25383  20.947  -48.780  9.610 0.3000000119
24476  22.045  -51.996  12.114 0.3000000119
24490  20.895  -51.683  10.743 0.3000000119
23610  20.061  -51.947  10.224 0.3000000119
24503  20.435  -50.946  9.769 0.3000000119
25385  19.198  -49.174  8.738 0.3000000119
25386  18.340  -49.586  8.971 0.3000000119
24520  18.077  -50.606  9.232 0.3000000119
25387  18.015  -49.392  9.483 0.3000000119
24521  16.901  -51.566  10.336 0.3000000119
25371  17.334  -50.033  9.997 0.3000000119
26257  26.265  -49.539  11.957 0.3000000119
25358  23.536  -50.266  11.929 0.3000000119
24488  22.425  -51.223  11.820 0.3000000119
25368  22.328  -49.652  10.752 0.3000000119
26269  21.834  -48.858  10.247 0.3000000119
127660  19.585  -48.297  9.078 0.3000000119
26270  19.378  -48.353  9.609 0.3000000119
26271  18.505  -48.891  9.784 0.3000000119
24491  16.902  -51.054  11.323 0.3000000119
129277  21.469  -48.420  10.167 0.3000000119
27166  20.827  -48.359  9.918 0.3000000119
26262  19.313  -48.912  10.822 0.3000000119
26263  18.432  -49.353  10.676 0.3000000119
25362  17.278  -50.262  10.690 0.3000000119
26251  19.040  -49.945  11.723 0.3000000119
27156  21.726  -48.081  10.608 0.3000000119
27157  20.926  -48.194  10.489 0.3000000119
27148  20.160  -48.368  10.486 0.3000000119
28016  22.529  -47.709  10.730 0.3000000119
27146  21.640  -47.895  11.286 0.3000000119
27147  20.991  -48.520  11.703 0.3000000119
26261  20.228  -48.959  11.567 0.3000000119
26250  19.931  -49.774  12.219 0.3000000119
25345  19.695  -50.680  12.914 0.3000000119
10062  30.834  -69.565  4.523 0.5000000000
10073  30.550  -69.354  3.654 0.5000000000
10770  30.535  -68.646  3.247 0.4000000060
14656  27.311  -63.618  4.550 0.6999999881
16257  26.025  -62.349  4.341 0.6999999881
10796  33.393  -67.991  1.086 0.4000000060
115484  30.425  -68.615  3.891 0.5000000000
116585  29.616  -60.012  4.351 0.6000000238
14708  29.048  -64.288  -0.125 0.5000000000
18515  30.266  -58.609  4.520 0.6000000238
17051  29.656  -60.374  -0.524 0.8000000119
15532  29.717  -62.362  -1.455 0.6999999881
18564  28.958  -58.259  0.019 0.6000000238
120606  35.910  -52.392  1.770 0.5000000000
21976  30.124  -54.394  1.126 0.6999999881
16171  25.245  -61.683  11.729 0.4000000060
23706  36.443  -52.142  1.303 0.5000000000
22863  33.330  -52.758  0.299 0.6000000238
115541  36.398  -50.842  -0.335 0.4000000060
20255  32.850  -55.970  1.630 0.6000000238
21972  33.942  -54.589  0.994 0.6000000238
17672  24.541  -60.039  13.358 0.3000000119
23720  35.326  -51.662  -0.691 0.4000000060
22879  35.894  -52.246  -1.076 0.4000000060
21854  25.246  -54.891  12.286 0.4000000060
118756  22.989  -52.435  13.180 0.3000000119
25357  24.465  -50.068  12.154 0.3000000119
19414  34.198  -56.880  2.592 0.5000000000
114127  33.510  -57.599  2.402 0.5000000000
18554  32.536  -58.476  1.000 0.6999999881
17794  32.909  -59.230  1.332 0.6999999881
17057  32.124  -60.844  -1.274 0.6000000238
19415  33.266  -56.727  2.031 0.5000000000
19422  32.663  -57.426  1.519 0.6000000238
17800  32.600  -59.306  0.389 0.6000000238
14725  32.783  -63.145  -1.839 0.6000000238
13883  32.570  -64.147  -2.580 0.6000000238
17031  33.016  -59.967  1.758 0.6999999881
16294  32.904  -61.559  -0.517 0.6000000238
16300  32.794  -61.739  -1.200 0.6000000238
16289  32.868  -60.704  -0.070 0.6999999881
16295  32.725  -61.095  -1.008 0.6000000238
15529  32.386  -62.574  -1.946 0.6000000238
20254  34.785  -55.975  2.080 0.5000000000
17022  33.116  -60.695  2.262 0.6999999881
16288  32.870  -61.551  0.665 0.6999999881
15514  32.904  -62.357  0.149 0.6000000238
14724  32.996  -63.015  -1.293 0.6000000238
120266  33.369  -60.027  2.802 0.6000000238
17040  32.890  -60.729  1.185 0.6999999881
15521  32.942  -62.278  -0.913 0.6000000238
18535  34.254  -59.013  3.526 0.6000000238
20253  35.535  -55.996  1.278 0.5000000000
20245  33.696  -56.024  1.974 0.5000000000
132050  33.362  -60.645  2.880 0.6999999881
16279  32.989  -61.508  1.905 0.6000000238
122672  33.099  -63.845  -0.749 0.6000000238
20265  35.969  -56.232  0.527 0.5000000000
21097  34.772  -55.216  1.022 0.5000000000
21118  36.489  -56.113  -0.959 0.5000000000
21108  35.579  -55.651  0.302 0.5000000000
21991  37.506  -54.655  -1.182 0.4000000060
12984  25.432  -65.697  2.045 0.4000000060
12972  26.891  -65.501  2.939 0.4000000060
12973  26.166  -65.532  2.590 0.4000000060
12205  26.278  -66.325  2.448 0.5000000000
12204  26.961  -66.893  2.347 0.5000000000
12219  26.275  -67.080  2.180 0.5000000000
21978  35.187  -54.906  -0.001 0.5000000000
11498  27.540  -67.137  2.021 0.5000000000
10113  24.349  -69.763  0.434 0.6000000238
114042  36.592  -55.129  -0.954 0.4000000060
12218  28.198  -66.715  1.745 0.5000000000
11513  26.888  -67.680  1.863 0.5000000000
10816  25.794  -69.110  0.973 0.5000000000
12221  24.981  -66.203  1.649 0.5000000000
12220  25.558  -66.666  2.036 0.5000000000
11526  24.243  -67.039  1.101 0.5000000000
11515  24.807  -67.621  1.471 0.5000000000
10802  24.183  -68.072  1.035 0.5000000000
11514  25.705  -67.600  1.808 0.5000000000
10801  25.259  -68.406  1.412 0.5000000000
10817  24.748  -69.090  0.987 0.5000000000
21986  35.950  -54.459  -0.659 0.5000000000
10800  26.318  -68.437  1.413 0.5000000000
21990  38.403  -54.705  -1.168 0.4000000060
21992  36.695  -54.032  -0.978 0.4000000060
118037  38.253  -53.856  -1.250 0.4000000060
15505  24.358  -62.661  1.514 0.5000000000
11527  23.586  -67.151  0.523 0.5000000000
21988  35.036  -53.899  -0.394 0.5000000000
22878  36.649  -52.905  -1.239 0.4000000060
17033  24.220  -61.166  2.207 0.5000000000
16283  22.778  -62.000  1.818 0.5000000000
15508  21.185  -62.874  1.668 0.5000000000
15506  23.646  -62.279  1.581 0.5000000000
22877  37.461  -53.471  -1.284 0.4000000060
16269  23.649  -60.928  2.299 0.5000000000
16284  21.705  -62.188  1.987 0.5000000000
130245  22.448  -60.852  2.596 0.5000000000
16271  21.152  -61.683  2.511 0.5000000000
15509  20.320  -62.972  1.930 0.5000000000
14700  20.562  -63.551  1.413 0.4000000060
17027  21.624  -60.944  2.785 0.5000000000
15502  19.921  -62.683  2.512 0.6000000238
14701  19.858  -63.411  1.987 0.6000000238
17788  23.763  -59.652  2.865 0.5000000000
17011  21.187  -60.286  3.356 0.5000000000
17028  20.601  -61.160  3.009 0.5000000000
15493  19.638  -62.558  3.082 0.6000000238
14690  19.737  -63.293  2.576 0.6000000238
13856  19.655  -63.989  2.020 0.6000000238
120488  19.523  -64.706  1.998 0.5000000000
12208  19.707  -66.231  2.016 0.5000000000
12207  20.631  -67.047  2.419 0.5000000000
17775  22.040  -59.554  3.451 0.5000000000
119635  21.264  -59.529  3.755 0.5000000000
17777  19.386  -60.169  4.061 0.5000000000
16259  19.783  -61.467  3.295 0.5000000000
16250  19.040  -61.147  4.378 0.6000000238
14676  19.624  -63.119  3.120 0.6000000238
130032  19.675  -63.957  2.637 0.6000000238
121609  19.980  -64.931  2.560 0.6000000238
12194  20.543  -66.047  2.604 0.5000000000
125554  21.695  -66.688  7.208 0.5000000000
10771  21.502  -68.312  3.525 0.5000000000
18540  22.767  -58.780  3.590 0.5000000000
17758  19.787  -59.379  4.389 0.5000000000
17003  18.783  -60.427  4.423 0.6000000238
16249  19.373  -61.619  4.775 0.6000000238
15470  20.375  -62.164  5.029 0.6000000238
122566  20.753  -63.480  4.028 0.6000000238
14659  21.704  -63.730  4.521 0.6000000238
13835  20.437  -64.470  3.181 0.6000000238
13816  22.004  -64.602  4.247 0.6000000238
12959  21.028  -65.417  3.128 0.6000000238
12193  21.563  -66.414  3.292 0.5000000000
11499  21.296  -67.748  2.870 0.5000000000
11487  21.839  -67.461  3.564 0.5000000000
11471  22.270  -67.701  4.723 0.5000000000
117484  21.513  -68.324  4.851 0.5000000000
11455  22.108  -67.668  5.673 0.5000000000
16998  18.511  -60.286  5.331 0.6000000238
16241  20.120  -61.548  5.562 0.6000000238
15456  21.933  -62.242  6.012 0.6000000238
14626  23.129  -63.575  5.940 0.6000000238
14639  21.808  -63.115  5.033 0.6000000238
14658  22.593  -64.409  4.858 0.6000000238
13784  23.202  -64.360  5.524 0.6000000238
125090  22.177  -65.303  4.119 0.5000000000
12933  23.177  -65.988  5.112 0.5000000000
12180  22.317  -66.714  3.988 0.5000000000
12147  23.481  -66.259  5.910 0.5000000000
12921  23.465  -66.338  6.757 0.6000000238
11454  22.652  -67.247  5.511 0.5000000000
12135  22.590  -66.668  7.097 0.5000000000
12905  23.186  -66.221  7.633 0.5000000000
12892  21.551  -65.623  8.595 0.5000000000
16228  22.177  -61.894  6.710 0.6000000238
14625  23.732  -63.549  6.742 0.6000000238
13783  23.879  -64.515  6.295 0.6000000238
12932  23.543  -65.618  5.663 0.6000000238
12904  23.950  -65.729  7.236 0.6000000238
12891  22.705  -65.840  8.443 0.5000000000
15443  22.916  -62.139  7.212 0.6000000238
116943  24.246  -65.138  6.940 0.6000000238
12890  23.828  -65.638  8.101 0.6000000238
13756  22.256  -65.440  9.204 0.5000000000
16205  23.566  -61.404  8.581 0.6000000238
16216  23.054  -61.578  7.890 0.6000000238
15431  24.459  -62.738  8.326 0.6000000238
13771  24.660  -64.327  8.041 0.6000000238
118312  24.363  -65.102  7.690 0.6000000238
13735  24.051  -64.965  9.553 0.5000000000
15430  25.085  -62.885  9.171 0.6000000238
14588  25.179  -63.846  9.251 0.6000000238
133253  25.295  -63.428  9.831 0.6000000238
13754  24.420  -64.953  8.633 0.6000000238
14577  24.536  -64.168  10.884 0.6000000238
13701  23.360  -64.580  11.372 0.5000000000
14566  24.953  -63.386  11.564 0.4000000060
16301  32.400  -61.685  -1.537 0.6000000238
125927  32.693  -59.950  -0.097 0.6999999881
21098  33.876  -55.265  1.494 0.5000000000
21107  36.143  -56.188  -0.257 0.5000000000
21114  35.898  -55.363  -0.470 0.5000000000
114717  23.754  -68.991  0.667 0.6000000238
15484  19.562  -62.409  3.601 0.6000000238
15483  19.782  -62.323  4.247 0.6000000238
12944  21.924  -65.801  3.741 0.6000000238
12179  22.830  -66.773  4.803 0.5000000000
14602  24.294  -63.410  7.623 0.6000000238
13772  24.307  -64.390  7.213 0.6000000238
13734  24.783  -64.469  9.368 0.6000000238
13715  23.685  -64.786  10.413 0.6000000238
10044  31.204  -70.049  6.158 0.4000000060
10018  29.876  -69.053  9.122 0.5000000000
110947  30.043  -68.005  8.952 0.5000000000
10720  30.245  -68.864  8.133 0.4000000060
10045  30.791  -69.450  6.643 0.4000000060
10739  30.570  -68.658  6.147 0.4000000060
120952  30.884  -69.395  5.911 0.4000000060
111666  30.270  -66.959  9.336 0.5000000000
10712  29.880  -68.479  10.056 0.5000000000
11432  30.377  -67.220  7.281 0.5000000000
120675  30.403  -67.755  5.941 0.5000000000
10054  30.607  -68.996  5.170 0.4000000060
12128  30.500  -66.288  8.684 0.5000000000
12134  30.488  -66.442  7.692 0.5000000000
12146  30.524  -66.527  6.727 0.5000000000
12162  30.471  -66.888  5.762 0.5000000000
11453  30.432  -67.580  5.123 0.4000000060
11470  30.516  -67.572  4.463 0.4000000060
12881  30.867  -65.471  9.076 0.5000000000
12919  30.717  -65.874  7.198 0.5000000000
13782  31.510  -64.957  6.991 0.5000000000
12145  30.778  -66.139  6.133 0.5000000000
12161  30.976  -66.337  5.324 0.5000000000
11486  30.518  -67.942  3.783 0.4000000060
13003  33.639  -65.517  -0.417 0.5000000000
12241  33.848  -66.218  -0.878 0.4000000060
12991  34.186  -66.037  1.101 0.4000000060
12217  34.345  -66.331  1.795 0.4000000060
11509  34.189  -66.857  1.831 0.4000000060
11510  33.852  -67.345  1.465 0.4000000060
12931  31.410  -65.723  5.822 0.5000000000
11495  33.777  -67.166  2.298 0.4000000060
11496  32.641  -67.704  2.399 0.4000000060
11497  31.492  -67.855  2.755 0.4000000060
12930  32.332  -65.430  5.585 0.4000000060
12160  31.841  -66.007  5.031 0.5000000000
11485  31.166  -67.499  3.413 0.4000000060
11469  30.854  -67.208  4.111 0.4000000060
12992  33.808  -65.558  0.436 0.4000000060
12201  34.331  -66.499  2.417 0.4000000060
115574  32.961  -64.196  6.800 0.4000000060
12191  32.837  -66.790  3.569 0.4000000060
11484  32.158  -67.295  3.134 0.4000000060
13797  33.429  -64.541  6.134 0.4000000060
12176  32.347  -66.386  4.285 0.4000000060
12192  31.726  -66.920  3.816 0.4000000060
13860  33.373  -64.698  0.074 0.5000000000
122125  33.353  -64.159  0.921 0.4000000060
13850  33.832  -64.393  1.638 0.4000000060
13849  34.466  -65.040  2.149 0.4000000060
113158  34.806  -65.364  2.994 0.4000000060
12189  34.566  -66.022  3.081 0.4000000060
12955  34.320  -66.088  3.701 0.4000000060
12190  33.923  -66.617  3.152 0.4000000060
120426  34.233  -64.604  5.718 0.4000000060
12941  34.096  -65.765  4.438 0.4000000060
12175  33.507  -66.302  4.015 0.4000000060
128185  33.100  -63.817  0.140 0.5000000000
117668  33.020  -62.537  1.492 0.6000000238
14695  33.412  -63.598  1.610 0.5000000000
13830  35.145  -64.815  3.562 0.4000000060
13814  35.422  -64.717  4.369 0.4000000060
13795  35.872  -64.313  5.041 0.4000000060
15498  33.625  -63.161  2.451 0.4000000060
126812  33.379  -62.201  2.658 0.5000000000
14684  34.384  -63.723  2.992 0.4000000060
116930  34.971  -64.209  3.404 0.4000000060
132021  34.135  -62.743  3.332 0.5000000000
110784  34.947  -62.657  3.812 0.4000000060
14670  34.959  -63.468  3.624 0.4000000060
13829  35.566  -64.056  3.975 0.4000000060
132555  33.810  -61.895  3.390 0.6000000238
15489  33.386  -61.260  2.961 0.6000000238
15488  35.488  -62.079  4.023 0.5000000000
15487  36.517  -62.259  3.911 0.4000000060
18553  33.063  -58.407  1.974 0.5000000000
116327  19.413  -60.346  6.317 0.5000000000
112683  21.831  -61.032  7.432 0.5000000000
16979  22.546  -60.261  8.499 0.5000000000
16987  20.434  -60.568  6.797 0.5000000000
16206  22.234  -60.824  7.868 0.5000000000
112693  20.778  -61.324  6.253 0.5000000000
11427  30.315  -67.159  8.273 0.5000000000
110675  30.297  -67.998  7.759 0.5000000000
12981  34.382  -65.710  1.743 0.4000000060
12969  34.574  -65.866  2.370 0.4000000060
12942  32.935  -65.842  4.793 0.4000000060
14685  34.072  -64.073  2.288 0.4000000060
123624  34.716  -64.584  2.889 0.4000000060
12940  34.856  -65.480  3.830 0.4000000060
12928  34.657  -65.148  4.825 0.4000000060
113644  34.543  -61.967  3.817 0.6000000238
14669  35.750  -63.014  4.126 0.5000000000
16254  35.142  -61.164  4.061 0.5000000000
18580  40.649  -58.164  -2.149 0.3000000119
18586  39.021  -58.198  -2.188 0.3000000119
19448  38.273  -57.866  -2.054 0.3000000119
19446  39.739  -57.836  -2.175 0.3000000119
20274  40.474  -57.455  -1.741 0.3000000119
116731  42.717  -57.751  -0.726 0.3000000119
19440  41.894  -57.451  -0.863 0.3000000119
17804  39.064  -59.008  -1.568 0.3000000119
18559  39.071  -58.863  0.341 0.4000000060
18560  38.494  -58.299  0.027 0.4000000060
18584  39.880  -58.612  -2.318 0.3000000119
19431  37.739  -57.820  -0.165 0.4000000060
18570  37.900  -58.241  -1.061 0.4000000060
20244  35.802  -56.544  2.116 0.4000000060
19413  35.261  -56.859  2.747 0.4000000060
18583  40.896  -58.882  -2.350 0.3000000119
123430  38.239  -57.185  -1.996 0.3000000119
20273  36.689  -56.825  -0.668 0.4000000060
20263  41.310  -56.131  0.232 0.3000000119
20272  38.905  -56.537  -1.621 0.3000000119
17792  38.838  -59.433  1.650 0.4000000060
17783  38.380  -59.260  2.507 0.4000000060
17769  35.778  -59.355  4.101 0.4000000060
18533  35.113  -58.733  3.849 0.4000000060
117499  39.334  -59.400  -0.410 0.4000000060
17791  39.085  -58.899  1.145 0.4000000060
18545  38.201  -58.599  2.713 0.4000000060
18532  36.120  -58.362  3.833 0.4000000060
19399  35.745  -57.524  3.297 0.4000000060
17812  39.586  -59.537  -1.879 0.3000000119
19420  38.351  -57.876  1.488 0.4000000060
126404  36.794  -57.643  3.198 0.4000000060
18547  34.123  -57.701  2.990 0.4000000060
17815  40.329  -59.381  -2.356 0.3000000119
19412  36.773  -57.079  2.168 0.4000000060
19400  34.842  -57.493  3.182 0.4000000060
17813  41.790  -59.195  -2.201 0.3000000119
20264  36.463  -56.717  0.247 0.4000000060
20276  37.113  -56.770  -1.330 0.4000000060
123213  37.396  -60.661  2.887 0.4000000060
114857  35.935  -60.763  4.017 0.4000000060
17021  37.861  -60.783  1.981 0.4000000060
17020  38.367  -59.967  2.083 0.4000000060
17006  37.196  -60.005  3.476 0.4000000060
17008  35.409  -60.231  4.092 0.4000000060
16299  39.584  -61.508  -1.588 0.3000000119
17038  39.513  -60.113  -0.256 0.4000000060
17061  41.100  -60.385  -2.379 0.3000000119
122256  40.585  -60.021  -2.343 0.3000000119
18534  34.522  -58.211  3.417 0.4000000060
17060  41.809  -59.996  -2.259 0.3000000119
16252  36.710  -60.876  3.522 0.4000000060
21116  37.912  -55.438  -1.360 0.3000000119
21115  38.599  -55.572  -1.283 0.3000000119
20275  37.893  -56.425  -1.641 0.3000000119
17793  33.262  -59.229  2.329 0.4000000060
17770  34.811  -59.589  3.948 0.4000000060
17009  34.482  -60.431  3.904 0.4000000060
16253  36.100  -61.454  3.939 0.4000000060
128342  38.356  -58.477  -1.577 0.3000000119
128945  40.366  -56.832  -1.226 0.3000000119
112798  41.563  -56.777  -0.225 0.3000000119
17799  39.240  -59.646  0.621 0.4000000060
19442  37.261  -57.592  -1.117 0.4000000060
126712  37.660  -57.447  1.801 0.4000000060
19432  37.048  -57.286  -0.058 0.4000000060
124625  36.103  -57.096  2.748 0.4000000060
16277  38.673  -60.313  1.279 0.4000000060
17007  36.319  -60.086  3.966 0.4000000060
18531  37.123  -58.469  3.615 0.4000000060
17056  39.780  -60.499  -1.691 0.3000000119
18546  37.698  -58.187  3.086 0.4000000060
17063  40.023  -60.045  -2.142 0.3000000119
17039  39.084  -60.664  0.262 0.4000000060
17047  39.402  -60.918  -0.866 0.3000000119
113515  40.024  -61.037  -1.965 0.3000000119
6729  28.945  -74.419  12.174 0.3000000119
6135  28.402  -75.088  11.020 0.3000000119
7363  29.994  -73.729  12.444 0.3000000119
6110  29.334  -75.332  12.258 0.3000000119
8004  28.786  -73.137  11.821 0.3000000119
7365  28.555  -73.532  11.283 0.3000000119
121352  31.209  -73.147  12.108 0.3000000119
6748  31.823  -74.622  10.816 0.3000000119
6740  31.159  -74.935  11.584 0.3000000119
8001  31.294  -72.372  12.268 0.3000000119
8002  30.346  -72.841  12.420 0.3000000119
8032  28.787  -72.226  10.487 0.3000000119
10025  30.141  -69.758  8.373 0.3000000119
6779  33.687  -74.606  8.728 0.3000000119
6747  32.417  -74.482  10.057 0.3000000119
118961  32.545  -73.086  10.470 0.3000000119
7372  32.177  -73.789  10.675 0.3000000119
6134  31.667  -75.475  10.842 0.3000000119
8677  29.075  -71.368  10.933 0.3000000119
123044  29.734  -69.276  10.026 0.3000000119
9354  29.754  -69.967  9.373 0.3000000119
8010  32.701  -72.243  10.778 0.3000000119
8669  30.385  -71.716  12.519 0.3000000119
8668  31.419  -71.496  12.370 0.3000000119
9332  31.089  -70.030  12.637 0.3000000119
113278  29.809  -69.703  11.663 0.3000000119
9343  29.594  -69.920  10.550 0.3000000119
10699  30.311  -68.454  11.757 0.3000000119
12880  31.598  -64.787  9.452 0.4000000060
12116  30.476  -66.699  10.340 0.4000000060
3814  32.776  -79.538  8.053 0.3000000119
118069  32.501  -80.351  8.488 0.3000000119
6121  31.031  -75.860  11.554 0.3000000119
121618  30.312  -76.282  12.049 0.3000000119
5561  34.642  -76.425  7.446 0.3000000119
4948  33.310  -77.226  8.244 0.3000000119
4396  33.302  -78.105  7.949 0.3000000119
3797  32.680  -78.730  8.565 0.3000000119
3256  32.276  -80.005  9.461 0.3000000119
124850  34.791  -75.748  7.661 0.3000000119
5547  33.399  -76.379  8.399 0.3000000119
4385  32.785  -77.755  8.740 0.3000000119
4354  31.697  -78.601  10.762 0.3000000119
3781  32.323  -79.100  9.443 0.3000000119
6156  32.824  -75.938  9.098 0.3000000119
6144  32.185  -75.943  10.046 0.3000000119
4922  31.530  -77.238  10.973 0.3000000119
120938  31.474  -77.959  11.071 0.3000000119
5522  31.596  -76.359  10.866 0.3000000119
131923  30.291  -77.014  11.997 0.3000000119
8012  28.936  -72.058  11.562 0.3000000119
8695  29.199  -71.589  9.670 0.3000000119
6154  34.423  -75.145  8.113 0.3000000119
126271  29.991  -70.881  12.443 0.3000000119
3826  33.971  -79.366  6.831 0.3000000119
4905  29.752  -77.634  12.016 0.3000000119
6176  34.102  -75.979  7.954 0.3000000119
4395  34.073  -77.987  7.358 0.3000000119
5536  32.429  -76.600  9.521 0.3000000119
4369  32.374  -78.239  9.424 0.3000000119
4330  30.298  -78.291  11.847 0.3000000119
11414  30.513  -67.252  11.093 0.3000000119
12174  38.803  -66.591  4.822 0.3000000119
12159  37.993  -66.552  6.025 0.3000000119
12131  37.623  -64.929  7.530 0.3000000119
13748  36.089  -63.787  8.445 0.4000000060
14599  34.439  -63.544  8.377 0.4000000060
13768  33.376  -63.768  7.362 0.3000000119
13781  32.128  -64.530  6.922 0.3000000119
12927  38.903  -65.372  5.508 0.3000000119
13778  38.277  -64.265  6.525 0.4000000060
14623  36.848  -63.546  7.177 0.4000000060
117565  36.525  -63.630  6.366 0.4000000060
13780  33.945  -63.987  6.617 0.3000000119
130053  36.646  -63.806  5.383 0.4000000060
14637  35.715  -63.918  5.937 0.4000000060
13796  35.141  -64.540  5.296 0.3000000119
13813  36.081  -63.993  4.649 0.3000000119
10061  36.906  -69.653  4.112 0.3000000119
10768  37.372  -68.832  3.817 0.3000000119
11436  37.189  -66.945  6.382 0.4000000060
12900  36.839  -65.003  8.176 0.4000000060
13749  35.466  -63.966  8.875 0.3000000119
13751  33.786  -63.797  9.053 0.3000000119
126224  32.351  -64.301  9.336 0.3000000119
10767  38.016  -68.557  3.359 0.3000000119
11482  38.750  -67.675  3.528 0.3000000119
115669  39.242  -66.139  4.488 0.3000000119
12939  39.318  -65.569  4.221 0.3000000119
13793  38.617  -64.466  5.540 0.3000000119
13794  38.066  -63.864  5.948 0.4000000060
12954  39.447  -65.608  3.428 0.3000000119
13828  38.760  -64.391  3.565 0.3000000119
13812  38.725  -64.411  4.499 0.3000000119
114794  37.306  -63.649  6.185 0.4000000060
14666  38.314  -63.774  3.107 0.3000000119
14652  37.591  -63.478  4.293 0.4000000060
14653  36.919  -63.560  4.707 0.4000000060
15486  37.242  -62.149  3.210 0.3000000119
114727  37.286  -62.770  3.696 0.4000000060
14654  36.234  -63.517  4.424 0.4000000060
15497  37.631  -62.410  2.345 0.3000000119
8715  40.143  -70.792  7.718 0.3000000119
8727  39.203  -70.724  7.297 0.3000000119
9373  37.568  -70.271  7.645 0.3000000119
9374  36.452  -70.147  7.172 0.3000000119
8760  37.407  -71.247  4.047 0.3000000119
8747  37.220  -71.144  4.980 0.3000000119
9397  36.181  -70.103  5.489 0.3000000119
123372  35.671  -69.687  7.010 0.3000000119
116333  37.927  -71.070  2.122 0.3000000119
9416  37.615  -71.194  3.098 0.3000000119
9407  36.592  -70.370  4.858 0.3000000119
10052  35.986  -69.283  5.599 0.3000000119
11438  35.610  -67.967  6.905 0.3000000119
12133  35.691  -66.719  8.092 0.3000000119
12878  34.658  -65.276  9.637 0.3000000119
125092  33.278  -64.838  10.101 0.3000000119
12873  32.725  -65.468  10.591 0.3000000119
12114  32.503  -66.329  11.199 0.3000000119
10085  38.332  -69.513  1.998 0.3000000119
14682  38.245  -63.708  2.178 0.3000000119
14667  37.846  -63.250  3.504 0.3000000119
132858  37.878  -63.086  1.932 0.3000000119
14683  37.880  -63.153  2.706 0.3000000119
123831  37.751  -61.798  1.617 0.3000000119
16265  37.354  -61.461  2.697 0.3000000119
8714  41.058  -71.109  8.193 0.3000000119
122371  39.914  -71.413  6.633 0.3000000119
8728  38.705  -71.204  6.317 0.3000000119
9385  37.161  -70.545  6.626 0.3000000119
8759  37.806  -71.693  4.574 0.3000000119
8729  37.664  -71.021  6.004 0.3000000119
11407  31.328  -67.207  11.737 0.3000000119
8699  42.898  -71.624  8.668 0.3000000119
121321  40.768  -71.330  7.290 0.3000000119
8726  41.114  -71.983  6.480 0.3000000119
8745  39.184  -71.890  5.614 0.3000000119
8746  38.135  -71.566  5.367 0.3000000119
8770  38.011  -72.116  3.728 0.3000000119
8713  42.289  -71.565  8.047 0.3000000119
8058  42.402  -72.392  6.281 0.3000000119
8744  40.361  -72.328  5.684 0.3000000119
8076  39.615  -72.644  4.871 0.3000000119
12122  31.149  -65.475  10.038 0.3000000119
12889  31.222  -64.920  8.395 0.3000000119
13770  31.677  -64.582  7.672 0.3000000119
14614  34.187  -63.551  7.520 0.3000000119
132031  34.780  -64.144  6.080 0.4000000060
14668  36.801  -62.991  4.284 0.4000000060
16278  38.282  -61.266  0.903 0.3000000119
11467  38.396  -67.353  4.433 0.3000000119
12142  38.462  -65.644  6.244 0.3000000119
11451  37.350  -67.367  5.599 0.3000000119
13766  37.838  -64.232  7.276 0.4000000060
14612  36.032  -63.502  7.842 0.4000000060
13779  34.925  -63.635  6.823 0.4000000060
14636  37.573  -63.699  5.231 0.4000000060
10072  37.506  -69.420  3.353 0.3000000119
10755  37.008  -68.620  4.419 0.3000000119
12132  36.449  -66.151  7.829 0.3000000119
11452  36.666  -67.688  5.968 0.3000000119
12901  35.982  -65.689  8.540 0.4000000060
13731  34.100  -64.518  9.638 0.3000000119
10783  38.725  -68.279  2.752 0.3000000119
11481  39.499  -66.963  3.227 0.3000000119
12200  39.621  -66.313  2.914 0.3000000119
14635  38.190  -63.945  4.951 0.4000000060
9386  36.342  -70.304  6.233 0.3000000119
10043  35.662  -69.424  6.281 0.3000000119
11431  35.392  -67.625  7.660 0.3000000119
14694  37.836  -62.669  1.361 0.3000000119
10815  26.669  -68.873  0.684 0.4000000060
3269  32.484  -79.536  8.772 0.3000000119
3813  33.288  -79.465  7.387 0.3000000119
4329  31.047  -78.460  11.441 0.3000000119
4370  32.120  -78.651  10.080 0.3000000119
4904  30.795  -77.630  11.652 0.3000000119
4933  32.385  -77.365  9.486 0.3000000119
4934  31.974  -77.850  10.288 0.3000000119
4959  33.783  -77.462  7.732 0.3000000119
5486  29.649  -75.960  12.234 0.3000000119
5505  30.942  -76.738  11.556 0.3000000119
5537  32.027  -76.894  10.186 0.3000000119
5548  32.805  -76.869  8.872 0.3000000119
5562  33.913  -76.772  7.822 0.3000000119
6122  30.273  -75.346  12.198 0.3000000119
6123  28.800  -75.134  11.941 0.3000000119
6133  32.133  -75.140  10.252 0.3000000119
6143  32.569  -75.176  9.588 0.3000000119
6155  33.558  -75.515  8.504 0.3000000119
6728  29.623  -74.565  12.370 0.3000000119
6741  30.555  -74.349  12.174 0.3000000119
6742  28.591  -74.333  11.576 0.3000000119
6749  28.438  -74.151  10.659 0.3000000119
6762  32.947  -74.488  9.327 0.3000000119
6780  33.064  -75.123  8.983 0.3000000119
7355  29.310  -73.907  12.344 0.3000000119
7362  30.728  -73.592  12.244 0.3000000119
7364  28.834  -73.730  12.013 0.3000000119
7373  31.398  -73.912  11.606 0.3000000119
7374  28.557  -73.216  10.258 0.3000000119
8000  32.048  -71.965  11.757 0.3000000119
8003  29.373  -73.166  12.276 0.3000000119
8011  31.945  -72.936  11.383 0.3000000119
8013  28.648  -72.767  11.238 0.3000000119
8075  41.694  -72.758  5.554 0.3000000119
8077  38.557  -72.186  4.728 0.3000000119
8670  29.448  -71.428  12.064 0.3000000119
8725  42.943  -72.044  7.009 0.3000000119
9331  31.839  -70.718  12.327 0.3000000119
9333  30.238  -70.079  12.366 0.3000000119
9334  29.525  -70.541  11.565 0.3000000119
9384  38.163  -70.671  6.982 0.3000000119
9396  36.810  -70.659  5.698 0.3000000119
9408  36.406  -69.375  4.868 0.3000000119
9417  37.259  -70.399  3.571 0.3000000119
9427  37.728  -70.129  2.644 0.3000000119
10003  30.344  -69.182  12.170 0.3000000119
10010  29.862  -68.981  11.085 0.3000000119
10042  35.924  -69.994  6.516 0.3000000119
10071  38.108  -69.087  2.707 0.3000000119
10144  33.339  -69.178  -3.521 0.5000000000
10149  33.028  -69.162  -3.820 0.5000000000
10705  30.106  -68.055  11.026 0.3000000119
10728  30.523  -68.756  7.171 0.5000000000
10737  35.928  -68.407  6.121 0.3000000119
10738  35.390  -68.889  6.792 0.3000000119
10745  36.613  -68.317  5.275 0.3000000119
10746  30.432  -68.249  5.374 0.4000000060
10754  37.807  -68.125  4.044 0.3000000119
10756  30.388  -68.258  4.564 0.4000000060
10757  21.804  -68.187  4.163 0.5000000000
10799  27.238  -68.284  1.086 0.6000000238
10841  34.032  -68.625  -2.906 0.6000000238
10842  33.670  -68.733  -3.404 0.6000000238
11406  32.267  -67.054  11.696 0.3000000119
11413  31.028  -66.516  11.096 0.4000000060
11421  30.084  -67.548  10.141 0.5000000000
11430  36.030  -67.093  7.332 0.3000000119
11437  36.347  -67.436  6.599 0.3000000119
11439  30.420  -67.946  6.799 0.5000000000
11440  22.322  -67.362  6.097 0.5000000000
11450  38.165  -67.002  5.232 0.3000000119
11456  21.346  -67.985  5.633 0.5000000000
11468  37.514  -67.769  4.800 0.3000000119
11483  33.146  -67.148  2.935 0.4000000060
11494  39.296  -67.572  2.742 0.3000000119
11523  33.969  -67.280  0.094 0.4000000060
11546  34.207  -67.743  -1.746 0.5000000000
11553  33.854  -67.283  -3.141 0.6999999881
11561  33.269  -67.871  -3.859 0.6000000238
11562  32.706  -67.750  -4.117 0.6000000238
11563  31.811  -67.724  -4.252 0.6000000238
12109  31.744  -66.548  11.397 0.3000000119
12115  31.644  -65.851  10.823 0.3000000119
12123  30.617  -66.114  9.683 0.5000000000
12127  35.307  -66.314  8.859 0.3000000119
12143  37.754  -65.923  6.905 0.3000000119
12144  36.867  -66.569  7.129 0.3000000119
12148  22.896  -66.896  6.236 0.5000000000
12157  39.039  -65.994  5.080 0.3000000119
12158  38.646  -66.223  5.536 0.3000000119
12163  23.087  -66.685  5.505 0.5000000000
12173  39.115  -66.831  4.059 0.3000000119
12177  31.319  -66.596  4.542 0.4000000060
12178  30.624  -66.975  4.847 0.4000000060
12188  39.492  -66.236  3.741 0.3000000119
12203  27.635  -66.524  2.353 0.6000000238
12206  21.283  -66.969  2.900 0.5000000000
12228  33.969  -66.372  0.160 0.4000000060
12230  24.423  -66.226  1.165 0.5000000000
12255  33.780  -66.032  -1.944 0.5000000000
12260  33.710  -66.214  -3.002 0.6999999881
12262  28.128  -66.922  -2.432 0.5000000000
12263  33.222  -66.138  -3.507 0.6999999881
12265  31.630  -66.223  -3.844 0.6999999881
12266  30.625  -66.371  -3.659 0.6999999881
12267  29.695  -66.516  -3.438 0.6999999881
12268  28.917  -66.722  -3.174 0.6000000238
12874  31.859  -65.157  10.277 0.3000000119
12877  35.069  -64.509  9.265 0.3000000119
12879  32.460  -64.707  9.995 0.4000000060
12886  35.986  -64.565  8.789 0.3000000119
12887  35.356  -65.368  9.143 0.4000000060
12888  34.923  -65.942  9.387 0.3000000119
12902  31.115  -65.232  7.484 0.5000000000
12903  30.742  -65.666  8.078 0.5000000000
12915  38.620  -64.870  6.210 0.3000000119
12916  38.249  -64.917  6.894 0.3000000119
12917  31.824  -65.147  6.348 0.3000000119
12918  31.103  -65.559  6.647 0.5000000000
12920  23.917  -65.579  6.325 0.6000000238
12926  39.148  -65.598  4.832 0.3000000119
12929  33.487  -65.188  5.395 0.4000000060
12943  22.587  -65.981  4.369 0.5000000000
12957  28.088  -65.136  3.130 0.6000000238
12971  27.702  -65.783  2.765 0.6000000238
12974  19.627  -65.423  2.113 0.6000000238
12982  33.912  -65.111  1.178 0.4000000060
12993  28.676  -66.172  0.996 0.5000000000
13012  33.515  -65.193  -1.867 0.6000000238
13714  24.530  -64.536  10.044 0.6000000238
13732  33.136  -64.247  9.591 0.3000000119
13733  31.956  -64.298  8.586 0.3000000119
13750  34.732  -63.865  9.058 0.3000000119
13752  32.818  -63.863  8.816 0.3000000119
13753  24.898  -64.276  8.745 0.6000000238
13755  23.413  -65.406  8.982 0.5000000000
13767  37.267  -64.203  7.877 0.4000000060
13769  32.551  -63.986  7.755 0.3000000119
13798  32.663  -64.816  6.188 0.4000000060
13799  23.651  -65.035  5.757 0.6000000238
13800  23.184  -65.097  5.235 0.5000000000
13811  39.084  -65.007  4.792 0.3000000119
13815  22.670  -65.219  4.629 0.5000000000
13817  21.090  -64.142  3.840 0.6000000238
13827  39.168  -64.968  3.962 0.3000000119
13834  21.499  -64.939  3.671 0.6000000238
13842  39.171  -65.003  3.120 0.3000000119
13851  29.279  -64.309  1.418 0.6999999881
13873  28.733  -64.693  -0.869 0.5000000000
13880  28.802  -64.312  -1.556 0.5000000000
13882  33.059  -64.667  -2.658 0.6999999881
13884  31.741  -64.060  -2.725 0.6999999881
13886  29.600  -64.716  -2.513 0.6000000238
14576  25.255  -63.450  10.617 0.5000000000
14598  35.328  -63.614  8.430 0.4000000060
14600  33.484  -63.600  8.181 0.3000000119
14601  24.850  -63.597  8.513 0.6000000238
14610  37.338  -63.813  7.476 0.4000000060
14611  36.751  -63.725  7.917 0.4000000060
14613  35.136  -63.440  7.715 0.4000000060
14622  37.717  -63.766  6.852 0.4000000060
14624  35.879  -63.478  7.023 0.4000000060
14638  22.492  -63.655  5.231 0.6000000238
14651  38.271  -63.833  4.006 0.3000000119
14655  28.209  -63.546  4.562 0.6999999881
14660  20.106  -63.661  3.390 0.6000000238
14661  20.057  -63.001  3.816 0.6000000238
14674  27.078  -64.188  3.935 0.6999999881
14686  29.349  -63.495  2.456 0.6999999881
14687  28.983  -64.117  3.099 0.6999999881
14689  25.866  -64.113  2.568 0.6000000238
14705  38.005  -62.947  0.566 0.3000000119
14706  33.019  -63.265  0.690 0.6000000238
14707  29.386  -63.108  0.507 0.6999999881
14709  24.277  -63.468  1.182 0.5000000000
14717  32.964  -63.085  -0.351 0.5000000000
14726  29.264  -63.083  -1.408 0.6000000238
14731  32.584  -63.420  -2.152 0.6000000238
15442  23.699  -62.426  7.720 0.6000000238
15454  23.549  -62.813  7.113 0.6000000238
15455  22.861  -62.686  6.446 0.6000000238
15467  27.249  -62.435  5.544 0.6999999881
15468  22.315  -62.926  5.636 0.6000000238
15469  21.418  -62.537  5.336 0.6000000238
15482  20.887  -62.875  4.538 0.6000000238
15491  28.976  -63.148  4.125 0.6000000238
15499  29.489  -62.080  2.260 0.6999999881
15501  20.708  -62.390  2.221 0.5000000000
15507  22.237  -62.776  1.487 0.5000000000
15516  23.669  -63.033  1.223 0.5000000000
15517  23.055  -62.702  1.405 0.5000000000
15528  32.752  -62.346  -1.526 0.6000000238
15530  31.975  -61.937  -1.977 0.6999999881
15536  30.709  -62.613  -2.165 0.6999999881
15537  29.853  -62.800  -1.886 0.6000000238
16182  25.174  -61.666  10.639 0.6000000238
16192  24.911  -61.896  9.628 0.6000000238
16204  24.385  -62.017  8.842 0.6000000238
16217  22.272  -61.453  7.353 0.6000000238
16218  21.483  -61.238  6.936 0.5000000000
16226  28.160  -61.361  6.457 0.6999999881
16227  27.299  -61.287  6.372 0.6999999881
16229  19.830  -60.950  6.049 0.6000000238
16230  18.957  -60.625  5.725 0.6000000238
16237  29.169  -61.399  5.514 0.6000000238
16238  28.521  -61.792  5.894 0.6000000238
16240  21.056  -61.919  5.758 0.6000000238
16242  18.729  -60.978  5.064 0.6000000238
16243  18.631  -60.546  4.844 0.6000000238
16255  34.097  -61.224  3.719 0.6000000238
16256  29.465  -61.479  3.404 0.6999999881
16260  19.422  -61.813  3.615 0.5000000000
16266  29.467  -61.288  2.354 0.6999999881
16267  25.275  -61.863  2.594 0.6000000238
16268  24.789  -61.480  2.260 0.6000000238
16270  22.984  -61.192  2.260 0.5000000000
16272  20.205  -61.920  2.744 0.5000000000
16273  19.700  -62.054  2.994 0.6000000238
16281  24.311  -61.868  1.855 0.5000000000
16282  23.621  -61.543  1.949 0.5000000000
16303  29.855  -61.615  -1.191 0.6999999881
16304  40.955  -61.187  -2.319 0.3000000119
16926  24.073  -60.527  13.722 0.3000000119
16947  25.045  -60.727  11.911 0.4000000060
16956  24.223  -60.281  10.314 0.4000000060
16969  24.510  -61.043  9.992 0.6000000238
16970  23.745  -60.468  9.594 0.5000000000
16978  23.279  -60.698  8.914 0.5000000000
16984  28.964  -60.214  7.338 0.8000000119
16986  21.388  -60.555  7.444 0.5000000000
16989  29.309  -60.531  6.634 0.6999999881
16991  27.682  -60.786  6.853 0.6999999881
16993  18.707  -59.841  6.059 0.5000000000
16994  18.463  -59.719  5.482 0.6000000238
17001  25.794  -60.615  5.056 0.6000000238
17010  33.708  -60.568  3.385 0.6999999881
17012  20.034  -60.675  3.564 0.5000000000
17013  19.247  -60.974  3.850 0.5000000000
17025  24.648  -60.861  2.495 0.6000000238
17041  32.844  -59.971  0.680 0.6999999881
17042  29.310  -60.627  0.587 0.6999999881
17048  32.466  -60.335  -0.706 0.6999999881
17049  31.697  -60.053  -0.958 0.8000000119
17062  40.465  -60.700  -2.267 0.3000000119
17731  21.253  -59.149  8.064 0.5000000000
17732  20.539  -58.951  7.684 0.6000000238
17735  30.177  -59.250  7.425 0.6999999881
17745  27.320  -60.169  7.049 0.6999999881
17746  26.780  -59.593  6.806 0.6999999881
17747  19.584  -59.749  6.768 0.6000000238
17751  29.844  -60.010  6.105 0.6999999881
17753  18.628  -59.350  5.259 0.5000000000
17755  29.726  -60.016  5.163 0.6000000238
17756  25.743  -59.252  5.190 0.6000000238
17759  18.882  -59.702  4.642 0.6000000238
17760  18.452  -60.003  4.962 0.6000000238
17767  37.763  -59.097  3.320 0.4000000060
17768  36.797  -59.225  3.886 0.4000000060
17771  33.966  -59.813  3.552 0.6999999881
17773  25.327  -59.669  3.715 0.6000000238
17774  22.925  -59.599  3.084 0.5000000000
17776  20.410  -59.853  3.873 0.5000000000
17784  33.649  -59.303  3.087 0.6000000238
17787  24.469  -59.642  2.951 0.6000000238
17789  22.248  -60.267  2.984 0.5000000000
17808  29.302  -58.684  -0.263 0.6999999881
17814  41.097  -59.624  -2.396 0.3000000119
17816  39.633  -59.178  -2.165 0.3000000119
18451  20.078  -58.030  12.999 0.3000000119
18462  24.668  -59.049  12.077 0.4000000060
18463  24.300  -58.425  11.441 0.4000000060
18472  23.088  -58.284  9.944 0.4000000060
18479  22.616  -58.229  9.510 0.4000000060
18487  31.060  -58.082  8.287 0.8000000119
18495  31.233  -58.184  7.411 0.8000000119
18497  29.766  -58.870  8.205 0.8000000119
18498  28.689  -58.723  8.230 0.8000000119
18500  20.161  -58.342  7.498 0.6000000238
18501  19.460  -58.327  6.935 0.6000000238
18504  27.000  -58.805  7.064 0.6000000238
18505  26.425  -58.862  6.381 0.6999999881
18506  19.000  -58.359  6.259 0.6000000238
18509  30.538  -58.591  5.464 0.6999999881
18510  26.238  -58.162  5.795 0.6999999881
18512  18.998  -58.595  5.616 0.6000000238
18519  22.243  -58.166  4.238 0.6000000238
18521  20.268  -58.628  4.749 0.5000000000
18536  29.905  -58.682  3.561 0.6999999881
18539  23.716  -58.375  3.443 0.6000000238
18542  20.812  -59.108  4.198 0.5000000000
18548  33.712  -58.479  2.895 0.4000000060
18550  24.147  -58.961  3.154 0.6000000238
18569  38.747  -58.732  -0.733 0.4000000060
18571  37.914  -58.049  -1.716 0.4000000060
18574  29.884  -58.384  -0.411 0.6000000238
18581  39.132  -58.936  -2.042 0.3000000119
18582  38.613  -58.479  -1.999 0.3000000119
18585  39.175  -58.688  -2.156 0.3000000119
19306  20.850  -57.087  14.079 0.3000000119
19325  18.406  -57.042  12.217 0.3000000119
19341  30.277  -57.114  9.363 0.6000000238
19343  22.249  -57.744  9.344 0.4000000060
19349  32.214  -57.191  8.701 0.8000000119
19351  30.648  -57.718  8.987 0.6999999881
19352  29.839  -57.666  9.048 0.8000000119
19353  29.197  -57.514  8.887 0.6000000238
19359  27.946  -57.874  7.907 0.6999999881
19361  19.884  -57.618  7.219 0.4000000060
19364  31.698  -57.615  6.896 0.6000000238
19367  26.713  -58.084  6.538 0.6999999881
19372  31.523  -57.436  5.953 0.6000000238
19375  26.573  -57.287  5.870 0.5000000000
19386  31.212  -57.223  5.017 0.6999999881
19388  26.042  -57.508  5.048 0.6999999881
19392  20.813  -57.916  5.146 0.5000000000
19403  25.806  -56.875  4.447 0.5000000000
19405  24.823  -57.391  3.754 0.6000000238
19407  23.150  -57.865  3.886 0.5000000000
19410  38.142  -57.969  2.363 0.4000000060
19411  37.478  -57.616  2.594 0.4000000060
19416  30.050  -57.105  2.714 0.6999999881
19421  37.017  -57.053  1.044 0.4000000060
19434  30.763  -57.118  0.058 0.6000000238
19436  29.152  -57.443  0.226 0.6999999881
19441  41.050  -57.107  -1.020 0.3000000119
19444  42.227  -58.073  -1.398 0.3000000119
19449  37.680  -57.403  -1.755 0.3000000119
20146  23.730  -56.191  14.176 0.4000000060
20147  22.935  -56.442  14.450 0.3000000119
20148  22.040  -56.501  14.488 0.3000000119
20173  16.305  -56.542  10.057 0.4000000060
20177  33.404  -56.314  9.120 0.6000000238
20178  31.656  -57.005  9.332 0.6999999881
20181  15.907  -56.165  9.787 0.4000000060
20186  29.493  -56.970  9.161 0.6000000238
20187  28.823  -56.942  8.693 0.6000000238
20189  20.698  -56.876  8.098 0.4000000060
20192  33.395  -56.501  8.212 0.8000000119
20196  27.542  -57.017  7.210 0.6000000238
20202  32.592  -56.680  6.825 0.6000000238
20207  20.030  -57.087  6.371 0.5000000000
20215  27.096  -55.932  5.814 0.5000000000
20227  31.408  -56.461  4.416 0.6999999881
20229  26.603  -55.918  5.117 0.5000000000
20234  22.035  -57.113  5.145 0.5000000000
20237  30.951  -55.987  3.351 0.6999999881
20239  25.625  -56.396  4.297 0.6000000238
20242  23.969  -56.879  4.158 0.4000000060
20247  29.401  -56.310  1.077 0.6999999881
20252  36.263  -56.583  1.253 0.4000000060
20256  31.860  -55.621  1.032 0.6000000238
20267  29.729  -56.113  0.465 0.6999999881
20269  42.453  -57.199  -0.065 0.3000000119
20270  40.705  -56.342  -0.435 0.3000000119
20963  23.109  -55.786  14.396 0.3000000119
20965  21.544  -55.840  14.422 0.3000000119
20966  20.833  -55.915  14.251 0.3000000119
20973  22.771  -55.189  14.387 0.4000000060
20981  24.798  -55.397  13.110 0.4000000060
20982  19.303  -55.549  13.209 0.3000000119
20983  18.706  -55.608  12.584 0.3000000119
20997  17.435  -55.286  10.405 0.3000000119
21007  30.775  -55.733  9.621 0.5000000000
21015  15.494  -55.060  10.106 0.3000000119
21019  34.127  -56.121  8.510 0.6000000238
21021  29.128  -56.210  8.897 0.5000000000
21022  28.548  -56.181  8.222 0.5000000000
21028  35.459  -55.391  8.086 0.6000000238
21030  33.959  -56.091  7.521 0.6999999881
21042  34.463  -55.555  6.865 0.6000000238
21043  33.571  -55.705  6.458 0.6000000238
21044  32.952  -56.131  6.415 0.6000000238
21058  33.414  -55.147  5.613 0.6000000238
21082  30.315  -55.787  2.476 0.6999999881
21099  32.984  -55.339  1.415 0.6000000238
21102  29.761  -55.058  0.922 0.6999999881
21111  29.628  -55.778  0.763 0.6999999881
21117  37.200  -55.806  -1.310 0.5000000000
21836  22.360  -54.615  14.221 0.3000000119
21847  20.090  -54.327  12.985 0.4000000060
21855  19.051  -54.446  11.587 0.3000000119
21860  25.643  -54.074  11.144 0.4000000060
21864  17.384  -54.559  9.876 0.3000000119
21865  15.398  -54.238  10.446 0.3000000119
21872  32.469  -54.943  9.837 0.6000000238
21933  34.482  -54.646  5.470 0.6000000238
21947  35.484  -54.235  4.515 0.6000000238
21950  32.865  -54.162  4.233 0.6000000238
21975  30.549  -53.905  0.985 0.6999999881
21979  34.429  -54.366  0.338 0.6000000238
21987  35.542  -54.687  -0.384 0.5000000000
21989  39.124  -54.690  -0.987 0.4000000060
22721  24.575  -53.860  13.415 0.4000000060
22723  22.469  -53.934  13.910 0.4000000060
22732  21.257  -53.283  12.812 0.4000000060
22752  18.087  -53.432  9.845 0.3000000119
22753  17.381  -53.871  9.788 0.4000000060
22764  34.288  -53.980  9.641 0.6000000238
22773  17.550  -52.944  9.882 0.4000000060
22828  33.724  -53.152  3.907 0.6000000238
22851  35.807  -52.949  2.534 0.5000000000
22852  34.671  -52.338  2.692 0.6000000238
22856  31.688  -52.151  1.067 0.6000000238
22864  32.270  -52.279  0.721 0.6000000238
22871  34.320  -52.786  -0.193 0.6000000238
22872  33.817  -52.113  0.076 0.6000000238
22876  38.203  -52.897  -1.478 0.4000000060
23579  23.423  -52.856  13.428 0.4000000060
23581  21.885  -52.974  13.052 0.4000000060
23591  21.622  -52.664  12.419 0.4000000060
23634  16.243  -52.976  10.485 0.3000000119
23686  32.147  -52.342  2.506 0.6000000238
23699  32.269  -51.832  1.992 0.6999999881
23707  35.511  -51.637  1.152 0.5000000000
23709  32.167  -51.733  1.322 0.6999999881
23731  36.071  -51.320  -1.089 0.4000000060
24474  23.679  -51.477  12.713 0.3000000119
24487  23.216  -51.016  12.208 0.3000000119
24504  19.480  -51.187  9.322 0.3000000119
24505  17.067  -50.723  10.092 0.3000000119
24585  37.058  -51.177  0.198 0.5000000000
24587  35.115  -51.164  0.346 0.5000000000
24598  35.713  -50.961  -0.284 0.4000000060
24600  34.317  -51.222  0.377 0.4000000060
24607  35.714  -51.092  -0.552 0.4000000060
24618  37.732  -51.341  -1.512 0.4000000060
24619  36.882  -51.068  -1.297 0.4000000060
25356  25.567  -50.247  12.302 0.3000000119
25360  21.998  -50.538  11.003 0.3000000119
25361  18.091  -50.073  11.202 0.3000000119
25369  21.558  -49.670  10.159 0.3000000119
25370  20.735  -49.769  9.477 0.3000000119
25384  20.102  -48.940  8.884 0.3000000119
26264  17.748  -49.514  10.163 0.3000000119
26281  20.115  -48.406  9.199 0.3000000119
26282  18.870  -48.662  9.004 0.3000000119
27167  20.115  -48.237  9.646 0.3000000119
112415  38.177  -52.043  -1.588 0.4000000060
112489  38.141  -70.310  1.827 0.3000000119
112553  25.040  -61.017  11.223 0.4000000060
112718  25.110  -64.088  10.018 0.6000000238
113188  41.733  -71.725  7.302 0.3000000119
113535  33.134  -55.124  9.798 0.6000000238
113675  29.854  -59.352  4.419 0.6000000238
113903  17.642  -50.128  9.511 0.3000000119
114056  16.106  -55.001  9.823 0.4000000060
114072  29.543  -72.290  12.286 0.3000000119
114203  39.630  -59.924  -1.120 0.4000000060
114334  23.798  -62.042  8.285 0.6000000238
115079  17.466  -51.052  9.791 0.3000000119
115938  30.729  -66.002  6.657 0.5000000000
116178  24.402  -59.267  13.589 0.3000000119
116202  19.553  -48.508  8.822 0.3000000119
116214  32.238  -55.727  4.948 0.6999999881
117044  24.948  -54.599  13.184 0.4000000060
117069  19.303  -61.178  5.425 0.6000000238
117351  22.639  -57.308  4.564 0.4000000060
117512  19.260  -61.904  4.071 0.6000000238
117728  25.112  -49.355  11.921 0.3000000119
118035  36.983  -70.633  4.309 0.3000000119
118209  37.740  -57.509  0.817 0.4000000060
118516  29.169  -59.990  -0.027 0.6999999881
118686  36.796  -61.617  3.494 0.3000000119
118782  30.761  -58.518  6.195 0.6999999881
119596  26.316  -56.669  5.032 0.5000000000
120817  36.669  -64.142  8.341 0.4000000060
121135  21.097  -56.649  5.998 0.5000000000
122025  22.128  -61.471  2.321 0.5000000000
122036  23.180  -60.388  2.615 0.6000000238
122067  37.883  -59.982  2.780 0.4000000060
122189  33.100  -63.803  -1.678 0.6999999881
122223  18.953  -56.751  12.863 0.3000000119
122277  37.577  -62.708  3.094 0.3000000119
122327  16.894  -53.069  10.137 0.3000000119
122705  29.462  -61.350  1.424 0.6999999881
123054  19.960  -56.491  13.738 0.3000000119
123092  28.961  -58.005  0.563 0.6999999881
123414  38.693  -58.558  1.922 0.4000000060
123943  38.802  -58.350  0.995 0.4000000060
123964  20.189  -57.051  7.493 0.4000000060
124032  30.791  -70.803  12.566 0.3000000119
124359  33.469  -52.451  3.269 0.6000000238
124527  28.973  -72.647  11.940 0.3000000119
124706  27.036  -66.200  2.640 0.5000000000
125636  31.701  -56.225  9.654 0.6000000238
125666  29.090  -74.859  12.244 0.3000000119
126012  32.813  -51.445  1.009 0.6000000238
127494  35.895  -69.930  5.992 0.3000000119
127540  30.899  -66.062  10.462 0.4000000060
127844  35.271  -58.021  3.596 0.4000000060
127851  26.768  -60.484  6.527 0.6999999881
127949  24.035  -58.877  10.835 0.4000000060
128392  16.462  -54.859  9.795 0.4000000060
128404  38.692  -68.760  2.176 0.3000000119
128481  33.494  -68.328  -3.637 0.6000000238
128543  38.320  -57.922  0.690 0.4000000060
128569  24.887  -66.903  1.622 0.5000000000
129076  25.811  -59.985  5.394 0.6000000238
129806  26.233  -61.290  5.513 0.6999999881
129947  22.920  -60.939  8.346 0.5000000000
130436  30.388  -67.254  6.490 0.5000000000
130481  37.133  -51.571  -1.443 0.4000000060
131178  18.892  -56.097  12.973 0.3000000119
131670  25.141  -61.865  12.318 0.4000000060
131966  33.521  -51.486  0.681 0.6000000238
132013  21.515  -61.716  6.335 0.5000000000
132137  43.002  -57.555  -0.258 0.3000000119
132710  38.884  -54.040  -1.107 0.4000000060
132772  29.383  -59.310  2.115 0.6000000238
132944  29.549  -70.344  9.860 0.3000000119
133170  37.167  -65.714  7.561 0.4000000060
133351  36.980  -51.834  0.896 0.5000000000
133363  26.607  -65.905  2.658 0.5000000000
133436  20.287  -56.939  13.769 0.3000000119
