#!ascii label  , from subject sub-v2s0x29006_ses-1 vox2ras=TkReg
2155
57129  48.925  -28.139  56.888 0.0000000000
45347  42.540  -40.923  70.354 0.0000000000
38951  29.350  -47.772  69.522 0.0000000000
135125  21.724  -48.243  72.954 0.0000000000
45286  35.080  -39.960  76.919 0.0000000000
46453  33.806  -39.413  66.131 0.0000000000
125466  51.419  -34.638  55.064 0.0000000000
61899  57.835  -23.923  52.218 0.0000000000
55203  49.699  -30.290  63.442 0.0000000000
132147  44.794  -39.041  60.422 0.0000000000
41745  38.250  -44.454  58.296 0.0000000000
37999  30.829  -49.003  75.118 0.0000000000
37139  25.588  -49.539  70.496 0.0000000000
36167  26.233  -50.779  76.874 0.0000000000
41603  34.206  -44.589  72.900 0.0000000000
57949  53.003  -27.643  65.231 0.0000000000
50144  42.353  -35.642  76.790 0.0000000000
49332  45.121  -36.812  71.866 0.0000000000
50213  42.674  -36.092  66.903 0.0000000000
44376  46.688  -41.517  65.502 0.0000000000
43545  41.309  -42.401  58.240 0.0000000000
46520  42.324  -39.248  62.244 0.0000000000
44411  29.294  -41.241  62.558 0.0000000000
47617  32.785  -38.654  58.708 0.0000000000
59896  52.124  -25.100  54.072 0.0000000000
59926  49.116  -25.171  49.860 0.0000000000
40787  27.288  -45.653  64.339 0.0000000000
140098  25.188  -48.697  64.665 0.0000000000
47362  38.473  -37.744  74.606 0.0000000000
47466  38.689  -38.453  68.961 0.0000000000
132850  34.744  -39.825  72.138 0.0000000000
42520  32.007  -42.982  68.088 0.0000000000
53340  51.329  -32.777  56.458 0.0000000000
37009  23.201  -49.470  81.327 0.0000000000
124963  18.923  -50.755  75.856 0.0000000000
59837  56.259  -25.813  57.214 0.0000000000
57103  54.890  -28.297  59.282 0.0000000000
132376  52.865  -32.702  61.061 0.0000000000
50266  51.809  -35.577  60.233 0.0000000000
132825  47.168  -33.358  58.620 0.0000000000
56117  47.513  -29.515  67.488 0.0000000000
139589  46.360  -35.064  64.002 0.0000000000
50303  42.055  -34.978  56.988 0.0000000000
48555  38.261  -37.623  55.482 0.0000000000
47577  37.902  -37.663  60.864 0.0000000000
37034  31.662  -49.465  78.853 0.0000000000
36178  28.608  -50.196  75.540 0.0000000000
36111  28.790  -50.745  79.528 0.0000000000
37987  33.236  -48.121  77.339 0.0000000000
46319  42.676  -39.533  74.701 0.0000000000
45325  44.987  -40.682  72.488 0.0000000000
46400  46.257  -40.571  70.023 0.0000000000
44347  45.062  -42.067  67.917 0.0000000000
45444  44.221  -40.602  63.598 0.0000000000
141631  42.074  -40.345  66.809 0.0000000000
42583  26.800  -43.968  60.325 0.0000000000
43535  29.086  -42.091  58.587 0.0000000000
58971  50.604  -26.432  55.701 0.0000000000
58991  48.443  -26.427  53.593 0.0000000000
58061  47.394  -27.907  54.490 0.0000000000
39872  28.185  -46.504  66.679 0.0000000000
39009  26.589  -48.206  65.092 0.0000000000
37171  27.029  -49.154  66.988 0.0000000000
37113  23.755  -49.265  71.791 0.0000000000
38087  23.247  -48.235  68.338 0.0000000000
38953  20.502  -47.681  69.322 0.0000000000
38076  19.166  -48.490  69.605 0.0000000000
48388  38.175  -36.708  78.350 0.0000000000
47339  35.945  -37.771  76.452 0.0000000000
47378  35.993  -37.975  73.404 0.0000000000
45299  34.568  -39.855  74.728 0.0000000000
39844  31.179  -46.194  70.933 0.0000000000
41636  33.312  -44.132  70.889 0.0000000000
40757  30.157  -45.295  68.761 0.0000000000
41668  29.362  -44.491  66.553 0.0000000000
52303  53.200  -33.904  56.222 0.0000000000
53354  53.300  -32.954  54.690 0.0000000000
52341  52.657  -33.583  53.879 0.0000000000
35197  16.886  -50.897  76.859 0.0000000000
56217  53.680  -29.942  60.419 0.0000000000
132747  54.579  -28.099  62.235 0.0000000000
57052  51.040  -28.664  64.109 0.0000000000
53269  53.012  -33.509  63.773 0.0000000000
52201  51.130  -33.958  64.098 0.0000000000
51260  48.819  -33.967  59.301 0.0000000000
132183  49.495  -34.139  63.257 0.0000000000
47519  47.142  -38.299  64.680 0.0000000000
50240  43.710  -35.688  63.999 0.0000000000
48522  45.995  -37.475  61.400 0.0000000000
50276  44.427  -35.196  59.432 0.0000000000
49416  42.652  -36.665  58.331 0.0000000000
50306  39.896  -35.922  56.098 0.0000000000
47622  40.651  -38.333  57.355 0.0000000000
134579  37.773  -41.468  55.485 0.0000000000
47483  36.444  -38.486  67.307 0.0000000000
46484  38.178  -38.973  64.873 0.0000000000
47542  36.130  -38.428  63.313 0.0000000000
123234  35.164  -40.442  58.529 0.0000000000
63861  58.319  -21.809  49.404 0.0000000000
123088  56.666  -23.555  49.824 0.0000000000
38035  30.147  -48.619  72.155 0.0000000000
37150  27.773  -49.623  69.480 0.0000000000
37110  28.612  -49.688  72.364 0.0000000000
36205  25.795  -50.269  73.545 0.0000000000
133456  24.283  -49.558  74.817 0.0000000000
131729  35.390  -42.726  78.470 0.0000000000
131947  35.204  -43.003  74.847 0.0000000000
40673  35.267  -45.157  75.962 0.0000000000
141796  32.232  -47.062  73.431 0.0000000000
58847  54.124  -27.075  64.326 0.0000000000
58850  49.032  -26.502  64.630 0.0000000000
49342  44.092  -36.798  69.674 0.0000000000
46444  46.007  -39.532  67.131 0.0000000000
45468  45.397  -41.081  61.854 0.0000000000
46552  42.863  -40.165  59.095 0.0000000000
43497  44.038  -42.913  61.887 0.0000000000
42564  42.118  -43.205  61.420 0.0000000000
43501  40.176  -43.050  60.662 0.0000000000
45432  31.532  -40.345  64.516 0.0000000000
47561  33.197  -38.470  62.466 0.0000000000
46546  30.100  -39.129  60.147 0.0000000000
122236  53.914  -24.331  53.049 0.0000000000
60911  52.996  -23.741  51.068 0.0000000000
60903  51.227  -24.581  52.466 0.0000000000
38099  25.371  -48.791  66.983 0.0000000000
47338  40.497  -37.890  76.377 0.0000000000
46356  40.597  -39.122  72.870 0.0000000000
46402  40.439  -39.682  69.513 0.0000000000
127511  38.560  -37.959  71.773 0.0000000000
47433  36.415  -38.018  70.648 0.0000000000
127952  34.569  -39.895  68.595 0.0000000000
43386  34.745  -42.626  72.197 0.0000000000
43407  34.205  -42.030  69.709 0.0000000000
44363  33.036  -40.894  66.999 0.0000000000
43459  30.469  -42.497  65.522 0.0000000000
42546  28.217  -43.572  63.713 0.0000000000
54277  48.712  -30.925  57.933 0.0000000000
55333  48.319  -30.657  54.887 0.0000000000
54306  50.530  -31.911  55.203 0.0000000000
36131  25.016  -50.343  79.249 0.0000000000
37062  22.497  -48.856  76.912 0.0000000000
36132  20.491  -50.034  78.348 0.0000000000
37090  20.342  -49.244  74.667 0.0000000000
130460  57.557  -24.885  55.065 0.0000000000
58967  55.388  -25.880  55.648 0.0000000000
58034  53.270  -27.216  56.991 0.0000000000
57117  51.546  -28.290  58.071 0.0000000000
55285  49.965  -30.486  59.673 0.0000000000
52281  51.331  -33.327  59.038 0.0000000000
52279  53.404  -34.838  58.431 0.0000000000
55200  53.558  -30.254  62.924 0.0000000000
51246  53.477  -35.198  60.737 0.0000000000
50302  51.257  -35.440  56.860 0.0000000000
51292  48.717  -34.478  56.502 0.0000000000
52319  46.295  -33.368  55.577 0.0000000000
134683  47.355  -28.210  63.937 0.0000000000
53243  45.029  -32.329  66.791 0.0000000000
54179  44.839  -31.240  64.218 0.0000000000
53271  47.343  -32.562  63.613 0.0000000000
51235  47.398  -34.170  61.740 0.0000000000
51282  43.899  -33.541  57.748 0.0000000000
46575  39.153  -39.588  56.271 0.0000000000
46446  40.251  -39.617  66.234 0.0000000000
125210  40.113  -37.838  61.718 0.0000000000
44436  38.702  -41.316  59.444 0.0000000000
47592  35.403  -37.879  59.882 0.0000000000
45493  36.919  -40.297  58.554 0.0000000000
36109  30.124  -50.263  79.136 0.0000000000
37002  30.179  -49.484  79.778 0.0000000000
45327  43.100  -40.858  72.942 0.0000000000
46354  44.265  -40.235  73.424 0.0000000000
44293  44.373  -41.517  71.457 0.0000000000
124533  45.408  -41.987  70.285 0.0000000000
44316  43.901  -41.605  69.382 0.0000000000
45385  43.489  -41.106  67.062 0.0000000000
45370  42.561  -40.897  68.678 0.0000000000
134888  49.485  -27.223  56.184 0.0000000000
58049  49.059  -27.097  55.645 0.0000000000
57135  48.048  -28.135  55.934 0.0000000000
143261  28.830  -46.969  68.122 0.0000000000
38973  28.013  -47.864  67.272 0.0000000000
38097  28.011  -48.581  67.736 0.0000000000
38037  22.920  -48.783  72.232 0.0000000000
122091  22.005  -48.120  70.582 0.0000000000
38047  21.274  -47.898  71.202 0.0000000000
38954  19.685  -47.953  69.573 0.0000000000
38048  20.446  -47.998  71.686 0.0000000000
45251  35.215  -40.405  78.955 0.0000000000
47322  35.483  -38.249  78.793 0.0000000000
47330  35.994  -37.784  77.486 0.0000000000
46289  35.169  -38.868  76.904 0.0000000000
46304  34.771  -39.074  75.287 0.0000000000
125976  34.777  -40.128  75.712 0.0000000000
123066  30.521  -46.715  70.621 0.0000000000
40744  30.774  -45.889  70.249 0.0000000000
39856  29.850  -46.048  69.067 0.0000000000
40758  29.533  -45.717  68.348 0.0000000000
51304  53.225  -34.388  56.196 0.0000000000
52333  52.961  -33.782  54.687 0.0000000000
51330  51.878  -34.110  54.167 0.0000000000
141748  53.101  -25.579  62.004 0.0000000000
57978  54.726  -27.822  61.759 0.0000000000
142776  54.245  -26.867  63.018 0.0000000000
55202  50.570  -30.266  63.789 0.0000000000
55181  51.101  -31.129  64.277 0.0000000000
131740  50.691  -32.194  64.676 0.0000000000
125555  50.659  -34.141  63.438 0.0000000000
53258  49.277  -32.996  64.821 0.0000000000
130188  45.808  -39.030  61.290 0.0000000000
132915  46.819  -38.121  62.599 0.0000000000
47587  45.003  -38.135  60.428 0.0000000000
48529  44.927  -37.349  60.234 0.0000000000
48534  43.400  -37.802  59.196 0.0000000000
48539  42.247  -37.568  58.328 0.0000000000
47610  42.396  -38.434  58.589 0.0000000000
46451  35.090  -38.786  66.812 0.0000000000
132919  36.433  -38.844  65.477 0.0000000000
46487  35.025  -38.881  64.801 0.0000000000
62881  58.457  -22.844  50.952 0.0000000000
61912  57.495  -23.773  51.455 0.0000000000
38024  30.283  -48.909  73.550 0.0000000000
37120  29.085  -49.361  71.843 0.0000000000
37099  29.547  -49.378  73.561 0.0000000000
36166  27.559  -50.788  76.774 0.0000000000
36192  27.494  -50.332  74.410 0.0000000000
142529  26.477  -50.619  75.473 0.0000000000
37087  25.132  -50.241  74.161 0.0000000000
36181  25.288  -50.318  75.698 0.0000000000
41549  34.914  -43.815  78.708 0.0000000000
133950  35.630  -43.956  77.469 0.0000000000
40646  35.191  -45.221  77.735 0.0000000000
37997  32.232  -48.338  75.897 0.0000000000
38904  33.269  -47.237  75.427 0.0000000000
38914  31.762  -47.923  74.233 0.0000000000
131983  31.324  -47.693  72.960 0.0000000000
49321  44.818  -36.958  73.574 0.0000000000
50171  45.192  -35.964  73.180 0.0000000000
50175  45.540  -35.366  71.820 0.0000000000
50181  45.413  -35.299  70.975 0.0000000000
128570  44.553  -37.196  70.523 0.0000000000
44344  47.345  -41.922  67.685 0.0000000000
46427  46.792  -40.373  67.999 0.0000000000
45399  47.649  -41.168  66.654 0.0000000000
45440  47.451  -40.230  64.657 0.0000000000
45442  45.978  -41.072  63.610 0.0000000000
44415  44.702  -42.282  61.923 0.0000000000
125726  44.859  -41.644  63.136 0.0000000000
46518  43.514  -40.131  63.178 0.0000000000
45460  43.137  -41.598  62.431 0.0000000000
45469  42.319  -41.488  61.991 0.0000000000
43500  40.844  -43.068  61.103 0.0000000000
45470  41.521  -41.265  61.525 0.0000000000
45446  30.554  -40.422  63.354 0.0000000000
46505  30.926  -39.734  62.941 0.0000000000
45472  29.899  -39.831  61.704 0.0000000000
139206  53.770  -24.671  53.662 0.0000000000
123134  52.274  -24.459  52.917 0.0000000000
60893  51.716  -24.829  53.380 0.0000000000
59914  48.733  -25.748  52.292 0.0000000000
40794  26.620  -45.926  62.848 0.0000000000
39898  26.485  -46.897  63.051 0.0000000000
37151  27.228  -49.758  69.802 0.0000000000
37161  26.529  -49.465  68.124 0.0000000000
37162  25.514  -49.136  68.407 0.0000000000
38977  21.708  -47.575  67.172 0.0000000000
38989  23.111  -47.776  66.027 0.0000000000
48411  38.669  -37.446  76.352 0.0000000000
48396  39.772  -37.069  77.522 0.0000000000
47350  39.599  -37.832  75.929 0.0000000000
47360  40.514  -38.687  74.689 0.0000000000
47376  39.673  -38.330  73.913 0.0000000000
47392  39.956  -38.638  72.179 0.0000000000
124445  38.960  -38.025  73.133 0.0000000000
46357  34.978  -38.970  72.568 0.0000000000
47414  36.521  -37.925  72.016 0.0000000000
47434  35.666  -38.369  71.101 0.0000000000
47453  35.458  -38.750  69.508 0.0000000000
45350  34.867  -39.844  70.277 0.0000000000
41587  34.921  -44.139  73.948 0.0000000000
131344  35.045  -42.944  73.989 0.0000000000
42446  34.708  -43.906  73.093 0.0000000000
42492  32.631  -43.575  69.489 0.0000000000
42491  33.324  -43.205  69.817 0.0000000000
43421  32.721  -42.667  68.474 0.0000000000
43420  33.234  -41.946  68.227 0.0000000000
43437  32.424  -42.328  67.755 0.0000000000
44365  31.774  -41.732  66.292 0.0000000000
43450  30.750  -42.773  66.252 0.0000000000
40786  27.848  -45.091  64.836 0.0000000000
42535  28.863  -43.920  65.046 0.0000000000
41685  27.535  -44.836  64.021 0.0000000000
127957  49.233  -31.586  57.531 0.0000000000
54296  49.210  -31.563  55.883 0.0000000000
53351  51.159  -32.375  55.647 0.0000000000
54311  53.164  -32.340  54.272 0.0000000000
134860  24.217  -49.837  80.330 0.0000000000
37048  23.850  -49.208  77.548 0.0000000000
127516  22.919  -49.288  79.227 0.0000000000
127836  19.200  -50.629  77.919 0.0000000000
136498  19.947  -50.399  77.697 0.0000000000
37064  20.739  -49.502  76.527 0.0000000000
37078  19.945  -49.962  75.125 0.0000000000
37105  19.586  -49.581  73.433 0.0000000000
36207  18.698  -50.881  73.447 0.0000000000
61878  58.181  -23.761  54.812 0.0000000000
59866  57.062  -25.436  56.284 0.0000000000
58954  55.779  -26.209  56.446 0.0000000000
58956  53.601  -26.712  56.496 0.0000000000
58955  55.198  -26.681  56.811 0.0000000000
58008  54.795  -27.869  58.601 0.0000000000
57115  53.412  -28.136  58.005 0.0000000000
57104  52.659  -28.603  58.476 0.0000000000
56243  51.125  -29.219  59.125 0.0000000000
56242  52.167  -29.187  59.133 0.0000000000
55267  53.194  -30.679  61.048 0.0000000000
54252  51.663  -31.822  60.575 0.0000000000
127997  51.933  -32.810  60.488 0.0000000000
52280  52.522  -34.109  58.725 0.0000000000
52247  52.360  -33.843  60.077 0.0000000000
57948  53.767  -27.237  65.001 0.0000000000
57060  53.989  -28.089  63.571 0.0000000000
56174  53.244  -29.340  63.664 0.0000000000
51231  52.819  -35.371  61.737 0.0000000000
52221  53.533  -34.436  62.702 0.0000000000
50265  52.711  -35.780  60.348 0.0000000000
50282  52.848  -35.679  58.382 0.0000000000
50283  51.483  -35.676  58.519 0.0000000000
51291  49.799  -34.978  56.942 0.0000000000
136752  50.289  -35.220  58.436 0.0000000000
52282  48.052  -33.630  58.972 0.0000000000
131382  47.941  -33.932  57.538 0.0000000000
52296  46.403  -33.089  57.284 0.0000000000
140807  45.783  -32.983  56.771 0.0000000000
57041  47.249  -28.542  65.510 0.0000000000
51114  44.165  -34.644  68.418 0.0000000000
53229  45.442  -32.914  68.296 0.0000000000
52163  43.632  -33.976  66.868 0.0000000000
51177  45.172  -34.996  63.769 0.0000000000
53262  43.441  -32.964  64.187 0.0000000000
52204  44.901  -33.334  62.898 0.0000000000
54220  45.395  -31.462  62.758 0.0000000000
141177  46.599  -33.952  64.134 0.0000000000
139663  47.936  -34.047  64.604 0.0000000000
51221  46.979  -34.664  62.058 0.0000000000
50286  43.444  -35.300  58.404 0.0000000000
51262  44.442  -34.346  59.069 0.0000000000
146791  43.331  -33.873  57.384 0.0000000000
52310  42.707  -33.592  55.971 0.0000000000
51310  41.926  -33.876  55.846 0.0000000000
51312  40.485  -34.500  55.531 0.0000000000
49434  38.666  -36.344  55.397 0.0000000000
50315  38.636  -35.567  54.988 0.0000000000
45492  41.794  -40.829  58.235 0.0000000000
46571  40.909  -39.796  57.542 0.0000000000
45509  39.959  -40.516  56.790 0.0000000000
45540  37.050  -40.277  54.587 0.0000000000
46416  39.300  -38.928  69.022 0.0000000000
46429  40.230  -39.830  67.868 0.0000000000
46430  39.454  -39.473  67.577 0.0000000000
47557  37.837  -38.037  62.559 0.0000000000
47538  39.279  -38.236  63.379 0.0000000000
47576  38.715  -37.662  61.385 0.0000000000
46545  39.633  -39.597  60.179 0.0000000000
46554  38.406  -39.408  59.379 0.0000000000
123001  32.873  -38.294  60.883 0.0000000000
47580  34.366  -38.142  61.470 0.0000000000
47604  34.309  -38.293  58.872 0.0000000000
45495  35.772  -40.502  58.504 0.0000000000
123253  36.882  -43.418  58.626 0.0000000000
60919  51.627  -24.022  50.580 0.0000000000
61929  52.854  -23.638  50.303 0.0000000000
55339  48.305  -30.337  53.584 0.0000000000
37057  31.367  -49.478  77.090 0.0000000000
37072  29.579  -49.771  75.440 0.0000000000
36146  29.941  -50.207  77.238 0.0000000000
36129  28.851  -50.994  78.383 0.0000000000
35196  27.901  -51.208  78.390 0.0000000000
136716  32.719  -48.672  77.919 0.0000000000
48421  42.565  -37.990  75.780 0.0000000000
49303  42.917  -36.245  76.108 0.0000000000
47358  43.571  -38.714  74.721 0.0000000000
47373  44.613  -38.714  73.637 0.0000000000
47410  45.358  -39.443  71.934 0.0000000000
46387  45.280  -39.220  70.986 0.0000000000
45345  46.221  -41.158  70.812 0.0000000000
44327  46.545  -42.226  68.820 0.0000000000
44361  45.891  -41.971  66.243 0.0000000000
44391  45.587  -41.315  64.811 0.0000000000
44379  44.871  -41.461  65.948 0.0000000000
45413  43.139  -40.349  65.591 0.0000000000
46463  42.399  -39.789  65.055 0.0000000000
43493  27.984  -42.141  61.615 0.0000000000
44429  28.046  -41.252  60.234 0.0000000000
42616  27.683  -42.848  59.207 0.0000000000
58979  50.739  -25.936  54.962 0.0000000000
59898  50.541  -25.356  53.726 0.0000000000
58980  49.311  -26.334  54.643 0.0000000000
58060  47.964  -27.074  54.166 0.0000000000
39882  27.900  -46.258  65.958 0.0000000000
39890  26.628  -47.349  64.145 0.0000000000
39873  27.688  -47.120  66.234 0.0000000000
38123  26.548  -48.646  65.778 0.0000000000
37192  26.187  -48.873  66.143 0.0000000000
37124  24.558  -49.498  71.440 0.0000000000
38057  24.306  -48.989  69.873 0.0000000000
38073  23.400  -48.631  69.683 0.0000000000
38089  22.003  -47.929  68.889 0.0000000000
38104  18.869  -48.906  68.008 0.0000000000
48413  36.728  -37.370  77.063 0.0000000000
48434  36.836  -37.516  75.134 0.0000000000
47363  36.926  -37.612  74.301 0.0000000000
47364  36.024  -37.796  74.589 0.0000000000
47379  35.401  -38.248  73.941 0.0000000000
45318  34.680  -39.765  73.012 0.0000000000
39827  32.723  -45.855  72.440 0.0000000000
41620  33.589  -44.392  71.651 0.0000000000
40742  32.162  -45.132  70.902 0.0000000000
41652  31.502  -44.541  69.513 0.0000000000
42511  30.914  -43.979  68.059 0.0000000000
42522  30.614  -43.679  67.348 0.0000000000
41665  29.601  -44.735  67.303 0.0000000000
40770  29.028  -45.200  66.863 0.0000000000
53339  52.731  -33.378  56.258 0.0000000000
53350  52.333  -32.779  55.633 0.0000000000
53349  53.111  -33.323  55.445 0.0000000000
52340  53.307  -33.195  54.403 0.0000000000
123300  17.923  -50.563  78.920 0.0000000000
36172  17.827  -50.855  76.647 0.0000000000
35214  17.970  -51.117  74.732 0.0000000000
35215  17.129  -51.312  75.132 0.0000000000
57997  55.048  -28.068  59.872 0.0000000000
127553  53.763  -29.445  59.725 0.0000000000
57087  54.863  -28.961  60.810 0.0000000000
56216  54.401  -29.687  60.860 0.0000000000
55245  53.775  -30.749  61.651 0.0000000000
57051  51.886  -28.582  64.490 0.0000000000
55178  52.616  -30.919  63.839 0.0000000000
55180  51.817  -30.908  64.158 0.0000000000
52183  52.368  -33.628  64.011 0.0000000000
51232  51.762  -34.974  61.780 0.0000000000
51258  50.687  -35.023  60.023 0.0000000000
51233  49.952  -34.065  61.396 0.0000000000
52248  49.293  -33.843  60.619 0.0000000000
52249  48.424  -33.600  60.609 0.0000000000
131595  43.877  -37.674  65.515 0.0000000000
50230  42.560  -35.769  65.392 0.0000000000
49374  45.217  -37.057  64.832 0.0000000000
49383  46.380  -36.811  64.188 0.0000000000
49399  46.572  -36.657  62.715 0.0000000000
50263  46.011  -35.764  61.419 0.0000000000
49408  45.149  -36.650  60.359 0.0000000000
126869  44.278  -36.085  59.471 0.0000000000
49419  42.485  -35.958  57.869 0.0000000000
50304  41.396  -35.402  56.730 0.0000000000
49426  41.237  -36.198  57.080 0.0000000000
49427  40.328  -37.134  56.875 0.0000000000
133421  38.884  -37.942  56.067 0.0000000000
43546  40.269  -43.010  57.709 0.0000000000
44476  38.973  -41.678  56.249 0.0000000000
43554  39.014  -42.607  56.555 0.0000000000
43564  37.480  -42.196  55.646 0.0000000000
43576  35.894  -42.032  54.912 0.0000000000
47482  37.205  -38.452  67.511 0.0000000000
46448  38.398  -39.155  66.419 0.0000000000
46468  37.192  -38.918  65.902 0.0000000000
47541  36.917  -38.569  63.786 0.0000000000
47558  37.026  -38.258  62.910 0.0000000000
45496  34.503  -39.927  58.366 0.0000000000
44438  34.324  -41.543  59.283 0.0000000000
63847  56.296  -21.403  50.870 0.0000000000
61923  58.518  -23.128  49.734 0.0000000000
128611  56.057  -23.470  48.919 0.0000000000
139331  29.764  -48.130  70.643 0.0000000000
38070  28.868  -48.592  69.358 0.0000000000
38056  28.683  -49.253  70.312 0.0000000000
37136  28.319  -49.537  70.638 0.0000000000
134880  26.847  -49.977  71.393 0.0000000000
36202  28.191  -50.042  73.800 0.0000000000
36214  27.361  -50.152  72.781 0.0000000000
36229  26.243  -50.031  72.008 0.0000000000
37111  24.898  -49.908  72.664 0.0000000000
37089  23.731  -49.254  73.572 0.0000000000
136646  23.098  -48.722  74.074 0.0000000000
44246  35.397  -41.670  77.895 0.0000000000
129526  35.172  -41.746  76.156 0.0000000000
144532  35.455  -42.510  77.073 0.0000000000
41573  35.411  -44.305  75.737 0.0000000000
40709  34.323  -45.223  74.070 0.0000000000
122787  34.172  -46.948  76.500 0.0000000000
146662  34.022  -46.368  75.050 0.0000000000
39819  33.139  -46.075  73.299 0.0000000000
39828  32.128  -46.449  72.452 0.0000000000
38939  30.977  -46.975  71.473 0.0000000000
51323  50.501  -34.608  54.903 0.0000000000
51331  50.624  -34.178  53.857 0.0000000000
52344  49.388  -34.162  53.742 0.0000000000
58862  53.898  -26.151  63.661 0.0000000000
57934  52.416  -27.146  65.668 0.0000000000
57935  51.407  -26.926  65.354 0.0000000000
57962  50.424  -27.955  64.110 0.0000000000
57963  49.516  -27.872  63.664 0.0000000000
50199  44.506  -35.080  69.252 0.0000000000
49347  43.103  -36.759  67.939 0.0000000000
47464  44.432  -38.951  69.196 0.0000000000
47479  44.407  -39.017  68.291 0.0000000000
47496  43.550  -38.176  66.826 0.0000000000
124873  47.000  -38.703  65.611 0.0000000000
46516  46.725  -39.700  62.858 0.0000000000
46542  44.715  -40.001  60.578 0.0000000000
132306  43.279  -39.352  59.348 0.0000000000
46543  44.154  -40.575  60.238 0.0000000000
44433  43.645  -42.087  60.173 0.0000000000
43527  42.292  -42.730  59.398 0.0000000000
44410  44.353  -42.093  62.737 0.0000000000
43499  42.697  -43.278  61.245 0.0000000000
43512  41.740  -43.423  59.930 0.0000000000
42610  40.938  -43.575  59.503 0.0000000000
42612  39.630  -43.806  59.203 0.0000000000
42592  39.577  -43.587  59.592 0.0000000000
46472  32.944  -39.582  65.175 0.0000000000
142956  33.837  -38.929  64.241 0.0000000000
46503  32.469  -39.141  63.643 0.0000000000
47562  31.781  -38.685  61.807 0.0000000000
47607  31.643  -38.539  59.561 0.0000000000
45488  29.096  -40.087  59.519 0.0000000000
46567  30.795  -39.512  58.637 0.0000000000
60900  56.121  -24.202  52.704 0.0000000000
61901  55.361  -23.905  52.070 0.0000000000
61902  54.059  -23.928  52.176 0.0000000000
60912  51.607  -24.141  51.382 0.0000000000
60914  49.842  -24.846  51.213 0.0000000000
59913  49.524  -25.381  52.614 0.0000000000
59921  49.293  -25.291  51.746 0.0000000000
126463  27.235  -49.464  67.976 0.0000000000
37172  26.595  -49.284  67.299 0.0000000000
38113  25.588  -48.771  66.179 0.0000000000
38100  24.463  -48.477  67.381 0.0000000000
38127  24.037  -48.113  65.668 0.0000000000
49304  41.374  -36.975  77.101 0.0000000000
47348  41.899  -38.683  75.637 0.0000000000
46338  42.171  -39.859  74.167 0.0000000000
143145  41.717  -40.364  72.182 0.0000000000
45359  41.088  -40.093  70.038 0.0000000000
46372  40.547  -39.363  71.208 0.0000000000
46389  39.923  -38.806  70.785 0.0000000000
47431  38.291  -37.949  70.158 0.0000000000
47395  37.263  -37.796  72.591 0.0000000000
47413  37.562  -37.819  71.686 0.0000000000
135826  37.567  -37.901  69.873 0.0000000000
147128  36.631  -38.165  68.712 0.0000000000
142464  35.316  -38.711  68.171 0.0000000000
46434  34.571  -39.116  67.261 0.0000000000
44269  34.775  -41.457  74.795 0.0000000000
44277  34.681  -41.302  73.468 0.0000000000
44284  34.680  -40.812  72.633 0.0000000000
132754  34.521  -43.218  71.687 0.0000000000
43394  34.621  -42.401  71.355 0.0000000000
44307  34.703  -40.608  70.873 0.0000000000
45360  34.563  -40.421  69.406 0.0000000000
45373  34.049  -40.558  68.080 0.0000000000
45404  33.291  -40.148  66.455 0.0000000000
45417  31.869  -40.697  65.252 0.0000000000
44392  31.176  -41.094  64.850 0.0000000000
44394  29.761  -41.925  63.928 0.0000000000
42533  30.130  -43.177  65.856 0.0000000000
43463  29.510  -42.643  64.426 0.0000000000
43478  28.291  -42.438  62.519 0.0000000000
42556  27.324  -43.584  62.250 0.0000000000
56259  48.324  -29.439  57.556 0.0000000000
56271  47.598  -29.213  56.142 0.0000000000
55321  48.044  -30.355  56.652 0.0000000000
54305  51.674  -32.213  55.068 0.0000000000
54312  52.141  -31.942  54.480 0.0000000000
52342  51.339  -33.835  53.387 0.0000000000
37947  28.847  -49.305  80.034 0.0000000000
36096  27.835  -50.567  80.147 0.0000000000
35181  26.979  -51.229  79.444 0.0000000000
36098  25.732  -50.480  80.818 0.0000000000
36130  25.704  -50.760  78.884 0.0000000000
140063  24.784  -49.756  76.948 0.0000000000
38000  23.261  -48.756  75.775 0.0000000000
38001  22.523  -48.593  75.460 0.0000000000
37025  21.540  -49.573  79.743 0.0000000000
126925  21.259  -49.323  77.249 0.0000000000
37076  21.217  -48.944  75.823 0.0000000000
38015  20.739  -48.670  74.164 0.0000000000
38041  19.881  -48.798  72.974 0.0000000000
62862  58.430  -23.129  53.258 0.0000000000
60888  57.665  -24.421  53.795 0.0000000000
125926  56.773  -24.742  53.962 0.0000000000
143947  54.835  -24.969  54.266 0.0000000000
60854  57.814  -24.464  56.138 0.0000000000
59880  56.046  -25.461  55.158 0.0000000000
59869  53.297  -25.799  55.387 0.0000000000
141967  52.127  -26.300  55.919 0.0000000000
58958  51.465  -26.689  56.307 0.0000000000
58036  51.178  -27.346  57.001 0.0000000000
58019  53.916  -27.658  57.596 0.0000000000
58021  51.849  -27.726  57.504 0.0000000000
57118  50.472  -28.273  57.885 0.0000000000
56245  49.116  -29.654  58.816 0.0000000000
55296  49.237  -30.469  59.199 0.0000000000
54275  49.929  -31.985  58.927 0.0000000000
55284  51.843  -30.281  60.324 0.0000000000
54263  50.345  -31.467  59.761 0.0000000000
53323  50.606  -32.732  58.534 0.0000000000
52294  51.677  -33.473  58.155 0.0000000000
130294  53.270  -34.400  56.910 0.0000000000
51289  52.776  -35.016  56.335 0.0000000000
57073  54.310  -28.053  62.894 0.0000000000
55222  54.005  -29.601  62.444 0.0000000000
125798  53.867  -31.980  61.985 0.0000000000
54195  53.193  -32.141  63.602 0.0000000000
53283  53.886  -32.957  62.628 0.0000000000
53300  53.556  -33.539  61.409 0.0000000000
51265  53.544  -35.160  58.995 0.0000000000
50291  53.132  -35.336  57.650 0.0000000000
51290  51.784  -35.233  56.172 0.0000000000
51307  49.971  -34.739  55.433 0.0000000000
51308  48.817  -34.435  55.456 0.0000000000
51280  48.615  -34.376  57.496 0.0000000000
51293  47.858  -34.091  56.082 0.0000000000
57936  48.221  -26.829  64.813 0.0000000000
57064  48.355  -28.656  62.860 0.0000000000
55122  46.658  -30.742  67.295 0.0000000000
143298  43.833  -33.128  65.880 0.0000000000
54149  44.687  -32.076  65.895 0.0000000000
123406  46.536  -29.933  65.902 0.0000000000
55183  45.941  -29.949  64.330 0.0000000000
56193  46.999  -29.826  62.517 0.0000000000
54197  48.382  -31.227  63.212 0.0000000000
51174  48.748  -33.904  64.548 0.0000000000
51234  48.172  -34.060  62.189 0.0000000000
52251  46.743  -33.565  60.203 0.0000000000
51251  45.562  -34.532  60.373 0.0000000000
52252  45.859  -33.730  60.008 0.0000000000
52284  45.438  -33.126  58.433 0.0000000000
52298  44.416  -32.964  57.239 0.0000000000
51313  39.747  -34.714  55.231 0.0000000000
51333  38.298  -34.370  53.495 0.0000000000
140953  41.957  -39.101  58.335 0.0000000000
47624  40.021  -38.857  56.932 0.0000000000
47631  38.413  -38.616  55.695 0.0000000000
45511  38.917  -40.812  56.085 0.0000000000
46583  38.007  -39.414  55.372 0.0000000000
45388  40.992  -40.157  68.142 0.0000000000
45402  41.389  -40.086  66.734 0.0000000000
143168  41.483  -38.841  64.106 0.0000000000
46483  39.050  -39.005  64.917 0.0000000000
138859  40.088  -38.626  64.129 0.0000000000
47553  41.720  -38.471  62.507 0.0000000000
46544  40.357  -39.734  60.621 0.0000000000
44435  39.167  -42.219  59.857 0.0000000000
42593  38.857  -43.735  59.196 0.0000000000
140795  34.413  -38.517  63.292 0.0000000000
47559  35.592  -38.212  62.500 0.0000000000
122722  36.832  -37.711  60.643 0.0000000000
46563  35.326  -39.677  58.372 0.0000000000
47613  36.481  -39.107  58.547 0.0000000000
47612  37.089  -38.777  58.829 0.0000000000
44437  38.034  -41.613  58.924 0.0000000000
42594  38.014  -43.709  58.875 0.0000000000
61927  55.002  -23.546  50.521 0.0000000000
61933  54.369  -23.473  49.766 0.0000000000
136748  54.072  -23.402  48.226 0.0000000000
126230  47.338  -29.507  54.577 0.0000000000
129938  42.443  -40.793  72.155 0.0000000000
45336  43.524  -41.224  72.051 0.0000000000
44294  43.388  -41.331  70.999 0.0000000000
44306  43.413  -41.336  70.046 0.0000000000
44317  43.115  -41.176  69.247 0.0000000000
45357  42.530  -40.897  69.507 0.0000000000
58023  49.528  -27.653  56.774 0.0000000000
58038  48.785  -27.691  56.245 0.0000000000
57130  48.345  -28.406  56.578 0.0000000000
38962  29.014  -47.586  68.743 0.0000000000
38963  28.448  -47.725  67.966 0.0000000000
129836  22.422  -48.471  72.882 0.0000000000
132692  22.244  -48.290  71.522 0.0000000000
38039  21.325  -48.022  72.199 0.0000000000
38061  20.521  -47.851  70.909 0.0000000000
132191  21.037  -48.112  72.965 0.0000000000
45267  35.251  -40.205  78.121 0.0000000000
46268  35.246  -39.323  78.687 0.0000000000
46277  35.227  -39.357  77.752 0.0000000000
47331  35.452  -38.455  77.931 0.0000000000
131024  34.946  -39.257  76.131 0.0000000000
38945  29.872  -47.403  70.143 0.0000000000
39851  30.154  -46.393  69.832 0.0000000000
39852  29.577  -46.931  69.320 0.0000000000
39857  29.297  -46.544  68.589 0.0000000000
51305  52.335  -34.747  55.605 0.0000000000
51322  52.248  -34.366  54.870 0.0000000000
135014  51.110  -34.426  54.507 0.0000000000
58872  53.621  -26.231  62.497 0.0000000000
55182  50.230  -31.159  64.034 0.0000000000
54177  49.825  -31.843  64.347 0.0000000000
130764  49.818  -32.533  64.687 0.0000000000
54196  49.344  -31.173  63.695 0.0000000000
145934  45.344  -38.785  60.761 0.0000000000
47599  44.327  -38.467  59.974 0.0000000000
136594  43.952  -37.951  59.611 0.0000000000
47600  43.668  -38.589  59.524 0.0000000000
134676  42.810  -37.917  58.779 0.0000000000
47601  43.006  -38.536  59.050 0.0000000000
46452  34.452  -39.081  66.492 0.0000000000
125138  35.034  -38.874  66.146 0.0000000000
46470  34.485  -39.021  65.622 0.0000000000
62871  58.405  -22.869  52.068 0.0000000000
61911  58.267  -23.346  51.737 0.0000000000
38011  30.610  -48.874  74.316 0.0000000000
37098  30.036  -49.210  74.153 0.0000000000
131934  26.880  -50.909  77.022 0.0000000000
36180  26.845  -50.728  76.175 0.0000000000
132862  25.979  -50.656  75.999 0.0000000000
36168  25.578  -50.450  76.634 0.0000000000
42412  34.306  -43.658  79.105 0.0000000000
41557  34.998  -44.651  78.333 0.0000000000
40638  34.624  -45.483  78.190 0.0000000000
37998  31.455  -48.760  75.558 0.0000000000
38009  31.970  -48.198  75.014 0.0000000000
38010  31.271  -48.494  74.637 0.0000000000
38023  31.039  -48.279  73.587 0.0000000000
49326  45.118  -36.925  72.775 0.0000000000
50170  45.499  -35.416  72.547 0.0000000000
49331  45.193  -35.992  71.428 0.0000000000
134127  44.962  -37.502  71.366 0.0000000000
44360  46.886  -42.103  66.909 0.0000000000
45383  47.597  -41.382  67.382 0.0000000000
44359  47.225  -41.525  66.195 0.0000000000
45427  47.197  -40.971  65.282 0.0000000000
44389  46.543  -41.214  64.913 0.0000000000
44396  45.240  -41.325  63.333 0.0000000000
44390  46.171  -41.377  64.854 0.0000000000
46519  42.910  -39.621  62.758 0.0000000000
46533  42.750  -40.349  62.250 0.0000000000
46534  41.999  -40.126  61.719 0.0000000000
45447  29.940  -40.830  62.928 0.0000000000
45461  30.223  -40.102  62.563 0.0000000000
45462  29.555  -40.506  62.152 0.0000000000
59895  53.120  -24.995  54.041 0.0000000000
141700  52.442  -24.757  53.550 0.0000000000
39897  26.826  -46.286  63.774 0.0000000000
37138  26.426  -49.707  70.224 0.0000000000
131995  26.192  -49.486  69.001 0.0000000000
122895  25.867  -49.498  69.774 0.0000000000
39001  22.221  -47.559  65.468 0.0000000000
48423  38.608  -37.650  75.381 0.0000000000
47361  39.437  -38.105  74.893 0.0000000000
122678  38.736  -37.901  73.954 0.0000000000
46374  35.066  -39.016  71.687 0.0000000000
142684  35.126  -39.160  70.941 0.0000000000
45339  34.834  -39.841  71.267 0.0000000000
41588  34.528  -44.585  73.634 0.0000000000
139055  34.954  -43.542  73.674 0.0000000000
42509  32.322  -43.295  68.790 0.0000000000
43438  31.687  -42.666  67.374 0.0000000000
42526  31.018  -43.043  66.984 0.0000000000
40793  27.046  -45.375  63.485 0.0000000000
53333  49.983  -32.291  57.010 0.0000000000
37008  24.084  -49.665  81.261 0.0000000000
124048  23.428  -49.526  80.249 0.0000000000
36171  18.727  -50.781  76.495 0.0000000000
36154  19.349  -50.623  77.100 0.0000000000
36170  19.447  -50.552  76.307 0.0000000000
36182  19.441  -50.483  75.533 0.0000000000
36195  19.349  -50.424  74.716 0.0000000000
36183  18.767  -50.802  75.158 0.0000000000
62837  58.082  -22.852  55.457 0.0000000000
63781  57.937  -21.701  55.828 0.0000000000
59836  57.015  -25.278  56.967 0.0000000000
59855  56.465  -25.849  56.725 0.0000000000
58935  55.811  -26.312  57.057 0.0000000000
142077  54.094  -28.524  58.649 0.0000000000
57096  53.330  -29.124  59.127 0.0000000000
54251  53.002  -31.656  61.194 0.0000000000
145595  52.295  -31.979  60.849 0.0000000000
53301  52.933  -33.731  60.762 0.0000000000
57049  53.403  -27.906  64.557 0.0000000000
141355  53.649  -28.181  64.048 0.0000000000
56157  53.138  -28.737  64.109 0.0000000000
51247  52.272  -35.543  60.981 0.0000000000
50273  52.639  -35.833  59.700 0.0000000000
50274  51.572  -35.635  59.442 0.0000000000
51266  50.463  -35.142  59.180 0.0000000000
125376  47.321  -33.515  57.602 0.0000000000
141322  46.629  -33.175  58.040 0.0000000000
130754  46.024  -32.923  58.004 0.0000000000
139556  47.322  -29.252  66.743 0.0000000000
51115  43.451  -35.135  67.843 0.0000000000
51133  43.899  -34.296  67.656 0.0000000000
51134  43.339  -34.623  67.128 0.0000000000
51176  46.081  -34.907  64.030 0.0000000000
51200  44.518  -34.241  63.260 0.0000000000
51199  45.754  -34.244  63.685 0.0000000000
52203  46.001  -33.409  63.380 0.0000000000
51175  46.702  -34.473  64.161 0.0000000000
50256  46.971  -35.135  63.420 0.0000000000
50293  42.959  -35.285  57.919 0.0000000000
51270  43.476  -34.492  58.024 0.0000000000
51283  42.777  -34.547  57.325 0.0000000000
51295  42.333  -34.203  56.549 0.0000000000
51296  41.626  -34.613  56.351 0.0000000000
51311  41.196  -34.234  55.719 0.0000000000
139888  38.449  -36.956  55.471 0.0000000000
49435  38.027  -36.827  55.086 0.0000000000
44461  41.336  -41.585  57.925 0.0000000000
128297  40.838  -41.334  57.469 0.0000000000
127062  39.675  -39.431  68.418 0.0000000000
46417  38.822  -38.927  68.246 0.0000000000
126070  38.050  -37.728  61.768 0.0000000000
47556  38.602  -37.803  62.230 0.0000000000
126359  39.052  -38.214  60.347 0.0000000000
47589  38.277  -37.960  60.125 0.0000000000
47594  33.140  -38.233  59.908 0.0000000000
47605  33.377  -38.312  59.002 0.0000000000
60921  50.424  -24.397  50.109 0.0000000000
60927  49.833  -24.647  49.419 0.0000000000
137539  31.586  -49.618  78.106 0.0000000000
37058  30.630  -49.716  76.688 0.0000000000
37046  30.860  -50.002  77.714 0.0000000000
36110  29.395  -50.500  79.330 0.0000000000
36128  29.559  -50.681  78.812 0.0000000000
140273  29.043  -50.930  79.152 0.0000000000
35179  28.328  -51.197  79.222 0.0000000000
37018  32.015  -48.996  79.215 0.0000000000
37971  32.598  -48.540  78.830 0.0000000000
37033  32.189  -49.156  78.473 0.0000000000
37980  32.084  -49.136  77.476 0.0000000000
47359  42.895  -39.073  75.048 0.0000000000
47346  42.943  -38.568  75.282 0.0000000000
46318  43.373  -39.483  74.491 0.0000000000
46353  44.885  -40.131  72.982 0.0000000000
46335  44.531  -39.574  73.500 0.0000000000
47391  45.077  -39.069  72.763 0.0000000000
46371  45.298  -40.107  72.311 0.0000000000
46370  45.624  -40.158  71.610 0.0000000000
45334  45.451  -40.943  71.894 0.0000000000
44315  44.998  -42.032  69.559 0.0000000000
44314  46.071  -42.064  69.742 0.0000000000
44328  45.532  -42.210  68.845 0.0000000000
146703  46.044  -42.353  68.220 0.0000000000
44362  44.715  -41.674  66.888 0.0000000000
45386  42.556  -40.710  67.290 0.0000000000
45401  42.821  -40.575  66.489 0.0000000000
45414  42.026  -40.052  66.015 0.0000000000
42582  27.071  -43.159  60.470 0.0000000000
43506  27.422  -42.385  60.203 0.0000000000
127878  27.335  -42.814  59.729 0.0000000000
125303  51.459  -26.104  55.506 0.0000000000
121738  49.963  -26.292  55.113 0.0000000000
127798  47.967  -27.439  54.882 0.0000000000
58973  48.649  -26.893  54.928 0.0000000000
57141  46.994  -28.787  53.926 0.0000000000
39883  27.358  -46.885  65.497 0.0000000000
38974  27.539  -48.621  67.088 0.0000000000
38988  27.582  -47.926  66.612 0.0000000000
38112  27.241  -48.394  66.422 0.0000000000
37181  26.645  -48.915  66.427 0.0000000000
37125  23.964  -49.168  70.906 0.0000000000
38058  23.362  -48.792  70.423 0.0000000000
38952  21.373  -47.762  69.363 0.0000000000
38075  21.999  -48.042  69.710 0.0000000000
38965  21.250  -47.655  68.629 0.0000000000
129842  21.149  -47.556  67.788 0.0000000000
38966  20.469  -47.606  68.321 0.0000000000
38993  19.887  -47.787  67.031 0.0000000000
38979  19.823  -47.758  67.905 0.0000000000
38062  19.482  -48.295  70.333 0.0000000000
136793  19.360  -48.159  69.043 0.0000000000
37163  18.760  -49.296  68.744 0.0000000000
38077  18.825  -49.173  69.440 0.0000000000
48380  36.377  -37.059  79.297 0.0000000000
48399  36.648  -37.338  78.125 0.0000000000
48425  36.776  -37.423  76.051 0.0000000000
47351  35.923  -37.765  75.490 0.0000000000
46321  34.760  -38.946  74.353 0.0000000000
46340  34.864  -38.934  73.452 0.0000000000
133964  34.583  -39.756  73.856 0.0000000000
39836  32.020  -46.074  71.898 0.0000000000
40733  32.448  -45.432  71.628 0.0000000000
40734  31.780  -45.754  71.248 0.0000000000
40753  30.448  -45.588  69.508 0.0000000000
40752  31.110  -45.183  69.884 0.0000000000
41653  30.812  -44.907  69.150 0.0000000000
41661  31.208  -44.268  68.784 0.0000000000
41662  30.505  -44.610  68.430 0.0000000000
41664  30.230  -44.334  67.698 0.0000000000
40762  29.861  -44.997  68.039 0.0000000000
40764  28.699  -45.956  67.165 0.0000000000
40763  29.269  -45.443  67.610 0.0000000000
40771  28.430  -45.688  66.429 0.0000000000
52317  53.181  -33.817  55.677 0.0000000000
36156  17.583  -50.727  77.514 0.0000000000
35206  17.037  -51.043  76.008 0.0000000000
57094  54.942  -28.627  60.035 0.0000000000
57986  55.023  -28.134  60.740 0.0000000000
57080  54.764  -28.497  61.545 0.0000000000
56206  54.474  -29.368  61.560 0.0000000000
55265  54.145  -30.025  61.358 0.0000000000
56159  51.658  -29.366  64.076 0.0000000000
132852  51.988  -30.065  64.011 0.0000000000
53256  51.077  -33.056  64.748 0.0000000000
53255  51.869  -33.100  64.429 0.0000000000
52184  51.549  -33.541  64.319 0.0000000000
51217  52.328  -34.843  62.589 0.0000000000
51218  51.281  -34.464  62.600 0.0000000000
142140  50.822  -34.444  61.798 0.0000000000
142911  49.461  -33.956  62.188 0.0000000000
52235  48.863  -33.753  61.515 0.0000000000
48490  46.644  -38.043  65.055 0.0000000000
49375  44.124  -37.129  64.935 0.0000000000
138149  45.861  -37.614  65.132 0.0000000000
48521  46.544  -37.468  62.219 0.0000000000
48509  46.764  -37.306  63.925 0.0000000000
49393  46.606  -36.535  63.624 0.0000000000
49403  46.226  -36.654  61.810 0.0000000000
49404  45.689  -36.624  61.029 0.0000000000
48537  43.511  -37.108  59.107 0.0000000000
49413  43.884  -36.611  59.282 0.0000000000
49415  43.337  -36.577  58.783 0.0000000000
122797  43.106  -35.946  58.382 0.0000000000
49417  41.837  -36.693  57.722 0.0000000000
48542  41.333  -37.746  57.742 0.0000000000
49420  40.994  -36.966  57.295 0.0000000000
48543  40.668  -37.600  57.254 0.0000000000
48548  39.565  -37.328  56.406 0.0000000000
48547  40.089  -37.904  56.918 0.0000000000
44463  40.128  -42.393  57.227 0.0000000000
43553  39.615  -43.109  57.255 0.0000000000
43565  36.655  -42.302  55.388 0.0000000000
46449  37.045  -38.695  66.693 0.0000000000
46486  35.912  -38.808  64.761 0.0000000000
47524  36.749  -38.793  64.594 0.0000000000
129185  36.257  -38.676  64.104 0.0000000000
140816  58.466  -23.150  50.316 0.0000000000
63845  58.505  -22.301  50.420 0.0000000000
61932  57.934  -23.520  50.000 0.0000000000
123123  57.369  -23.466  49.205 0.0000000000
38044  29.944  -48.377  71.311 0.0000000000
38055  29.304  -48.825  70.689 0.0000000000
38045  29.508  -48.959  71.527 0.0000000000
37121  28.452  -49.639  71.499 0.0000000000
37122  27.671  -49.848  71.196 0.0000000000
36227  27.900  -49.944  72.122 0.0000000000
36164  29.251  -50.179  76.380 0.0000000000
37073  29.008  -49.891  74.832 0.0000000000
36191  28.360  -50.112  74.631 0.0000000000
36204  26.690  -50.370  73.805 0.0000000000
36203  27.478  -50.220  73.494 0.0000000000
36215  26.548  -50.210  72.874 0.0000000000
36216  25.612  -50.080  72.722 0.0000000000
124291  25.274  -49.839  71.905 0.0000000000
140850  24.759  -50.006  74.784 0.0000000000
37088  24.406  -49.775  74.027 0.0000000000
137800  23.779  -49.147  74.447 0.0000000000
42411  35.139  -42.524  79.070 0.0000000000
44232  34.574  -41.293  79.521 0.0000000000
43342  35.092  -41.670  79.216 0.0000000000
44239  35.230  -41.217  78.942 0.0000000000
43348  35.360  -41.925  78.608 0.0000000000
43353  35.500  -42.480  77.792 0.0000000000
41568  35.456  -44.780  76.877 0.0000000000
137051  35.635  -43.914  76.615 0.0000000000
40692  35.103  -44.927  75.153 0.0000000000
40674  34.940  -45.497  75.477 0.0000000000
38889  33.713  -47.598  77.795 0.0000000000
39773  34.428  -46.589  77.716 0.0000000000
38895  33.725  -47.523  76.891 0.0000000000
38912  32.849  -47.169  74.601 0.0000000000
39812  33.530  -46.646  74.784 0.0000000000
146367  33.142  -46.716  74.309 0.0000000000
125583  33.395  -46.290  74.069 0.0000000000
39820  32.790  -46.746  73.817 0.0000000000
124124  32.484  -46.551  73.030 0.0000000000
38932  30.806  -48.113  72.613 0.0000000000
38931  31.203  -47.430  72.288 0.0000000000
124884  30.587  -47.892  71.807 0.0000000000
38940  30.282  -47.589  71.008 0.0000000000
58833  51.055  -26.203  65.682 0.0000000000
131338  49.374  -25.908  65.232 0.0000000000
58849  50.218  -26.482  64.937 0.0000000000
57952  49.749  -27.175  64.256 0.0000000000
49317  43.777  -37.058  74.962 0.0000000000
50188  44.499  -35.878  69.864 0.0000000000
50187  45.062  -35.202  70.133 0.0000000000
50189  43.943  -35.955  69.105 0.0000000000
49343  43.491  -36.789  68.776 0.0000000000
46401  45.258  -39.536  69.999 0.0000000000
47447  44.577  -38.658  70.016 0.0000000000
46414  45.326  -39.678  69.078 0.0000000000
46428  45.503  -39.683  68.099 0.0000000000
47495  44.539  -38.912  67.173 0.0000000000
47480  43.644  -38.351  67.730 0.0000000000
125463  45.335  -38.788  66.374 0.0000000000
47494  46.648  -39.139  66.282 0.0000000000
45457  46.393  -40.524  63.271 0.0000000000
46499  47.128  -40.009  63.770 0.0000000000
46517  46.077  -40.301  62.321 0.0000000000
46531  45.687  -39.930  61.547 0.0000000000
46532  45.168  -40.340  61.147 0.0000000000
45477  44.695  -41.247  61.010 0.0000000000
44425  44.094  -42.524  61.091 0.0000000000
44434  43.011  -42.462  59.783 0.0000000000
43510  43.310  -42.971  60.705 0.0000000000
45428  44.892  -40.929  64.147 0.0000000000
45443  44.784  -41.409  63.320 0.0000000000
44416  42.634  -42.646  62.099 0.0000000000
43488  42.902  -43.086  61.878 0.0000000000
42589  41.904  -43.414  60.793 0.0000000000
42590  41.122  -43.562  60.349 0.0000000000
42576  40.665  -43.427  60.534 0.0000000000
42577  40.088  -43.476  60.192 0.0000000000
43513  39.621  -43.110  60.158 0.0000000000
45431  32.240  -39.959  64.889 0.0000000000
46490  32.675  -39.384  64.443 0.0000000000
46491  31.940  -39.672  64.117 0.0000000000
46523  30.603  -39.449  62.102 0.0000000000
46522  31.378  -39.127  62.422 0.0000000000
46536  31.049  -38.930  61.582 0.0000000000
47596  31.569  -38.524  60.358 0.0000000000
47608  30.901  -38.710  59.818 0.0000000000
44443  28.125  -41.457  59.257 0.0000000000
45481  28.496  -40.632  59.763 0.0000000000
45489  28.876  -40.757  58.894 0.0000000000
45500  30.531  -40.305  58.536 0.0000000000
44453  31.073  -40.891  58.610 0.0000000000
45499  31.525  -40.025  58.393 0.0000000000
60901  54.960  -24.211  52.866 0.0000000000
60902  52.252  -24.155  52.115 0.0000000000
60913  50.647  -24.478  51.457 0.0000000000
59899  49.750  -25.550  53.456 0.0000000000
59900  48.952  -25.847  53.126 0.0000000000
139112  26.616  -47.896  64.664 0.0000000000
39010  26.380  -48.199  64.330 0.0000000000
141404  28.054  -49.457  69.400 0.0000000000
37159  28.268  -49.209  69.018 0.0000000000
37160  27.751  -49.520  68.862 0.0000000000
37173  25.945  -49.185  67.501 0.0000000000
37183  25.914  -49.002  66.899 0.0000000000
38072  23.849  -48.591  68.918 0.0000000000
123954  23.931  -48.414  68.110 0.0000000000
38101  23.533  -48.175  67.555 0.0000000000
39000  23.204  -47.868  64.918 0.0000000000
38115  23.808  -48.125  66.667 0.0000000000
49290  37.623  -36.428  78.905 0.0000000000
49289  38.538  -36.144  78.675 0.0000000000
48409  40.376  -37.416  76.999 0.0000000000
140590  39.837  -36.652  77.898 0.0000000000
48395  40.523  -36.976  77.440 0.0000000000
48408  41.136  -37.696  76.663 0.0000000000
48422  41.866  -38.251  76.041 0.0000000000
47337  41.296  -38.326  75.962 0.0000000000
47375  40.552  -38.923  73.771 0.0000000000
46339  41.360  -39.292  74.445 0.0000000000
128893  41.297  -39.607  73.589 0.0000000000
45317  41.898  -40.151  73.420 0.0000000000
46355  41.306  -39.902  72.676 0.0000000000
45338  41.114  -39.937  71.737 0.0000000000
125336  40.607  -39.272  72.016 0.0000000000
47393  39.175  -38.140  72.314 0.0000000000
47411  39.347  -38.295  71.423 0.0000000000
47430  39.155  -38.285  70.454 0.0000000000
47412  38.400  -37.925  71.024 0.0000000000
47377  36.928  -37.732  73.445 0.0000000000
131188  36.556  -37.926  71.294 0.0000000000
47432  37.355  -37.842  70.668 0.0000000000
129931  36.770  -37.959  69.985 0.0000000000
47451  37.255  -38.005  69.169 0.0000000000
47452  36.283  -38.202  69.371 0.0000000000
46404  34.944  -39.550  69.408 0.0000000000
46418  35.101  -39.033  68.751 0.0000000000
132955  34.787  -39.151  68.024 0.0000000000
43365  35.113  -42.209  75.433 0.0000000000
44261  34.931  -41.201  75.573 0.0000000000
43378  34.845  -42.192  73.644 0.0000000000
43385  34.764  -41.958  72.810 0.0000000000
43393  34.704  -41.676  71.942 0.0000000000
42461  34.001  -43.713  71.281 0.0000000000
138696  33.975  -42.755  70.139 0.0000000000
43401  34.440  -42.178  70.524 0.0000000000
44296  34.648  -41.485  71.060 0.0000000000
142443  34.527  -41.153  70.135 0.0000000000
44318  34.239  -41.289  69.240 0.0000000000
44348  33.460  -41.138  67.739 0.0000000000
44332  33.867  -41.294  68.498 0.0000000000
45390  33.682  -40.365  67.306 0.0000000000
45416  32.627  -40.266  65.704 0.0000000000
45405  32.692  -40.745  66.367 0.0000000000
43458  31.129  -42.119  65.901 0.0000000000
44381  31.485  -41.425  65.575 0.0000000000
44382  30.815  -41.808  65.182 0.0000000000
44393  30.496  -41.494  64.430 0.0000000000
43462  30.152  -42.213  64.778 0.0000000000
41667  29.980  -44.075  66.958 0.0000000000
42527  30.365  -43.419  66.608 0.0000000000
42528  29.746  -43.825  66.207 0.0000000000
144740  28.667  -43.605  64.429 0.0000000000
42538  29.217  -43.280  64.773 0.0000000000
42545  28.927  -43.085  64.072 0.0000000000
43466  28.594  -42.793  63.349 0.0000000000
42555  27.937  -43.194  62.819 0.0000000000
43479  27.664  -42.861  61.972 0.0000000000
55311  48.278  -30.240  57.670 0.0000000000
54288  48.616  -31.009  57.123 0.0000000000
54307  49.607  -31.579  55.282 0.0000000000
136346  50.053  -31.538  54.720 0.0000000000
53355  52.903  -32.607  54.925 0.0000000000
54318  52.491  -31.629  53.893 0.0000000000
52343  50.143  -33.871  53.124 0.0000000000
37005  27.517  -50.042  80.506 0.0000000000
36097  26.998  -50.494  80.541 0.0000000000
36113  27.379  -51.033  80.081 0.0000000000
134642  26.460  -50.872  80.275 0.0000000000
36152  25.129  -50.174  78.173 0.0000000000
37047  24.617  -49.644  77.511 0.0000000000
37049  22.936  -48.947  77.555 0.0000000000
37061  23.358  -48.910  76.677 0.0000000000
37990  22.542  -48.714  76.239 0.0000000000
36116  20.277  -50.223  79.193 0.0000000000
36099  20.010  -50.270  79.914 0.0000000000
37026  20.815  -49.906  80.033 0.0000000000
37040  21.072  -49.789  79.071 0.0000000000
37039  21.940  -49.393  79.091 0.0000000000
130851  21.363  -49.445  78.146 0.0000000000
37077  20.536  -49.391  75.544 0.0000000000
38003  20.956  -48.792  75.002 0.0000000000
38029  20.534  -48.470  73.363 0.0000000000
37104  20.122  -49.055  73.819 0.0000000000
37114  19.416  -49.419  72.569 0.0000000000
35227  18.100  -51.438  73.038 0.0000000000
63807  57.820  -22.344  53.914 0.0000000000
61888  58.005  -24.114  52.999 0.0000000000
61887  58.297  -23.827  53.786 0.0000000000
60877  57.955  -24.385  54.519 0.0000000000
140479  57.422  -24.704  54.426 0.0000000000
60878  56.807  -25.079  54.728 0.0000000000
62826  58.015  -22.957  56.404 0.0000000000
59867  56.381  -25.791  55.999 0.0000000000
59881  54.862  -25.349  54.833 0.0000000000
59868  54.324  -25.824  55.456 0.0000000000
58969  53.902  -26.266  55.972 0.0000000000
58957  52.570  -26.706  56.444 0.0000000000
58035  52.173  -27.212  56.955 0.0000000000
58936  55.172  -26.811  57.448 0.0000000000
58018  54.730  -27.452  57.915 0.0000000000
57116  52.440  -28.089  57.896 0.0000000000
135278  51.055  -27.838  57.552 0.0000000000
57107  49.746  -28.869  58.337 0.0000000000
57106  50.773  -28.756  58.534 0.0000000000
56230  50.519  -29.774  59.588 0.0000000000
56231  49.691  -29.877  59.422 0.0000000000
54276  49.254  -31.273  58.526 0.0000000000
54264  49.650  -31.180  59.288 0.0000000000
127151  52.739  -29.721  59.797 0.0000000000
55283  52.728  -30.283  60.513 0.0000000000
53303  51.032  -32.210  60.120 0.0000000000
143374  51.190  -31.157  60.463 0.0000000000
53311  50.648  -32.530  59.349 0.0000000000
52293  53.020  -34.218  57.626 0.0000000000
52292  53.433  -34.862  57.652 0.0000000000
51288  53.236  -34.902  56.951 0.0000000000
128473  54.090  -26.571  64.331 0.0000000000
58861  54.246  -26.987  63.667 0.0000000000
57961  54.170  -27.510  63.580 0.0000000000
56173  53.610  -29.461  63.201 0.0000000000
127175  54.044  -28.734  63.000 0.0000000000
54215  53.699  -30.693  62.450 0.0000000000
54235  53.800  -31.082  62.078 0.0000000000
54216  53.752  -31.778  62.547 0.0000000000
54175  52.690  -31.891  64.026 0.0000000000
137056  52.976  -31.353  63.657 0.0000000000
53268  53.458  -32.973  63.424 0.0000000000
51216  53.669  -34.730  62.051 0.0000000000
52220  53.808  -34.004  62.352 0.0000000000
52234  53.781  -34.252  61.728 0.0000000000
53292  53.975  -33.265  61.931 0.0000000000
52245  53.587  -34.507  61.088 0.0000000000
52246  53.332  -34.720  60.287 0.0000000000
51257  53.472  -35.235  59.707 0.0000000000
50292  52.081  -35.641  57.626 0.0000000000
50301  52.507  -35.394  56.884 0.0000000000
121906  50.546  -35.078  56.123 0.0000000000
129477  49.548  -34.739  56.074 0.0000000000
51259  49.652  -34.309  59.779 0.0000000000
51267  49.543  -34.627  58.845 0.0000000000
51268  48.725  -34.237  58.442 0.0000000000
52305  47.166  -33.587  56.677 0.0000000000
51281  47.907  -34.037  56.977 0.0000000000
52318  47.047  -33.664  55.814 0.0000000000
57053  47.407  -28.035  64.891 0.0000000000
57954  47.826  -27.523  64.336 0.0000000000
138866  47.995  -27.919  63.489 0.0000000000
57065  47.487  -28.580  63.068 0.0000000000
53236  45.274  -32.598  67.614 0.0000000000
53235  45.971  -32.273  68.232 0.0000000000
54142  45.677  -31.935  67.283 0.0000000000
54141  46.341  -31.482  67.740 0.0000000000
50241  42.869  -35.580  64.472 0.0000000000
51162  42.586  -34.969  65.223 0.0000000000
51179  42.763  -34.710  64.366 0.0000000000
54180  44.206  -31.892  63.753 0.0000000000
54160  44.362  -31.848  64.860 0.0000000000
54159  45.030  -31.417  65.460 0.0000000000
55143  45.687  -31.010  65.950 0.0000000000
55160  45.353  -30.861  65.065 0.0000000000
56146  46.424  -29.591  65.017 0.0000000000
55184  45.447  -30.511  64.203 0.0000000000
54199  46.606  -31.775  62.720 0.0000000000
55225  46.290  -30.356  62.681 0.0000000000
54218  46.890  -30.798  62.499 0.0000000000
55224  47.433  -30.301  62.503 0.0000000000
54198  47.510  -31.568  62.974 0.0000000000
53259  48.311  -32.935  64.488 0.0000000000
52187  48.126  -33.682  64.655 0.0000000000
51220  47.489  -34.594  62.775 0.0000000000
51219  48.374  -34.301  63.342 0.0000000000
52236  47.903  -33.683  61.238 0.0000000000
52237  47.086  -33.775  60.940 0.0000000000
50267  45.420  -35.625  60.609 0.0000000000
51237  45.957  -34.870  61.095 0.0000000000
50275  44.999  -35.087  60.028 0.0000000000
51269  44.156  -33.970  58.479 0.0000000000
51261  45.051  -34.216  59.629 0.0000000000
52270  44.840  -33.642  58.885 0.0000000000
52269  45.606  -33.480  59.226 0.0000000000
52285  44.623  -33.180  58.129 0.0000000000
52323  42.363  -33.411  55.123 0.0000000000
50305  40.621  -35.831  56.476 0.0000000000
50313  40.166  -35.264  55.844 0.0000000000
50314  39.344  -35.588  55.515 0.0000000000
50325  37.594  -35.735  53.994 0.0000000000
50324  38.235  -35.089  54.285 0.0000000000
50329  37.805  -35.091  53.586 0.0000000000
136076  42.596  -39.237  58.828 0.0000000000
135701  42.192  -40.004  58.545 0.0000000000
46572  40.287  -39.749  57.099 0.0000000000
135661  40.622  -39.107  57.354 0.0000000000
143499  39.452  -39.039  56.514 0.0000000000
47630  38.988  -38.817  56.161 0.0000000000
128674  39.543  -41.171  56.500 0.0000000000
44487  38.403  -41.219  55.748 0.0000000000
45523  37.667  -40.195  55.114 0.0000000000
46584  37.251  -39.310  54.722 0.0000000000
45372  41.179  -40.213  69.081 0.0000000000
122234  40.135  -39.744  67.046 0.0000000000
45403  40.848  -40.033  67.332 0.0000000000
46445  41.056  -39.793  66.064 0.0000000000
46464  41.470  -39.557  65.315 0.0000000000
46465  40.586  -39.395  65.443 0.0000000000
46467  38.032  -39.082  65.657 0.0000000000
46466  38.842  -39.233  65.729 0.0000000000
138407  38.527  -39.101  65.287 0.0000000000
47555  39.977  -37.932  62.634 0.0000000000
129284  40.065  -38.353  63.575 0.0000000000
47537  40.869  -38.195  63.043 0.0000000000
47554  40.932  -38.030  62.049 0.0000000000
46535  41.185  -39.888  61.159 0.0000000000
47574  40.598  -38.517  61.112 0.0000000000
45484  38.844  -40.306  59.574 0.0000000000
136484  39.296  -41.173  59.919 0.0000000000
43514  39.045  -43.100  59.656 0.0000000000
143451  38.657  -42.274  59.422 0.0000000000
47527  33.828  -38.719  63.637 0.0000000000
134879  33.832  -38.487  62.908 0.0000000000
47593  34.576  -38.021  60.356 0.0000000000
131373  35.178  -38.100  61.806 0.0000000000
47579  35.271  -37.951  60.924 0.0000000000
47578  36.058  -37.934  61.530 0.0000000000
123806  35.994  -37.792  60.482 0.0000000000
44450  34.745  -40.924  58.747 0.0000000000
47615  34.709  -38.890  58.352 0.0000000000
45494  36.423  -40.490  58.512 0.0000000000
46562  36.050  -39.705  58.436 0.0000000000
46561  36.582  -39.811  58.510 0.0000000000
46560  37.050  -39.588  58.634 0.0000000000
46555  37.702  -39.454  58.923 0.0000000000
45486  37.498  -40.412  58.722 0.0000000000
42613  37.651  -44.323  58.542 0.0000000000
43530  37.497  -42.582  58.737 0.0000000000
41734  38.041  -44.453  58.406 0.0000000000
63862  57.100  -21.467  49.008 0.0000000000
61914  54.614  -23.671  51.348 0.0000000000
61913  56.024  -23.723  51.220 0.0000000000
61928  53.819  -23.563  50.599 0.0000000000
61934  53.436  -23.506  49.703 0.0000000000
136560  53.135  -23.483  49.052 0.0000000000
61942  53.909  -23.406  48.971 0.0000000000
55329  47.612  -29.919  55.970 0.0000000000
56273  47.419  -29.355  55.412 0.0000000000
55334  47.668  -30.080  55.151 0.0000000000
37019  31.306  -49.353  79.312 0.0000000000
37035  31.003  -49.970  78.805 0.0000000000
37020  30.565  -49.727  79.421 0.0000000000
37021  29.806  -50.065  79.574 0.0000000000
36094  29.183  -50.353  79.644 0.0000000000
45316  42.681  -40.393  73.578 0.0000000000
45315  43.550  -40.456  73.547 0.0000000000
45326  44.222  -40.843  72.918 0.0000000000
45335  44.671  -41.262  72.158 0.0000000000
44292  45.109  -41.526  71.592 0.0000000000
130811  44.513  -41.799  70.190 0.0000000000
44329  44.265  -41.746  68.570 0.0000000000
146870  44.094  -41.550  67.661 0.0000000000
44330  43.364  -41.299  68.739 0.0000000000
45369  43.174  -41.172  67.966 0.0000000000
123963  42.311  -40.731  67.953 0.0000000000
58048  49.783  -26.746  55.744 0.0000000000
58050  48.346  -27.513  55.495 0.0000000000
58051  47.679  -27.999  55.265 0.0000000000
39865  28.424  -46.898  67.441 0.0000000000
38987  28.000  -47.257  66.828 0.0000000000
130942  22.702  -48.505  70.769 0.0000000000
38060  21.091  -47.771  70.214 0.0000000000
125358  19.868  -48.158  71.065 0.0000000000
47321  35.964  -37.748  78.512 0.0000000000
47340  35.518  -38.231  76.904 0.0000000000
47352  35.277  -38.412  75.970 0.0000000000
39864  29.007  -46.230  67.879 0.0000000000
51321  53.112  -34.084  55.388 0.0000000000
35198  16.181  -51.044  77.027 0.0000000000
58882  53.487  -26.328  61.362 0.0000000000
58881  54.457  -27.330  61.057 0.0000000000
58871  54.305  -27.098  62.124 0.0000000000
56160  50.830  -29.407  63.805 0.0000000000
130596  51.389  -30.205  63.976 0.0000000000
52185  50.590  -33.506  64.567 0.0000000000
51196  49.889  -34.002  64.266 0.0000000000
52186  49.597  -33.529  64.706 0.0000000000
47552  46.845  -38.865  62.616 0.0000000000
47535  47.154  -38.137  64.036 0.0000000000
47571  46.381  -38.378  61.792 0.0000000000
47572  45.685  -38.211  61.021 0.0000000000
48528  45.433  -37.423  60.710 0.0000000000
48532  44.468  -37.676  59.921 0.0000000000
48533  43.952  -37.310  59.485 0.0000000000
48538  43.001  -37.270  58.746 0.0000000000
47611  41.815  -38.328  58.192 0.0000000000
47484  35.759  -38.590  67.078 0.0000000000
47497  36.317  -38.634  66.705 0.0000000000
47498  35.793  -38.737  66.272 0.0000000000
46469  35.444  -38.862  65.514 0.0000000000
47525  35.524  -38.700  64.060 0.0000000000
63831  57.031  -21.745  51.694 0.0000000000
61924  58.117  -23.385  50.861 0.0000000000
61925  57.157  -23.657  50.644 0.0000000000
132348  30.453  -48.605  72.928 0.0000000000
38036  29.611  -49.082  72.175 0.0000000000
38025  29.917  -49.018  72.817 0.0000000000
37109  29.280  -49.385  72.646 0.0000000000
37100  28.780  -49.721  73.230 0.0000000000
36165  28.397  -50.536  76.544 0.0000000000
137606  27.888  -50.357  75.142 0.0000000000
36179  27.752  -50.542  75.891 0.0000000000
36193  26.595  -50.503  74.751 0.0000000000
123008  25.872  -50.424  74.387 0.0000000000
129172  25.875  -50.553  75.194 0.0000000000
144546  24.956  -50.147  75.239 0.0000000000
37074  24.556  -49.698  75.606 0.0000000000
144931  34.713  -42.680  79.310 0.0000000000
42418  35.244  -43.236  78.624 0.0000000000
42423  35.556  -43.285  77.999 0.0000000000
131223  35.372  -43.918  78.187 0.0000000000
41562  35.416  -44.519  77.775 0.0000000000
40658  35.145  -45.639  77.025 0.0000000000
37988  32.550  -48.552  76.866 0.0000000000
38896  33.057  -47.855  76.238 0.0000000000
38905  32.613  -47.753  75.289 0.0000000000
38913  32.292  -47.680  74.628 0.0000000000
126700  32.270  -47.347  74.038 0.0000000000
38922  31.747  -47.565  73.506 0.0000000000
49316  44.376  -36.991  74.297 0.0000000000
122534  44.816  -36.091  74.051 0.0000000000
50164  45.124  -35.347  73.769 0.0000000000
51065  45.849  -34.703  71.403 0.0000000000
50182  44.960  -35.904  70.616 0.0000000000
142620  44.593  -36.462  70.334 0.0000000000
45367  47.202  -41.252  68.704 0.0000000000
46413  46.426  -40.479  68.988 0.0000000000
46426  47.526  -40.954  67.745 0.0000000000
46443  47.346  -40.149  66.914 0.0000000000
137875  47.744  -40.078  65.540 0.0000000000
44375  47.630  -40.780  65.881 0.0000000000
45441  46.698  -40.796  64.280 0.0000000000
45458  45.716  -41.087  62.821 0.0000000000
44408  45.159  -41.711  62.541 0.0000000000
44409  44.674  -42.058  62.697 0.0000000000
45459  43.956  -41.315  62.918 0.0000000000
132321  43.313  -40.509  62.701 0.0000000000
44417  41.877  -42.502  61.788 0.0000000000
43490  41.603  -43.055  61.457 0.0000000000
44418  41.103  -42.320  61.399 0.0000000000
44426  40.364  -42.189  60.931 0.0000000000
45445  31.219  -40.020  63.756 0.0000000000
46538  29.632  -39.653  60.786 0.0000000000
60892  53.076  -24.536  53.305 0.0000000000
125116  48.213  -26.328  52.778 0.0000000000
38137  26.126  -48.601  64.776 0.0000000000
121962  27.149  -49.688  68.915 0.0000000000
38976  22.362  -47.743  67.305 0.0000000000
38975  22.994  -47.857  66.980 0.0000000000
38990  22.306  -47.617  66.537 0.0000000000
48397  38.706  -37.137  77.455 0.0000000000
48410  39.674  -37.465  76.823 0.0000000000
47349  40.508  -38.351  75.580 0.0000000000
134980  39.833  -38.473  73.017 0.0000000000
47394  38.270  -37.864  72.446 0.0000000000
47397  35.441  -38.346  73.032 0.0000000000
47396  36.252  -37.953  72.756 0.0000000000
47415  35.632  -38.304  72.110 0.0000000000
143970  36.036  -38.078  71.633 0.0000000000
124028  35.936  -38.319  70.164 0.0000000000
46390  35.321  -38.903  70.316 0.0000000000
143656  35.122  -39.260  69.879 0.0000000000
43370  34.954  -42.247  74.462 0.0000000000
42445  34.852  -42.972  73.096 0.0000000000
42452  34.666  -43.361  72.435 0.0000000000
42475  32.953  -43.837  70.191 0.0000000000
42474  33.668  -43.447  70.527 0.0000000000
43409  33.018  -42.992  69.125 0.0000000000
43408  33.625  -42.575  69.438 0.0000000000
44319  33.805  -41.956  68.982 0.0000000000
126752  33.287  -42.431  68.857 0.0000000000
44349  32.769  -41.617  67.404 0.0000000000
44364  32.412  -41.351  66.675 0.0000000000
43448  32.083  -42.025  67.013 0.0000000000
43449  31.398  -42.388  66.638 0.0000000000
41669  28.758  -44.936  66.117 0.0000000000
41677  29.130  -44.237  65.782 0.0000000000
41678  28.469  -44.620  65.325 0.0000000000
42539  28.179  -44.249  64.449 0.0000000000
41692  27.731  -44.219  63.712 0.0000000000
42547  27.534  -43.889  63.066 0.0000000000
41693  27.258  -44.608  63.249 0.0000000000
40798  26.809  -45.108  62.658 0.0000000000
54287  49.236  -31.645  56.616 0.0000000000
53341  50.044  -32.139  55.983 0.0000000000
124991  53.316  -32.587  53.991 0.0000000000
37022  24.434  -49.945  79.539 0.0000000000
37036  24.336  -49.634  78.512 0.0000000000
37023  23.780  -49.535  79.328 0.0000000000
37037  23.395  -49.209  78.393 0.0000000000
37038  22.425  -49.131  78.307 0.0000000000
139941  19.104  -50.628  78.627 0.0000000000
36133  19.770  -50.481  78.515 0.0000000000
37051  20.623  -49.822  77.474 0.0000000000
36153  20.049  -50.245  76.848 0.0000000000
37065  20.056  -50.099  75.981 0.0000000000
37091  19.767  -49.774  74.284 0.0000000000
36206  19.244  -50.331  73.867 0.0000000000
62851  58.233  -23.050  54.295 0.0000000000
60867  57.944  -24.450  55.331 0.0000000000
60855  57.445  -24.983  56.427 0.0000000000
58968  54.868  -26.328  56.112 0.0000000000
133953  54.432  -26.657  56.506 0.0000000000
143568  54.453  -27.125  57.111 0.0000000000
58917  54.958  -27.048  58.208 0.0000000000
58009  54.328  -27.990  58.154 0.0000000000
57105  51.642  -28.795  58.668 0.0000000000
56229  51.538  -29.720  59.680 0.0000000000
55268  52.157  -31.019  60.973 0.0000000000
53302  51.400  -33.115  59.764 0.0000000000
52264  52.092  -33.779  59.451 0.0000000000
52263  53.184  -34.704  59.387 0.0000000000
58848  54.041  -26.543  64.944 0.0000000000
57048  53.905  -27.636  64.214 0.0000000000
57061  53.628  -28.720  63.611 0.0000000000
55201  53.128  -30.317  63.468 0.0000000000
51193  53.014  -34.260  63.412 0.0000000000
52199  53.567  -33.805  63.107 0.0000000000
141418  53.193  -34.885  62.502 0.0000000000
51230  53.445  -35.184  61.551 0.0000000000
50272  53.202  -35.572  60.056 0.0000000000
138156  52.492  -35.817  59.030 0.0000000000
50284  50.701  -35.432  57.699 0.0000000000
51279  49.552  -34.874  57.972 0.0000000000
52295  47.966  -33.802  58.104 0.0000000000
143290  46.402  -33.296  56.364 0.0000000000
122004  47.530  -27.947  65.784 0.0000000000
51113  44.838  -34.218  68.894 0.0000000000
52145  45.171  -33.499  68.604 0.0000000000
52146  44.520  -33.888  68.163 0.0000000000
52154  44.876  -33.222  67.886 0.0000000000
53237  44.643  -32.945  67.134 0.0000000000
50249  44.057  -34.974  63.548 0.0000000000
52189  43.022  -33.934  63.973 0.0000000000
51201  43.644  -34.148  63.364 0.0000000000
53274  44.209  -32.898  62.873 0.0000000000
54201  44.291  -32.237  62.990 0.0000000000
55206  45.241  -30.912  63.249 0.0000000000
53273  44.918  -32.317  62.764 0.0000000000
140713  45.518  -32.707  62.815 0.0000000000
52202  46.896  -33.381  63.915 0.0000000000
53260  47.633  -33.385  64.372 0.0000000000
122547  47.421  -34.306  64.294 0.0000000000
51198  47.509  -34.549  63.786 0.0000000000
50285  43.926  -34.857  58.746 0.0000000000
52299  43.650  -33.247  56.978 0.0000000000
51294  43.000  -33.725  56.742 0.0000000000
52324  41.458  -33.653  55.148 0.0000000000
51326  40.173  -33.996  54.893 0.0000000000
49433  39.387  -36.453  55.977 0.0000000000
49441  38.046  -36.007  54.713 0.0000000000
45491  42.419  -41.000  58.847 0.0000000000
46559  41.541  -39.859  58.030 0.0000000000
45503  41.184  -40.660  57.715 0.0000000000
45504  40.578  -40.600  57.251 0.0000000000
143394  37.934  -40.837  55.371 0.0000000000
44499  37.383  -40.901  55.032 0.0000000000
142341  39.912  -39.373  69.088 0.0000000000
46415  40.390  -39.813  68.682 0.0000000000
47522  38.545  -38.591  64.033 0.0000000000
47539  38.516  -38.151  63.068 0.0000000000
139915  39.136  -37.910  62.663 0.0000000000
47575  39.540  -37.796  61.002 0.0000000000
47588  39.776  -38.677  60.488 0.0000000000
143308  39.258  -38.847  60.062 0.0000000000
46553  39.049  -39.451  59.778 0.0000000000
47581  33.395  -38.281  61.627 0.0000000000
143948  33.851  -38.319  62.250 0.0000000000
123674  33.676  -38.173  60.694 0.0000000000
123418  33.969  -38.108  59.689 0.0000000000
140646  34.741  -38.034  59.480 0.0000000000
43532  35.333  -42.429  58.882 0.0000000000
44449  35.474  -41.369  58.710 0.0000000000
142861  36.709  -42.226  58.589 0.0000000000
44447  37.048  -41.277  58.579 0.0000000000
143349  52.255  -23.858  50.812 0.0000000000
143470  48.590  -30.646  54.179 0.0000000000
55332  49.362  -30.799  53.615 0.0000000000
144203  30.981  -49.132  75.628 0.0000000000
37084  30.188  -49.327  74.867 0.0000000000
37071  30.470  -49.434  75.733 0.0000000000
37059  29.970  -49.843  76.284 0.0000000000
36127  30.216  -50.363  78.347 0.0000000000
136922  29.558  -50.646  78.051 0.0000000000
36147  29.037  -50.593  77.334 0.0000000000
36148  28.181  -50.886  77.492 0.0000000000
36149  27.350  -51.049  77.633 0.0000000000
37979  33.182  -48.092  78.312 0.0000000000
37989  31.817  -48.950  76.486 0.0000000000
135277  42.141  -36.662  76.700 0.0000000000
138604  42.544  -37.166  76.168 0.0000000000
48432  43.348  -37.939  75.177 0.0000000000
48431  44.020  -37.874  74.561 0.0000000000
47374  44.096  -39.211  74.141 0.0000000000
47357  44.225  -38.505  74.214 0.0000000000
48441  44.539  -37.854  73.915 0.0000000000
48447  44.893  -37.914  73.195 0.0000000000
131078  45.151  -37.797  72.330 0.0000000000
48454  45.162  -38.524  71.711 0.0000000000
46386  45.832  -40.298  70.864 0.0000000000
44304  45.917  -41.788  70.601 0.0000000000
45356  46.483  -41.524  70.101 0.0000000000
44313  46.821  -41.791  69.306 0.0000000000
44326  47.249  -42.018  68.531 0.0000000000
44377  46.205  -41.695  65.464 0.0000000000
44378  45.479  -41.539  65.487 0.0000000000
45412  44.455  -40.851  65.112 0.0000000000
45400  43.871  -41.001  66.168 0.0000000000
45429  44.115  -40.415  64.238 0.0000000000
45430  43.384  -40.095  64.642 0.0000000000
46480  42.724  -39.523  64.172 0.0000000000
46481  42.213  -38.976  63.741 0.0000000000
44412  28.612  -41.686  62.142 0.0000000000
44419  28.912  -40.959  61.701 0.0000000000
44421  27.753  -41.902  60.701 0.0000000000
44430  27.686  -41.785  59.946 0.0000000000
43536  28.259  -42.340  58.856 0.0000000000
42599  28.103  -43.316  58.964 0.0000000000
41725  28.933  -43.934  59.125 0.0000000000
59884  51.612  -25.543  54.732 0.0000000000
59897  51.295  -25.209  53.934 0.0000000000
59885  50.829  -25.537  54.354 0.0000000000
59886  50.032  -25.819  54.331 0.0000000000
58990  49.194  -26.045  53.915 0.0000000000
58972  49.338  -26.637  55.232 0.0000000000
140896  48.702  -26.511  54.265 0.0000000000
58070  47.691  -26.959  53.260 0.0000000000
40781  27.574  -45.972  65.191 0.0000000000
39889  27.082  -46.604  64.682 0.0000000000
121727  26.892  -47.501  64.999 0.0000000000
125945  27.185  -47.932  65.780 0.0000000000
38124  26.053  -48.740  65.427 0.0000000000
38125  25.712  -48.729  65.426 0.0000000000
37140  24.793  -49.344  70.653 0.0000000000
144849  25.161  -49.289  70.042 0.0000000000
38074  22.821  -48.286  69.150 0.0000000000
38059  22.714  -48.417  70.052 0.0000000000
38088  22.572  -48.036  68.443 0.0000000000
133240  21.046  -47.504  67.069 0.0000000000
38967  19.802  -47.807  68.763 0.0000000000
38090  19.313  -48.183  68.351 0.0000000000
48390  36.501  -37.226  78.945 0.0000000000
48398  37.563  -37.128  77.781 0.0000000000
48412  37.681  -37.286  76.718 0.0000000000
48424  37.709  -37.430  75.719 0.0000000000
48433  37.735  -37.565  74.844 0.0000000000
121717  37.818  -37.659  74.044 0.0000000000
142863  36.224  -37.837  73.916 0.0000000000
47365  35.242  -38.301  74.919 0.0000000000
40723  33.593  -45.305  72.842 0.0000000000
41604  33.794  -44.677  72.305 0.0000000000
40732  33.189  -45.083  72.008 0.0000000000
41621  32.873  -44.770  71.271 0.0000000000
41637  32.551  -44.477  70.557 0.0000000000
40743  31.454  -45.478  70.579 0.0000000000
41638  31.812  -44.817  70.228 0.0000000000
41651  32.221  -44.192  69.858 0.0000000000
42493  31.933  -43.937  69.127 0.0000000000
42510  31.595  -43.612  68.440 0.0000000000
42521  31.297  -43.320  67.716 0.0000000000
40780  28.156  -45.421  65.660 0.0000000000
53332  50.833  -32.852  57.570 0.0000000000
52332  53.215  -33.468  55.076 0.0000000000
36118  18.629  -50.607  79.103 0.0000000000
36134  18.347  -50.652  78.255 0.0000000000
36155  18.530  -50.736  77.323 0.0000000000
36184  18.087  -50.967  75.720 0.0000000000
35223  17.181  -51.563  74.261 0.0000000000
35216  16.338  -51.634  75.552 0.0000000000
57095  54.367  -28.962  59.421 0.0000000000
56228  54.465  -29.319  60.159 0.0000000000
55266  53.912  -30.369  61.110 0.0000000000
138544  53.553  -31.249  61.541 0.0000000000
57050  52.686  -28.289  64.624 0.0000000000
56158  52.394  -29.297  64.137 0.0000000000
55179  52.292  -30.437  63.957 0.0000000000
133779  52.221  -31.460  64.167 0.0000000000
54176  51.617  -31.824  64.460 0.0000000000
137267  52.201  -32.428  64.342 0.0000000000
141518  52.474  -33.133  64.158 0.0000000000
51194  52.603  -34.528  63.217 0.0000000000
51248  51.025  -34.846  60.940 0.0000000000
51249  50.094  -34.336  60.526 0.0000000000
125129  50.258  -34.146  62.433 0.0000000000
52265  48.875  -33.713  60.016 0.0000000000
52266  48.177  -33.531  59.822 0.0000000000
52267  47.357  -33.422  59.574 0.0000000000
48484  42.786  -37.096  65.985 0.0000000000
50224  42.541  -35.910  66.251 0.0000000000
48492  43.159  -37.062  65.305 0.0000000000
49386  43.445  -36.390  64.620 0.0000000000
49385  44.466  -36.409  64.428 0.0000000000
48500  46.719  -37.591  64.453 0.0000000000
48501  46.109  -37.101  64.623 0.0000000000
49384  45.522  -36.374  64.397 0.0000000000
50239  44.803  -35.716  64.000 0.0000000000
128809  46.301  -35.878  63.968 0.0000000000
50248  46.574  -35.665  63.677 0.0000000000
50257  46.684  -35.892  63.080 0.0000000000
50262  46.454  -35.857  62.254 0.0000000000
50268  44.800  -35.923  59.929 0.0000000000
50277  43.773  -35.810  58.931 0.0000000000
50294  42.436  -35.322  57.496 0.0000000000
50295  41.895  -35.757  57.332 0.0000000000
142280  40.654  -36.531  56.848 0.0000000000
49428  40.070  -36.528  56.466 0.0000000000
48554  38.849  -37.094  55.838 0.0000000000
44462  40.755  -42.234  57.634 0.0000000000
44474  40.239  -41.496  57.028 0.0000000000
44475  39.640  -42.091  56.719 0.0000000000
43563  38.289  -42.143  56.014 0.0000000000
44488  37.073  -41.558  55.190 0.0000000000
47481  37.999  -38.585  67.809 0.0000000000
46431  38.633  -39.108  67.273 0.0000000000
46432  37.838  -38.829  66.998 0.0000000000
124211  37.704  -38.967  66.325 0.0000000000
46450  36.559  -38.774  66.201 0.0000000000
46485  37.360  -38.945  65.126 0.0000000000
47523  37.580  -38.731  64.312 0.0000000000
47540  37.733  -38.387  63.461 0.0000000000
129779  37.149  -37.863  61.832 0.0000000000
46565  33.095  -39.272  58.313 0.0000000000
46564  33.914  -39.268  58.275 0.0000000000
45497  33.490  -39.996  58.369 0.0000000000
43516  34.755  -42.272  59.466 0.0000000000
43533  34.926  -41.684  59.011 0.0000000000
129075  57.382  -21.607  49.998 0.0000000000
63846  57.861  -21.859  50.722 0.0000000000
147031  58.371  -21.916  50.060 0.0000000000
63860  58.657  -22.199  49.723 0.0000000000
61940  58.487  -23.006  49.173 0.0000000000
138420  57.075  -23.422  48.495 0.0000000000
133970  55.025  -23.394  48.213 0.0000000000
59929  49.094  -25.187  48.992 0.0000000000
124397  29.372  -48.322  70.057 0.0000000000
134745  28.992  -48.962  69.994 0.0000000000
37149  28.176  -49.469  69.928 0.0000000000
37135  28.914  -49.306  71.043 0.0000000000
37137  27.774  -49.701  70.218 0.0000000000
129899  27.054  -49.858  70.640 0.0000000000
37123  26.099  -49.809  71.119 0.0000000000
37085  29.548  -49.564  74.487 0.0000000000
37086  28.912  -49.790  74.089 0.0000000000
36213  28.067  -49.989  72.957 0.0000000000
36228  27.106  -50.074  72.051 0.0000000000
125152  25.250  -49.607  71.128 0.0000000000
37112  24.394  -49.635  72.257 0.0000000000
37101  24.986  -50.081  73.359 0.0000000000
37102  24.335  -49.693  73.092 0.0000000000
37103  23.685  -49.285  72.680 0.0000000000
38026  23.036  -48.793  73.179 0.0000000000
38027  22.240  -48.417  73.678 0.0000000000
45234  34.976  -40.288  79.344 0.0000000000
132387  35.312  -41.082  78.391 0.0000000000
129736  35.232  -40.967  77.467 0.0000000000
44253  35.084  -40.978  76.451 0.0000000000
131046  35.301  -41.845  77.027 0.0000000000
43359  35.357  -42.469  76.421 0.0000000000
42429  35.595  -43.168  77.063 0.0000000000
138988  35.422  -43.263  75.873 0.0000000000
41579  35.156  -44.266  74.746 0.0000000000
41580  34.817  -44.754  74.377 0.0000000000
40722  34.110  -45.073  73.411 0.0000000000
39772  34.807  -45.985  77.719 0.0000000000
39789  34.665  -46.389  76.965 0.0000000000
40659  35.009  -45.860  76.171 0.0000000000
132202  33.645  -47.273  76.114 0.0000000000
39790  33.962  -46.729  75.601 0.0000000000
39803  34.472  -46.053  75.371 0.0000000000
40694  34.049  -45.969  74.527 0.0000000000
40710  33.761  -45.643  73.700 0.0000000000
39837  31.497  -46.326  71.532 0.0000000000
38930  31.827  -47.075  72.813 0.0000000000
39829  31.608  -46.721  72.076 0.0000000000
143281  50.189  -34.398  54.319 0.0000000000
121775  49.327  -33.842  52.913 0.0000000000
141871  53.712  -26.646  65.485 0.0000000000
57933  53.243  -27.022  65.701 0.0000000000
58831  52.794  -26.665  66.089 0.0000000000
57950  51.920  -27.764  65.032 0.0000000000
125425  51.208  -28.073  64.503 0.0000000000
57951  50.806  -27.390  64.690 0.0000000000
57062  50.204  -28.628  63.658 0.0000000000
56175  49.977  -29.412  63.426 0.0000000000
57063  49.340  -28.608  63.205 0.0000000000
51095  45.235  -34.444  69.676 0.0000000000
141378  43.879  -35.343  68.605 0.0000000000
50212  42.976  -35.971  67.559 0.0000000000
48460  44.755  -38.133  70.755 0.0000000000
48466  44.194  -37.784  69.927 0.0000000000
47448  44.029  -38.300  69.364 0.0000000000
47465  43.789  -38.360  68.645 0.0000000000
48467  43.688  -37.634  69.128 0.0000000000
48472  43.321  -37.627  68.273 0.0000000000
48478  43.103  -37.562  67.323 0.0000000000
146961  43.152  -37.695  66.718 0.0000000000
47511  44.274  -38.276  66.137 0.0000000000
47510  45.990  -38.310  65.698 0.0000000000
47509  47.376  -38.817  65.196 0.0000000000
47508  47.688  -39.460  65.222 0.0000000000
46498  47.553  -39.492  64.224 0.0000000000
47534  47.436  -38.859  63.927 0.0000000000
46530  46.335  -39.377  61.981 0.0000000000
46541  45.279  -39.509  60.899 0.0000000000
46550  44.065  -39.444  59.941 0.0000000000
46551  43.529  -40.285  59.656 0.0000000000
45483  43.712  -41.132  59.977 0.0000000000
134768  43.137  -41.290  59.482 0.0000000000
44445  42.600  -41.906  59.171 0.0000000000
44446  41.947  -41.938  58.606 0.0000000000
44397  45.469  -41.146  63.933 0.0000000000
43475  44.150  -42.697  62.343 0.0000000000
43476  43.557  -42.578  62.361 0.0000000000
43487  43.633  -43.004  62.067 0.0000000000
43498  43.452  -43.105  61.599 0.0000000000
43511  42.528  -43.184  60.326 0.0000000000
43529  40.735  -43.169  58.455 0.0000000000
42611  40.242  -43.715  59.145 0.0000000000
42624  39.729  -43.758  58.389 0.0000000000
46471  33.645  -39.277  65.392 0.0000000000
46488  34.156  -39.007  64.808 0.0000000000
46489  33.395  -39.168  64.696 0.0000000000
46502  33.219  -39.003  63.990 0.0000000000
47544  33.117  -38.723  63.246 0.0000000000
46504  31.686  -39.391  63.282 0.0000000000
46521  32.287  -38.797  62.686 0.0000000000
124276  32.564  -38.460  61.804 0.0000000000
125680  32.069  -38.458  61.088 0.0000000000
47595  32.420  -38.363  60.396 0.0000000000
47606  32.424  -38.407  59.439 0.0000000000
45473  29.231  -40.254  61.259 0.0000000000
45480  29.008  -40.094  60.346 0.0000000000
46547  29.434  -39.623  60.031 0.0000000000
45501  29.715  -40.561  58.655 0.0000000000
46568  30.012  -39.799  58.767 0.0000000000
46556  30.361  -39.134  59.238 0.0000000000
47619  31.148  -38.811  59.004 0.0000000000
142393  31.502  -39.228  58.553 0.0000000000
46566  32.196  -39.280  58.400 0.0000000000
142361  57.163  -24.200  52.608 0.0000000000
61900  56.683  -24.008  52.037 0.0000000000
60910  53.055  -23.902  51.810 0.0000000000
128695  53.079  -24.185  52.572 0.0000000000
143671  52.421  -23.951  51.440 0.0000000000
124023  50.956  -24.242  50.712 0.0000000000
59911  51.033  -25.038  53.278 0.0000000000
59912  50.365  -25.130  52.939 0.0000000000
59920  50.131  -24.911  52.084 0.0000000000
39022  26.341  -47.992  63.261 0.0000000000
38083  28.424  -48.511  68.507 0.0000000000
38084  27.889  -49.191  68.260 0.0000000000
38098  27.505  -49.098  67.601 0.0000000000
37182  26.493  -49.055  66.717 0.0000000000
144049  24.708  -48.916  68.968 0.0000000000
38086  24.604  -48.702  68.261 0.0000000000
38114  24.730  -48.461  66.372 0.0000000000
38126  24.985  -48.545  65.462 0.0000000000
48387  39.142  -36.651  78.112 0.0000000000
49296  40.927  -36.348  77.709 0.0000000000
50145  41.662  -36.069  77.309 0.0000000000
48407  41.917  -37.557  76.459 0.0000000000
46302  42.272  -39.080  75.220 0.0000000000
46303  41.458  -38.896  75.269 0.0000000000
46320  42.027  -39.365  74.804 0.0000000000
45328  42.166  -40.501  72.863 0.0000000000
45337  41.739  -40.445  71.470 0.0000000000
45348  41.770  -40.496  70.621 0.0000000000
45349  41.077  -39.998  70.901 0.0000000000
46388  40.459  -39.483  70.372 0.0000000000
46373  40.089  -38.827  71.509 0.0000000000
46403  39.743  -38.971  69.827 0.0000000000
47449  38.941  -38.345  69.607 0.0000000000
122168  38.017  -37.754  73.249 0.0000000000
47450  38.168  -38.066  69.380 0.0000000000
137997  37.294  -38.209  68.299 0.0000000000
47468  36.528  -38.279  68.043 0.0000000000
128269  35.845  -38.439  68.635 0.0000000000
47469  35.828  -38.478  67.805 0.0000000000
46433  35.192  -38.742  67.540 0.0000000000
138885  34.653  -40.674  74.996 0.0000000000
138333  34.725  -41.601  74.112 0.0000000000
130529  34.583  -40.733  74.197 0.0000000000
130528  34.611  -40.470  73.431 0.0000000000
44295  34.702  -40.706  71.653 0.0000000000
41619  34.270  -43.985  72.179 0.0000000000
42473  34.317  -43.002  70.876 0.0000000000
44331  34.264  -40.712  68.766 0.0000000000
45389  34.277  -39.774  67.686 0.0000000000
46435  33.978  -39.610  66.898 0.0000000000
45415  33.251  -39.718  65.780 0.0000000000
44380  32.148  -41.052  65.971 0.0000000000
45433  30.868  -40.760  64.106 0.0000000000
44398  30.234  -41.165  63.666 0.0000000000
44399  29.665  -41.440  63.248 0.0000000000
43460  29.842  -42.904  65.137 0.0000000000
42534  29.487  -43.553  65.479 0.0000000000
43465  29.184  -42.497  63.779 0.0000000000
43477  29.075  -42.017  63.078 0.0000000000
42569  27.152  -43.305  61.419 0.0000000000
136057  27.032  -44.339  62.448 0.0000000000
41698  26.869  -44.029  61.633 0.0000000000
41714  26.698  -44.706  60.247 0.0000000000
57120  48.599  -28.722  57.268 0.0000000000
56267  47.992  -29.102  56.813 0.0000000000
55312  47.985  -29.749  57.105 0.0000000000
55322  47.763  -29.660  56.577 0.0000000000
55328  48.101  -30.578  55.720 0.0000000000
54297  48.616  -31.088  56.232 0.0000000000
54308  48.797  -31.155  55.407 0.0000000000
54314  49.234  -31.149  54.559 0.0000000000
54313  50.930  -31.702  54.576 0.0000000000
54319  51.252  -31.423  53.953 0.0000000000
52359  50.797  -33.629  52.416 0.0000000000
37946  29.781  -49.091  79.983 0.0000000000
36095  28.623  -50.477  79.871 0.0000000000
37004  28.377  -50.029  80.195 0.0000000000
36112  28.127  -50.953  79.818 0.0000000000
35180  27.689  -51.215  79.586 0.0000000000
35187  27.109  -51.239  78.500 0.0000000000
139021  26.390  -51.058  78.651 0.0000000000
134442  26.254  -50.344  81.062 0.0000000000
140114  26.228  -51.064  79.488 0.0000000000
36151  25.824  -50.658  77.729 0.0000000000
133552  24.954  -49.993  76.438 0.0000000000
37060  24.323  -49.375  76.678 0.0000000000
37075  23.871  -49.063  75.268 0.0000000000
38012  23.197  -48.683  74.950 0.0000000000
38013  22.411  -48.507  74.631 0.0000000000
37024  22.414  -49.406  80.193 0.0000000000
37050  22.002  -49.009  77.476 0.0000000000
37063  21.688  -48.932  76.612 0.0000000000
38002  21.721  -48.600  75.224 0.0000000000
38014  21.533  -48.477  74.401 0.0000000000
38028  21.286  -48.326  73.601 0.0000000000
38040  20.420  -48.232  72.557 0.0000000000
38049  19.706  -48.575  71.986 0.0000000000
37141  19.363  -48.754  71.080 0.0000000000
37126  19.256  -49.389  71.714 0.0000000000
36196  18.694  -50.836  74.299 0.0000000000
138146  58.496  -22.993  52.676 0.0000000000
61898  58.449  -23.443  52.578 0.0000000000
60889  56.958  -24.415  53.227 0.0000000000
60890  55.847  -24.524  53.458 0.0000000000
60891  54.713  -24.639  53.696 0.0000000000
60880  54.149  -24.981  54.222 0.0000000000
59882  53.717  -25.350  54.805 0.0000000000
132047  57.998  -22.214  56.289 0.0000000000
61869  58.075  -23.759  55.777 0.0000000000
60868  57.570  -25.009  55.801 0.0000000000
59879  57.002  -25.345  55.528 0.0000000000
59883  52.670  -25.396  54.755 0.0000000000
59870  52.324  -25.863  55.384 0.0000000000
58970  52.940  -26.262  55.932 0.0000000000
58037  50.321  -27.073  56.445 0.0000000000
58022  50.311  -27.699  57.228 0.0000000000
58020  52.835  -27.689  57.470 0.0000000000
57119  49.457  -28.316  57.513 0.0000000000
56258  48.875  -29.115  58.023 0.0000000000
56246  48.514  -29.753  58.243 0.0000000000
56244  50.150  -29.345  58.981 0.0000000000
55297  48.639  -30.400  58.548 0.0000000000
53324  49.876  -32.180  58.013 0.0000000000
55269  50.827  -30.379  60.093 0.0000000000
53331  52.163  -33.463  57.131 0.0000000000
52304  53.101  -33.896  56.804 0.0000000000
57970  54.419  -27.516  62.771 0.0000000000
56191  54.416  -28.681  62.254 0.0000000000
55244  54.031  -30.229  61.881 0.0000000000
54250  53.612  -32.417  61.603 0.0000000000
127263  52.758  -29.790  63.816 0.0000000000
54194  53.437  -31.298  63.119 0.0000000000
143436  53.625  -32.297  63.066 0.0000000000
50281  53.250  -35.511  59.163 0.0000000000
51278  53.422  -35.218  58.395 0.0000000000
51306  51.060  -34.900  55.520 0.0000000000
57953  48.624  -27.287  63.998 0.0000000000
57964  48.738  -28.002  63.372 0.0000000000
56176  49.128  -29.443  62.929 0.0000000000
131864  47.271  -30.245  67.784 0.0000000000
55141  46.967  -29.947  66.785 0.0000000000
146073  42.965  -34.525  66.203 0.0000000000
52162  44.052  -33.338  66.619 0.0000000000
53244  44.384  -32.722  66.304 0.0000000000
52172  43.325  -33.382  65.044 0.0000000000
126238  43.969  -32.601  65.264 0.0000000000
54148  45.361  -31.660  66.410 0.0000000000
55142  46.310  -30.536  66.376 0.0000000000
56135  47.000  -29.270  65.862 0.0000000000
57042  46.887  -28.790  64.646 0.0000000000
55205  45.816  -30.133  63.298 0.0000000000
56179  46.482  -29.554  62.932 0.0000000000
57066  46.841  -28.854  63.445 0.0000000000
57074  47.599  -29.229  62.612 0.0000000000
56177  48.287  -29.600  62.611 0.0000000000
55204  48.846  -30.350  63.000 0.0000000000
54178  49.009  -32.131  64.228 0.0000000000
141364  48.810  -33.471  64.768 0.0000000000
51197  48.914  -34.162  64.048 0.0000000000
137771  48.131  -34.248  64.249 0.0000000000
52222  48.885  -34.024  62.518 0.0000000000
52250  47.606  -33.535  60.399 0.0000000000
52268  46.463  -33.376  59.410 0.0000000000
133866  46.467  -35.113  61.786 0.0000000000
51236  46.654  -34.384  61.378 0.0000000000
51250  46.267  -34.064  60.689 0.0000000000
52283  46.240  -33.185  58.634 0.0000000000
52297  45.372  -32.869  57.521 0.0000000000
52307  45.077  -32.969  56.635 0.0000000000
52309  43.455  -33.371  56.149 0.0000000000
51297  40.909  -34.971  56.139 0.0000000000
51327  39.421  -34.163  54.559 0.0000000000
50323  38.987  -34.874  54.849 0.0000000000
51328  38.754  -34.375  54.238 0.0000000000
47621  41.248  -38.879  57.809 0.0000000000
47625  39.478  -38.294  56.517 0.0000000000
45510  39.354  -40.324  56.383 0.0000000000
45521  38.866  -40.115  56.054 0.0000000000
45522  38.363  -40.313  55.627 0.0000000000
46582  38.631  -39.492  55.857 0.0000000000
45358  41.815  -40.537  69.766 0.0000000000
45371  41.752  -40.500  68.397 0.0000000000
45387  41.687  -40.363  67.518 0.0000000000
123645  41.870  -39.255  64.540 0.0000000000
46447  39.335  -39.441  66.558 0.0000000000
127013  39.694  -39.309  65.600 0.0000000000
47521  39.511  -38.627  64.146 0.0000000000
132079  40.093  -38.943  64.721 0.0000000000
47520  40.736  -38.613  63.986 0.0000000000
47536  41.599  -38.564  63.399 0.0000000000
45471  40.729  -41.056  60.991 0.0000000000
136580  39.929  -40.885  60.408 0.0000000000
44427  39.710  -42.171  60.414 0.0000000000
41720  39.072  -43.955  59.028 0.0000000000
140436  38.616  -44.157  58.621 0.0000000000
47526  34.578  -38.770  64.030 0.0000000000
47543  35.158  -38.457  63.303 0.0000000000
47560  34.629  -38.289  62.509 0.0000000000
138983  36.391  -38.145  62.435 0.0000000000
47590  37.378  -37.821  59.931 0.0000000000
47616  33.705  -38.735  58.491 0.0000000000
138597  35.369  -38.231  58.924 0.0000000000
47614  35.721  -38.886  58.470 0.0000000000
47603  36.338  -38.405  58.855 0.0000000000
47591  36.352  -37.917  59.621 0.0000000000
132099  36.998  -38.187  59.262 0.0000000000
132806  37.812  -38.484  59.401 0.0000000000
45485  38.208  -40.396  59.117 0.0000000000
43515  38.375  -42.952  59.187 0.0000000000
41721  38.459  -44.113  58.717 0.0000000000
123553  37.746  -44.690  58.162 0.0000000000
61926  56.023  -23.583  50.399 0.0000000000
123815  55.441  -23.500  49.749 0.0000000000
129772  54.825  -23.441  49.039 0.0000000000
140370  54.420  -23.408  48.611 0.0000000000
60931  50.437  -24.371  48.719 0.0000000000
57131  47.853  -28.690  56.242 0.0000000000
57136  47.580  -28.660  55.667 0.0000000000
57138  47.288  -28.680  54.910 0.0000000000
55340  47.848  -30.202  54.348 0.0000000000
35186  27.593  -51.327  79.073 0.0000000000
35222  17.985  -51.269  73.858 0.0000000000
36114  25.667  -50.811  79.935 0.0000000000
36150  26.593  -50.986  77.731 0.0000000000
36169  25.172  -50.138  77.219 0.0000000000
36194  25.286  -50.318  74.908 0.0000000000
37070  31.131  -49.266  76.174 0.0000000000
37152  25.288  -49.205  69.354 0.0000000000
38038  22.148  -48.293  72.364 0.0000000000
38046  23.157  -48.837  71.271 0.0000000000
38071  28.455  -49.203  69.697 0.0000000000
38085  25.195  -48.857  67.703 0.0000000000
38102  22.784  -47.965  67.780 0.0000000000
38894  34.204  -47.069  77.360 0.0000000000
38946  20.117  -47.833  70.266 0.0000000000
38964  21.982  -47.767  68.012 0.0000000000
40693  34.641  -45.407  74.814 0.0000000000
41707  26.606  -44.397  60.941 0.0000000000
42439  35.120  -43.616  74.360 0.0000000000
42570  26.813  -43.748  60.949 0.0000000000
42575  41.378  -43.342  60.965 0.0000000000
42591  40.280  -43.661  59.869 0.0000000000
42600  27.296  -43.639  59.565 0.0000000000
43489  42.230  -43.023  61.751 0.0000000000
43494  27.428  -42.586  61.078 0.0000000000
43522  27.651  -42.234  59.436 0.0000000000
43528  41.538  -42.942  58.962 0.0000000000
44305  45.101  -41.836  70.960 0.0000000000
44343  47.427  -41.690  66.993 0.0000000000
44345  46.797  -42.307  67.982 0.0000000000
44346  45.952  -42.248  67.357 0.0000000000
44420  28.263  -41.411  61.210 0.0000000000
44456  28.703  -41.591  58.749 0.0000000000
45333  45.902  -40.849  71.350 0.0000000000
45346  45.722  -41.473  71.282 0.0000000000
45368  46.818  -41.175  69.547 0.0000000000
45384  47.472  -41.541  68.051 0.0000000000
45426  47.658  -40.354  65.290 0.0000000000
45474  28.586  -40.711  60.766 0.0000000000
45478  44.100  -41.547  60.454 0.0000000000
45479  39.363  -40.255  59.937 0.0000000000
46336  43.854  -39.910  73.937 0.0000000000
46337  43.084  -40.076  74.184 0.0000000000
46442  47.676  -40.846  67.027 0.0000000000
46462  47.503  -39.558  65.809 0.0000000000
46478  47.748  -39.770  64.947 0.0000000000
46479  43.509  -39.947  63.817 0.0000000000
46482  41.022  -39.081  64.707 0.0000000000
46500  42.906  -39.426  63.365 0.0000000000
46501  42.407  -38.846  62.951 0.0000000000
46515  47.242  -39.212  63.432 0.0000000000
46537  30.330  -39.253  61.191 0.0000000000
46557  29.682  -39.585  59.390 0.0000000000
46574  39.693  -39.683  56.661 0.0000000000
47313  35.952  -37.574  79.076 0.0000000000
47347  42.394  -38.666  75.509 0.0000000000
47467  38.074  -38.277  68.616 0.0000000000
47518  47.559  -38.987  64.613 0.0000000000
47573  41.584  -38.901  61.658 0.0000000000
47582  31.453  -38.641  61.127 0.0000000000
47583  30.864  -38.785  60.713 0.0000000000
47602  38.674  -38.650  59.793 0.0000000000
47618  31.902  -38.685  58.861 0.0000000000
48479  42.865  -37.257  66.626 0.0000000000
48483  43.299  -37.684  66.111 0.0000000000
48491  44.882  -37.838  65.388 0.0000000000
48493  42.638  -36.510  65.678 0.0000000000
48516  46.832  -37.515  63.226 0.0000000000
48523  38.724  -37.758  60.720 0.0000000000
49325  45.276  -36.070  72.272 0.0000000000
49337  44.923  -36.628  71.012 0.0000000000
49356  42.785  -36.720  67.162 0.0000000000
49357  42.646  -36.609  66.449 0.0000000000
49376  42.785  -36.334  64.971 0.0000000000
49409  44.517  -36.803  59.783 0.0000000000
50200  43.396  -35.963  68.350 0.0000000000
50223  42.860  -35.322  66.899 0.0000000000
50237  46.787  -34.916  63.904 0.0000000000
50238  45.867  -35.627  64.138 0.0000000000
50261  53.125  -35.585  60.886 0.0000000000
51148  42.602  -35.268  66.017 0.0000000000
51161  42.859  -34.163  65.079 0.0000000000
51178  43.220  -34.860  63.792 0.0000000000
51195  51.764  -34.336  63.384 0.0000000000
51245  53.654  -34.881  61.459 0.0000000000
52155  44.263  -33.588  67.413 0.0000000000
52188  47.356  -33.959  64.513 0.0000000000
52200  52.134  -34.060  63.812 0.0000000000
52205  44.088  -33.584  62.963 0.0000000000
52206  43.587  -33.326  63.333 0.0000000000
53249  43.885  -32.308  64.324 0.0000000000
53254  52.873  -32.726  63.978 0.0000000000
53257  50.188  -33.057  64.865 0.0000000000
53261  43.808  -32.544  63.467 0.0000000000
53270  48.114  -32.092  63.753 0.0000000000
53272  45.736  -31.967  62.639 0.0000000000
54147  46.026  -31.240  66.853 0.0000000000
54200  44.711  -31.629  63.087 0.0000000000
54217  47.662  -30.849  62.659 0.0000000000
54219  46.047  -31.158  62.573 0.0000000000
55159  45.956  -30.334  65.302 0.0000000000
55223  48.062  -30.363  62.624 0.0000000000
56161  46.319  -29.401  63.889 0.0000000000
56178  47.024  -29.154  62.753 0.0000000000
56192  47.657  -29.832  62.487 0.0000000000
60879  55.695  -24.985  54.289 0.0000000000
61915  53.680  -23.716  51.410 0.0000000000
62891  58.593  -22.669  50.075 0.0000000000
62895  58.686  -22.596  49.396 0.0000000000
63817  57.991  -22.485  52.895 0.0000000000
122511  42.525  -40.935  71.279 0.0000000000
123360  58.208  -22.391  51.297 0.0000000000
126922  23.918  -49.053  76.009 0.0000000000
127243  31.930  -38.441  59.889 0.0000000000
128034  58.161  -23.314  49.363 0.0000000000
129007  27.023  -50.289  73.232 0.0000000000
130292  43.131  -37.135  75.612 0.0000000000
130353  43.379  -33.696  65.982 0.0000000000
130755  46.673  -41.881  66.015 0.0000000000
131793  47.648  -40.480  66.287 0.0000000000
132254  46.025  -41.172  64.215 0.0000000000
132279  46.323  -32.639  63.073 0.0000000000
133099  41.934  -40.618  69.071 0.0000000000
133418  34.484  -46.418  76.109 0.0000000000
134124  18.687  -49.845  68.230 0.0000000000
134488  50.301  -24.516  50.782 0.0000000000
135511  47.109  -38.439  63.309 0.0000000000
136120  27.179  -50.529  75.295 0.0000000000
136327  43.575  -36.310  75.402 0.0000000000
136677  39.351  -37.735  61.915 0.0000000000
137677  46.080  -36.353  64.322 0.0000000000
137975  29.417  -40.104  58.954 0.0000000000
138348  35.300  -43.703  75.091 0.0000000000
138615  40.730  -39.870  66.683 0.0000000000
140627  45.711  -30.782  62.786 0.0000000000
141123  44.159  -41.623  70.751 0.0000000000
142123  34.835  -43.128  79.118 0.0000000000
143099  46.835  -35.181  62.609 0.0000000000
143347  21.899  -48.684  75.897 0.0000000000
144905  45.047  -38.360  65.887 0.0000000000
145310  26.608  -49.677  69.527 0.0000000000
145865  58.465  -23.669  53.113 0.0000000000
145909  35.252  -45.373  76.504 0.0000000000
146230  51.511  -32.563  64.617 0.0000000000
