#!ascii label  , from subject sub-v2s0x29021_ses-1 vox2ras=TkReg
2170
19862  40.977  -61.057  18.741 0.6000000238
19863  39.636  -61.628  19.309 0.5000000000
21536  40.031  -59.444  18.807 0.6999999881
21549  40.049  -59.591  17.858 0.6000000238
132644  39.814  -59.593  17.065 0.6000000238
22413  38.757  -58.882  16.419 0.6000000238
20687  40.008  -60.179  19.659 0.6999999881
21520  40.432  -59.944  19.133 0.6000000238
21535  40.596  -59.946  18.500 0.5000000000
21548  41.097  -60.330  17.463 0.5000000000
20731  40.744  -60.310  16.538 0.5000000000
127978  39.914  -59.856  16.477 0.6000000238
122601  39.513  -60.901  19.782 0.5000000000
116947  40.300  -60.938  19.280 0.5000000000
19877  41.600  -61.123  18.284 0.6000000238
22424  38.587  -58.824  15.336 0.6000000238
19053  38.202  -62.580  19.736 0.5000000000
134168  37.669  -62.938  20.191 0.5000000000
23228  37.394  -57.532  17.946 0.6000000238
23239  37.518  -57.622  17.109 0.6999999881
139898  38.999  -58.585  19.647 0.6000000238
22381  39.341  -58.867  19.179 0.6999999881
23227  38.050  -58.093  17.688 0.6000000238
23238  38.107  -58.193  16.789 0.6000000238
21503  39.403  -59.563  20.282 0.6000000238
21521  39.794  -59.501  19.578 0.6999999881
118190  38.076  -58.246  15.860 0.6000000238
136864  38.850  -60.924  20.240 0.5000000000
23249  38.027  -58.164  14.919 0.6000000238
19864  38.719  -61.686  19.864 0.5000000000
23262  38.026  -58.001  13.993 0.6000000238
19038  37.849  -62.201  20.374 0.5000000000
22445  38.484  -58.516  13.395 0.6000000238
117558  38.558  -56.283  12.448 0.6999999881
22455  38.873  -58.181  12.514 0.6000000238
23284  39.300  -57.522  12.069 0.6000000238
24064  39.423  -56.678  11.977 0.6000000238
127480  40.624  -55.760  11.347 0.6000000238
24069  40.367  -56.607  11.461 0.6000000238
26499  41.690  -53.731  8.329 0.5000000000
27343  39.730  -52.224  8.745 0.6999999881
123759  40.666  -53.726  8.528 0.6000000238
27344  38.744  -52.254  8.792 0.8000000119
132454  38.914  -53.536  9.108 0.6999999881
24011  36.237  -56.439  17.586 0.6000000238
24023  36.508  -56.586  16.584 0.6999999881
121648  37.983  -57.820  19.399 0.6999999881
23218  37.979  -57.979  18.557 0.6999999881
23219  37.335  -57.382  18.803 0.6000000238
125969  37.554  -57.678  16.288 0.6999999881
24035  36.562  -56.459  15.579 0.6999999881
22367  38.624  -58.305  20.706 0.6000000238
23204  38.019  -57.623  20.295 0.6000000238
21487  38.288  -58.841  21.770 0.5000000000
22351  38.389  -58.326  21.421 0.5000000000
24044  36.674  -56.362  14.704 0.8000000119
23263  37.555  -57.513  14.553 0.6000000238
20664  37.846  -59.485  22.135 0.5000000000
122026  38.402  -59.394  21.450 0.5000000000
24052  37.370  -56.485  13.516 0.8000000119
23275  37.691  -57.257  13.721 0.6000000238
19852  37.340  -61.849  21.217 0.5000000000
24066  37.735  -55.946  12.878 0.8000000119
24879  38.367  -55.269  12.433 0.8000000119
132247  38.024  -56.824  12.998 0.6999999881
25688  39.481  -54.315  11.889 0.6999999881
26468  40.828  -53.333  11.345 0.6999999881
25687  40.338  -54.235  11.490 0.6999999881
24878  39.205  -55.730  12.054 0.6999999881
26467  41.880  -53.191  10.788 0.6000000238
24886  40.844  -54.924  11.225 0.6000000238
24887  39.895  -55.144  11.658 0.6000000238
27325  42.679  -52.263  9.709 0.6999999881
25699  42.364  -54.115  10.411 0.6999999881
24885  41.667  -54.758  10.872 0.6000000238
27341  41.951  -52.216  8.739 0.6999999881
125867  42.810  -53.668  8.820 0.6000000238
124983  40.226  -52.943  8.676 0.8000000119
26500  41.279  -52.958  8.531 0.8000000119
26498  42.380  -53.690  8.479 0.6000000238
28182  39.127  -51.678  8.883 0.8999999762
26502  37.450  -52.768  9.042 0.6999999881
28183  38.196  -51.616  8.736 0.8000000119
26501  38.285  -52.976  9.085 0.6999999881
24807  35.612  -55.749  17.895 0.6000000238
24837  35.543  -55.216  16.439 0.6999999881
25634  35.171  -54.433  16.731 0.6999999881
24000  36.101  -56.256  18.532 0.6000000238
25647  35.471  -54.578  15.879 0.6000000238
24777  36.559  -55.746  20.520 0.4000000060
131056  37.444  -56.968  20.288 0.6000000238
23999  36.704  -56.735  19.121 0.6000000238
24852  35.787  -55.254  15.733 0.6999999881
23187  37.701  -57.066  20.890 0.6000000238
25646  35.828  -54.861  15.161 0.8000000119
22345  37.922  -57.889  22.694 0.4000000060
23172  38.031  -57.738  21.875 0.5000000000
23186  38.150  -57.703  21.147 0.6000000238
128701  36.480  -54.981  14.026 0.8000000119
116717  37.878  -58.732  22.622 0.5000000000
25664  36.937  -54.686  13.451 0.8000000119
20655  37.476  -59.550  23.029 0.4000000060
25680  37.955  -54.403  12.665 0.8000000119
115627  37.315  -60.309  22.449 0.5000000000
26457  39.113  -53.584  12.178 0.8000000119
27300  40.731  -51.657  11.865 0.8000000119
26469  39.886  -53.510  11.752 0.6999999881
25679  38.711  -54.370  12.281 0.8000000119
27312  42.308  -52.253  10.453 0.8000000119
117903  41.997  -50.951  10.273 0.8999999762
28163  42.333  -51.520  10.107 0.8999999762
27313  41.399  -52.246  11.210 0.6999999881
28175  42.272  -51.325  9.670 0.8999999762
27324  42.713  -52.314  9.292 0.6000000238
28181  40.227  -51.508  8.989 0.8999999762
28185  36.348  -51.632  8.378 0.8000000119
27347  36.019  -52.432  8.812 0.8000000119
27346  36.940  -52.253  8.717 0.8000000119
28184  37.286  -51.433  8.445 0.8000000119
27345  37.829  -52.203  8.752 0.6999999881
25623  35.028  -54.307  17.622 0.6999999881
127937  35.148  -52.864  16.540 0.6000000238
122279  35.585  -55.484  18.790 0.6000000238
25607  35.141  -54.205  18.471 0.5000000000
27268  35.402  -52.932  15.602 0.6999999881
124294  36.289  -55.001  20.631 0.4000000060
124047  36.066  -55.247  20.111 0.5000000000
24791  35.651  -55.056  19.553 0.6000000238
26439  35.594  -53.929  15.162 0.6999999881
24776  37.110  -55.896  21.287 0.5000000000
26438  36.069  -53.795  14.447 0.6999999881
25542  37.759  -54.931  23.286 0.5000000000
23173  37.793  -57.070  21.615 0.6000000238
24710  37.857  -55.923  24.311 0.4000000060
24738  37.701  -55.709  23.569 0.4000000060
27286  38.385  -52.076  13.200 0.8000000119
122364  37.236  -53.142  13.441 0.8000000119
23145  37.680  -57.301  24.172 0.4000000060
27302  38.880  -52.703  12.562 0.8000000119
27303  37.953  -52.926  12.990 0.8000000119
25681  37.386  -54.354  13.074 0.8000000119
121596  37.449  -59.609  23.962 0.3000000119
28141  41.050  -50.667  12.093 0.8000000119
28979  40.662  -50.213  12.821 0.8000000119
27301  39.809  -52.136  12.259 0.8000000119
29772  41.160  -49.859  11.670 0.8000000119
29790  40.743  -49.748  11.169 0.8999999762
28152  41.819  -50.921  10.776 0.8999999762
29000  40.446  -50.177  10.331 0.8999999762
29013  41.157  -50.578  9.846 0.8999999762
29001  39.255  -50.322  10.043 0.8999999762
28177  40.974  -51.044  9.311 0.8999999762
29014  40.058  -50.770  9.507 0.8999999762
28190  35.808  -50.873  8.040 0.8000000119
127264  35.256  -51.835  8.522 0.8000000119
29018  39.354  -51.220  9.123 0.8999999762
29019  38.511  -51.192  8.928 0.8999999762
28189  36.688  -50.917  8.110 0.8000000119
29020  37.737  -50.967  8.577 0.8000000119
26412  35.140  -53.384  17.980 0.6000000238
129765  35.133  -52.904  17.279 0.6000000238
28094  35.471  -51.526  16.937 0.6000000238
26384  35.460  -53.586  18.977 0.6000000238
26359  36.786  -53.829  21.184 0.4000000060
26369  36.400  -53.743  20.563 0.4000000060
26383  35.955  -53.637  19.802 0.4000000060
24792  35.310  -54.727  18.932 0.5000000000
27267  35.811  -52.160  15.122 0.6999999881
24769  36.709  -55.112  21.211 0.4000000060
27275  36.409  -52.447  14.385 0.6999999881
25562  37.491  -54.660  22.509 0.5000000000
25570  37.055  -54.368  21.695 0.4000000060
135471  36.928  -52.644  13.855 0.6999999881
26329  38.682  -53.911  23.192 0.5000000000
28111  38.445  -50.746  14.247 0.8000000119
27287  37.566  -52.393  13.548 0.8000000119
29751  40.637  -49.445  12.928 0.8000000119
28125  38.886  -51.192  13.554 0.8000000119
29762  40.529  -49.218  12.399 0.8000000119
29775  38.979  -49.385  11.385 0.8999999762
29789  41.197  -49.888  11.275 0.8999999762
29776  37.860  -49.460  11.053 0.8999999762
29803  38.219  -50.278  9.650 0.8999999762
29016  38.024  -50.644  8.934 1.0000000000
29027  35.730  -50.000  7.713 0.8000000119
117297  37.502  -50.318  8.433 1.0000000000
29021  37.181  -50.568  8.185 0.8000000119
29026  36.642  -50.131  7.782 0.8000000119
28079  35.598  -51.755  17.583 0.6000000238
28078  35.847  -50.991  17.355 0.6000000238
27234  36.204  -52.188  18.662 0.6000000238
28935  36.327  -50.307  16.990 0.6999999881
26368  36.996  -53.236  20.849 0.4000000060
27210  36.595  -53.091  20.027 0.4000000060
26358  37.332  -53.531  21.571 0.4000000060
28113  36.530  -51.569  14.739 0.6999999881
26347  38.271  -53.551  22.534 0.5000000000
27201  38.754  -52.571  21.029 0.4000000060
28112  37.426  -51.132  14.469 0.8000000119
28966  39.492  -50.290  13.987 0.8000000119
28944  38.650  -49.429  15.437 0.8000000119
30547  40.048  -48.435  13.737 0.8000000119
28965  40.313  -49.759  13.555 0.8000000119
30562  38.973  -48.583  12.610 0.8000000119
30546  40.442  -49.014  13.010 0.8000000119
29774  40.163  -49.257  11.831 0.8999999762
29792  38.502  -49.891  10.536 0.8999999762
29793  37.534  -49.665  10.050 1.0000000000
117234  37.268  -49.255  9.099 1.0000000000
29806  37.424  -49.631  8.338 1.0000000000
132071  36.338  -49.497  7.552 0.8000000119
138926  35.092  -50.430  7.980 0.8000000119
30601  37.479  -48.826  8.124 1.0000000000
29811  37.045  -49.214  7.555 0.8000000119
29025  37.273  -49.844  7.933 0.8000000119
28050  36.698  -51.652  18.653 0.6000000238
28064  35.763  -52.092  18.151 0.6000000238
28923  36.480  -50.508  17.789 0.6000000238
28946  36.481  -50.391  16.063 0.6999999881
29720  37.906  -49.033  17.091 0.6999999881
27209  37.343  -52.714  20.168 0.4000000060
27220  37.730  -52.266  19.394 0.5000000000
134014  36.886  -52.383  19.245 0.5000000000
28945  37.478  -49.892  15.729 0.8000000119
29730  38.235  -49.148  16.244 0.8000000119
27202  37.828  -52.839  21.170 0.4000000060
28955  37.940  -50.267  14.930 0.8000000119
27206  39.654  -52.813  19.601 0.4000000060
27207  38.938  -52.565  19.905 0.4000000060
28953  39.989  -49.317  14.317 0.8000000119
28954  39.095  -49.853  14.715 0.8000000119
134002  40.058  -48.498  14.456 0.8000000119
135305  39.531  -48.324  13.311 0.8000000119
30574  37.404  -49.065  11.527 0.8999999762
30564  36.595  -48.354  12.527 0.8000000119
30587  36.581  -48.640  10.612 1.0000000000
126187  36.970  -49.097  10.079 1.0000000000
31358  36.327  -47.996  10.338 1.0000000000
31378  37.337  -47.715  7.521 1.0000000000
119471  36.468  -48.936  7.426 0.8999999762
132241  34.860  -49.771  7.843 0.8000000119
29813  34.616  -48.953  7.719 0.8999999762
30605  36.978  -48.339  7.321 1.0000000000
117141  36.556  -47.954  7.262 1.0000000000
31380  35.818  -47.466  7.331 1.0000000000
116735  37.439  -46.270  7.521 1.0000000000
32960  38.078  -44.960  7.877 1.0000000000
32963  37.708  -45.315  7.577 1.0000000000
33693  37.480  -44.688  7.172 1.0000000000
34545  38.313  -43.650  7.727 1.0000000000
28912  37.187  -49.980  18.267 0.6999999881
28922  37.061  -49.754  17.501 0.6999999881
29696  38.119  -48.678  18.824 0.6999999881
28903  37.540  -50.390  18.808 0.6000000238
28049  37.407  -51.450  18.924 0.6000000238
28048  38.201  -51.721  19.154 0.5000000000
134084  38.507  -47.713  17.175 0.8000000119
27218  39.265  -52.653  19.149 0.4000000060
29719  38.653  -48.320  16.512 0.8000000119
30519  39.631  -48.077  15.203 0.8000000119
30548  39.409  -47.956  13.945 0.8000000119
31309  39.197  -47.779  14.751 0.8000000119
30550  37.508  -48.226  13.138 0.6999999881
30549  38.598  -48.221  13.250 0.8000000119
30575  36.629  -48.690  11.535 0.8999999762
31336  35.854  -47.892  12.734 0.8000000119
126800  36.124  -48.253  11.080 0.8999999762
31346  35.517  -47.408  12.068 1.0000000000
31359  35.801  -47.492  11.077 1.0000000000
32157  36.400  -47.102  10.170 1.0000000000
32158  35.963  -46.638  10.777 1.0000000000
126950  36.432  -45.242  10.406 1.0000000000
31370  36.929  -47.691  9.409 1.0000000000
32955  37.130  -45.591  9.561 1.0000000000
121255  37.649  -45.031  9.002 1.0000000000
127229  37.979  -45.261  8.277 1.0000000000
31381  34.547  -47.549  7.674 1.0000000000
33690  38.043  -44.471  8.420 1.0000000000
117374  36.767  -46.609  7.214 1.0000000000
32964  36.152  -45.680  7.217 1.0000000000
33694  36.472  -44.734  7.090 1.0000000000
35435  38.199  -42.937  7.053 1.0000000000
33698  37.077  -43.924  6.882 1.0000000000
30475  38.598  -48.430  19.512 0.6999999881
30498  38.282  -48.161  18.001 0.6999999881
132278  39.529  -49.681  19.996 0.5000000000
29686  38.363  -49.287  19.403 0.6999999881
29706  38.351  -48.319  17.271 0.6999999881
28902  38.108  -50.758  19.144 0.6000000238
122852  39.602  -51.593  19.190 0.5000000000
28901  38.858  -51.164  19.323 0.5000000000
30508  38.788  -47.762  16.456 0.8000000119
31283  38.282  -47.335  16.553 0.8000000119
31295  38.838  -47.633  15.690 0.6999999881
31296  37.631  -47.240  15.749 0.8000000119
121509  37.272  -47.671  14.294 0.8000000119
31310  38.139  -47.509  14.936 0.8000000119
31327  35.733  -47.471  13.539 0.6999999881
31326  36.708  -47.940  13.491 0.6999999881
32136  35.237  -46.605  12.434 0.8999999762
32913  34.874  -45.781  13.663 0.8000000119
33632  34.687  -44.153  13.829 0.8000000119
34472  34.639  -43.254  13.692 0.8000000119
32933  35.418  -45.764  11.809 0.8999999762
32922  35.068  -45.674  12.673 0.8000000119
34471  34.932  -43.748  13.029 0.8000000119
32945  35.899  -45.880  10.980 1.0000000000
33657  35.358  -44.866  12.107 0.8999999762
134959  35.304  -44.030  12.347 0.8999999762
35358  34.938  -42.939  12.895 0.8000000119
33656  35.720  -44.136  11.545 0.8999999762
33668  36.340  -44.254  10.638 1.0000000000
33681  36.976  -44.714  9.814 1.0000000000
32954  37.704  -45.830  8.650 1.0000000000
34533  37.891  -43.636  8.892 1.0000000000
119210  38.251  -42.877  8.558 1.0000000000
34549  35.686  -43.354  7.218 1.0000000000
35402  37.756  -42.236  9.293 1.0000000000
35430  38.623  -42.445  8.007 1.0000000000
34553  36.406  -43.310  6.872 1.0000000000
35416  38.311  -41.915  8.562 1.0000000000
36223  38.622  -41.621  8.012 1.0000000000
36955  37.770  -40.823  6.905 1.0000000000
116962  40.391  -48.382  20.390 0.6999999881
30474  39.408  -48.070  20.130 0.6999999881
31251  38.667  -47.628  19.478 0.6999999881
31263  38.338  -47.240  18.773 0.6999999881
118390  39.851  -49.018  20.278 0.6000000238
117377  38.282  -47.513  18.001 0.6999999881
29685  40.294  -49.734  20.132 0.5000000000
31272  38.115  -47.204  17.372 0.6999999881
136509  40.684  -50.360  19.826 0.5000000000
32071  37.603  -46.761  17.649 0.8000000119
32081  37.504  -46.977  16.517 0.6999999881
32094  36.534  -46.786  16.143 0.6999999881
32111  36.520  -47.068  15.325 0.6999999881
31312  35.903  -47.141  14.534 0.6999999881
127250  35.203  -46.966  13.133 0.6999999881
32127  35.200  -46.769  13.793 0.6999999881
33622  34.569  -44.607  14.648 0.8000000119
34444  34.325  -43.418  15.667 0.8000000119
35332  34.210  -42.616  15.926 0.8000000119
34461  34.427  -43.609  14.675 0.8000000119
122226  34.187  -42.024  15.162 0.8000000119
36153  34.446  -41.753  14.138 0.8000000119
34506  35.604  -43.383  11.881 1.0000000000
35381  35.399  -42.727  12.238 0.8999999762
133310  34.798  -41.496  13.250 0.8000000119
36176  35.609  -41.859  11.942 1.0000000000
116486  35.286  -41.293  12.499 0.8000000119
119672  36.928  -44.006  9.977 1.0000000000
34505  36.081  -43.407  11.137 1.0000000000
34534  37.266  -43.475  9.656 1.0000000000
35403  37.051  -42.625  9.987 1.0000000000
36210  37.860  -41.335  9.294 1.0000000000
36232  36.032  -42.033  6.937 1.0000000000
118653  35.005  -43.310  7.715 1.0000000000
36940  38.372  -40.980  8.586 1.0000000000
120194  38.416  -40.011  8.620 1.0000000000
36954  38.302  -40.544  7.428 1.0000000000
131710  36.913  -42.016  6.675 1.0000000000
37691  38.259  -39.465  7.528 1.0000000000
129782  39.706  -47.198  20.282 0.6999999881
120091  39.054  -47.122  19.924 0.6999999881
32042  38.652  -46.449  19.684 0.6000000238
32058  38.062  -46.567  18.990 0.6000000238
133227  37.578  -46.522  18.362 0.6000000238
32072  36.910  -46.331  18.027 0.6999999881
124660  36.039  -46.374  16.789 0.6999999881
115535  36.919  -46.638  17.094 0.6999999881
32082  35.548  -46.221  16.143 0.6999999881
32095  35.735  -46.639  15.353 0.6999999881
134542  34.388  -43.920  16.230 0.8000000119
32899  35.165  -46.385  14.582 0.6999999881
32883  34.663  -45.103  15.433 0.8000000119
36145  34.109  -41.242  15.738 0.8000000119
115817  34.299  -41.094  14.815 0.8000000119
36900  34.959  -39.982  13.714 0.8000000119
137081  35.625  -41.188  12.023 0.8000000119
118366  35.084  -40.620  13.032 0.8000000119
36928  36.673  -41.109  10.672 1.0000000000
36921  36.001  -41.119  11.532 1.0000000000
37649  35.556  -39.737  12.922 0.6999999881
36920  36.468  -40.246  11.333 1.0000000000
133804  36.408  -39.379  12.111 0.8999999762
36919  37.285  -40.070  10.445 1.0000000000
37665  37.840  -39.553  9.881 1.0000000000
38454  38.116  -38.336  10.214 1.0000000000
35437  34.866  -42.560  7.911 1.0000000000
37677  38.196  -39.574  9.309 1.0000000000
38473  38.413  -38.648  8.680 1.0000000000
36959  37.186  -40.373  6.761 1.0000000000
36228  35.804  -41.118  7.245 1.0000000000
118203  35.290  -41.887  7.560 1.0000000000
37692  37.818  -39.966  6.944 1.0000000000
126416  38.578  -46.993  19.361 0.6999999881
32859  36.307  -45.653  18.420 0.6000000238
32860  35.417  -45.275  17.935 0.6999999881
32873  34.945  -45.474  16.213 0.6999999881
32872  35.408  -45.776  16.967 0.6999999881
33587  34.569  -44.647  16.267 0.6999999881
33575  34.490  -44.036  17.123 0.8000000119
35309  34.229  -42.253  16.891 0.6999999881
36123  34.157  -41.317  16.607 0.6999999881
37604  34.621  -39.664  15.358 0.6999999881
37618  34.984  -39.433  14.468 0.6999999881
37630  36.060  -38.871  13.013 0.8000000119
37631  35.454  -39.200  13.674 0.6999999881
37658  37.018  -39.419  11.209 0.8999999762
38455  37.682  -38.962  10.586 1.0000000000
118765  37.634  -37.881  11.672 1.0000000000
36229  35.042  -41.053  7.950 1.0000000000
38464  38.311  -38.458  9.444 1.0000000000
36956  36.354  -40.324  6.948 1.0000000000
38476  38.041  -38.591  7.500 1.0000000000
124267  38.812  -45.754  19.860 0.6000000238
32043  38.078  -45.867  19.455 0.6000000238
32833  37.525  -45.216  19.431 0.6000000238
33542  38.102  -44.534  19.650 0.6000000238
32059  37.250  -45.924  18.894 0.6000000238
33560  37.117  -44.457  19.306 0.6000000238
33561  36.220  -44.355  18.898 0.6000000238
33562  35.405  -44.407  18.400 0.6000000238
33574  34.894  -44.517  17.772 0.6000000238
124684  34.969  -42.843  18.092 0.6999999881
36111  34.541  -41.391  17.485 0.6999999881
36860  34.395  -40.522  16.932 0.6999999881
37579  34.421  -39.976  16.242 0.6999999881
38373  35.325  -38.684  16.801 0.6999999881
37603  34.818  -39.134  16.148 0.6999999881
38396  35.453  -38.373  15.867 0.6999999881
43277  42.069  -31.966  13.964 0.3000000119
38407  36.263  -38.001  14.303 0.6999999881
131263  35.701  -38.341  15.027 0.6999999881
44218  41.719  -31.098  12.459 0.3000000119
38420  36.558  -38.166  13.352 0.8000000119
34521  32.697  -43.603  10.626 0.8999999762
37648  37.319  -38.545  11.643 1.0000000000
35433  33.734  -42.628  9.339 1.0000000000
36224  34.495  -41.452  8.591 1.0000000000
128410  34.091  -41.833  9.079 1.0000000000
39212  37.884  -37.440  10.314 1.0000000000
39230  37.339  -37.067  7.881 1.0000000000
38474  38.258  -38.204  8.218 1.0000000000
37693  37.001  -39.654  6.759 1.0000000000
36957  35.469  -40.265  7.418 1.0000000000
39234  36.965  -37.513  7.108 1.0000000000
131074  38.939  -45.008  19.923 0.6000000238
34372  39.100  -43.481  19.432 0.6000000238
129892  37.609  -43.876  19.379 0.6000000238
35275  37.936  -42.440  18.619 0.6000000238
116371  37.191  -42.785  18.758 0.6999999881
35277  36.423  -42.704  18.530 0.6999999881
34395  36.827  -43.545  19.006 0.6000000238
35278  35.627  -42.547  18.315 0.6999999881
37601  42.435  -39.891  15.409 0.3000000119
38394  43.033  -39.012  15.913 0.3000000119
35291  35.087  -41.984  18.073 0.6999999881
36847  35.626  -40.297  18.085 0.6999999881
38358  35.496  -39.091  17.523 0.6999999881
134370  42.583  -32.598  14.164 0.3000000119
43257  42.080  -32.587  14.680 0.4000000060
44183  41.277  -31.582  14.182 0.4000000060
43258  41.050  -31.852  14.940 0.4000000060
33658  32.410  -44.134  11.327 0.6999999881
34508  31.702  -43.019  12.197 0.6999999881
47729  39.974  -28.233  12.846 0.3000000119
44219  40.964  -30.795  12.831 0.3000000119
39169  36.564  -37.197  14.647 0.6999999881
35404  32.708  -42.646  10.953 0.8999999762
45074  40.380  -30.435  13.215 0.3000000119
38419  36.988  -37.790  12.877 0.8000000119
35418  33.260  -42.200  10.238 0.8999999762
46792  39.848  -29.198  13.062 0.3000000119
45052  40.280  -30.587  14.055 0.3000000119
40005  37.287  -37.100  12.509 0.8000000119
40031  37.460  -36.926  10.814 1.0000000000
36952  34.496  -40.537  8.536 1.0000000000
40041  37.508  -36.875  9.825 1.0000000000
37694  35.958  -39.356  6.948 1.0000000000
37695  34.951  -39.488  7.495 1.0000000000
40051  37.462  -36.914  8.839 1.0000000000
38478  36.231  -38.231  6.802 1.0000000000
40056  36.657  -36.610  7.194 1.0000000000
127535  36.210  -37.329  6.769 1.0000000000
40057  36.182  -35.999  6.938 1.0000000000
35290  38.441  -42.024  18.172 0.6999999881
36109  37.812  -41.733  18.259 0.6999999881
36875  40.888  -41.171  15.087 0.3000000119
37602  41.562  -40.312  15.669 0.4000000060
132274  36.989  -41.178  18.344 0.6999999881
129519  36.091  -40.902  18.279 0.6999999881
119039  42.648  -38.510  16.647 0.4000000060
37567  35.906  -39.543  18.071 0.6999999881
39138  43.361  -37.922  16.158 0.3000000119
38371  41.913  -38.987  17.182 0.5000000000
38341  37.050  -38.665  18.373 0.6999999881
124963  36.223  -38.782  17.941 0.6999999881
39139  42.793  -37.664  16.788 0.5000000000
38357  35.882  -38.380  17.375 0.6999999881
40885  42.920  -35.039  16.017 0.4000000060
40865  41.767  -34.934  17.155 0.6000000238
41642  41.601  -34.064  16.658 0.5000000000
38372  35.981  -37.691  16.567 0.6999999881
42433  42.534  -33.670  15.351 0.3000000119
38395  36.108  -37.765  15.339 0.6999999881
46758  39.296  -28.105  15.972 0.4000000060
43227  40.806  -33.089  16.798 0.4000000060
127566  36.331  -37.258  15.644 0.6999999881
35382  30.804  -42.893  12.451 0.6999999881
47677  39.564  -27.457  15.428 0.4000000060
118796  41.490  -32.504  15.255 0.4000000060
43247  40.862  -32.207  15.764 0.4000000060
33646  31.146  -44.258  12.708 0.6000000238
47715  40.119  -27.580  13.571 0.3000000119
46774  39.695  -28.659  14.688 0.3000000119
47696  39.856  -27.753  14.532 0.4000000060
44184  40.652  -31.229  14.508 0.4000000060
44155  40.235  -31.750  16.240 0.4000000060
39982  36.568  -36.782  14.271 0.6999999881
40886  35.996  -36.269  15.700 0.6999999881
35393  32.188  -42.597  11.755 0.6999999881
45902  39.402  -29.595  15.894 0.4000000060
45038  40.149  -30.757  14.917 0.4000000060
44156  39.620  -31.219  16.660 0.4000000060
122538  36.721  -36.778  13.508 0.8000000119
45951  39.771  -29.298  14.087 0.3000000119
45053  39.899  -30.043  14.491 0.3000000119
45039  39.743  -30.206  15.383 0.4000000060
40006  36.934  -36.778  12.635 0.8000000119
36225  34.051  -40.921  9.255 1.0000000000
40918  36.306  -36.297  12.133 0.8999999762
40032  36.893  -36.389  10.199 1.0000000000
38479  35.367  -37.640  6.862 1.0000000000
131741  36.453  -35.773  7.565 1.0000000000
40052  36.947  -36.350  8.167 1.0000000000
40042  36.940  -36.342  9.165 1.0000000000
39235  35.761  -36.738  6.720 1.0000000000
39236  34.442  -37.974  7.234 1.0000000000
40058  35.426  -35.957  6.707 1.0000000000
40059  34.337  -35.945  6.750 1.0000000000
35289  39.152  -42.001  17.664 0.6000000238
36107  39.237  -41.444  17.445 0.6000000238
36108  38.534  -41.551  17.955 0.6000000238
36845  38.665  -40.925  17.931 0.6999999881
36857  40.084  -40.984  16.279 0.5000000000
36843  40.034  -40.516  17.189 0.6000000238
36829  38.152  -40.295  18.395 0.6999999881
37577  41.437  -39.879  16.557 0.5000000000
37564  41.208  -39.533  17.236 0.4000000060
36830  37.404  -40.453  18.390 0.6999999881
36831  36.563  -40.173  18.349 0.6999999881
38356  41.172  -38.920  17.770 0.6000000238
37548  37.463  -39.581  18.488 0.6999999881
121498  41.648  -38.278  17.704 0.6000000238
38340  37.982  -38.721  18.572 0.6999999881
126939  42.439  -37.084  17.213 0.6000000238
39937  41.948  -36.427  17.573 0.6000000238
126683  37.607  -37.909  18.409 0.6999999881
39124  37.375  -36.954  18.141 0.6999999881
40848  42.073  -35.720  17.249 0.5000000000
117990  41.010  -34.924  17.792 0.6000000238
120862  39.790  -35.795  18.523 0.6000000238
39939  36.817  -36.977  17.561 0.6000000238
45883  36.877  -29.256  17.866 0.4000000060
42420  41.314  -33.120  16.179 0.4000000060
42403  40.983  -33.603  17.036 0.4000000060
40831  40.181  -34.946  18.264 0.5000000000
40832  39.250  -35.060  18.503 0.6000000238
39140  36.422  -37.201  17.112 0.6999999881
46746  38.667  -28.077  16.608 0.4000000060
41627  40.472  -34.056  17.768 0.5000000000
39158  36.380  -37.021  16.328 0.6999999881
46745  38.997  -28.925  16.404 0.4000000060
45882  37.699  -29.388  17.564 0.5000000000
43228  40.572  -32.559  16.597 0.4000000060
43209  39.852  -32.102  17.174 0.4000000060
128157  36.208  -36.605  16.212 0.6999999881
36200  32.237  -41.111  11.255 0.8999999762
119654  31.403  -42.189  12.067 0.6999999881
134412  39.667  -29.435  15.006 0.4000000060
44135  39.135  -31.437  17.383 0.4000000060
40894  36.173  -36.326  13.935 0.6999999881
127224  36.134  -36.399  14.824 0.6999999881
45025  39.455  -30.409  16.252 0.4000000060
36942  33.470  -40.782  9.980 0.8999999762
40020  36.757  -36.471  11.287 0.8999999762
137285  33.604  -40.265  9.519 0.8999999762
37696  34.316  -38.810  7.606 1.0000000000
36953  33.955  -40.030  8.971 1.0000000000
40941  36.180  -35.950  10.523 1.0000000000
37688  34.275  -39.601  8.223 1.0000000000
132872  36.511  -35.718  8.448 1.0000000000
38480  33.793  -38.238  7.704 1.0000000000
37689  33.641  -38.808  8.187 1.0000000000
41739  35.670  -34.494  8.017 1.0000000000
43348  34.728  -32.641  6.796 0.8999999762
138692  35.066  -33.197  7.013 1.0000000000
135333  35.251  -34.133  6.780 1.0000000000
40972  34.102  -35.089  6.659 1.0000000000
123855  33.553  -36.715  7.230 1.0000000000
41763  34.698  -34.218  6.518 1.0000000000
41764  33.833  -34.437  6.536 1.0000000000
40973  33.160  -35.034  7.056 0.8999999762
128825  34.147  -33.651  6.266 1.0000000000
41765  32.967  -34.140  6.746 0.8999999762
36844  39.346  -40.754  17.534 0.6000000238
36828  39.011  -40.142  18.277 0.6999999881
37546  39.354  -39.236  18.473 0.6999999881
38338  40.316  -38.885  18.277 0.6999999881
38339  39.471  -38.218  18.640 0.6999999881
39123  41.038  -38.131  18.154 0.6000000238
39107  40.789  -37.310  18.360 0.6000000238
135851  38.494  -38.021  18.639 0.6999999881
39108  39.902  -37.330  18.618 0.6999999881
127995  39.407  -36.612  18.636 0.6000000238
39925  38.665  -36.717  18.620 0.6000000238
39926  38.043  -36.435  18.484 0.6000000238
47651  37.220  -27.682  17.479 0.3000000119
39938  41.212  -36.502  18.125 0.6000000238
40850  40.708  -35.720  18.218 0.6000000238
40834  37.405  -35.984  18.269 0.6000000238
46732  36.564  -28.676  17.787 0.4000000060
46733  35.910  -28.258  17.791 0.4000000060
41610  39.606  -34.250  18.292 0.6000000238
40833  38.360  -35.119  18.540 0.6000000238
41611  38.762  -34.374  18.470 0.5000000000
39927  36.829  -36.259  17.801 0.6000000238
42405  38.906  -32.971  18.206 0.4000000060
40851  36.266  -35.769  17.395 0.6000000238
126298  37.184  -29.980  17.970 0.5000000000
133158  38.599  -31.646  17.854 0.4000000060
120371  39.112  -32.162  17.827 0.4000000060
40866  36.029  -36.026  16.552 0.6000000238
128778  37.513  -30.757  18.045 0.5000000000
45005  39.046  -30.657  17.007 0.4000000060
135339  35.283  -35.230  15.301 0.6000000238
44136  38.420  -30.900  17.633 0.4000000060
135347  37.899  -31.528  18.119 0.4000000060
137706  32.762  -41.195  10.820 0.8999999762
130205  35.702  -35.926  12.631 0.8999999762
40908  35.584  -35.811  13.409 0.8000000119
37666  32.186  -39.788  10.335 0.8999999762
37679  32.513  -39.338  9.596 0.8999999762
38475  32.205  -38.034  8.655 0.8999999762
37690  32.875  -38.846  8.802 0.8999999762
40942  35.705  -35.344  9.866 1.0000000000
41757  35.333  -33.777  7.295 1.0000000000
39238  33.047  -37.249  7.729 1.0000000000
116477  33.347  -35.866  7.152 0.8999999762
42537  33.438  -33.115  6.143 1.0000000000
42538  32.332  -33.438  6.757 1.0000000000
40974  32.304  -34.907  7.591 0.8999999762
43365  32.687  -32.567  6.220 1.0000000000
43366  31.658  -32.917  7.029 0.8999999762
48590  37.730  -26.332  17.191 0.3000000119
47652  36.404  -27.503  17.641 0.3000000119
119899  34.956  -28.139  17.680 0.3000000119
127803  37.540  -35.191  18.449 0.6000000238
129380  34.771  -30.193  17.938 0.5000000000
45886  34.279  -29.617  17.580 0.4000000060
42388  38.343  -33.688  18.430 0.5000000000
43195  37.910  -32.968  18.371 0.5000000000
42389  37.432  -33.730  18.448 0.5000000000
41629  36.202  -34.549  18.072 0.5000000000
133606  35.642  -30.005  18.132 0.5000000000
43196  36.955  -33.013  18.384 0.5000000000
42390  36.528  -33.796  18.305 0.5000000000
119568  35.320  -30.817  18.148 0.5000000000
43212  36.453  -32.296  18.311 0.5000000000
40887  35.601  -35.611  15.984 0.6000000238
44138  35.894  -31.551  18.269 0.5000000000
44137  36.951  -31.492  18.281 0.5000000000
41675  34.919  -34.876  14.603 0.6999999881
127374  34.245  -32.004  17.287 0.5000000000
43214  34.699  -32.526  17.577 0.5000000000
41687  34.977  -35.135  13.710 0.6000000238
40919  35.558  -35.669  11.890 0.8999999762
121683  35.048  -34.844  10.364 0.8999999762
42524  34.543  -32.352  7.604 0.8999999762
42523  34.879  -33.090  7.800 0.8999999762
41740  35.096  -33.946  8.459 0.8999999762
41725  35.355  -34.677  9.170 1.0000000000
40060  32.684  -36.590  7.774 0.8999999762
38481  33.071  -38.010  8.100 0.8999999762
40061  32.541  -35.709  7.683 0.8999999762
43364  34.263  -32.024  6.296 0.8000000119
43369  33.671  -31.451  6.156 0.6999999881
40053  31.926  -36.296  8.328 0.8999999762
41766  31.801  -34.131  7.521 0.8999999762
132202  31.927  -35.499  8.136 0.8999999762
134196  37.131  -26.054  17.421 0.3000000119
120630  36.054  -26.710  17.642 0.3000000119
48567  35.147  -26.630  17.583 0.4000000060
48568  34.307  -26.563  17.359 0.3000000119
46735  34.045  -28.175  17.296 0.3000000119
127792  33.943  -29.036  17.272 0.4000000060
41613  37.017  -34.513  18.393 0.6000000238
44140  34.082  -31.274  17.344 0.5000000000
45026  33.598  -30.761  16.600 0.4000000060
42406  35.690  -33.865  17.930 0.5000000000
41630  35.580  -34.556  17.471 0.5000000000
137414  33.956  -32.366  16.184 0.5000000000
43213  35.476  -32.396  18.100 0.5000000000
41643  35.217  -34.560  16.813 0.5000000000
42422  34.513  -33.401  16.470 0.5000000000
41644  34.804  -34.179  16.264 0.5000000000
43248  34.105  -32.866  15.891 0.5000000000
41664  34.818  -34.528  15.421 0.5000000000
43259  33.866  -32.950  14.958 0.5000000000
130380  34.072  -33.691  14.294 0.6000000238
41688  34.556  -34.590  13.138 0.6000000238
42480  33.667  -33.364  12.216 0.6999999881
41706  34.377  -34.358  11.863 0.6999999881
117591  34.905  -34.934  11.586 0.6999999881
42479  34.004  -33.916  11.755 0.6999999881
42497  34.030  -33.823  10.122 0.8000000119
41717  34.332  -34.265  10.929 0.8000000119
137410  32.181  -36.862  8.244 0.8999999762
42506  34.372  -33.514  9.101 0.8999999762
41726  34.658  -34.232  9.679 0.8999999762
43349  34.445  -31.848  6.960 0.6999999881
40966  31.365  -35.652  8.739 0.8999999762
41759  30.968  -34.218  8.460 0.8999999762
43371  31.927  -32.047  6.394 1.0000000000
48569  33.701  -26.406  16.960 0.3000000119
46748  33.441  -27.855  16.636 0.4000000060
49490  33.646  -25.634  16.705 0.3000000119
119642  33.494  -28.760  16.724 0.4000000060
127346  33.168  -27.571  15.994 0.3000000119
131483  33.268  -30.613  15.764 0.4000000060
45918  33.177  -29.358  16.063 0.4000000060
45919  32.863  -29.134  15.238 0.4000000060
43249  33.671  -32.181  15.545 0.4000000060
120361  32.964  -30.000  15.360 0.4000000060
45055  32.771  -30.243  14.611 0.4000000060
44172  33.430  -31.318  15.742 0.4000000060
44204  33.043  -31.456  14.256 0.4000000060
43260  33.415  -32.246  14.454 0.5000000000
42443  33.670  -32.966  14.115 0.5000000000
42490  33.657  -33.455  11.075 0.6000000238
42498  33.632  -33.188  9.878 0.8000000119
43327  34.025  -32.640  8.709 0.6999999881
44260  34.038  -31.498  6.525 0.6999999881
42539  31.176  -33.531  7.774 0.8999999762
42525  30.358  -33.397  8.679 0.8999999762
134143  31.081  -31.564  6.774 0.8999999762
130706  30.435  -32.102  7.580 0.8000000119
116953  30.782  -32.819  7.769 0.8000000119
44280  30.528  -30.862  6.795 0.6999999881
45166  29.490  -30.835  7.400 0.8000000119
49498  33.451  -25.419  15.836 0.3000000119
47678  33.271  -26.908  15.590 0.3000000119
47679  33.081  -27.703  15.240 0.3000000119
138682  33.272  -27.169  14.794 0.4000000060
138581  32.790  -28.997  14.561 0.4000000060
46775  32.923  -28.559  14.094 0.4000000060
45970  32.655  -29.578  13.125 0.5000000000
44220  32.673  -31.355  12.266 0.5000000000
127200  32.518  -30.761  11.736 0.5000000000
137946  32.839  -31.695  12.722 0.5000000000
44234  32.591  -31.413  11.360 0.5000000000
43308  32.825  -32.103  11.483 0.5000000000
43318  33.083  -32.604  10.681 0.6000000238
121728  33.304  -32.513  9.663 0.6999999881
43328  33.347  -31.916  8.990 0.6999999881
134547  33.493  -30.710  7.381 0.6999999881
45150  33.223  -30.001  7.084 0.6999999881
44284  32.950  -30.655  6.119 0.6999999881
132212  32.957  -29.133  6.842 0.6999999881
45173  32.012  -30.182  6.158 0.8000000119
46037  32.054  -29.281  6.160 0.6999999881
50376  33.915  -24.340  16.733 0.3000000119
50377  33.586  -24.446  15.850 0.3000000119
50395  33.644  -24.904  15.041 0.4000000060
49509  33.555  -25.710  14.858 0.3000000119
48614  33.695  -26.125  14.019 0.4000000060
47716  33.386  -27.437  13.288 0.4000000060
46807  32.840  -28.815  12.470 0.4000000060
46793  33.153  -28.139  12.833 0.3000000119
45978  32.538  -29.963  11.552 0.5000000000
45106  32.494  -30.592  10.883 0.6000000238
46815  32.873  -28.863  11.326 0.3000000119
45996  32.646  -29.652  10.522 0.5000000000
46833  32.989  -28.731  10.087 0.4000000060
43319  32.840  -31.963  9.963 0.6999999881
44247  32.868  -31.208  9.288 0.6999999881
45120  32.656  -30.341  9.688 0.6000000238
43350  34.047  -31.826  7.945 0.6999999881
45132  33.041  -30.350  8.330 0.6999999881
116604  33.055  -29.392  7.758 0.6000000238
49526  33.903  -25.174  13.993 0.3000000119
48636  33.684  -26.587  13.260 0.3000000119
47730  33.476  -27.500  12.347 0.3000000119
48646  33.966  -26.290  12.410 0.3000000119
121468  33.845  -26.830  11.853 0.3000000119
48671  34.401  -25.921  10.470 0.3000000119
130266  33.354  -28.111  10.475 0.3000000119
48659  34.137  -26.725  10.812 0.4000000060
118493  32.826  -29.320  9.448 0.5000000000
46832  33.454  -27.911  9.581 0.5000000000
47770  33.768  -27.111  9.206 0.5000000000
46847  33.184  -28.367  9.062 0.6000000238
129706  32.940  -28.519  7.438 0.6000000238
52093  34.028  -21.946  15.421 0.4000000060
51312  33.958  -22.804  14.780 0.3000000119
116768  34.012  -23.583  14.144 0.3000000119
115544  34.216  -22.773  13.707 0.3000000119
121690  34.281  -24.984  12.882 0.3000000119
50442  34.442  -24.255  12.539 0.3000000119
49539  34.348  -25.524  12.159 0.3000000119
50455  34.494  -24.286  11.645 0.3000000119
50466  34.272  -24.348  10.843 0.3000000119
48687  34.252  -26.086  9.752 0.4000000060
49567  34.178  -25.142  10.053 0.4000000060
46854  33.097  -27.870  8.217 0.6000000238
48698  33.525  -26.557  8.969 0.4000000060
48689  32.862  -26.185  9.105 0.4000000060
47777  32.701  -27.357  8.256 0.5000000000
47784  32.710  -27.958  7.392 0.6000000238
131975  29.643  -29.447  6.833 0.6999999881
44281  28.642  -31.204  8.177 0.8000000119
52876  34.136  -21.217  14.829 0.4000000060
52114  34.128  -21.976  14.322 0.3000000119
116968  34.416  -22.801  12.710 0.3000000119
51343  34.475  -23.551  12.182 0.3000000119
127360  34.308  -23.569  11.400 0.3000000119
50467  33.789  -24.417  10.440 0.4000000060
139553  33.340  -25.164  9.778 0.4000000060
49583  32.651  -25.502  9.618 0.4000000060
48699  32.041  -26.722  8.959 0.4000000060
47778  32.107  -27.705  7.602 0.5000000000
48691  31.132  -26.376  9.383 0.4000000060
47785  32.202  -28.108  6.779 0.6000000238
133708  31.119  -27.669  8.133 0.4000000060
139289  30.538  -28.761  6.619 0.6999999881
46862  30.499  -28.041  7.585 0.4000000060
47787  29.456  -28.025  7.913 0.4000000060
46863  30.023  -28.498  7.144 0.6000000238
123458  28.906  -28.572  7.538 0.5000000000
46040  28.925  -29.222  7.213 0.6000000238
45167  28.456  -30.439  7.714 0.6999999881
46031  28.212  -29.642  7.523 0.6999999881
53627  34.301  -20.069  15.493 0.3000000119
52892  34.294  -21.200  13.924 0.3000000119
125123  34.420  -21.104  13.162 0.3000000119
127311  34.384  -22.857  11.898 0.3000000119
51360  33.928  -22.809  11.331 0.3000000119
50468  33.044  -24.072  10.353 0.4000000060
50483  32.517  -24.715  10.058 0.3000000119
51379  31.940  -23.792  10.274 0.3000000119
49584  31.668  -25.173  9.930 0.3000000119
50485  30.841  -24.627  9.920 0.3000000119
48700  30.850  -27.047  8.969 0.4000000060
129781  30.389  -26.288  9.302 0.3000000119
49594  29.786  -25.620  9.212 0.3000000119
48701  29.654  -26.634  8.905 0.3000000119
47780  29.082  -27.321  8.448 0.3000000119
48702  28.678  -26.496  8.525 0.4000000060
120289  27.877  -28.147  7.834 0.5000000000
124778  28.050  -28.884  7.570 0.5000000000
46032  27.236  -29.298  7.749 0.5000000000
54533  34.388  -19.429  14.131 0.3000000119
53673  34.406  -20.292  13.587 0.3000000119
125431  34.285  -21.040  12.032 0.3000000119
52920  33.656  -21.891  11.303 0.3000000119
52164  33.264  -22.591  10.858 0.3000000119
51380  31.072  -23.986  10.080 0.3000000119
50498  30.049  -24.722  9.412 0.3000000119
49595  29.034  -25.684  8.653 0.3000000119
47788  27.757  -27.339  8.092 0.4000000060
46864  27.211  -28.445  7.736 0.5000000000
128310  26.470  -27.987  7.734 0.5000000000
128328  26.571  -28.703  7.775 0.5000000000
55415  34.445  -18.744  13.646 0.3000000119
54566  34.333  -19.754  12.529 0.3000000119
53696  34.149  -20.413  11.876 0.3000000119
52934  33.253  -21.068  10.998 0.3000000119
125880  32.919  -21.756  10.772 0.3000000119
51372  31.731  -22.802  10.314 0.3000000119
52173  30.919  -22.368  9.862 0.3000000119
122827  29.730  -24.046  8.935 0.3000000119
48707  27.832  -26.462  8.158 0.4000000060
138059  27.277  -26.241  7.915 0.4000000060
47789  26.381  -27.079  7.748 0.4000000060
48710  25.949  -26.403  7.513 0.4000000060
132084  25.846  -27.623  7.679 0.5000000000
47790  25.117  -27.618  7.618 0.4000000060
124381  34.530  -17.974  14.931 0.3000000119
124947  34.490  -17.992  14.038 0.3000000119
53697  33.576  -20.339  11.249 0.3000000119
53711  32.875  -20.306  10.696 0.3000000119
138052  32.232  -21.633  10.489 0.3000000119
52936  31.596  -21.930  10.259 0.3000000119
52174  30.399  -22.846  9.259 0.3000000119
50499  29.293  -24.715  8.665 0.3000000119
51392  29.352  -23.773  8.182 0.3000000119
50500  28.651  -24.999  8.258 0.3000000119
49602  27.460  -25.588  7.787 0.4000000060
48709  26.685  -26.136  7.680 0.3000000119
56333  34.464  -17.272  13.544 0.3000000119
56355  34.422  -18.055  13.120 0.3000000119
129147  34.171  -18.146  12.137 0.3000000119
55451  34.146  -19.018  12.058 0.3000000119
54585  33.291  -19.535  10.924 0.3000000119
53712  32.057  -20.367  10.246 0.3000000119
131498  31.680  -19.753  9.758 0.3000000119
53713  31.724  -21.141  10.199 0.3000000119
52947  30.927  -21.417  9.567 0.3000000119
53727  31.320  -20.521  9.657 0.3000000119
51391  29.891  -23.280  8.626 0.3000000119
57314  34.443  -16.576  13.051 0.3000000119
55452  33.710  -18.715  11.329 0.3000000119
56372  34.064  -17.249  11.833 0.3000000119
130207  33.367  -18.132  10.867 0.3000000119
55460  32.989  -18.721  10.635 0.3000000119
52948  30.499  -22.072  9.111 0.3000000119
122183  30.127  -22.334  8.224 0.3000000119
51404  29.522  -22.919  7.634 0.3000000119
57337  34.268  -16.584  12.252 0.3000000119
58267  34.145  -15.158  11.655 0.3000000119
129498  32.826  -17.914  10.345 0.3000000119
57370  33.542  -16.746  10.770 0.4000000060
55472  32.309  -18.563  10.017 0.3000000119
132879  31.814  -18.699  9.488 0.3000000119
116437  31.086  -19.862  9.056 0.3000000119
56382  32.468  -17.479  9.781 0.4000000060
125288  33.175  -16.267  10.216 0.4000000060
55473  31.990  -18.049  9.404 0.4000000060
129119  33.802  -15.257  10.943 0.3000000119
58288  33.258  -14.995  9.804 0.4000000060
31375  37.572  -47.944  7.885 1.0000000000
119499  37.690  -46.522  8.281 1.0000000000
30604  37.361  -48.520  7.675 0.8999999762
135197  31.037  -30.322  6.376 0.8000000119
45174  30.136  -30.045  6.637 0.8000000119
46038  31.354  -28.818  6.278 0.6999999881
22391  38.685  -58.494  18.367 0.6000000238
22400  38.711  -58.645  17.431 0.6000000238
23250  37.538  -57.637  15.432 0.6000000238
19851  38.479  -60.546  20.765 0.5000000000
19839  37.753  -60.985  21.157 0.5000000000
23205  37.394  -57.174  19.633 0.6000000238
28180  41.382  -51.546  9.009 0.8999999762
23982  36.871  -56.518  19.969 0.5000000000
22338  37.752  -57.932  23.537 0.4000000060
23166  37.803  -57.062  22.413 0.5000000000
21477  37.652  -58.747  23.591 0.4000000060
131013  36.521  -53.307  13.990 0.6999999881
28153  41.492  -51.160  11.378 0.8999999762
122105  35.408  -51.936  16.150 0.6999999881
128739  37.568  -56.219  22.030 0.5000000000
24737  38.047  -55.255  23.958 0.5000000000
21470  37.740  -58.924  24.517 0.4000000060
28124  39.883  -50.729  13.272 0.8000000119
28104  36.017  -51.217  15.557 0.6999999881
117341  37.892  -53.291  21.950 0.4000000060
30563  37.663  -48.653  12.370 0.8000000119
29812  35.610  -49.189  7.554 0.8000000119
28062  36.836  -50.859  18.449 0.6000000238
27208  38.158  -52.533  20.142 0.4000000060
27200  39.607  -52.630  20.797 0.4000000060
29729  39.073  -48.550  15.719 0.8000000119
31369  37.345  -48.304  8.642 1.0000000000
28047  39.110  -52.187  19.083 0.5000000000
32175  37.290  -47.043  7.423 1.0000000000
121741  39.070  -49.096  19.909 0.6999999881
32944  36.521  -46.159  10.206 1.0000000000
32166  37.515  -47.344  8.412 1.0000000000
35439  37.594  -42.587  6.752 1.0000000000
35438  38.321  -42.152  7.132 1.0000000000
32900  34.780  -45.497  14.609 0.8000000119
36196  37.224  -41.693  9.976 1.0000000000
36888  34.572  -40.237  14.598 0.8000000119
36184  36.172  -41.894  11.162 1.0000000000
35391  36.398  -42.659  10.799 1.0000000000
34409  34.519  -43.061  17.451 0.6999999881
38437  36.809  -38.411  12.541 0.8000000119
38448  38.051  -37.860  10.549 1.0000000000
39222  37.970  -37.437  9.436 1.0000000000
40019  37.344  -36.960  11.838 1.0000000000
34396  35.725  -43.444  18.508 0.6999999881
41660  43.375  -34.674  15.370 0.4000000060
35419  33.122  -43.126  9.990 1.0000000000
36211  33.712  -41.628  9.754 1.0000000000
41662  42.071  -33.814  15.922 0.4000000060
40970  36.015  -35.285  7.047 1.0000000000
40863  43.096  -35.873  16.309 0.4000000060
41641  42.254  -34.587  16.348 0.5000000000
39954  42.542  -36.222  16.937 0.5000000000
45881  38.385  -29.602  17.196 0.4000000060
135052  38.922  -29.817  16.690 0.4000000060
40971  35.227  -34.967  6.649 1.0000000000
41628  39.719  -33.440  18.021 0.5000000000
43367  31.164  -32.310  7.117 0.8000000119
45008  34.548  -30.878  17.839 0.5000000000
42421  35.000  -33.883  17.196 0.5000000000
130901  34.493  -34.264  14.756 0.5000000000
135068  34.589  -34.636  12.378 0.6999999881
42457  33.748  -33.339  13.285 0.6000000238
137156  33.098  -31.929  13.724 0.5000000000
43296  33.307  -32.689  12.704 0.5000000000
45076  32.635  -30.400  13.398 0.5000000000
45172  32.560  -29.768  6.227 0.6999999881
46861  32.658  -28.478  6.769 0.6999999881
47786  31.489  -27.966  7.149 0.6000000238
125655  32.711  -23.197  10.523 0.3000000119
24893  41.461  -55.467  10.950 0.5000000000
129242  42.025  -55.794  10.577 0.5000000000
120258  42.895  -53.812  9.468 0.5000000000
22467  41.758  -58.027  10.545 0.5000000000
24073  42.330  -56.346  10.333 0.5000000000
125360  40.144  -58.860  11.576 0.5000000000
22468  40.946  -57.426  11.075 0.5000000000
23293  41.978  -57.135  10.519 0.5000000000
138064  39.776  -59.300  11.979 0.5000000000
20755  39.691  -60.203  13.215 0.4000000060
21596  39.425  -58.888  12.183 0.5000000000
127442  39.454  -59.965  14.109 0.4000000060
22454  38.925  -59.085  12.865 0.5000000000
21569  40.025  -60.158  15.734 0.5000000000
22444  38.848  -59.253  13.754 0.5000000000
30588  32.506  -47.985  10.489 0.6999999881
30576  32.464  -48.857  11.763 0.6999999881
30603  32.854  -48.560  8.883 0.8000000119
30602  33.420  -48.349  8.248 0.8000000119
29809  32.908  -49.516  8.927 0.8000000119
30608  34.122  -48.260  7.827 0.8999999762
31347  32.523  -47.579  11.310 0.6999999881
31376  33.133  -47.679  8.598 0.8999999762
31377  32.919  -46.955  8.962 0.8999999762
31382  33.697  -47.595  8.059 0.8999999762
120971  34.051  -46.857  7.891 0.8999999762
120347  32.466  -45.885  11.120 0.6000000238
31360  32.508  -47.239  10.416 0.8000000119
32174  33.120  -46.166  8.738 0.8999999762
32178  33.728  -46.057  8.183 0.8999999762
32966  34.229  -45.503  7.935 0.8999999762
120378  35.538  -45.011  7.364 0.8999999762
33539  41.731  -44.724  19.493 0.5000000000
119842  40.998  -45.191  19.999 0.5000000000
135377  39.949  -44.776  20.035 0.5000000000
32830  41.211  -46.096  20.241 0.6000000238
123047  40.267  -45.777  20.257 0.5000000000
32041  39.465  -46.372  20.161 0.5000000000
31235  40.929  -47.403  20.419 0.6000000238
32935  32.292  -45.411  11.909 0.6000000238
32946  32.573  -45.542  10.043 0.8999999762
32956  32.887  -45.493  9.147 0.8999999762
32168  32.705  -46.270  9.403 0.8999999762
32962  33.408  -45.390  8.574 0.8999999762
33696  33.906  -44.899  8.263 0.8999999762
33695  34.697  -44.854  7.753 0.8999999762
34392  40.326  -43.013  18.861 0.5000000000
34393  39.437  -42.958  19.008 0.5000000000
34391  41.197  -43.196  18.642 0.5000000000
135649  40.814  -43.585  19.237 0.5000000000
34371  39.961  -43.700  19.546 0.5000000000
34390  42.072  -43.511  18.461 0.5000000000
33540  40.857  -44.293  19.641 0.5000000000
33669  32.639  -44.407  10.373 0.8999999762
32934  32.476  -44.997  11.012 0.6999999881
121625  32.824  -44.791  9.604 0.8999999762
131540  33.178  -44.849  8.917 0.8999999762
33691  33.614  -44.280  8.677 0.8999999762
132679  34.492  -43.146  8.172 0.8999999762
35272  40.610  -42.572  18.013 0.5000000000
124119  38.576  -43.004  19.061 0.5000000000
35287  40.794  -42.326  17.045 0.5000000000
35286  41.813  -42.514  16.866 0.5000000000
34536  32.939  -43.984  9.770 0.8999999762
34535  33.413  -43.637  9.228 0.8999999762
35432  34.347  -42.434  8.528 0.8999999762
35273  39.708  -42.453  18.221 0.5000000000
35307  40.197  -42.020  16.382 0.5000000000
35308  39.776  -41.764  16.916 0.5000000000
35306  40.848  -42.213  16.030 0.5000000000
36144  40.439  -41.485  15.603 0.4000000060
36187  30.739  -41.520  11.792 0.6000000238
36931  30.167  -40.847  11.306 0.6000000238
36930  31.267  -40.870  11.458 0.8000000119
125583  30.898  -40.285  11.075 0.6999999881
116903  30.088  -39.935  10.820 0.6999999881
128391  28.858  -39.151  10.635 0.6999999881
38457  28.519  -38.187  10.653 0.6999999881
37667  31.125  -39.593  10.558 0.8000000119
128406  31.778  -40.339  10.956 0.8000000119
37668  30.228  -39.023  10.437 0.6999999881
38456  29.470  -38.540  10.627 0.6999999881
39215  28.425  -37.131  10.749 0.6999999881
39214  29.469  -37.474  10.748 0.6999999881
40036  28.102  -36.245  10.723 0.6999999881
38466  31.351  -38.562  9.646 0.8000000119
39213  30.382  -37.369  10.288 0.8000000119
38465  31.999  -38.651  9.287 0.8000000119
40035  29.161  -36.290  10.900 0.6999999881
40034  29.987  -36.671  10.594 0.6999999881
40033  30.639  -36.534  10.007 0.8000000119
39223  31.484  -37.989  9.245 0.8000000119
40956  29.741  -34.857  10.292 0.6999999881
139410  30.381  -35.093  9.834 0.8000000119
41743  28.425  -34.028  10.400 0.6000000238
40054  31.235  -36.459  9.139 0.8000000119
40955  30.796  -35.734  9.572 0.8000000119
42508  28.933  -33.326  9.864 0.6000000238
42527  28.688  -32.579  9.395 0.6000000238
43329  27.893  -32.139  9.392 0.6000000238
41741  30.253  -34.267  9.510 0.8000000119
43352  29.279  -32.335  8.768 0.6000000238
40967  30.901  -34.963  9.093 0.8000000119
43354  27.250  -31.605  9.281 0.6000000238
42526  29.534  -32.908  9.155 0.6999999881
43353  28.658  -31.905  8.780 0.6000000238
45168  27.583  -30.120  7.937 0.6999999881
44283  26.993  -30.535  8.492 0.6000000238
44262  27.949  -31.428  8.825 0.6000000238
119846  26.852  -29.897  8.104 0.6000000238
43368  29.523  -31.773  8.076 0.6999999881
121614  41.410  -60.730  16.156 0.4000000060
21577  39.562  -59.928  15.039 0.5000000000
22435  38.992  -59.388  14.723 0.5000000000
119659  39.636  -58.152  11.861 0.5000000000
118288  40.318  -58.045  11.418 0.5000000000
32965  35.074  -45.609  7.530 0.8999999762
35331  40.468  -41.930  15.589 0.3000000119
37680  31.680  -39.123  9.913 0.8000000119
22461  40.941  -58.421  11.010 0.5000000000
21593  39.538  -59.625  12.511 0.5000000000
133382  32.517  -47.658  9.831 0.8000000119
32829  41.876  -45.579  19.764 0.5000000000
37681  30.909  -38.864  10.052 0.8000000119
133295  30.137  -38.168  10.436 0.6999999881
39224  31.059  -37.278  9.560 0.8000000119
41727  28.934  -34.745  10.606 0.6999999881
41742  29.371  -34.072  10.152 0.6999999881
28061  39.970  -52.340  18.734 0.4000000060
28059  42.110  -51.603  18.381 0.4000000060
28899  41.409  -50.527  19.570 0.4000000060
28045  41.477  -51.288  19.009 0.4000000060
29683  42.137  -49.124  19.869 0.5000000000
28911  42.949  -50.596  18.577 0.4000000060
28921  43.743  -50.392  17.854 0.4000000060
30472  42.202  -48.171  19.953 0.5000000000
31250  41.524  -47.721  20.288 0.5000000000
30487  42.838  -48.617  19.350 0.5000000000
29694  43.404  -48.989  18.656 0.4000000060
134809  42.014  -49.943  19.679 0.4000000060
29704  44.276  -49.724  17.399 0.4000000060
29705  43.897  -49.360  17.981 0.4000000060
28898  42.193  -50.629  19.167 0.4000000060
28920  44.458  -50.539  16.884 0.4000000060
32038  42.049  -46.432  19.929 0.5000000000
30497  43.924  -48.444  18.038 0.4000000060
121830  44.394  -48.859  17.301 0.4000000060
30531  46.168  -48.154  14.357 0.4000000060
30532  45.716  -48.346  14.966 0.4000000060
29727  44.996  -49.169  16.240 0.4000000060
116872  46.494  -48.788  13.869 0.4000000060
118294  46.011  -48.919  14.529 0.4000000060
32057  42.725  -46.806  19.395 0.5000000000
31262  42.833  -47.683  19.412 0.5000000000
30486  43.431  -48.064  18.759 0.4000000060
117047  50.455  -44.767  9.374 0.3000000119
33666  50.272  -44.824  10.527 0.3000000119
31294  45.025  -47.946  16.089 0.4000000060
32943  50.917  -45.290  10.056 0.3000000119
32931  50.057  -45.643  11.574 0.3000000119
32135  49.128  -46.317  12.295 0.3000000119
32124  48.400  -46.394  12.775 0.3000000119
31324  46.740  -47.118  13.957 0.4000000060
31308  45.846  -47.622  14.833 0.4000000060
30518  44.945  -48.566  16.270 0.4000000060
31333  49.440  -46.932  12.007 0.3000000119
31335  47.914  -47.375  12.881 0.3000000119
126319  47.326  -47.918  13.199 0.4000000060
135741  42.982  -45.622  18.771 0.4000000060
32056  43.172  -46.315  18.774 0.4000000060
31270  44.265  -46.974  17.374 0.4000000060
32069  43.715  -46.607  18.088 0.4000000060
33667  49.770  -44.430  9.906 0.3000000119
34501  48.475  -43.651  10.995 0.3000000119
124405  49.709  -44.428  10.883 0.3000000119
33644  49.214  -44.952  12.126 0.3000000119
32910  48.155  -45.493  13.146 0.3000000119
32911  47.419  -45.568  13.738 0.4000000060
32109  46.469  -46.617  14.370 0.4000000060
134045  45.608  -47.173  15.258 0.4000000060
33654  49.844  -44.957  11.488 0.3000000119
32921  48.841  -45.533  12.539 0.3000000119
32125  47.684  -46.427  13.332 0.3000000119
32847  42.479  -45.178  19.140 0.4000000060
35354  46.200  -42.679  13.208 0.3000000119
34460  45.754  -42.967  14.692 0.3000000119
118236  45.900  -44.703  15.325 0.4000000060
33603  45.526  -43.954  15.698 0.4000000060
32869  45.273  -44.918  16.022 0.4000000060
32068  44.126  -45.914  17.422 0.4000000060
34502  47.634  -43.344  11.409 0.3000000119
34490  46.929  -42.910  12.884 0.3000000119
34459  46.458  -43.472  14.437 0.3000000119
33620  46.544  -44.540  14.662 0.4000000060
32881  45.221  -46.024  16.011 0.4000000060
32080  44.678  -46.484  16.642 0.4000000060
33645  48.026  -43.908  12.901 0.3000000119
33630  47.103  -43.997  14.038 0.3000000119
32912  46.711  -45.653  14.387 0.4000000060
32898  45.721  -45.619  15.423 0.4000000060
34488  48.329  -43.743  12.095 0.3000000119
33629  47.733  -44.549  13.464 0.3000000119
121142  46.108  -46.118  14.879 0.4000000060
32093  45.167  -47.050  15.899 0.4000000060
34420  42.773  -42.882  17.065 0.4000000060
34419  43.475  -42.978  16.740 0.4000000060
33573  42.914  -43.925  18.185 0.4000000060
35303  44.265  -42.632  15.552 0.3000000119
34418  44.337  -43.207  16.341 0.4000000060
33585  44.107  -43.915  17.039 0.4000000060
32846  43.123  -44.894  18.411 0.4000000060
34442  45.506  -43.235  15.299 0.4000000060
138107  44.578  -43.917  16.614 0.4000000060
33584  44.681  -44.534  16.662 0.4000000060
32858  43.723  -45.172  17.797 0.4000000060
41728  28.083  -34.862  10.639 0.6000000238
137750  27.821  -35.571  10.656 0.6000000238
42509  27.726  -33.141  10.085 0.5000000000
41744  27.433  -34.303  10.484 0.5000000000
42510  26.675  -33.074  10.099 0.5000000000
43355  26.430  -31.789  9.487 0.5000000000
44263  26.730  -31.114  9.056 0.5000000000
45169  26.248  -30.157  8.424 0.5000000000
46033  26.187  -29.356  8.025 0.4000000060
52969  30.255  -21.526  7.299 0.3000000119
123804  30.268  -21.320  6.324 0.3000000119
52977  29.826  -21.728  6.023 0.3000000119
55490  31.492  -18.588  8.873 0.3000000119
53741  30.886  -19.992  8.069 0.3000000119
53755  30.612  -20.754  7.677 0.3000000119
53754  30.902  -20.121  6.977 0.3000000119
53763  30.581  -20.829  5.906 0.3000000119
52981  29.683  -21.448  5.317 0.3000000119
52980  30.222  -20.933  5.021 0.3000000119
56391  32.110  -17.237  9.032 0.3000000119
55507  31.353  -18.607  7.967 0.3000000119
54630  31.149  -19.371  7.458 0.3000000119
55511  31.490  -18.741  6.958 0.3000000119
53762  30.983  -20.240  5.875 0.3000000119
54639  31.498  -19.563  5.397 0.3000000119
53767  30.677  -20.617  5.314 0.3000000119
118978  30.643  -20.459  4.723 0.3000000119
53776  30.408  -19.923  3.963 0.3000000119
57378  32.622  -16.660  9.599 0.3000000119
56401  31.928  -17.179  8.065 0.3000000119
56420  31.677  -17.960  7.513 0.3000000119
56419  31.967  -17.305  7.078 0.3000000119
56430  31.814  -18.090  6.542 0.3000000119
56434  31.992  -18.190  5.638 0.3000000119
55514  31.939  -18.915  5.087 0.3000000119
53766  31.174  -20.117  4.960 0.3000000119
54643  31.028  -19.992  4.252 0.3000000119
59244  32.947  -14.801  9.179 0.3000000119
135980  32.519  -15.079  7.964 0.3000000119
57404  32.130  -16.493  7.558 0.3000000119
57421  32.183  -16.668  6.620 0.3000000119
125203  32.228  -17.511  5.369 0.3000000119
56433  32.178  -18.221  4.839 0.3000000119
124318  32.356  -17.491  4.583 0.3000000119
59254  33.079  -13.957  8.951 0.3000000119
59262  32.602  -14.541  7.486 0.3000000119
58312  32.284  -15.860  7.014 0.3000000119
127059  32.495  -15.094  6.608 0.3000000119
58337  32.639  -16.006  4.904 0.3000000119
60159  32.855  -13.884  8.083 0.3000000119
60166  32.795  -13.707  7.266 0.3000000119
60176  32.895  -13.512  6.440 0.3000000119
137962  32.635  -14.658  6.148 0.3000000119
60165  33.040  -13.180  7.850 0.3000000119
61105  33.225  -12.131  6.913 0.3000000119
120270  33.477  -10.744  7.760 0.3000000119
122281  44.926  -49.872  16.333 0.4000000060
28060  40.906  -52.281  18.408 0.4000000060
28076  43.750  -51.333  17.349 0.4000000060
29750  46.705  -49.495  13.379 0.4000000060
29736  46.249  -49.595  14.098 0.4000000060
28943  45.059  -50.550  15.992 0.4000000060
32942  51.624  -45.711  9.541 0.3000000119
32156  51.124  -45.938  10.571 0.3000000119
32144  50.504  -46.134  11.311 0.3000000119
125312  50.155  -47.055  11.518 0.3000000119
122310  48.435  -48.061  12.303 0.3000000119
30560  47.724  -48.356  12.703 0.3000000119
33676  51.232  -45.048  8.953 0.3000000119
34515  48.462  -43.909  9.986 0.3000000119
132352  46.678  -43.023  11.784 0.3000000119
34516  47.542  -43.679  10.117 0.3000000119
35329  41.959  -42.314  15.273 0.4000000060
35304  43.250  -42.434  15.683 0.4000000060
35355  44.493  -42.531  13.063 0.3000000119
136006  45.491  -42.550  13.405 0.3000000119
130170  41.578  -42.333  15.878 0.4000000060
136389  27.520  -36.948  10.465 0.6000000238
59243  33.352  -14.305  9.724 0.3000000119
60158  33.348  -13.187  9.066 0.3000000119
139025  33.491  -12.538  9.067 0.3000000119
121702  33.456  -11.915  8.522 0.3000000119
61894  33.662  -11.078  9.054 0.3000000119
33688  49.734  -44.103  8.286 0.3000000119
28046  40.553  -51.317  19.253 0.4000000060
131440  40.634  -49.084  20.307 0.5000000000
31282  44.671  -47.432  16.650 0.4000000060
34500  49.156  -44.061  10.482 0.3000000119
33572  43.604  -44.382  17.718 0.4000000060
57388  32.282  -16.298  8.643 0.3000000119
139070  32.024  -18.778  4.457 0.3000000119
58328  32.381  -16.044  5.967 0.3000000119
132462  32.642  -15.115  5.562 0.3000000119
63555  33.627  -9.735  8.372 0.3000000119
27233  39.776  -52.836  18.729 0.3000000119
27230  41.508  -52.678  17.801 0.3000000119
126258  36.890  -53.896  9.647 0.6000000238
26503  36.654  -53.062  9.218 0.6999999881
26492  36.001  -53.686  9.605 0.6999999881
28077  42.417  -52.266  17.626 0.3000000119
23897  38.265  -56.799  25.219 0.3000000119
126167  38.212  -56.089  24.900 0.3000000119
27349  33.636  -52.369  9.018 0.6999999881
26381  40.345  -53.187  19.269 0.3000000119
26505  34.287  -52.934  9.187 0.6999999881
26493  34.993  -53.501  9.476 0.6999999881
26397  40.803  -53.260  18.094 0.3000000119
131220  35.762  -53.067  9.225 0.6999999881
27247  41.994  -53.118  17.364 0.3000000119
27255  44.020  -52.424  16.251 0.3000000119
27256  43.146  -53.114  16.502 0.3000000119
27246  42.719  -52.745  17.046 0.3000000119
27264  45.169  -52.473  14.916 0.3000000119
28101  45.188  -51.389  15.496 0.3000000119
28092  43.510  -52.181  16.897 0.3000000119
25524  38.662  -55.042  24.198 0.3000000119
26345  39.999  -53.282  22.539 0.4000000060
28188  33.194  -51.080  8.879 0.6999999881
124484  41.181  -53.374  19.389 0.3000000119
26367  40.424  -52.877  20.511 0.3000000119
128652  33.503  -51.637  8.826 0.6999999881
132052  34.500  -52.311  8.857 0.6999999881
26396  41.545  -53.598  17.966 0.3000000119
26410  42.063  -53.579  17.453 0.3000000119
27266  43.551  -53.389  15.986 0.3000000119
28091  44.135  -51.571  16.767 0.3000000119
26328  39.568  -53.802  23.245 0.4000000060
28178  32.654  -51.076  9.467 0.6999999881
26354  41.156  -53.205  21.329 0.3000000119
26355  40.315  -52.928  21.631 0.3000000119
26379  41.628  -53.557  18.872 0.3000000119
26366  41.210  -53.211  20.278 0.3000000119
29023  33.579  -50.365  8.541 0.6999999881
26409  42.617  -53.965  16.885 0.3000000119
27348  34.233  -51.713  8.656 0.6999999881
28942  45.541  -50.480  15.201 0.3000000119
28102  44.645  -51.423  16.216 0.3000000119
28123  45.995  -51.977  14.016 0.3000000119
126188  45.690  -51.285  14.701 0.3000000119
29024  33.013  -50.322  8.929 0.6999999881
26365  41.948  -53.487  20.008 0.3000000119
119272  33.319  -49.781  8.580 0.6999999881
25605  43.218  -54.052  18.262 0.3000000119
25606  42.434  -53.787  18.563 0.3000000119
29022  34.328  -50.388  8.199 0.6999999881
28951  46.454  -50.374  13.596 0.3000000119
25588  43.321  -54.072  19.338 0.3000000119
135689  33.809  -48.865  8.005 0.6999999881
28952  46.000  -50.397  14.422 0.3000000119
125787  42.315  -42.302  14.513 0.3000000119
25711  39.100  -54.293  9.122 0.5000000000
25713  36.301  -54.419  9.972 0.6999999881
131709  37.649  -54.144  9.590 0.6000000238
24909  37.231  -54.767  9.934 0.6000000238
26490  38.296  -53.855  9.347 0.6000000238
27337  32.948  -52.922  9.433 0.6999999881
27350  32.852  -51.990  9.216 0.6999999881
25523  39.445  -54.990  24.338 0.3000000119
25560  40.476  -53.839  23.128 0.4000000060
131816  32.509  -50.605  10.124 0.6999999881
134271  41.684  -53.689  21.836 0.4000000060
26344  40.980  -53.524  22.333 0.4000000060
29805  32.599  -49.209  9.595 0.6999999881
26353  41.911  -53.584  21.033 0.3000000119
25579  42.714  -54.021  20.704 0.3000000119
25578  43.403  -54.475  20.718 0.3000000119
26398  40.206  -53.147  18.511 0.3000000119
29017  32.670  -50.103  9.488 0.6999999881
136044  43.221  -54.195  20.134 0.3000000119
25569  41.767  -54.077  22.521 0.3000000119
24072  42.982  -56.213  9.554 0.5000000000
124250  42.061  -54.480  8.093 0.5000000000
24096  41.959  -56.081  7.606 0.5000000000
25698  42.875  -54.757  9.755 0.4000000060
20774  35.986  -60.491  10.335 0.4000000060
20784  34.705  -61.116  9.667 0.5000000000
25718  42.644  -54.473  8.401 0.4000000060
25710  43.105  -54.517  8.896 0.5000000000
25719  41.118  -54.518  8.225 0.5000000000
19956  33.719  -62.350  8.501 0.4000000060
124964  32.733  -62.241  8.163 0.4000000060
20783  35.658  -61.114  9.991 0.5000000000
24906  40.045  -54.495  8.675 0.4000000060
131563  32.608  -61.491  8.164 0.4000000060
19146  32.992  -63.237  8.177 0.4000000060
20785  33.855  -60.949  9.126 0.4000000060
20776  34.272  -59.880  10.155 0.5000000000
136433  34.258  -60.512  9.730 0.4000000060
22470  35.455  -58.936  10.829 0.5000000000
122532  36.230  -57.150  10.660 0.4000000060
25712  38.320  -54.809  9.538 0.5000000000
24074  37.470  -56.302  10.043 0.4000000060
24075  36.615  -56.286  10.449 0.4000000060
24908  37.846  -55.593  9.823 0.4000000060
19957  31.881  -61.977  7.855 0.4000000060
20786  29.040  -60.552  8.814 0.4000000060
132063  33.050  -60.812  8.541 0.4000000060
21620  28.635  -59.314  8.761 0.4000000060
22478  33.676  -59.204  9.899 0.5000000000
21607  33.539  -60.082  9.277 0.4000000060
22492  29.164  -58.628  8.745 0.4000000060
22471  34.438  -59.124  10.574 0.5000000000
115839  29.895  -57.567  9.225 0.4000000060
23306  29.364  -57.922  9.029 0.4000000060
119157  34.699  -58.420  10.782 0.5000000000
23296  34.444  -57.700  10.696 0.5000000000
24079  29.726  -56.613  10.167 0.4000000060
24900  29.312  -56.036  10.675 0.4000000060
23295  35.381  -57.896  10.872 0.5000000000
24076  35.097  -56.993  10.866 0.6000000238
130295  35.702  -56.272  10.728 0.6000000238
24895  36.161  -55.606  10.473 0.5000000000
19943  29.506  -61.290  9.026 0.4000000060
21609  28.732  -59.897  8.708 0.4000000060
20791  32.087  -60.927  8.006 0.4000000060
21619  29.324  -59.406  8.441 0.4000000060
21608  33.033  -59.215  9.074 0.5000000000
21618  30.298  -59.562  8.124 0.4000000060
23313  30.862  -58.004  8.708 0.4000000060
23314  30.026  -58.001  8.840 0.4000000060
22472  33.953  -58.419  10.356 0.5000000000
24896  34.752  -56.190  10.683 0.5000000000
127091  30.125  -56.006  10.720 0.4000000060
130643  35.302  -55.554  10.552 0.6000000238
25701  35.762  -54.956  10.268 0.6000000238
20794  29.522  -60.850  8.403 0.4000000060
21616  32.293  -59.293  8.572 0.4000000060
20793  30.192  -60.557  7.993 0.4000000060
21617  31.381  -59.520  8.191 0.4000000060
23312  31.535  -58.088  8.727 0.4000000060
23297  33.617  -57.637  10.153 0.5000000000
23304  31.552  -57.428  9.107 0.4000000060
24091  30.256  -57.046  9.626 0.4000000060
24077  34.142  -56.893  10.549 0.5000000000
24913  30.810  -56.261  10.194 0.4000000060
25714  35.395  -54.273  9.929 0.6000000238
25702  34.892  -54.905  10.266 0.6000000238
133285  34.538  -55.530  10.435 0.6000000238
19958  31.173  -61.561  7.763 0.4000000060
20792  31.170  -60.549  7.856 0.4000000060
22490  31.052  -58.694  8.390 0.4000000060
23302  32.817  -57.569  9.527 0.5000000000
22480  32.574  -58.463  9.007 0.5000000000
23303  32.128  -57.862  8.983 0.5000000000
123554  32.243  -57.223  9.382 0.5000000000
24089  32.011  -56.687  9.597 0.5000000000
24078  33.367  -56.922  10.073 0.5000000000
24088  32.778  -56.553  9.835 0.5000000000
24090  31.217  -56.836  9.559 0.4000000060
24897  33.774  -56.053  10.303 0.6000000238
24899  30.795  -55.511  10.939 0.5000000000
25715  34.421  -54.296  9.819 0.6000000238
24911  33.152  -55.483  9.966 0.6000000238
24912  32.452  -55.889  9.965 0.5000000000
120584  31.772  -56.130  9.983 0.5000000000
123630  33.390  -54.497  9.767 0.6000000238
136027  32.765  -55.081  9.929 0.6000000238
134965  32.265  -55.273  10.090 0.5000000000
26495  33.093  -53.703  9.537 0.6000000238
26506  33.552  -53.104  9.314 0.6000000238
28155  32.162  -51.156  12.129 0.5000000000
28154  32.320  -51.509  11.451 0.6000000238
27315  31.937  -52.119  12.029 0.5000000000
28164  32.403  -51.345  10.467 0.6000000238
28165  32.263  -52.157  10.987 0.6000000238
27327  31.863  -52.972  11.394 0.5000000000
26470  31.318  -53.572  11.969 0.5000000000
25716  32.653  -54.434  9.854 0.6000000238
25717  32.105  -54.596  10.199 0.5000000000
24898  31.597  -55.493  10.384 0.5000000000
25703  31.470  -54.704  10.956 0.5000000000
26471  30.514  -54.029  12.055 0.5000000000
125600  32.519  -49.657  11.412 0.5000000000
29777  32.257  -49.470  12.195 0.5000000000
29002  32.551  -49.849  10.365 0.6000000238
26497  31.912  -54.053  10.398 0.6000000238
26481  31.640  -53.850  11.184 0.5000000000
27338  32.451  -52.793  9.775 0.6000000238
133161  32.197  -52.702  10.407 0.6000000238
24917  40.408  -55.340  8.283 0.4000000060
24907  39.339  -55.308  8.987 0.4000000060
25720  39.676  -53.662  8.840 0.5000000000
26496  32.458  -53.688  9.883 0.6000000238
24086  43.165  -56.010  8.585 0.5000000000
117637  41.154  -56.902  7.570 0.5000000000
134461  42.748  -55.787  7.938 0.5000000000
24916  41.500  -55.286  7.864 0.5000000000
21602  34.973  -59.684  10.618 0.5000000000
20790  33.372  -61.555  8.561 0.4000000060
128359  28.704  -58.165  9.035 0.4000000060
131640  29.035  -57.401  9.443 0.4000000060
125691  31.948  -60.066  8.232 0.4000000060
127652  30.552  -61.221  7.874 0.4000000060
21610  28.260  -59.405  9.175 0.3000000119
22481  28.269  -58.818  9.027 0.3000000119
24080  28.671  -56.609  10.007 0.3000000119
23307  27.914  -58.064  9.299 0.3000000119
24081  27.738  -56.405  9.801 0.3000000119
24093  27.074  -57.026  9.590 0.3000000119
19039  37.252  -62.841  20.867 0.5000000000
19147  31.956  -62.908  8.062 0.4000000060
19840  37.199  -61.044  21.838 0.5000000000
19850  39.275  -60.253  20.295 0.5000000000
20663  37.929  -60.185  21.504 0.5000000000
20677  38.798  -59.756  20.873 0.5000000000
20686  40.652  -60.510  19.019 0.6000000238
20702  41.152  -60.732  18.543 0.6000000238
20703  40.805  -60.327  18.706 0.6000000238
20746  40.194  -60.504  14.866 0.5000000000
20775  35.061  -60.437  10.286 0.5000000000
21482  38.127  -58.301  22.064 0.5000000000
21504  38.897  -58.964  21.017 0.5000000000
21534  41.154  -60.410  18.207 0.5000000000
21570  39.289  -59.517  15.754 0.5000000000
21584  39.220  -59.665  13.264 0.4000000060
21592  40.208  -59.757  11.827 0.5000000000
21601  35.794  -59.830  10.595 0.4000000060
21615  32.678  -60.051  8.575 0.4000000060
22325  37.734  -58.115  24.344 0.4000000060
22366  39.205  -58.863  20.133 0.6000000238
22382  38.607  -58.351  19.191 0.6999999881
22390  39.389  -59.014  18.156 0.6000000238
22399  39.340  -59.189  17.242 0.6000000238
22412  39.399  -59.420  16.581 0.6000000238
22436  38.476  -58.693  14.349 0.6000000238
22479  33.260  -58.394  9.612 0.5000000000
22489  31.877  -58.611  8.595 0.4000000060
22491  30.127  -58.683  8.478 0.4000000060
23144  37.906  -57.452  24.902 0.3000000119
23160  37.719  -57.171  23.294 0.4000000060
23274  38.244  -57.689  13.151 0.6000000238
23288  39.990  -57.400  11.641 0.5000000000
23305  30.667  -57.451  9.134 0.4000000060
23921  37.836  -56.658  24.645 0.4000000060
23922  37.662  -56.499  23.879 0.4000000060
23955  37.482  -56.547  21.301 0.6000000238
23968  37.185  -56.462  20.704 0.4000000060
23983  36.135  -55.906  19.541 0.6000000238
24010  36.737  -56.932  18.221 0.6000000238
24022  36.908  -57.056  17.345 0.6999999881
24034  37.023  -57.126  15.925 0.6999999881
24043  37.043  -57.030  15.063 0.8000000119
24053  36.839  -56.264  13.996 0.8000000119
24065  38.713  -57.201  12.501 0.6000000238
24068  41.383  -56.372  10.940 0.5000000000
24092  27.890  -57.198  9.514 0.3000000119
24709  38.910  -55.635  24.820 0.3000000119
24756  37.532  -55.490  22.744 0.5000000000
24768  37.247  -55.282  21.916 0.5000000000
24808  35.190  -54.985  18.183 0.5000000000
24823  35.788  -55.888  16.968 0.6999999881
24824  35.298  -55.133  17.301 0.6999999881
24836  36.024  -55.875  16.067 0.6999999881
24851  36.192  -55.686  15.158 0.8000000119
24859  36.495  -55.707  14.302 0.8000000119
24867  36.985  -55.615  13.514 0.8000000119
24880  37.510  -55.063  12.932 0.8000000119
24888  29.869  -55.407  11.316 0.4000000060
24891  42.721  -55.610  10.041 0.4000000060
24892  42.256  -55.097  10.486 0.5000000000
24894  36.991  -55.589  10.227 0.6000000238
24905  43.134  -55.383  9.187 0.5000000000
24910  33.998  -55.078  10.114 0.6000000238
24914  42.972  -55.206  8.376 0.5000000000
24915  42.387  -55.216  7.949 0.5000000000
25539  40.095  -54.427  23.826 0.4000000060
25540  39.104  -54.409  23.788 0.4000000060
25541  38.343  -54.601  23.590 0.5000000000
25561  37.974  -54.208  22.952 0.5000000000
25567  43.196  -54.586  21.422 0.3000000119
25568  42.413  -54.186  21.783 0.3000000119
25571  36.497  -54.411  20.942 0.4000000060
25577  43.910  -54.625  20.163 0.3000000119
25580  35.989  -54.475  20.192 0.4000000060
25589  42.601  -53.783  19.622 0.3000000119
25590  35.536  -54.278  19.449 0.5000000000
25591  35.289  -54.198  18.990 0.5000000000
25622  42.363  -53.885  17.586 0.3000000119
25656  36.081  -54.488  14.547 0.8000000119
25665  36.471  -54.189  13.942 0.6999999881
25686  41.309  -54.106  11.050 0.6000000238
25689  31.162  -54.229  11.641 0.5000000000
25690  30.657  -54.804  11.552 0.5000000000
25700  36.497  -55.062  10.202 0.6999999881
26346  39.077  -53.311  22.616 0.5000000000
26348  37.615  -53.885  22.265 0.4000000060
26356  39.409  -52.825  21.826 0.3000000119
26357  38.537  -52.963  21.923 0.4000000060
26380  40.785  -53.385  18.614 0.3000000119
26382  39.727  -53.049  18.877 0.4000000060
26411  41.355  -53.276  17.717 0.3000000119
26421  43.101  -53.913  16.290 0.3000000119
26422  42.533  -53.546  16.902 0.3000000119
26431  35.217  -53.717  16.144 0.6000000238
26446  36.994  -53.894  13.444 0.6999999881
26458  38.340  -53.616  12.573 0.8000000119
26459  37.619  -53.718  12.997 0.8000000119
26479  42.871  -52.918  9.292 0.6000000238
26480  42.682  -53.060  10.010 0.6999999881
26491  37.528  -53.437  9.341 0.6999999881
26494  33.936  -53.658  9.488 0.6000000238
26504  35.138  -52.689  8.993 0.6999999881
27219  38.509  -52.307  19.383 0.4000000060
27221  36.080  -52.894  19.265 0.6000000238
27231  40.850  -52.994  17.911 0.3000000119
27232  40.318  -52.938  18.272 0.3000000119
27235  35.629  -52.746  18.505 0.6000000238
27248  35.384  -52.502  17.767 0.6000000238
27257  35.253  -52.216  17.053 0.6000000238
27274  37.103  -51.963  14.111 0.6999999881
27276  35.875  -53.085  14.731 0.6999999881
27314  40.318  -52.639  11.719 0.6999999881
27326  32.353  -52.028  9.885 0.6000000238
27336  42.467  -51.975  9.206 0.6000000238
27339  32.048  -53.367  10.403 0.6000000238
27340  42.576  -52.783  8.867 0.6000000238
27342  40.831  -52.189  8.702 0.8000000119
28058  43.103  -51.377  17.950 0.4000000060
28063  36.134  -51.380  18.126 0.6000000238
28093  35.777  -50.972  16.497 0.6999999881
28103  36.878  -50.680  15.174 0.6999999881
28110  46.151  -51.053  14.055 0.3000000119
28126  37.936  -51.588  13.830 0.8000000119
28140  41.380  -50.392  11.487 0.8000000119
28142  40.285  -51.184  12.569 0.8000000119
28143  39.319  -51.666  12.881 0.8000000119
28162  42.563  -51.858  9.546 0.8999999762
28176  41.728  -51.074  9.487 0.8999999762
28179  42.078  -51.575  9.186 0.8999999762
28186  34.757  -51.062  8.283 0.8000000119
28187  33.883  -51.049  8.525 0.6999999881
28900  39.748  -50.570  19.691 0.5000000000
28934  37.148  -49.720  16.626 0.6999999881
28978  41.069  -49.886  12.246 0.8000000119
28987  32.486  -50.639  11.187 0.5000000000
28988  32.263  -50.242  12.141 0.5000000000
28998  41.524  -50.408  10.891 0.8999999762
28999  41.259  -50.210  10.628 0.8999999762
29012  41.783  -50.719  10.119 0.8999999762
29015  38.862  -50.788  9.331 0.8999999762
29684  41.261  -49.649  20.083 0.5000000000
29687  38.051  -49.970  19.248 0.6000000238
29695  42.764  -49.684  19.187 0.4000000060
29697  37.784  -49.526  18.851 0.6999999881
29707  37.782  -49.023  18.036 0.6999999881
29718  44.650  -49.499  16.817 0.4000000060
29726  45.355  -49.622  15.646 0.4000000060
29728  39.637  -48.908  15.083 0.8000000119
29737  45.805  -49.663  14.834 0.4000000060
29752  40.343  -48.954  13.692 0.8000000119
29761  40.756  -49.464  12.334 0.8000000119
29773  40.862  -49.527  11.821 0.8999999762
29791  39.718  -49.776  10.894 0.8999999762
29794  32.568  -48.876  10.640 0.6999999881
29804  37.638  -50.027  9.059 1.0000000000
29807  33.927  -49.611  8.142 0.6999999881
29808  33.310  -49.119  8.415 0.8000000119
29810  37.374  -49.201  7.879 1.0000000000
30460  40.899  -47.942  20.417 0.5000000000
30473  41.335  -48.589  20.285 0.5000000000
30488  38.380  -47.919  18.754 0.6999999881
30496  44.330  -47.908  17.364 0.4000000060
30507  44.674  -48.257  16.709 0.4000000060
30517  45.315  -48.628  15.679 0.4000000060
30520  39.085  -47.995  15.908 0.8000000119
30544  47.067  -48.713  13.149 0.4000000060
30545  46.745  -47.898  13.752 0.4000000060
30561  40.011  -48.754  12.763 0.8000000119
30572  39.358  -48.927  12.091 0.8999999762
30573  38.340  -49.021  11.844 0.8999999762
30586  37.043  -49.155  10.813 1.0000000000
30597  36.828  -48.560  9.709 1.0000000000
30598  32.543  -48.330  9.710 0.6999999881
30606  35.999  -48.409  7.379 0.8999999762
30607  35.037  -48.227  7.550 0.8999999762
31236  40.284  -47.627  20.409 0.6000000238
31249  42.180  -47.288  19.966 0.5000000000
31271  43.864  -47.523  18.071 0.4000000060
31273  37.784  -46.940  17.012 0.8000000119
31293  45.438  -47.788  15.436 0.4000000060
31307  46.309  -47.389  14.333 0.4000000060
31311  36.969  -47.395  14.847 0.6999999881
31323  47.234  -47.208  13.507 0.4000000060
31325  38.167  -47.860  14.000 0.8000000119
31334  48.757  -47.162  12.371 0.3000000119
31337  35.420  -47.325  12.787 0.8000000119
31344  49.292  -47.798  11.829 0.3000000119
31345  35.931  -48.127  11.845 0.8999999762
31371  32.608  -47.045  9.626 0.8000000119
31379  36.954  -47.550  7.231 1.0000000000
32039  41.427  -46.946  20.295 0.5000000000
32040  40.467  -46.770  20.386 0.6999999881
32070  38.019  -46.961  18.177 0.6999999881
32092  45.624  -46.491  15.367 0.4000000060
32110  45.970  -46.905  14.814 0.4000000060
32126  47.030  -46.445  13.880 0.3000000119
32145  49.806  -46.268  11.821 0.3000000119
32146  35.545  -46.635  11.513 0.8999999762
32147  32.501  -46.746  11.276 0.6000000238
32148  32.169  -46.188  12.318 0.6000000238
32159  32.505  -46.450  10.256 0.8000000119
32167  37.223  -46.610  9.227 1.0000000000
32172  37.558  -46.953  7.773 1.0000000000
32173  33.410  -46.882  8.399 0.8999999762
32176  35.532  -46.417  7.363 0.8999999762
32177  34.515  -46.213  7.710 0.8999999762
32831  39.480  -45.536  20.105 0.6000000238
32832  38.271  -45.282  19.698 0.6000000238
32848  36.633  -45.122  19.060 0.6000000238
32849  35.904  -44.992  18.671 0.6000000238
32870  44.713  -45.478  16.665 0.4000000060
32871  36.084  -46.096  17.574 0.6999999881
32882  35.044  -45.953  15.395 0.6999999881
32920  49.515  -45.586  12.033 0.3000000119
32930  50.519  -45.414  11.016 0.3000000119
32932  35.823  -44.995  11.235 0.8999999762
32953  52.055  -45.228  8.656 0.3000000119
32961  37.822  -45.887  7.910 1.0000000000
32967  33.790  -45.457  8.253 0.8999999762
33541  39.077  -44.170  19.778 0.5000000000
33558  42.365  -44.337  18.857 0.5000000000
33559  41.573  -43.888  19.154 0.5000000000
33571  44.216  -44.902  17.252 0.4000000060
33586  34.834  -45.002  17.088 0.6999999881
33604  44.984  -43.946  16.260 0.4000000060
33605  34.438  -44.234  15.478 0.8000000119
33621  46.027  -43.782  15.092 0.4000000060
33631  34.919  -44.734  13.051 0.8000000119
33655  49.115  -44.264  11.618 0.3000000119
33659  31.887  -43.806  12.160 0.6999999881
33677  49.689  -44.428  8.819 0.3000000119
33680  37.488  -44.227  9.310 1.0000000000
33689  38.244  -44.264  7.896 1.0000000000
33692  37.992  -44.349  7.566 1.0000000000
33697  37.760  -43.999  7.164 1.0000000000
34373  38.368  -43.690  19.462 0.6000000238
34394  37.739  -43.198  19.113 0.6000000238
34405  43.296  -43.526  17.465 0.4000000060
34406  42.471  -43.146  17.711 0.4000000060
34407  41.545  -42.794  17.843 0.5000000000
34408  34.843  -43.725  18.026 0.6999999881
34421  34.310  -43.222  16.577 0.6999999881
34443  45.022  -43.165  15.786 0.4000000060
34469  47.463  -43.582  13.338 0.3000000119
34470  46.809  -43.131  13.737 0.3000000119
34489  47.597  -43.322  12.470 0.3000000119
34491  35.242  -43.368  12.473 0.8999999762
34492  31.215  -43.499  12.532 0.6000000238
34507  32.349  -43.304  11.539 0.6999999881
34520  36.645  -43.396  10.371 1.0000000000
34528  48.961  -44.221  9.339 0.3000000119
34529  47.999  -44.071  9.114 0.3000000119
34540  50.309  -43.863  7.971 0.3000000119
34546  38.325  -43.703  8.184 1.0000000000
34547  33.985  -43.374  8.642 0.8999999762
34548  38.132  -43.537  7.322 1.0000000000
34550  34.360  -43.993  8.040 0.8999999762
34551  37.745  -43.396  6.913 1.0000000000
34552  37.106  -43.190  6.752 1.0000000000
35274  38.845  -42.434  18.450 0.5000000000
35276  37.077  -42.111  18.415 0.6999999881
35288  39.950  -42.158  17.267 0.5000000000
35292  34.606  -42.300  17.648 0.6999999881
35305  42.514  -42.507  16.287 0.4000000060
35327  44.838  -42.583  14.924 0.3000000119
35328  43.547  -42.368  14.688 0.4000000060
35341  46.065  -42.760  13.996 0.3000000119
35342  45.178  -42.503  14.052 0.3000000119
35345  41.751  -42.130  13.866 0.3000000119
35347  34.413  -42.655  14.372 0.8000000119
35359  34.669  -42.375  13.479 0.8000000119
35377  46.193  -42.772  12.450 0.3000000119
35392  35.867  -42.657  11.531 1.0000000000
35417  37.670  -42.974  9.302 1.0000000000
35431  38.558  -43.140  7.960 1.0000000000
35434  38.454  -42.869  7.521 1.0000000000
35436  35.441  -42.653  7.387 1.0000000000
35440  36.623  -42.655  6.743 1.0000000000
35441  35.966  -42.793  6.964 1.0000000000
36110  35.306  -41.109  18.070 0.6999999881
36122  40.098  -41.649  16.205 0.4000000060
36143  40.845  -41.824  14.946 0.3000000119
36162  35.088  -42.121  12.697 0.8999999762
36185  32.259  -41.916  11.565 0.8999999762
36186  31.612  -41.485  11.703 0.6999999881
36197  36.672  -41.988  10.523 1.0000000000
36198  33.188  -41.357  10.424 0.8999999762
36199  32.778  -41.735  10.899 0.8999999762
36226  38.508  -41.442  7.547 1.0000000000
36227  38.208  -41.333  7.140 1.0000000000
36230  37.690  -41.669  6.767 1.0000000000
36231  36.801  -41.179  6.771 1.0000000000
36846  37.901  -41.035  18.201 0.6999999881
36848  34.883  -40.405  17.619 0.6999999881
36856  40.740  -40.690  15.928 0.4000000060
36858  39.706  -41.269  16.831 0.6000000238
36859  34.808  -39.592  17.055 0.6999999881
36874  41.628  -40.733  14.731 0.3000000119
36876  34.298  -40.472  15.494 0.8000000119
36901  34.633  -40.854  13.892 0.8000000119
36911  35.725  -40.494  12.181 0.8000000119
36929  32.721  -40.623  10.598 0.8999999762
36941  37.958  -40.340  9.448 1.0000000000
36943  33.035  -40.029  9.953 0.8999999762
36951  38.614  -40.766  7.990 1.0000000000
36958  34.838  -40.194  7.930 1.0000000000
37547  38.480  -39.458  18.543 0.6999999881
37549  36.612  -39.334  18.314 0.6999999881
37565  40.589  -39.679  17.624 0.6000000238
37566  39.827  -39.905  18.014 0.6999999881
37568  35.279  -39.757  17.708 0.6999999881
37576  42.250  -39.462  16.295 0.3000000119
37578  40.699  -40.236  16.821 0.5000000000
37600  43.252  -39.443  15.089 0.3000000119
37664  38.123  -38.969  9.739 1.0000000000
37669  29.572  -39.329  10.624 0.6999999881
37676  38.391  -39.148  9.018 1.0000000000
37678  33.292  -39.631  9.280 0.8999999762
37687  38.483  -39.343  8.286 1.0000000000
38408  35.542  -38.727  14.390 0.6999999881
38421  35.959  -38.574  13.731 0.6999999881
38436  37.343  -37.875  12.280 1.0000000000
38449  37.867  -38.159  11.013 1.0000000000
38477  37.297  -38.313  7.021 1.0000000000
39109  39.005  -37.352  18.706 0.6000000238
39110  38.181  -37.237  18.538 0.6999999881
39111  36.627  -37.800  17.779 0.6999999881
39121  42.249  -37.983  17.300 0.5000000000
39122  41.672  -37.382  17.853 0.6000000238
39180  37.183  -37.374  12.712 0.8000000119
39181  36.843  -37.432  13.546 0.8000000119
39193  37.475  -37.429  12.055 0.8000000119
39205  37.742  -37.518  11.207 1.0000000000
39211  38.250  -37.896  9.871 1.0000000000
39221  38.342  -37.993  9.052 1.0000000000
39229  37.938  -37.530  8.518 1.0000000000
39231  32.457  -37.330  8.189 0.8999999762
39232  31.747  -37.196  8.720 0.8999999762
39233  37.718  -37.817  7.661 1.0000000000
39237  33.694  -37.544  7.441 1.0000000000
39924  40.329  -36.541  18.475 0.6000000238
39953  43.129  -36.879  16.484 0.5000000000
39955  36.387  -36.567  17.050 0.6999999881
39973  36.374  -36.822  15.434 0.6999999881
39995  37.058  -37.065  13.139 0.8000000119
40835  36.705  -35.349  18.102 0.6000000238
40849  41.492  -35.691  17.736 0.6000000238
40852  35.641  -35.251  16.901 0.6000000238
40864  42.447  -35.392  16.671 0.5000000000
40884  43.567  -35.485  15.639 0.4000000060
40895  35.527  -35.669  14.433 0.6999999881
40907  36.245  -36.358  13.053 0.8000000119
40928  36.020  -36.021  11.354 0.8999999762
40929  35.544  -35.467  10.938 0.6999999881
40943  30.062  -35.765  10.415 0.6999999881
40944  28.585  -35.491  10.783 0.6000000238
40953  36.366  -35.816  9.488 1.0000000000
40954  35.955  -35.189  8.748 1.0000000000
40965  36.113  -35.101  7.762 1.0000000000
41612  37.899  -34.431  18.511 0.5000000000
41626  41.193  -34.307  17.307 0.5000000000
41661  42.702  -34.290  15.671 0.3000000119
41663  35.204  -34.894  16.127 0.5000000000
41676  34.495  -34.444  13.996 0.5000000000
41705  35.081  -35.261  12.679 0.8999999762
41756  35.671  -34.570  7.206 1.0000000000
41758  31.524  -34.905  8.257 0.8999999762
42387  39.090  -33.732  18.326 0.5000000000
42404  40.325  -33.063  17.354 0.4000000060
42407  34.663  -33.148  17.203 0.5000000000
42434  42.038  -33.147  15.354 0.4000000060
42435  34.352  -33.708  15.442 0.5000000000
42442  42.715  -33.213  14.706 0.3000000119
42456  34.156  -34.024  12.594 0.6999999881
42507  29.714  -33.565  9.519 0.8000000119
42535  34.924  -33.419  6.572 1.0000000000
42536  34.355  -32.774  6.159 1.0000000000
42540  33.705  -32.193  5.976 1.0000000000
43210  38.333  -32.238  18.168 0.4000000060
43211  37.426  -32.245  18.312 0.5000000000
43229  34.249  -32.602  16.757 0.5000000000
43230  33.837  -31.803  16.522 0.4000000060
43278  33.372  -32.540  13.558 0.5000000000
43279  33.031  -32.045  13.050 0.5000000000
43297  32.902  -32.074  12.282 0.5000000000
43307  33.200  -32.738  11.768 0.6000000238
43330  27.026  -32.363  9.737 0.5000000000
43351  29.985  -32.556  8.355 0.6999999881
43370  32.958  -31.631  6.014 0.6999999881
44139  34.816  -31.657  17.913 0.5000000000
44170  40.480  -31.463  15.355 0.4000000060
44171  39.949  -30.968  15.800 0.4000000060
44185  33.305  -31.623  14.997 0.4000000060
44186  32.774  -30.715  14.086 0.5000000000
44201  42.353  -31.622  13.010 0.3000000119
44202  41.522  -31.346  13.368 0.4000000060
44203  40.813  -31.025  13.680 0.3000000119
44205  32.781  -31.273  13.264 0.5000000000
44239  32.605  -31.271  10.350 0.6999999881
44261  33.962  -31.265  7.188 0.6999999881
44278  33.483  -30.824  6.598 0.6999999881
44279  30.196  -31.446  7.340 0.8000000119
44282  27.831  -30.794  8.316 0.6000000238
44285  32.126  -31.132  6.176 0.8000000119
44286  31.359  -30.830  6.363 0.8999999762
45006  38.573  -30.216  17.243 0.4000000060
45007  37.991  -30.132  17.626 0.5000000000
45009  34.059  -30.418  17.449 0.5000000000
45054  33.019  -30.871  14.986 0.4000000060
45075  39.974  -29.933  13.612 0.3000000119
45092  32.573  -30.414  12.522 0.5000000000
45151  26.317  -30.702  8.796 0.5000000000
45165  32.888  -29.898  6.507 0.6999999881
45175  29.103  -29.932  7.148 0.8000000119
45884  35.960  -29.166  17.978 0.4000000060
45885  35.055  -29.433  17.921 0.5000000000
45903  33.608  -29.730  16.907 0.4000000060
45932  39.469  -28.812  15.545 0.4000000060
45933  32.744  -29.605  14.619 0.4000000060
45952  32.733  -29.244  13.952 0.4000000060
46008  33.020  -28.841  8.409 0.6000000238
46030  32.527  -29.044  6.414 0.6999999881
46039  30.406  -29.218  6.483 0.8000000119
46731  37.349  -28.556  17.549 0.4000000060
46734  34.563  -28.869  17.623 0.3000000119
46759  33.068  -28.398  15.854 0.4000000060
46760  32.888  -28.421  14.885 0.3000000119
46794  32.868  -28.739  13.338 0.4000000060
46806  33.236  -28.153  11.953 0.3000000119
46814  33.378  -28.030  11.187 0.3000000119
46846  33.424  -27.587  8.884 0.5000000000
46865  25.714  -28.398  7.806 0.5000000000
46869  32.309  -28.514  6.468 0.6000000238
46870  31.871  -28.390  6.435 0.6000000238
46871  31.101  -28.348  6.725 0.6000000238
46872  29.729  -28.945  6.894 0.6999999881
47653  35.506  -27.431  17.670 0.3000000119
47654  34.590  -27.356  17.504 0.4000000060
47655  33.822  -27.220  17.130 0.4000000060
47670  33.416  -27.029  16.480 0.3000000119
47697  33.423  -26.501  14.798 0.3000000119
47698  33.141  -27.767  14.273 0.4000000060
47717  33.100  -28.136  13.565 0.4000000060
47741  33.634  -27.461  11.469 0.3000000119
47755  33.721  -27.489  9.928 0.4000000060
47776  33.386  -27.130  8.602 0.6000000238
47779  30.069  -27.546  8.442 0.4000000060
47794  31.726  -28.170  6.655 0.6000000238
48591  33.413  -26.247  16.225 0.3000000119
48598  33.399  -26.155  15.472 0.3000000119
48658  34.327  -26.078  11.439 0.3000000119
48672  34.095  -26.814  9.883 0.4000000060
48688  33.989  -26.466  9.309 0.4000000060
48690  31.841  -25.962  9.534 0.4000000060
48708  27.151  -26.809  7.950 0.4000000060
49462  37.565  -25.462  17.189 0.3000000119
49465  34.133  -25.814  17.225 0.3000000119
49489  34.017  -25.060  17.075 0.3000000119
49527  33.971  -25.778  13.116 0.3000000119
49553  34.488  -25.148  11.159 0.3000000119
49582  33.662  -25.845  9.380 0.4000000060
49585  30.746  -25.567  9.671 0.3000000119
49596  28.275  -25.660  8.221 0.4000000060
50408  33.839  -24.341  14.515 0.3000000119
50423  34.148  -24.320  13.527 0.3000000119
50482  33.423  -24.684  10.077 0.4000000060
50484  31.586  -24.465  10.100 0.3000000119
51324  34.336  -23.547  13.117 0.3000000119
51371  33.699  -23.567  10.779 0.4000000060
51381  30.362  -23.814  9.526 0.3000000119
52124  34.368  -21.920  13.224 0.3000000119
52136  34.379  -22.155  12.298 0.3000000119
52151  34.157  -22.271  11.707 0.3000000119
52165  32.422  -22.317  10.556 0.3000000119
52905  34.396  -21.424  12.512 0.3000000119
52919  34.201  -21.640  11.851 0.3000000119
52935  32.509  -21.042  10.583 0.3000000119
52955  30.803  -20.653  8.772 0.3000000119
52987  30.124  -20.686  4.616 0.3000000119
53685  34.383  -20.672  12.596 0.3000000119
53777  29.683  -20.023  4.028 0.3000000119
54553  34.434  -19.418  13.325 0.3000000119
54577  33.929  -19.628  11.617 0.3000000119
54586  32.431  -19.478  10.318 0.3000000119
54599  31.924  -19.135  9.791 0.3000000119
54600  31.465  -19.196  9.270 0.3000000119
54617  31.163  -19.250  8.462 0.3000000119
54635  31.302  -19.515  6.392 0.3000000119
54642  31.630  -19.435  4.524 0.3000000119
54646  31.440  -19.466  3.978 0.3000000119
55440  34.365  -18.856  12.788 0.3000000119
56323  34.517  -17.223  14.487 0.3000000119
56373  33.791  -17.154  11.218 0.3000000119
56381  33.417  -17.477  10.781 0.3000000119
56402  31.687  -17.906  8.499 0.3000000119
56429  32.082  -17.446  6.184 0.3000000119
57361  33.968  -16.477  11.449 0.3000000119
57371  33.010  -17.087  10.257 0.4000000060
57426  32.408  -16.778  5.162 0.3000000119
58268  33.665  -15.994  10.829 0.4000000060
58289  32.851  -15.675  9.503 0.3000000119
58298  32.319  -15.704  7.879 0.3000000119
59198  33.999  -14.474  11.129 0.3000000119
59255  32.744  -14.594  8.390 0.3000000119
59278  32.666  -14.271  6.626 0.3000000119
60147  33.444  -13.613  9.597 0.3000000119
61079  33.283  -12.770  8.455 0.3000000119
61097  33.227  -12.405  7.731 0.3000000119
61098  33.021  -12.932  7.078 0.3000000119
61911  33.494  -11.150  8.275 0.3000000119
61929  33.375  -11.514  7.583 0.3000000119
62717  33.582  -10.503  8.406 0.3000000119
117392  37.360  -40.896  9.954 1.0000000000
117545  34.108  -41.890  16.083 0.8000000119
117959  33.850  -21.069  11.559 0.3000000119
118254  36.997  -26.798  17.478 0.3000000119
118439  34.392  -16.008  12.627 0.3000000119
118828  32.727  -47.705  9.218 0.8999999762
118915  31.670  -18.857  5.961 0.3000000119
119055  40.387  -59.953  17.217 0.6000000238
119219  35.110  -38.911  15.215 0.6999999881
119984  37.159  -56.852  14.241 0.8000000119
120284  29.425  -60.195  8.327 0.4000000060
120519  34.529  -24.833  12.031 0.3000000119
121046  39.600  -28.159  15.241 0.4000000060
121153  38.578  -42.120  7.618 1.0000000000
121407  44.735  -48.863  16.667 0.4000000060
121434  36.841  -38.912  6.765 1.0000000000
121550  34.272  -42.872  15.149 0.8000000119
121710  44.702  -52.150  15.705 0.3000000119
121971  33.001  -26.731  8.688 0.5000000000
122042  35.035  -46.368  13.124 0.6999999881
122157  43.335  -47.163  18.771 0.5000000000
122610  35.157  -38.596  7.101 1.0000000000
122798  38.281  -28.821  17.077 0.5000000000
122824  38.320  -25.852  16.740 0.3000000119
122884  34.187  -34.020  13.463 0.6000000238
122885  34.793  -41.889  8.101 1.0000000000
123130  47.142  -44.846  14.102 0.4000000060
123140  33.777  -17.815  11.344 0.3000000119
123156  30.244  -21.148  5.620 0.3000000119
123239  37.658  -39.111  6.947 1.0000000000
123307  28.510  -27.786  8.059 0.5000000000
123486  38.778  -35.931  18.600 0.6000000238
124022  34.232  -15.865  11.974 0.3000000119
124146  33.749  -27.456  10.621 0.3000000119
124225  42.703  -56.882  9.932 0.5000000000
124228  33.433  -31.192  8.205 0.6999999881
124233  43.490  -45.753  18.206 0.4000000060
124667  30.956  -23.251  10.040 0.3000000119
125231  30.804  -38.119  9.901 0.8000000119
125240  40.337  -37.977  18.476 0.6000000238
125294  33.163  -44.317  9.189 0.8999999762
125329  34.599  -36.962  6.858 1.0000000000
125425  33.317  -30.095  16.150 0.4000000060
125456  42.589  -45.975  19.338 0.4000000060
126079  36.424  -30.622  18.226 0.5000000000
126217  35.205  -33.172  17.767 0.5000000000
126219  37.068  -56.878  10.216 0.4000000060
126686  36.027  -33.093  18.202 0.5000000000
126789  39.251  -52.925  8.898 0.8000000119
126904  32.619  -29.972  13.975 0.5000000000
127060  41.945  -51.552  10.760 0.8000000119
127161  35.004  -53.594  17.048 0.6000000238
127319  34.788  -26.005  17.456 0.3000000119
127415  37.146  -45.592  7.186 1.0000000000
127425  35.366  -44.166  7.403 1.0000000000
127495  34.336  -17.315  12.646 0.3000000119
127539  36.461  -47.576  14.143 0.6999999881
127577  27.107  -27.636  7.854 0.5000000000
128056  39.893  -55.990  11.707 0.6999999881
128311  39.114  -54.976  12.048 0.6999999881
128323  37.642  -56.338  23.005 0.4000000060
128422  39.549  -52.922  12.063 0.8000000119
128659  33.400  -15.480  10.281 0.4000000060
128819  32.581  -15.347  8.608 0.3000000119
128985  31.188  -29.611  6.265 0.8000000119
129113  39.849  -28.464  13.785 0.3000000119
129165  33.649  -24.962  16.478 0.3000000119
129354  30.575  -20.788  6.626 0.3000000119
129760  42.099  -53.040  8.498 0.5000000000
129801  25.525  -26.962  7.539 0.4000000060
129841  48.524  -44.601  12.614 0.3000000119
129971  36.193  -43.906  7.053 1.0000000000
130448  36.031  -35.114  17.655 0.5000000000
130631  36.698  -28.136  17.669 0.3000000119
130646  34.184  -20.583  15.059 0.4000000060
130688  34.854  -46.898  7.568 1.0000000000
130830  32.722  -31.900  10.790 0.6999999881
130834  32.633  -29.512  12.209 0.4000000060
131105  33.459  -26.942  14.074 0.4000000060
131478  46.205  -45.342  14.950 0.4000000060
131779  33.616  -39.371  8.698 1.0000000000
131845  36.078  -41.788  18.294 0.6999999881
131874  31.709  -33.533  7.268 0.8999999762
132534  33.543  -10.140  7.866 0.3000000119
133004  38.411  -38.821  7.996 1.0000000000
133165  38.778  -50.049  19.587 0.5000000000
133231  43.135  -51.965  17.390 0.3000000119
133305  28.336  -27.110  8.341 0.4000000060
133317  45.646  -49.025  15.124 0.4000000060
133503  43.387  -49.801  18.484 0.4000000060
133505  39.838  -48.043  14.456 0.8000000119
133642  39.999  -60.237  12.512 0.5000000000
133828  27.362  -31.068  8.819 0.6000000238
133849  38.311  -55.579  24.467 0.3000000119
134069  34.192  -40.689  16.235 0.6999999881
134157  38.136  -61.351  20.565 0.5000000000
134506  36.194  -55.153  14.630 0.8000000119
134650  29.309  -35.401  10.706 0.6999999881
135281  35.690  -35.851  15.245 0.6999999881
135380  32.269  -16.887  5.869 0.3000000119
135438  37.102  -57.210  16.646 0.6999999881
135577  38.516  -40.017  7.940 1.0000000000
135669  32.537  -48.270  11.275 0.6999999881
135706  33.972  -15.746  11.371 0.3000000119
135879  27.801  -37.645  10.503 0.6000000238
135991  38.006  -35.739  18.501 0.6000000238
136010  32.098  -28.724  6.269 0.6000000238
136149  38.771  -38.729  18.631 0.6999999881
136280  38.622  -58.263  19.936 0.6000000238
136455  32.851  -29.687  8.763 0.6999999881
136738  39.622  -32.723  17.776 0.4000000060
136904  32.437  -15.249  7.400 0.3000000119
137001  38.664  -29.288  16.853 0.4000000060
137037  33.507  -44.858  8.610 0.8999999762
137386  35.284  -28.774  17.823 0.4000000060
137567  36.927  -36.630  12.019 0.8999999762
137699  30.765  -60.032  7.940 0.4000000060
137701  34.715  -44.958  13.943 0.8000000119
137743  33.676  -24.344  15.167 0.3000000119
137924  33.114  -13.393  8.485 0.3000000119
137927  35.293  -48.701  7.530 0.8000000119
138006  32.734  -31.747  11.866 0.5000000000
138180  30.505  -38.545  10.229 0.8000000119
138198  31.828  -27.287  8.399 0.4000000060
138380  33.657  -26.933  12.639 0.3000000119
138742  34.291  -26.381  10.156 0.4000000060
138833  40.683  -60.046  17.883 0.5000000000
138938  41.092  -53.478  18.273 0.3000000119
139018  32.617  -44.936  10.205 0.8999999762
139128  36.475  -36.822  14.790 0.6999999881
139207  36.419  -29.802  18.090 0.5000000000
139308  38.677  -47.994  16.835 0.8000000119
139369  37.809  -58.330  23.103 0.5000000000
139454  36.879  -37.022  13.847 0.6999999881
139525  41.587  -32.100  14.605 0.4000000060
139773  32.369  -17.991  9.917 0.3000000119
