#!ascii label  , from subject sub-v2s0x29018_ses-1 vox2ras=TkReg
632
6302  -44.029  -79.265  36.716 0.0000000000
126090  -50.103  -68.225  32.014 0.0000000000
123133  -41.615  -71.022  34.293 0.0000000000
9663  -48.137  -73.593  33.595 0.0000000000
15317  -46.244  -65.348  33.553 0.0000000000
7562  -43.033  -76.450  39.622 0.0000000000
12338  -39.337  -69.692  36.822 0.0000000000
14445  -40.143  -65.797  42.726 0.0000000000
124524  -41.276  -66.910  33.795 0.0000000000
13060  -44.228  -68.137  34.393 0.0000000000
119802  -43.400  -64.235  33.302 0.0000000000
9613  -41.300  -73.285  37.474 0.0000000000
113819  -42.646  -71.045  38.538 0.0000000000
17711  -39.498  -62.380  41.071 0.0000000000
16087  -37.011  -64.383  40.067 0.0000000000
6342  -44.051  -78.053  34.179 0.0000000000
11654  -49.605  -70.560  33.056 0.0000000000
8981  -47.459  -74.056  29.883 0.0000000000
11024  -46.393  -71.427  30.429 0.0000000000
8326  -43.234  -75.189  34.896 0.0000000000
8314  -46.499  -76.251  34.920 0.0000000000
12357  -48.508  -70.059  34.708 0.0000000000
14517  -50.544  -67.127  34.405 0.0000000000
8295  -39.781  -75.298  36.398 0.0000000000
122907  -39.027  -71.026  34.748 0.0000000000
126098  -38.926  -66.349  34.620 0.0000000000
13007  -43.534  -68.876  40.903 0.0000000000
13761  -40.023  -67.759  39.804 0.0000000000
134816  -37.220  -65.552  37.461 0.0000000000
18556  -37.670  -60.913  35.461 0.0000000000
8357  -45.281  -75.716  31.614 0.0000000000
18607  -53.229  -61.955  30.887 0.0000000000
15342  -50.374  -65.511  31.394 0.0000000000
14570  -44.637  -66.280  30.240 0.0000000000
125946  -40.771  -64.813  33.598 0.0000000000
15313  -42.490  -65.522  33.544 0.0000000000
5694  -44.664  -79.052  35.970 0.0000000000
129995  -49.522  -69.575  32.508 0.0000000000
134728  -48.059  -71.180  31.601 0.0000000000
12373  -47.945  -69.635  31.731 0.0000000000
11672  -45.719  -70.774  30.926 0.0000000000
13090  -47.288  -68.613  31.616 0.0000000000
115293  -42.060  -73.854  34.371 0.0000000000
117228  -43.231  -72.080  34.363 0.0000000000
125445  -45.381  -67.296  34.323 0.0000000000
119717  -45.730  -68.988  34.631 0.0000000000
13797  -46.940  -67.692  34.481 0.0000000000
131011  -49.662  -68.839  34.672 0.0000000000
15298  -47.711  -66.119  33.923 0.0000000000
7600  -40.080  -76.667  37.284 0.0000000000
8268  -40.559  -75.628  38.208 0.0000000000
11619  -40.173  -70.982  36.892 0.0000000000
10309  -39.536  -72.403  36.146 0.0000000000
11629  -38.763  -70.601  35.502 0.0000000000
12347  -38.808  -69.239  34.623 0.0000000000
13043  -38.271  -68.500  35.574 0.0000000000
133677  -41.548  -67.346  41.505 0.0000000000
13005  -41.744  -68.445  40.481 0.0000000000
130454  -39.486  -66.931  41.127 0.0000000000
16938  -36.893  -63.223  38.564 0.0000000000
15263  -36.851  -65.196  39.193 0.0000000000
16949  -36.703  -63.264  37.790 0.0000000000
16967  -37.188  -63.595  36.182 0.0000000000
8972  -47.111  -75.006  33.974 0.0000000000
7671  -46.480  -76.446  33.557 0.0000000000
8350  -47.178  -74.947  32.363 0.0000000000
8381  -46.359  -75.763  28.465 0.0000000000
19423  -52.973  -61.288  29.679 0.0000000000
16200  -53.321  -64.116  31.152 0.0000000000
16195  -47.487  -64.753  29.855 0.0000000000
120061  -41.564  -68.794  34.128 0.0000000000
12352  -43.081  -69.441  34.394 0.0000000000
13793  -42.716  -67.723  34.075 0.0000000000
14528  -43.530  -66.374  33.802 0.0000000000
16147  -44.868  -64.722  33.349 0.0000000000
8903  -42.189  -74.614  38.536 0.0000000000
10985  -42.357  -72.157  37.689 0.0000000000
12336  -40.843  -69.878  37.825 0.0000000000
16047  -39.087  -64.291  42.923 0.0000000000
14455  -38.129  -65.950  41.558 0.0000000000
16895  -37.850  -63.970  41.501 0.0000000000
16940  -38.821  -63.121  39.288 0.0000000000
17740  -39.956  -62.397  38.275 0.0000000000
136105  -48.908  -72.308  33.266 0.0000000000
116170  -47.939  -73.784  32.183 0.0000000000
10345  -48.157  -72.150  31.298 0.0000000000
10356  -47.453  -72.835  29.395 0.0000000000
10365  -45.939  -72.691  28.507 0.0000000000
10353  -44.054  -72.253  29.428 0.0000000000
11033  -43.455  -71.732  30.025 0.0000000000
11669  -42.716  -70.117  30.758 0.0000000000
7630  -43.713  -76.582  35.772 0.0000000000
6960  -45.450  -77.742  35.753 0.0000000000
126782  -45.691  -74.615  34.928 0.0000000000
10324  -47.153  -72.912  34.628 0.0000000000
11640  -44.478  -70.284  34.564 0.0000000000
11642  -46.645  -70.508  34.710 0.0000000000
11003  -48.470  -72.097  34.438 0.0000000000
12358  -49.895  -70.165  34.404 0.0000000000
13065  -50.781  -69.045  34.087 0.0000000000
131263  -51.370  -68.231  33.449 0.0000000000
7614  -41.795  -77.107  36.276 0.0000000000
123027  -40.988  -75.678  35.301 0.0000000000
9646  -40.123  -73.382  34.535 0.0000000000
8936  -39.858  -74.116  36.887 0.0000000000
9635  -39.345  -73.168  35.145 0.0000000000
11002  -40.515  -71.761  34.344 0.0000000000
13057  -40.368  -68.885  34.071 0.0000000000
125302  -39.612  -66.170  34.174 0.0000000000
16135  -39.281  -64.746  34.214 0.0000000000
12322  -43.215  -70.299  39.786 0.0000000000
13028  -41.199  -69.067  38.923 0.0000000000
13031  -39.696  -68.388  38.083 0.0000000000
14467  -37.970  -66.209  40.497 0.0000000000
14485  -38.038  -66.583  38.409 0.0000000000
13772  -38.362  -67.727  37.054 0.0000000000
15282  -37.811  -66.120  36.052 0.0000000000
16971  -38.301  -63.720  34.803 0.0000000000
6975  -45.775  -77.928  34.801 0.0000000000
7670  -44.538  -76.728  32.826 0.0000000000
8362  -46.371  -75.059  30.566 0.0000000000
7689  -44.382  -75.872  30.007 0.0000000000
15320  -49.202  -65.347  33.774 0.0000000000
125363  -51.477  -65.813  33.812 0.0000000000
13833  -51.892  -67.243  32.748 0.0000000000
15344  -52.975  -65.519  31.939 0.0000000000
13832  -49.820  -67.232  31.697 0.0000000000
128463  -47.049  -66.907  31.493 0.0000000000
13829  -44.256  -67.256  31.062 0.0000000000
16988  -40.381  -63.457  33.572 0.0000000000
16989  -41.222  -63.463  33.435 0.0000000000
5693  -43.982  -79.728  36.265 0.0000000000
6303  -44.670  -78.907  36.282 0.0000000000
13093  -50.251  -68.899  32.492 0.0000000000
133783  -48.836  -69.412  32.107 0.0000000000
13092  -49.407  -68.828  32.067 0.0000000000
12372  -46.754  -69.360  31.546 0.0000000000
13091  -48.374  -68.721  31.787 0.0000000000
117229  -41.907  -72.082  34.280 0.0000000000
132422  -42.594  -72.700  34.328 0.0000000000
123132  -42.738  -71.136  34.345 0.0000000000
15296  -45.850  -66.096  33.867 0.0000000000
14513  -46.230  -66.919  34.236 0.0000000000
15297  -46.738  -66.118  33.909 0.0000000000
14514  -47.292  -66.905  34.266 0.0000000000
7561  -41.736  -76.431  39.263 0.0000000000
118075  -40.920  -76.190  38.730 0.0000000000
8269  -41.455  -75.462  38.756 0.0000000000
11618  -40.065  -70.136  37.155 0.0000000000
11625  -39.249  -70.654  36.328 0.0000000000
11624  -38.763  -69.886  36.072 0.0000000000
117128  -38.485  -69.204  35.837 0.0000000000
13034  -38.414  -68.452  36.377 0.0000000000
15225  -40.823  -65.089  42.959 0.0000000000
125023  -41.949  -65.194  42.662 0.0000000000
127229  -41.149  -65.978  42.488 0.0000000000
14459  -42.390  -67.000  41.726 0.0000000000
14458  -41.398  -66.717  41.940 0.0000000000
13739  -40.775  -67.166  41.543 0.0000000000
13738  -39.906  -66.869  41.637 0.0000000000
17738  -37.659  -61.917  37.974 0.0000000000
17756  -36.880  -62.534  37.071 0.0000000000
18531  -37.713  -61.301  37.329 0.0000000000
8965  -47.607  -74.046  33.987 0.0000000000
8339  -47.261  -75.125  33.196 0.0000000000
8973  -47.682  -74.375  33.391 0.0000000000
17045  -52.400  -63.712  30.145 0.0000000000
16196  -48.314  -64.445  30.261 0.0000000000
114771  -49.262  -64.075  29.909 0.0000000000
13792  -41.710  -67.574  33.897 0.0000000000
13058  -41.985  -68.161  34.072 0.0000000000
14509  -42.233  -66.981  33.835 0.0000000000
16145  -42.452  -64.488  33.381 0.0000000000
126570  -43.162  -65.813  33.614 0.0000000000
116616  -43.230  -65.099  33.437 0.0000000000
15315  -44.582  -65.515  33.590 0.0000000000
16146  -44.033  -64.872  33.394 0.0000000000
11621  -42.034  -71.184  37.831 0.0000000000
11613  -42.052  -70.538  38.379 0.0000000000
117722  -39.536  -63.484  42.987 0.0000000000
17700  -39.121  -62.441  41.906 0.0000000000
16059  -38.303  -63.999  42.297 0.0000000000
131639  -38.842  -62.814  41.273 0.0000000000
16950  -39.516  -62.797  38.694 0.0000000000
120843  -42.585  -77.573  33.608 0.0000000000
11012  -49.436  -71.224  33.316 0.0000000000
10339  -48.663  -72.518  32.645 0.0000000000
11017  -48.595  -71.994  32.162 0.0000000000
121039  -47.232  -71.539  30.641 0.0000000000
11025  -47.738  -71.845  30.764 0.0000000000
11036  -47.140  -72.066  30.001 0.0000000000
11035  -46.139  -71.865  29.847 0.0000000000
10364  -44.758  -72.661  28.649 0.0000000000
11660  -45.095  -69.956  31.327 0.0000000000
11022  -44.320  -71.184  30.555 0.0000000000
11670  -43.687  -70.595  30.803 0.0000000000
11021  -43.039  -71.056  30.476 0.0000000000
12380  -43.281  -69.721  31.016 0.0000000000
8310  -42.966  -75.872  35.273 0.0000000000
8311  -44.051  -75.913  35.350 0.0000000000
9651  -46.706  -73.702  34.676 0.0000000000
10323  -46.019  -72.833  34.710 0.0000000000
119719  -43.709  -68.737  34.419 0.0000000000
12353  -44.089  -69.478  34.502 0.0000000000
119718  -44.692  -68.810  34.539 0.0000000000
12355  -46.151  -69.733  34.697 0.0000000000
12356  -47.268  -69.924  34.744 0.0000000000
123128  -47.186  -71.337  34.713 0.0000000000
11644  -48.820  -70.827  34.609 0.0000000000
122555  -48.997  -71.432  34.456 0.0000000000
13800  -50.177  -67.944  34.622 0.0000000000
118240  -50.252  -69.426  34.423 0.0000000000
116838  -50.658  -68.635  34.399 0.0000000000
13812  -51.240  -68.338  33.951 0.0000000000
13801  -51.069  -67.899  34.328 0.0000000000
7599  -39.818  -75.919  36.950 0.0000000000
7612  -40.100  -76.191  36.431 0.0000000000
8308  -40.258  -75.587  35.667 0.0000000000
8949  -40.605  -75.058  34.990 0.0000000000
8948  -39.780  -74.653  35.412 0.0000000000
9595  -41.697  -73.937  37.897 0.0000000000
8902  -41.075  -74.745  38.159 0.0000000000
8922  -40.741  -74.054  37.538 0.0000000000
10308  -39.163  -72.472  35.329 0.0000000000
9622  -39.362  -73.191  35.755 0.0000000000
10317  -39.268  -72.534  34.909 0.0000000000
10318  -39.863  -72.595  34.540 0.0000000000
125083  -39.730  -71.204  34.462 0.0000000000
12349  -39.948  -69.855  34.250 0.0000000000
11636  -39.587  -70.579  34.432 0.0000000000
13789  -38.864  -67.691  34.509 0.0000000000
14507  -39.296  -66.918  34.302 0.0000000000
15293  -39.953  -65.337  33.945 0.0000000000
15292  -38.931  -65.517  34.574 0.0000000000
13017  -42.977  -69.459  40.233 0.0000000000
13762  -40.910  -68.113  40.190 0.0000000000
13015  -41.450  -68.798  39.660 0.0000000000
13014  -40.692  -68.421  39.314 0.0000000000
126124  -40.433  -68.749  38.531 0.0000000000
13027  -39.966  -68.110  38.885 0.0000000000
15240  -37.432  -65.483  40.846 0.0000000000
129088  -36.997  -65.371  38.257 0.0000000000
15264  -37.367  -65.896  38.868 0.0000000000
14484  -37.490  -66.080  37.882 0.0000000000
13769  -38.588  -67.296  37.961 0.0000000000
14489  -37.991  -66.851  37.354 0.0000000000
14491  -37.901  -66.853  36.488 0.0000000000
15281  -37.327  -65.249  36.617 0.0000000000
127158  -37.345  -62.821  35.737 0.0000000000
16968  -37.696  -63.536  35.446 0.0000000000
126267  -37.947  -62.887  34.958 0.0000000000
17763  -38.331  -62.206  34.439 0.0000000000
6962  -46.206  -77.236  35.250 0.0000000000
6313  -45.692  -77.928  35.460 0.0000000000
6991  -46.188  -77.511  34.616 0.0000000000
8348  -46.152  -76.049  32.564 0.0000000000
115610  -45.842  -76.930  33.395 0.0000000000
7684  -45.302  -76.293  32.465 0.0000000000
7683  -44.209  -75.976  31.868 0.0000000000
8356  -44.172  -75.715  30.907 0.0000000000
116206  -47.414  -74.121  30.773 0.0000000000
8358  -46.963  -74.630  31.269 0.0000000000
8363  -46.982  -74.638  29.887 0.0000000000
7707  -45.813  -76.385  28.092 0.0000000000
7698  -45.698  -76.066  28.924 0.0000000000
16151  -48.590  -64.337  33.459 0.0000000000
127905  -48.560  -63.443  33.320 0.0000000000
16154  -52.160  -65.160  33.410 0.0000000000
15322  -52.220  -66.228  33.518 0.0000000000
15323  -52.752  -65.760  33.057 0.0000000000
16183  -51.371  -64.840  31.190 0.0000000000
16185  -53.194  -64.818  31.585 0.0000000000
135683  -52.392  -65.643  31.782 0.0000000000
15343  -51.601  -66.061  31.773 0.0000000000
122040  -49.519  -66.110  31.462 0.0000000000
13831  -48.672  -66.653  31.509 0.0000000000
15340  -48.459  -65.625  31.281 0.0000000000
14571  -45.450  -65.921  30.543 0.0000000000
14549  -44.763  -66.572  30.785 0.0000000000
13845  -44.017  -66.735  30.479 0.0000000000
15294  -40.876  -65.677  33.678 0.0000000000
15295  -41.731  -66.167  33.666 0.0000000000
15312  -41.628  -65.165  33.514 0.0000000000
16144  -41.492  -64.248  33.440 0.0000000000
16990  -42.084  -63.590  33.337 0.0000000000
121744  -39.255  -63.168  40.371 0.0000000000
16930  -41.193  -64.079  39.446 0.0000000000
6327  -44.499  -78.734  35.118 0.0000000000
129181  -49.776  -69.956  32.882 0.0000000000
11664  -48.435  -71.003  32.013 0.0000000000
12374  -48.673  -70.170  32.183 0.0000000000
11663  -48.047  -70.668  31.715 0.0000000000
11673  -46.801  -70.914  30.987 0.0000000000
11661  -46.194  -70.086  31.348 0.0000000000
12371  -45.559  -69.018  31.500 0.0000000000
8960  -42.524  -74.539  34.567 0.0000000000
135564  -42.825  -73.961  34.439 0.0000000000
10321  -43.336  -72.944  34.394 0.0000000000
117227  -44.343  -71.929  34.490 0.0000000000
13795  -44.556  -67.495  34.293 0.0000000000
13061  -45.302  -68.134  34.481 0.0000000000
13796  -46.070  -67.705  34.441 0.0000000000
13062  -46.554  -68.519  34.609 0.0000000000
13063  -47.693  -68.493  34.665 0.0000000000
13064  -48.648  -69.233  34.738 0.0000000000
13798  -47.950  -67.703  34.543 0.0000000000
14515  -48.327  -66.940  34.333 0.0000000000
14516  -49.434  -67.022  34.441 0.0000000000
7581  -40.265  -76.631  38.131 0.0000000000
8285  -39.921  -75.902  37.564 0.0000000000
10300  -40.940  -72.624  37.163 0.0000000000
10299  -40.221  -72.710  36.748 0.0000000000
10990  -39.590  -71.520  36.338 0.0000000000
10989  -39.079  -71.523  35.560 0.0000000000
10995  -38.811  -71.077  35.098 0.0000000000
126803  -39.024  -70.063  34.547 0.0000000000
134952  -38.619  -69.802  34.904 0.0000000000
13055  -38.561  -68.487  34.816 0.0000000000
13781  -38.277  -67.735  35.210 0.0000000000
12989  -43.178  -67.823  41.372 0.0000000000
13006  -42.614  -68.674  40.727 0.0000000000
13740  -42.098  -67.874  41.179 0.0000000000
13753  -40.227  -67.470  40.873 0.0000000000
13752  -39.441  -67.150  40.432 0.0000000000
16926  -36.934  -63.863  39.238 0.0000000000
16086  -36.775  -64.517  39.292 0.0000000000
123325  -36.680  -63.910  38.519 0.0000000000
16115  -36.618  -64.017  37.713 0.0000000000
15274  -36.868  -64.840  37.562 0.0000000000
16128  -36.916  -64.242  36.851 0.0000000000
16964  -36.730  -63.387  37.020 0.0000000000
17759  -37.102  -62.187  36.200 0.0000000000
18555  -37.305  -61.490  35.986 0.0000000000
8330  -46.652  -75.879  34.466 0.0000000000
7656  -46.585  -76.578  34.290 0.0000000000
8338  -46.821  -75.845  33.751 0.0000000000
8349  -46.816  -75.693  32.934 0.0000000000
116285  -46.490  -75.260  31.890 0.0000000000
8370  -46.874  -75.036  28.718 0.0000000000
17814  -53.815  -62.285  29.619 0.0000000000
121112  -53.712  -62.534  30.330 0.0000000000
17803  -53.622  -63.200  30.815 0.0000000000
17047  -53.503  -63.451  30.783 0.0000000000
16199  -52.218  -64.360  30.868 0.0000000000
16182  -50.021  -64.705  30.978 0.0000000000
133772  -47.718  -65.291  31.008 0.0000000000
16194  -46.749  -65.065  30.193 0.0000000000
15366  -45.966  -65.451  30.005 0.0000000000
128477  -41.552  -70.190  34.272 0.0000000000
11638  -42.432  -70.232  34.341 0.0000000000
12351  -42.075  -69.465  34.261 0.0000000000
13059  -42.668  -68.616  34.257 0.0000000000
121951  -43.414  -68.143  34.287 0.0000000000
14527  -42.722  -66.348  33.730 0.0000000000
14510  -43.159  -67.014  33.970 0.0000000000
14511  -44.002  -66.943  34.073 0.0000000000
126392  -44.784  -66.812  34.118 0.0000000000
14530  -45.056  -66.138  33.871 0.0000000000
15316  -45.392  -65.405  33.569 0.0000000000
8250  -42.452  -75.494  39.139 0.0000000000
9614  -42.127  -73.109  37.711 0.0000000000
10288  -43.091  -72.862  37.843 0.0000000000
10301  -41.649  -72.616  37.467 0.0000000000
10984  -41.428  -71.923  37.387 0.0000000000
130314  -40.748  -70.512  37.405 0.0000000000
15224  -39.835  -64.974  43.057 0.0000000000
15223  -39.185  -65.469  42.771 0.0000000000
15233  -38.745  -65.939  42.238 0.0000000000
15222  -38.245  -65.097  42.356 0.0000000000
16058  -37.782  -64.603  41.837 0.0000000000
16909  -37.428  -63.967  40.657 0.0000000000
16928  -38.746  -63.348  39.900 0.0000000000
16927  -37.500  -63.644  39.810 0.0000000000
16939  -37.414  -63.237  39.202 0.0000000000
17725  -37.809  -62.557  38.716 0.0000000000
18532  -39.218  -61.595  38.229 0.0000000000
9654  -48.457  -72.940  33.799 0.0000000000
9666  -48.162  -73.805  32.938 0.0000000000
131628  -48.357  -73.209  32.441 0.0000000000
129524  -48.132  -73.273  31.740 0.0000000000
9672  -47.701  -73.572  30.409 0.0000000000
8984  -47.576  -73.562  29.550 0.0000000000
9689  -46.459  -73.281  27.797 0.0000000000
11034  -44.332  -71.707  30.061 0.0000000000
10352  -43.044  -72.264  29.506 0.0000000000
11032  -42.554  -71.596  30.058 0.0000000000
11020  -42.103  -70.662  30.417 0.0000000000
6950  -44.043  -78.326  36.557 0.0000000000
6951  -44.931  -78.327  36.125 0.0000000000
7616  -44.495  -77.525  36.139 0.0000000000
7631  -44.919  -76.814  35.771 0.0000000000
8313  -46.100  -76.158  35.200 0.0000000000
8328  -45.409  -75.248  35.091 0.0000000000
8329  -46.405  -75.441  34.931 0.0000000000
8963  -46.486  -74.539  34.774 0.0000000000
8964  -47.131  -74.406  34.430 0.0000000000
9652  -47.534  -73.583  34.423 0.0000000000
11639  -43.445  -70.253  34.454 0.0000000000
123131  -43.844  -71.126  34.476 0.0000000000
12354  -45.101  -69.571  34.629 0.0000000000
11641  -45.536  -70.356  34.655 0.0000000000
117225  -46.573  -72.063  34.694 0.0000000000
117068  -47.672  -72.162  34.625 0.0000000000
10326  -48.497  -72.561  34.138 0.0000000000
11006  -49.000  -71.940  34.173 0.0000000000
11004  -49.462  -71.313  34.163 0.0000000000
11646  -49.937  -70.574  34.106 0.0000000000
125485  -49.493  -69.763  34.580 0.0000000000
12359  -50.358  -69.725  34.148 0.0000000000
11647  -50.325  -69.899  33.761 0.0000000000
12364  -50.615  -69.334  33.397 0.0000000000
13082  -50.845  -68.892  32.955 0.0000000000
13094  -50.865  -68.361  32.556 0.0000000000
6949  -42.599  -77.821  36.702 0.0000000000
7615  -43.097  -77.165  36.145 0.0000000000
7628  -42.104  -76.587  35.826 0.0000000000
7613  -40.695  -76.986  36.602 0.0000000000
7627  -41.039  -76.364  35.838 0.0000000000
8325  -42.238  -75.255  34.877 0.0000000000
8959  -41.423  -74.585  34.577 0.0000000000
9647  -41.085  -73.644  34.367 0.0000000000
10319  -40.866  -72.763  34.316 0.0000000000
8921  -40.117  -74.968  37.519 0.0000000000
8920  -39.693  -74.886  36.820 0.0000000000
9623  -39.803  -73.284  36.446 0.0000000000
129197  -39.491  -73.815  36.165 0.0000000000
118666  -39.455  -73.867  35.535 0.0000000000
8957  -39.584  -73.781  34.958 0.0000000000
12350  -41.021  -69.622  34.196 0.0000000000
13791  -40.755  -67.509  33.870 0.0000000000
13056  -39.340  -68.462  34.237 0.0000000000
13790  -39.771  -67.567  34.066 0.0000000000
14508  -40.271  -66.795  33.903 0.0000000000
119053  -40.329  -66.082  33.871 0.0000000000
16973  -39.950  -64.260  33.794 0.0000000000
13016  -42.193  -69.141  39.966 0.0000000000
12321  -42.479  -69.770  39.673 0.0000000000
12333  -42.418  -70.268  39.088 0.0000000000
12332  -41.564  -69.844  38.570 0.0000000000
12331  -40.830  -69.368  38.329 0.0000000000
13030  -39.227  -68.716  37.396 0.0000000000
14456  -39.054  -66.494  41.675 0.0000000000
14468  -38.772  -66.629  40.922 0.0000000000
14475  -38.728  -66.780  40.010 0.0000000000
15250  -37.325  -65.706  39.872 0.0000000000
14474  -37.990  -66.388  39.460 0.0000000000
14486  -38.846  -67.042  38.979 0.0000000000
13026  -39.290  -67.732  38.441 0.0000000000
13773  -38.966  -68.026  37.667 0.0000000000
130852  -38.692  -68.402  37.032 0.0000000000
13775  -38.100  -67.683  36.177 0.0000000000
14498  -38.089  -66.944  35.657 0.0000000000
124211  -38.349  -66.189  35.205 0.0000000000
16131  -37.430  -64.422  36.024 0.0000000000
15285  -37.996  -65.203  35.477 0.0000000000
16134  -38.568  -64.572  34.742 0.0000000000
16972  -39.036  -63.968  34.217 0.0000000000
121769  -38.700  -63.096  34.282 0.0000000000
6312  -45.146  -78.406  35.842 0.0000000000
6343  -45.068  -78.256  34.704 0.0000000000
7003  -45.969  -77.512  34.166 0.0000000000
7002  -45.103  -77.659  33.863 0.0000000000
6989  -43.542  -77.144  33.227 0.0000000000
7669  -43.054  -76.352  32.214 0.0000000000
8977  -47.672  -74.442  32.675 0.0000000000
121527  -45.809  -75.368  31.085 0.0000000000
8369  -46.386  -75.431  29.381 0.0000000000
8368  -45.516  -75.604  29.934 0.0000000000
8361  -45.019  -75.578  30.657 0.0000000000
17778  -41.750  -62.714  33.344 0.0000000000
122210  -44.272  -64.044  33.213 0.0000000000
16993  -45.161  -63.922  33.143 0.0000000000
16148  -45.726  -64.618  33.311 0.0000000000
15318  -47.152  -65.309  33.575 0.0000000000
15319  -48.137  -65.284  33.644 0.0000000000
15299  -48.751  -66.161  34.025 0.0000000000
15300  -49.854  -66.255  34.130 0.0000000000
16152  -49.733  -64.589  33.600 0.0000000000
15321  -50.341  -65.516  33.876 0.0000000000
14531  -50.969  -66.421  34.126 0.0000000000
135908  -51.716  -66.612  33.826 0.0000000000
13077  -51.649  -67.781  33.119 0.0000000000
133179  -51.421  -67.804  32.684 0.0000000000
16170  -53.568  -64.250  32.012 0.0000000000
15332  -53.494  -64.877  32.093 0.0000000000
15331  -53.159  -65.337  32.442 0.0000000000
14555  -52.368  -66.305  32.407 0.0000000000
14554  -51.616  -67.049  32.269 0.0000000000
123048  -47.698  -67.822  31.622 0.0000000000
133991  -46.724  -67.696  31.540 0.0000000000
126623  -45.483  -68.053  31.499 0.0000000000
13830  -45.053  -67.267  31.309 0.0000000000
13088  -44.736  -68.086  31.425 0.0000000000
128031  -42.547  -68.954  30.809 0.0000000000
6328  -45.247  -78.355  35.431 0.0000000000
6961  -45.920  -77.522  35.417 0.0000000000
6976  -46.103  -77.574  35.126 0.0000000000
6977  -46.394  -77.104  34.816 0.0000000000
6990  -46.357  -77.134  34.140 0.0000000000
7629  -42.751  -76.405  35.667 0.0000000000
7632  -45.872  -76.970  35.460 0.0000000000
7633  -46.356  -76.773  35.111 0.0000000000
7645  -46.510  -76.559  34.776 0.0000000000
8284  -39.720  -75.445  37.044 0.0000000000
8309  -41.904  -75.941  35.337 0.0000000000
8359  -47.506  -74.268  31.804 0.0000000000
8935  -39.545  -74.465  36.194 0.0000000000
8958  -40.312  -74.240  34.688 0.0000000000
9612  -40.466  -73.345  37.073 0.0000000000
9645  -39.524  -73.121  34.806 0.0000000000
9648  -42.683  -73.348  34.370 0.0000000000
9653  -48.050  -73.246  34.088 0.0000000000
9664  -48.575  -72.998  33.245 0.0000000000
9668  -47.805  -73.665  31.316 0.0000000000
9669  -48.333  -72.681  31.851 0.0000000000
10320  -41.857  -73.055  34.282 0.0000000000
10325  -47.990  -72.824  34.451 0.0000000000
10332  -48.902  -72.335  33.777 0.0000000000
10333  -49.254  -71.796  33.568 0.0000000000
10342  -48.028  -72.991  30.961 0.0000000000
10357  -47.800  -73.097  30.071 0.0000000000
10983  -40.390  -71.901  36.890 0.0000000000
11000  -39.048  -71.767  35.038 0.0000000000
11001  -39.420  -71.855  34.649 0.0000000000
11007  -49.668  -71.262  33.832 0.0000000000
11018  -48.963  -71.236  32.538 0.0000000000
11023  -45.243  -71.452  30.361 0.0000000000
11620  -41.466  -70.451  37.852 0.0000000000
11635  -38.661  -70.451  34.977 0.0000000000
11637  -40.548  -70.634  34.295 0.0000000000
11643  -47.824  -70.682  34.727 0.0000000000
11645  -49.499  -70.813  34.432 0.0000000000
11650  -49.914  -70.603  33.617 0.0000000000
11662  -47.295  -70.335  31.421 0.0000000000
11665  -49.162  -70.418  32.548 0.0000000000
11671  -44.673  -70.688  30.933 0.0000000000
11674  -47.678  -71.220  31.214 0.0000000000
12320  -41.888  -69.472  39.300 0.0000000000
12335  -40.025  -69.224  37.646 0.0000000000
12340  -38.519  -69.899  35.363 0.0000000000
12348  -39.428  -69.293  34.303 0.0000000000
12362  -50.704  -69.331  33.817 0.0000000000
12363  -50.121  -69.929  33.306 0.0000000000
12381  -44.089  -69.864  31.204 0.0000000000
13035  -38.838  -69.086  36.648 0.0000000000
13076  -51.033  -68.788  33.542 0.0000000000
13081  -50.279  -69.407  32.908 0.0000000000
13087  -43.841  -68.057  31.213 0.0000000000
13089  -46.265  -68.381  31.556 0.0000000000
13754  -41.198  -67.798  41.019 0.0000000000
13760  -39.335  -67.268  39.666 0.0000000000
13770  -39.519  -67.576  39.136 0.0000000000
13794  -43.685  -67.582  34.203 0.0000000000
13799  -49.019  -67.815  34.611 0.0000000000
13802  -51.427  -67.202  34.092 0.0000000000
13813  -51.594  -67.724  33.524 0.0000000000
14444  -39.551  -66.270  42.270 0.0000000000
14457  -40.475  -66.523  42.138 0.0000000000
14488  -37.547  -66.161  36.961 0.0000000000
14506  -38.553  -66.979  34.870 0.0000000000
14512  -45.451  -66.659  34.113 0.0000000000
14529  -44.296  -66.266  33.844 0.0000000000
14532  -51.869  -67.039  33.563 0.0000000000
14533  -52.348  -66.434  33.215 0.0000000000
14536  -52.085  -66.991  33.064 0.0000000000
14537  -52.631  -66.056  32.733 0.0000000000
14550  -45.552  -66.598  31.179 0.0000000000
14552  -47.533  -66.066  31.338 0.0000000000
14553  -50.710  -66.665  31.705 0.0000000000
14556  -52.913  -65.654  32.256 0.0000000000
14572  -46.232  -65.483  30.489 0.0000000000
15249  -36.980  -65.019  40.096 0.0000000000
15314  -43.812  -65.665  33.604 0.0000000000
15341  -49.253  -65.113  31.172 0.0000000000
15345  -53.310  -65.187  31.989 0.0000000000
15354  -45.208  -65.915  30.037 0.0000000000
15355  -47.546  -64.894  30.477 0.0000000000
16071  -37.323  -64.708  41.013 0.0000000000
16132  -37.942  -64.237  35.371 0.0000000000
16143  -40.766  -64.044  33.540 0.0000000000
16149  -46.604  -64.531  33.322 0.0000000000
16155  -53.051  -64.966  32.839 0.0000000000
16184  -52.691  -64.997  31.420 0.0000000000
16186  -53.426  -64.415  31.617 0.0000000000
16198  -51.435  -64.021  30.486 0.0000000000
16885  -39.081  -63.117  42.583 0.0000000000
16896  -38.469  -63.172  41.835 0.0000000000
16910  -38.235  -63.303  40.932 0.0000000000
16991  -42.844  -63.709  33.294 0.0000000000
17033  -53.545  -63.794  31.355 0.0000000000
17046  -53.301  -63.476  30.445 0.0000000000
17737  -36.975  -62.550  37.896 0.0000000000
17739  -38.701  -62.057  38.428 0.0000000000
17760  -37.570  -61.943  35.294 0.0000000000
17796  -53.584  -63.602  31.397 0.0000000000
17802  -53.566  -62.901  31.151 0.0000000000
18608  -53.717  -61.968  29.961 0.0000000000
18615  -53.544  -61.672  29.632 0.0000000000
113170  -41.050  -71.158  37.381 0.0000000000
113471  -36.675  -64.628  38.455 0.0000000000
114794  -41.813  -61.945  33.304 0.0000000000
115325  -50.867  -67.654  32.113 0.0000000000
116550  -40.272  -68.100  33.981 0.0000000000
117565  -37.663  -65.187  41.611 0.0000000000
119715  -47.594  -69.299  34.720 0.0000000000
121718  -52.916  -64.217  30.932 0.0000000000
121860  -40.029  -62.834  33.606 0.0000000000
123056  -41.132  -68.158  33.962 0.0000000000
123143  -48.231  -71.447  34.638 0.0000000000
124131  -48.883  -67.832  31.691 0.0000000000
124739  -46.263  -66.902  31.424 0.0000000000
125435  -46.831  -75.116  34.526 0.0000000000
127274  -36.970  -62.874  36.449 0.0000000000
127330  -43.755  -71.286  30.415 0.0000000000
129065  -38.444  -69.218  35.136 0.0000000000
129155  -43.490  -68.926  31.168 0.0000000000
129290  -38.082  -67.282  36.768 0.0000000000
129678  -49.005  -71.854  32.922 0.0000000000
129762  -37.556  -63.951  35.748 0.0000000000
129794  -40.895  -66.345  33.757 0.0000000000
130258  -53.452  -64.804  32.355 0.0000000000
131720  -51.302  -68.377  33.042 0.0000000000
131989  -51.491  -67.711  33.887 0.0000000000
132078  -43.960  -72.591  34.472 0.0000000000
132279  -41.398  -75.336  34.931 0.0000000000
132637  -48.067  -71.528  31.447 0.0000000000
133077  -47.944  -67.055  31.555 0.0000000000
133390  -45.866  -67.469  31.472 0.0000000000
133646  -46.013  -75.585  31.823 0.0000000000
133656  -39.346  -69.179  37.146 0.0000000000
133867  -48.600  -68.481  34.713 0.0000000000
134839  -49.310  -71.741  33.930 0.0000000000
