#!ascii label  , from subject sub-v2s0x29024_ses-1 vox2ras=TkReg
1941
64526  -34.440  -20.645  86.964 0.0000000000
68678  -52.682  -15.902  66.691 0.0000000000
68573  -41.237  -16.677  76.532 0.0000000000
54702  -3.261  -31.698  80.375 0.0000000000
51513  -22.750  -32.040  84.358 0.0000000000
59721  -6.348  -24.767  84.159 0.0000000000
61619  -5.552  -22.806  91.880 0.0000000000
68635  -47.324  -15.459  71.597 0.0000000000
137167  -4.622  -22.741  76.348 0.0000000000
128816  -2.076  -33.731  88.665 0.0000000000
62664  -37.677  -22.155  80.370 0.0000000000
123910  -31.311  -25.094  85.313 0.0000000000
58710  -29.106  -26.687  88.402 0.0000000000
70577  -56.067  -14.370  63.939 0.0000000000
69619  -44.075  -15.708  74.111 0.0000000000
52658  -17.193  -31.500  81.409 0.0000000000
67541  -3.570  -18.138  81.634 0.0000000000
56762  -8.757  -28.547  82.425 0.0000000000
56820  -9.242  -28.928  76.370 0.0000000000
52708  -4.332  -33.119  76.333 0.0000000000
53561  -9.163  -31.462  92.789 0.0000000000
53534  -4.450  -30.359  94.201 0.0000000000
67568  -39.257  -17.351  79.473 0.0000000000
54627  -26.954  -30.346  90.712 0.0000000000
52661  -25.037  -31.683  82.347 0.0000000000
60658  -6.403  -24.115  88.285 0.0000000000
139255  -5.770  -28.190  86.798 0.0000000000
143839  -50.816  -16.013  69.174 0.0000000000
52566  -12.346  -31.527  89.252 0.0000000000
50438  -14.220  -32.117  85.360 0.0000000000
125945  -5.200  -23.182  80.323 0.0000000000
57863  -4.244  -27.243  73.930 0.0000000000
61593  -6.729  -23.229  95.471 0.0000000000
56660  -3.495  -28.631  91.307 0.0000000000
53639  -1.243  -31.388  84.219 0.0000000000
64528  -36.446  -19.922  86.981 0.0000000000
62623  -34.903  -22.338  84.999 0.0000000000
124741  -37.258  -22.220  84.430 0.0000000000
60677  -33.156  -23.235  86.636 0.0000000000
58743  -33.657  -24.124  83.577 0.0000000000
132220  -31.883  -23.959  88.823 0.0000000000
69708  -54.369  -15.459  64.996 0.0000000000
67702  -49.933  -16.046  65.785 0.0000000000
69711  -51.476  -14.688  63.962 0.0000000000
135540  -53.435  -13.651  63.275 0.0000000000
68587  -43.382  -15.770  75.396 0.0000000000
67615  -38.600  -17.449  75.113 0.0000000000
67625  -39.727  -16.532  73.567 0.0000000000
142488  -40.998  -15.907  72.463 0.0000000000
55786  -5.624  -29.681  80.671 0.0000000000
143765  -6.302  -30.249  78.626 0.0000000000
54734  -4.202  -31.956  78.626 0.0000000000
50551  -3.428  -35.099  76.574 0.0000000000
49579  -3.213  -34.877  77.898 0.0000000000
50370  -9.070  -33.429  90.447 0.0000000000
49478  -7.191  -33.232  91.287 0.0000000000
144067  -38.474  -17.054  81.510 0.0000000000
64588  -37.117  -20.126  82.251 0.0000000000
146726  -36.231  -20.739  79.982 0.0000000000
66541  -35.887  -18.330  81.636 0.0000000000
67565  -36.477  -17.816  79.376 0.0000000000
57673  -28.479  -27.066  92.743 0.0000000000
146783  -26.830  -26.646  84.751 0.0000000000
55750  -26.189  -28.967  85.512 0.0000000000
73352  -56.163  -10.864  61.409 0.0000000000
75271  -57.723  -9.417  60.237 0.0000000000
61627  -6.168  -23.438  90.523 0.0000000000
58705  -8.210  -26.499  88.363 0.0000000000
124389  -6.872  -26.473  90.094 0.0000000000
67639  -49.079  -15.851  70.389 0.0000000000
67651  -44.767  -16.334  69.628 0.0000000000
66633  -46.143  -16.713  68.945 0.0000000000
65700  -47.079  -17.416  67.335 0.0000000000
56663  -13.130  -28.310  90.994 0.0000000000
55716  -15.182  -29.565  89.347 0.0000000000
62616  -3.932  -22.152  84.889 0.0000000000
62645  -3.662  -22.042  82.749 0.0000000000
59766  -6.170  -23.907  82.183 0.0000000000
54775  -5.664  -31.170  73.844 0.0000000000
56817  -6.364  -27.717  75.348 0.0000000000
54773  -3.237  -30.077  73.402 0.0000000000
60609  -8.755  -24.149  95.626 0.0000000000
53579  -2.807  -32.000  91.414 0.0000000000
55682  -2.989  -29.182  92.948 0.0000000000
54620  -2.082  -30.712  89.720 0.0000000000
55731  -2.064  -30.228  87.435 0.0000000000
52609  -0.813  -32.832  86.824 0.0000000000
63593  -38.032  -21.347  83.563 0.0000000000
58677  -30.093  -26.092  91.993 0.0000000000
59655  -31.369  -24.548  90.693 0.0000000000
59683  -29.976  -25.572  87.372 0.0000000000
145504  -57.955  -12.296  63.869 0.0000000000
71496  -54.937  -12.548  62.435 0.0000000000
68606  -46.107  -15.279  73.018 0.0000000000
68630  -42.808  -15.881  71.052 0.0000000000
51587  -22.151  -31.824  81.273 0.0000000000
52640  -20.050  -31.394  83.165 0.0000000000
64606  -3.571  -21.065  80.133 0.0000000000
136766  -10.127  -26.431  83.556 0.0000000000
59787  -9.266  -25.717  80.937 0.0000000000
56793  -9.782  -28.717  79.221 0.0000000000
53727  -7.942  -31.577  75.940 0.0000000000
51694  -4.396  -33.616  73.693 0.0000000000
56632  -9.408  -28.276  94.101 0.0000000000
56609  -7.419  -27.958  94.837 0.0000000000
53538  -7.174  -30.783  93.684 0.0000000000
50357  -4.439  -32.829  91.737 0.0000000000
67605  -40.424  -17.124  77.716 0.0000000000
66582  -37.652  -17.893  76.984 0.0000000000
52601  -24.746  -31.710  87.474 0.0000000000
56681  -28.065  -28.382  89.597 0.0000000000
53623  -25.658  -30.848  86.166 0.0000000000
51539  -24.280  -32.255  83.376 0.0000000000
63560  -4.720  -22.039  86.321 0.0000000000
63553  -5.606  -21.790  87.795 0.0000000000
60683  -6.857  -24.637  86.674 0.0000000000
58724  -9.252  -26.534  86.668 0.0000000000
131121  -8.065  -28.315  85.034 0.0000000000
56758  -4.886  -29.016  83.032 0.0000000000
67683  -51.629  -15.896  68.100 0.0000000000
65728  -49.161  -16.436  66.619 0.0000000000
135694  -11.422  -28.191  92.141 0.0000000000
52556  -10.826  -31.681  90.997 0.0000000000
50392  -10.185  -33.623  88.249 0.0000000000
125265  -18.774  -31.440  85.358 0.0000000000
51460  -17.684  -31.152  87.365 0.0000000000
52577  -16.520  -30.439  88.366 0.0000000000
142835  -13.439  -31.714  87.612 0.0000000000
142402  -11.128  -33.006  86.719 0.0000000000
66519  -3.953  -19.363  82.476 0.0000000000
63616  -3.595  -21.934  80.976 0.0000000000
60750  -4.869  -23.007  79.052 0.0000000000
58797  -7.528  -25.271  78.711 0.0000000000
58831  -6.263  -25.002  76.253 0.0000000000
59841  -5.321  -24.460  75.402 0.0000000000
61602  -5.345  -23.125  94.497 0.0000000000
129244  -5.023  -26.884  95.615 0.0000000000
59617  -4.103  -26.065  94.490 0.0000000000
59643  -4.860  -25.774  92.120 0.0000000000
56688  -4.345  -28.538  88.754 0.0000000000
55749  -2.981  -29.753  84.935 0.0000000000
54692  -2.346  -31.670  82.062 0.0000000000
48680  -1.072  -36.107  86.029 0.0000000000
129645  -0.645  -35.203  84.099 0.0000000000
49556  -3.385  -35.121  80.236 0.0000000000
64527  -35.544  -20.200  86.966 0.0000000000
65545  -34.238  -19.490  88.182 0.0000000000
63565  -34.737  -21.531  85.926 0.0000000000
62615  -35.937  -21.463  85.549 0.0000000000
62607  -33.576  -22.393  86.926 0.0000000000
148011  -33.848  -22.952  85.195 0.0000000000
63550  -33.412  -21.276  88.460 0.0000000000
62606  -33.305  -22.551  87.960 0.0000000000
68689  -53.397  -15.913  66.017 0.0000000000
67703  -50.859  -15.774  66.223 0.0000000000
68693  -50.402  -15.584  64.876 0.0000000000
68695  -52.063  -15.402  65.229 0.0000000000
69706  -52.645  -15.040  64.707 0.0000000000
138633  -42.047  -16.276  76.211 0.0000000000
68575  -43.010  -15.856  76.404 0.0000000000
68574  -42.502  -16.117  76.981 0.0000000000
136722  -39.257  -17.153  74.831 0.0000000000
68595  -40.575  -16.660  75.064 0.0000000000
68596  -41.628  -16.212  74.280 0.0000000000
55785  -4.634  -30.227  80.800 0.0000000000
55803  -5.019  -30.645  79.452 0.0000000000
54711  -3.613  -31.812  79.812 0.0000000000
52697  -3.518  -33.211  78.145 0.0000000000
52674  -3.084  -32.453  79.608 0.0000000000
49504  -8.232  -35.112  89.026 0.0000000000
48662  -7.801  -34.689  89.682 0.0000000000
66529  -37.373  -18.611  83.612 0.0000000000
65602  -35.979  -19.147  81.656 0.0000000000
67538  -37.057  -17.588  82.598 0.0000000000
67546  -37.013  -17.355  81.713 0.0000000000
74304  -58.035  -10.836  62.001 0.0000000000
74316  -57.376  -10.000  60.695 0.0000000000
76190  -59.245  -8.729  61.355 0.0000000000
61620  -5.891  -23.571  91.407 0.0000000000
59650  -6.888  -25.171  90.635 0.0000000000
59645  -6.341  -25.270  91.218 0.0000000000
142082  -47.899  -15.599  71.109 0.0000000000
68620  -49.176  -15.185  71.879 0.0000000000
67636  -46.167  -15.988  70.486 0.0000000000
67667  -45.229  -16.681  68.889 0.0000000000
67653  -46.637  -16.308  69.685 0.0000000000
67654  -47.546  -16.266  69.689 0.0000000000
55703  -15.610  -29.316  91.304 0.0000000000
54616  -16.217  -29.852  90.958 0.0000000000
51464  -22.989  -31.886  87.068 0.0000000000
51490  -21.711  -31.723  85.594 0.0000000000
63646  -4.391  -21.570  77.341 0.0000000000
60697  -5.047  -23.682  85.050 0.0000000000
60716  -4.936  -23.352  83.384 0.0000000000
143599  -6.271  -24.573  83.379 0.0000000000
53766  -4.280  -32.143  73.265 0.0000000000
54774  -4.257  -30.319  73.833 0.0000000000
53764  -2.850  -31.004  72.466 0.0000000000
60611  -10.501  -23.295  95.657 0.0000000000
59605  -9.042  -24.510  95.589 0.0000000000
51408  -2.588  -33.027  89.731 0.0000000000
53586  -2.183  -31.467  90.259 0.0000000000
52573  -1.818  -32.559  89.124 0.0000000000
52588  -0.984  -31.812  87.867 0.0000000000
51456  -1.077  -33.261  87.614 0.0000000000
63569  -37.747  -20.699  85.856 0.0000000000
127214  -37.902  -21.786  83.841 0.0000000000
64556  -38.152  -20.481  84.940 0.0000000000
65581  -38.138  -20.088  84.400 0.0000000000
126578  -31.914  -24.344  87.013 0.0000000000
59685  -31.528  -24.510  87.780 0.0000000000
124153  -31.054  -25.009  86.159 0.0000000000
123203  -28.819  -25.426  85.028 0.0000000000
71484  -57.138  -13.389  63.863 0.0000000000
70575  -54.531  -14.192  63.570 0.0000000000
71487  -54.352  -13.126  62.814 0.0000000000
71488  -55.388  -13.107  62.829 0.0000000000
72453  -55.976  -12.359  62.445 0.0000000000
68605  -45.228  -15.566  73.035 0.0000000000
69608  -45.994  -14.936  74.630 0.0000000000
143695  -45.481  -15.058  75.097 0.0000000000
125363  -43.257  -15.885  73.610 0.0000000000
148250  -42.415  -15.867  71.728 0.0000000000
68614  -43.652  -15.903  72.570 0.0000000000
68615  -44.653  -15.867  72.224 0.0000000000
138434  -3.602  -17.524  81.011 0.0000000000
66549  -3.438  -19.374  80.135 0.0000000000
132923  -3.373  -19.319  80.632 0.0000000000
57771  -10.180  -27.572  82.962 0.0000000000
58772  -10.523  -26.977  81.298 0.0000000000
56785  -9.761  -28.387  80.787 0.0000000000
53713  -6.028  -31.283  77.255 0.0000000000
54737  -7.038  -30.921  77.249 0.0000000000
52710  -6.581  -32.392  75.749 0.0000000000
52723  -5.713  -33.261  74.651 0.0000000000
130155  -4.272  -34.063  74.587 0.0000000000
125916  -3.636  -34.728  75.567 0.0000000000
130401  -9.456  -29.772  93.756 0.0000000000
54583  -8.231  -29.934  94.151 0.0000000000
53550  -8.357  -31.054  93.258 0.0000000000
48649  -6.236  -34.166  90.613 0.0000000000
50359  -5.912  -32.898  91.631 0.0000000000
127891  -4.965  -33.625  90.805 0.0000000000
50369  -3.809  -33.383  90.724 0.0000000000
67584  -39.581  -17.419  78.728 0.0000000000
67567  -38.404  -17.461  79.452 0.0000000000
67582  -37.565  -17.821  78.273 0.0000000000
123899  -38.906  -17.528  78.856 0.0000000000
67583  -38.994  -17.610  78.009 0.0000000000
54626  -26.434  -30.973  91.031 0.0000000000
52582  -25.318  -31.817  89.737 0.0000000000
53604  -25.511  -31.289  88.566 0.0000000000
148577  -29.575  -26.919  90.063 0.0000000000
57707  -29.236  -27.368  90.467 0.0000000000
57714  -28.541  -27.655  89.209 0.0000000000
54680  -25.671  -30.753  83.502 0.0000000000
131946  -26.054  -29.777  85.825 0.0000000000
53640  -25.412  -31.208  84.594 0.0000000000
147003  -24.734  -31.932  84.047 0.0000000000
51566  -24.348  -32.330  82.426 0.0000000000
50466  -23.525  -32.198  81.132 0.0000000000
62590  -5.939  -22.301  89.222 0.0000000000
62596  -5.645  -22.491  88.147 0.0000000000
61647  -5.399  -22.891  87.511 0.0000000000
60668  -6.508  -24.311  87.534 0.0000000000
59691  -8.075  -25.262  86.846 0.0000000000
127072  -8.236  -25.519  87.532 0.0000000000
57733  -7.689  -27.491  87.945 0.0000000000
57741  -8.204  -27.640  87.248 0.0000000000
56712  -6.811  -28.317  85.851 0.0000000000
56737  -6.275  -28.532  84.339 0.0000000000
56736  -5.376  -28.603  84.580 0.0000000000
147691  -51.134  -15.974  68.733 0.0000000000
67669  -52.231  -15.922  69.203 0.0000000000
68651  -51.829  -15.806  70.442 0.0000000000
66648  -48.554  -16.661  68.310 0.0000000000
65712  -47.672  -17.249  66.749 0.0000000000
128572  -49.268  -16.431  67.293 0.0000000000
66675  -49.961  -16.156  67.169 0.0000000000
57678  -12.939  -27.222  91.886 0.0000000000
54622  -12.558  -30.481  90.242 0.0000000000
136779  -12.159  -30.035  90.858 0.0000000000
53581  -11.740  -31.447  90.321 0.0000000000
51410  -10.604  -32.149  90.055 0.0000000000
50378  -10.947  -32.228  89.001 0.0000000000
52650  -18.462  -31.305  82.026 0.0000000000
51534  -19.178  -31.350  83.792 0.0000000000
51533  -17.988  -31.305  83.503 0.0000000000
134482  -14.997  -31.796  84.074 0.0000000000
51487  -16.135  -31.524  85.606 0.0000000000
51472  -16.075  -31.418  86.442 0.0000000000
52591  -17.193  -30.832  88.227 0.0000000000
51439  -15.135  -31.211  87.217 0.0000000000
146306  -14.809  -30.825  87.620 0.0000000000
50417  -13.971  -31.951  86.777 0.0000000000
50424  -11.517  -32.964  85.350 0.0000000000
66520  -4.581  -19.237  82.905 0.0000000000
60731  -4.528  -22.862  81.759 0.0000000000
62652  -3.726  -21.982  81.892 0.0000000000
60737  -4.357  -22.659  81.051 0.0000000000
61715  -3.903  -22.195  80.359 0.0000000000
59799  -5.175  -23.148  79.522 0.0000000000
58836  -9.487  -26.885  78.196 0.0000000000
58798  -8.158  -25.795  78.961 0.0000000000
57826  -8.228  -27.149  77.003 0.0000000000
57865  -5.576  -27.519  74.776 0.0000000000
57844  -6.304  -26.689  75.423 0.0000000000
57843  -5.572  -26.711  74.738 0.0000000000
59842  -5.694  -24.949  75.611 0.0000000000
58858  -4.752  -26.265  74.175 0.0000000000
127931  -4.405  -26.089  73.804 0.0000000000
61598  -5.575  -23.231  94.945 0.0000000000
55656  -5.818  -29.022  94.962 0.0000000000
57638  -6.372  -27.567  95.362 0.0000000000
56605  -4.698  -28.456  95.050 0.0000000000
56659  -3.051  -28.959  91.643 0.0000000000
129173  -3.653  -28.087  93.730 0.0000000000
57675  -3.697  -27.668  92.701 0.0000000000
136505  -4.141  -25.533  93.325 0.0000000000
57690  -4.165  -27.463  91.302 0.0000000000
142284  -4.675  -27.496  90.625 0.0000000000
56679  -3.831  -28.934  89.495 0.0000000000
55748  -1.654  -30.525  85.733 0.0000000000
56721  -2.759  -29.750  86.259 0.0000000000
54663  -1.912  -30.566  84.848 0.0000000000
54679  -2.548  -30.513  83.886 0.0000000000
53645  -1.630  -31.389  83.417 0.0000000000
128117  -0.643  -38.117  84.804 0.0000000000
133534  -0.703  -35.911  85.204 0.0000000000
63559  -37.445  -20.238  86.394 0.0000000000
60708  -34.868  -23.467  83.678 0.0000000000
60710  -36.429  -23.367  83.455 0.0000000000
61676  -36.364  -22.488  84.485 0.0000000000
63568  -37.127  -20.835  85.978 0.0000000000
59698  -32.642  -23.934  85.781 0.0000000000
59699  -33.103  -23.615  85.336 0.0000000000
60707  -34.119  -23.480  84.090 0.0000000000
129934  -32.899  -23.298  87.580 0.0000000000
69709  -55.158  -15.213  64.689 0.0000000000
68711  -50.057  -15.202  63.859 0.0000000000
69734  -50.839  -14.296  63.062 0.0000000000
70592  -52.276  -13.443  62.726 0.0000000000
69720  -52.233  -14.200  63.632 0.0000000000
69714  -54.233  -14.837  64.196 0.0000000000
68598  -43.462  -15.819  74.520 0.0000000000
69591  -44.791  -15.306  75.192 0.0000000000
69578  -43.898  -15.582  76.263 0.0000000000
127851  -44.460  -15.403  77.055 0.0000000000
66603  -37.176  -17.748  74.564 0.0000000000
66604  -37.995  -17.458  74.460 0.0000000000
67623  -38.183  -16.591  72.693 0.0000000000
67629  -38.798  -16.244  72.374 0.0000000000
67630  -39.999  -15.794  71.905 0.0000000000
68612  -40.336  -16.163  73.013 0.0000000000
68603  -42.188  -16.068  73.562 0.0000000000
55778  -7.379  -28.815  81.567 0.0000000000
55789  -8.375  -28.980  80.142 0.0000000000
55797  -6.158  -29.703  79.866 0.0000000000
54736  -5.277  -31.039  78.045 0.0000000000
53723  -4.015  -32.686  77.291 0.0000000000
51660  -3.671  -34.294  76.598 0.0000000000
130246  -3.588  -33.694  77.289 0.0000000000
49593  -3.263  -34.809  77.208 0.0000000000
51392  -9.031  -32.528  91.428 0.0000000000
50356  -8.614  -32.100  91.996 0.0000000000
50365  -8.443  -33.068  91.118 0.0000000000
124251  -38.732  -17.110  80.776 0.0000000000
63612  -37.272  -20.836  81.597 0.0000000000
63624  -37.063  -21.438  80.135 0.0000000000
64600  -36.760  -20.754  80.783 0.0000000000
65614  -35.787  -19.477  81.053 0.0000000000
66555  -35.033  -18.806  79.654 0.0000000000
138933  -35.877  -17.955  80.094 0.0000000000
67556  -37.177  -17.284  80.746 0.0000000000
55705  -27.888  -29.310  91.487 0.0000000000
57745  -27.944  -26.775  86.646 0.0000000000
57735  -27.361  -27.830  87.323 0.0000000000
56727  -26.392  -28.037  85.179 0.0000000000
55765  -25.926  -28.936  83.295 0.0000000000
74314  -55.622  -10.300  60.833 0.0000000000
75270  -56.916  -9.592  60.102 0.0000000000
76199  -56.893  -8.702  59.014 0.0000000000
77124  -58.159  -7.935  58.896 0.0000000000
61634  -6.150  -23.375  89.521 0.0000000000
59664  -7.731  -25.498  88.978 0.0000000000
59651  -7.237  -25.193  90.062 0.0000000000
58693  -7.481  -26.333  89.565 0.0000000000
57722  -7.066  -27.487  88.570 0.0000000000
67656  -49.470  -16.119  69.695 0.0000000000
68621  -50.053  -15.276  71.664 0.0000000000
66644  -44.725  -17.074  68.222 0.0000000000
126587  -44.935  -17.738  66.882 0.0000000000
136723  -45.910  -17.785  66.853 0.0000000000
65690  -46.822  -17.314  67.891 0.0000000000
135605  -48.022  -16.728  68.532 0.0000000000
145278  -13.629  -27.670  91.659 0.0000000000
128408  -14.464  -28.141  92.039 0.0000000000
56675  -14.226  -28.907  90.261 0.0000000000
54629  -13.667  -30.491  89.035 0.0000000000
125047  -14.493  -31.851  82.513 0.0000000000
50437  -13.506  -32.228  85.095 0.0000000000
64550  -4.261  -20.975  84.068 0.0000000000
65570  -4.218  -20.602  83.458 0.0000000000
62631  -3.611  -22.017  84.129 0.0000000000
60725  -4.874  -23.193  82.512 0.0000000000
143040  -5.851  -23.547  80.896 0.0000000000
143827  -7.887  -30.476  74.847 0.0000000000
56818  -7.342  -28.120  75.713 0.0000000000
55827  -6.440  -29.396  74.719 0.0000000000
55838  -4.429  -29.282  74.169 0.0000000000
56849  -3.327  -28.722  73.516 0.0000000000
62552  -10.983  -22.194  96.410 0.0000000000
61585  -9.232  -22.980  95.661 0.0000000000
60603  -7.943  -23.703  95.650 0.0000000000
53570  -3.703  -31.543  93.021 0.0000000000
134443  -3.465  -29.810  93.723 0.0000000000
125898  -2.689  -31.193  91.890 0.0000000000
54621  -2.391  -30.065  90.919 0.0000000000
133142  -2.868  -29.763  89.938 0.0000000000
56678  -3.248  -29.468  89.785 0.0000000000
54640  -1.854  -30.558  88.125 0.0000000000
53622  -0.912  -31.329  86.586 0.0000000000
52618  -0.761  -32.046  85.599 0.0000000000
62658  -37.779  -22.851  81.371 0.0000000000
61700  -37.262  -23.436  82.692 0.0000000000
62654  -37.675  -22.659  82.242 0.0000000000
63604  -37.855  -21.760  82.602 0.0000000000
64573  -37.645  -20.269  83.011 0.0000000000
65591  -37.706  -19.585  83.704 0.0000000000
58701  -30.312  -25.910  89.351 0.0000000000
138114  -31.624  -24.231  89.755 0.0000000000
59671  -30.627  -25.405  88.741 0.0000000000
58720  -29.215  -26.241  87.628 0.0000000000
58727  -28.351  -26.138  86.214 0.0000000000
71505  -53.235  -12.555  62.176 0.0000000000
72458  -55.314  -11.926  62.099 0.0000000000
142174  -56.699  -11.800  62.210 0.0000000000
68617  -46.689  -15.344  72.265 0.0000000000
69623  -47.748  -14.772  73.247 0.0000000000
126691  -47.146  -14.772  73.771 0.0000000000
68646  -40.690  -15.612  70.756 0.0000000000
68649  -43.340  -15.963  70.280 0.0000000000
126796  -45.165  -15.836  71.480 0.0000000000
51562  -22.241  -31.915  82.411 0.0000000000
131938  -21.500  -31.885  84.153 0.0000000000
126431  -21.310  -31.469  81.893 0.0000000000
124714  -19.199  -31.327  81.193 0.0000000000
140198  -4.060  -21.049  78.758 0.0000000000
62681  -4.174  -22.223  78.191 0.0000000000
59739  -8.146  -25.257  84.017 0.0000000000
59768  -8.098  -25.215  82.019 0.0000000000
59755  -9.845  -25.942  82.281 0.0000000000
58801  -10.328  -26.980  79.569 0.0000000000
56806  -9.866  -28.692  77.692 0.0000000000
55799  -8.898  -29.237  79.175 0.0000000000
54739  -8.802  -30.299  77.001 0.0000000000
54763  -8.695  -30.283  75.744 0.0000000000
53752  -7.149  -32.156  74.671 0.0000000000
58635  -8.484  -26.326  95.108 0.0000000000
56620  -8.387  -27.917  94.686 0.0000000000
55658  -7.155  -29.163  94.532 0.0000000000
53536  -5.685  -30.655  94.040 0.0000000000
51378  -7.217  -31.663  92.938 0.0000000000
52523  -5.634  -31.589  93.253 0.0000000000
52522  -4.939  -31.561  93.265 0.0000000000
51391  -3.946  -32.664  92.039 0.0000000000
51399  -2.992  -32.814  90.772 0.0000000000
50380  -2.746  -33.844  88.986 0.0000000000
67606  -41.164  -16.806  77.427 0.0000000000
68559  -41.805  -16.531  78.038 0.0000000000
68547  -41.756  -16.589  78.933 0.0000000000
63639  -36.916  -22.198  77.855 0.0000000000
66590  -37.093  -18.000  76.237 0.0000000000
67613  -39.193  -17.441  76.380 0.0000000000
144267  -24.481  -32.146  88.485 0.0000000000
51492  -23.847  -32.021  85.752 0.0000000000
57688  -29.440  -26.577  92.348 0.0000000000
137821  -28.416  -28.528  91.247 0.0000000000
55717  -27.417  -29.194  89.654 0.0000000000
56703  -26.837  -28.607  87.302 0.0000000000
55734  -26.837  -29.107  88.058 0.0000000000
54641  -25.994  -30.690  88.485 0.0000000000
52611  -25.062  -31.672  86.084 0.0000000000
135477  -24.560  -31.768  85.263 0.0000000000
131314  -23.412  -32.152  83.956 0.0000000000
131719  -22.943  -32.185  81.624 0.0000000000
77135  -58.623  -7.132  58.670 0.0000000000
78062  -59.016  -5.797  57.610 0.0000000000
78945  -59.325  -4.727  57.453 0.0000000000
62617  -4.357  -22.068  85.646 0.0000000000
60681  -5.163  -23.636  85.920 0.0000000000
143845  -5.120  -21.950  87.003 0.0000000000
61654  -5.379  -23.518  86.728 0.0000000000
59705  -6.480  -24.650  85.672 0.0000000000
59707  -8.840  -25.521  85.581 0.0000000000
58732  -9.918  -26.578  85.040 0.0000000000
56740  -9.621  -27.834  84.314 0.0000000000
58718  -8.746  -26.559  87.483 0.0000000000
57749  -9.285  -27.443  86.062 0.0000000000
56752  -8.461  -28.448  83.735 0.0000000000
56760  -6.807  -28.687  82.763 0.0000000000
55770  -5.550  -29.095  82.224 0.0000000000
123209  -3.970  -30.555  81.411 0.0000000000
67692  -52.113  -15.835  67.324 0.0000000000
64713  -46.560  -17.758  66.266 0.0000000000
65742  -46.997  -17.385  65.423 0.0000000000
66711  -47.696  -16.781  64.838 0.0000000000
66700  -48.975  -16.437  65.548 0.0000000000
66690  -50.407  -15.937  66.577 0.0000000000
57664  -10.525  -27.761  93.159 0.0000000000
55695  -10.450  -29.536  92.820 0.0000000000
56662  -12.287  -28.609  91.289 0.0000000000
55701  -11.517  -29.925  91.531 0.0000000000
53571  -10.254  -31.257  92.211 0.0000000000
50375  -9.400  -33.786  89.789 0.0000000000
51511  -20.409  -31.638  84.923 0.0000000000
123919  -20.103  -31.508  86.420 0.0000000000
51475  -19.449  -31.412  86.974 0.0000000000
51508  -17.020  -31.365  84.127 0.0000000000
51474  -18.249  -31.296  86.726 0.0000000000
125257  -18.851  -31.303  87.541 0.0000000000
52592  -18.064  -31.151  88.858 0.0000000000
53589  -17.757  -31.108  90.336 0.0000000000
54625  -16.763  -30.302  90.567 0.0000000000
54631  -15.620  -29.797  88.999 0.0000000000
52575  -13.778  -30.922  88.315 0.0000000000
141615  -12.207  -31.889  88.399 0.0000000000
50426  -12.769  -32.271  85.835 0.0000000000
123924  -11.873  -32.434  87.260 0.0000000000
123927  -11.333  -32.455  88.136 0.0000000000
50393  -10.730  -33.155  88.027 0.0000000000
66531  -3.904  -18.640  82.389 0.0000000000
128325  -3.885  -20.564  82.839 0.0000000000
65592  -3.788  -19.932  82.292 0.0000000000
128441  -3.597  -20.142  81.677 0.0000000000
63622  -3.582  -21.747  80.507 0.0000000000
61723  -4.104  -22.216  79.514 0.0000000000
61729  -4.595  -22.705  77.725 0.0000000000
134546  -7.784  -25.003  81.018 0.0000000000
59802  -7.193  -24.625  79.534 0.0000000000
59801  -6.492  -24.024  79.361 0.0000000000
57825  -7.353  -26.671  76.557 0.0000000000
58833  -7.091  -25.719  76.874 0.0000000000
59818  -6.473  -24.190  78.294 0.0000000000
134918  -5.624  -23.688  77.545 0.0000000000
59831  -5.388  -23.821  76.522 0.0000000000
60760  -5.009  -23.592  76.109 0.0000000000
60771  -5.033  -24.658  74.463 0.0000000000
58630  -7.316  -26.330  95.356 0.0000000000
59597  -6.669  -25.276  95.684 0.0000000000
59596  -5.754  -25.490  95.758 0.0000000000
57645  -4.169  -27.766  94.686 0.0000000000
140281  -4.473  -26.349  95.131 0.0000000000
60615  -4.950  -24.575  95.242 0.0000000000
60621  -4.692  -24.539  94.828 0.0000000000
60632  -4.508  -24.731  93.266 0.0000000000
60633  -5.102  -24.832  92.361 0.0000000000
58671  -5.362  -26.212  91.415 0.0000000000
57710  -5.652  -27.500  89.689 0.0000000000
56700  -5.210  -28.237  87.391 0.0000000000
56697  -3.152  -29.583  87.903 0.0000000000
141998  -3.314  -29.227  86.489 0.0000000000
127461  -4.734  -28.562  85.911 0.0000000000
56747  -3.627  -29.333  84.261 0.0000000000
55768  -3.547  -30.220  82.785 0.0000000000
53663  -2.697  -31.785  81.250 0.0000000000
49502  -2.336  -34.447  87.908 0.0000000000
48675  -1.948  -35.994  86.658 0.0000000000
49510  -1.893  -34.758  87.416 0.0000000000
50409  -0.921  -34.730  86.178 0.0000000000
50421  -0.666  -34.438  85.383 0.0000000000
51524  -0.709  -33.866  84.099 0.0000000000
49539  -0.888  -35.949  82.778 0.0000000000
128168  -1.079  -32.710  83.083 0.0000000000
51579  -1.750  -33.758  81.794 0.0000000000
51601  -2.155  -33.209  81.203 0.0000000000
52666  -2.775  -32.315  80.313 0.0000000000
50497  -3.227  -34.002  79.073 0.0000000000
48726  -3.981  -36.174  78.575 0.0000000000
64516  -34.922  -19.832  87.520 0.0000000000
64515  -33.849  -20.433  87.749 0.0000000000
63556  -34.138  -21.543  86.495 0.0000000000
132803  -35.055  -20.847  86.318 0.0000000000
63551  -33.590  -21.587  87.486 0.0000000000
62613  -34.118  -22.216  86.063 0.0000000000
68690  -54.191  -16.060  66.444 0.0000000000
68679  -53.586  -16.083  66.897 0.0000000000
67704  -51.758  -15.780  66.504 0.0000000000
68687  -51.457  -15.652  65.759 0.0000000000
68688  -52.372  -15.743  65.907 0.0000000000
68696  -52.971  -15.516  65.310 0.0000000000
68585  -40.569  -16.890  75.933 0.0000000000
68586  -41.246  -16.515  75.628 0.0000000000
55784  -3.959  -30.908  80.698 0.0000000000
132213  -3.886  -31.332  80.145 0.0000000000
53686  -3.302  -32.104  79.720 0.0000000000
128236  -7.887  -35.678  88.556 0.0000000000
66536  -36.795  -18.296  82.882 0.0000000000
60640  -5.847  -24.553  91.669 0.0000000000
68619  -48.184  -15.295  71.802 0.0000000000
68634  -46.469  -15.659  71.363 0.0000000000
67637  -47.171  -15.877  70.600 0.0000000000
54609  -16.575  -30.372  92.670 0.0000000000
54608  -16.124  -29.860  91.984 0.0000000000
54617  -16.811  -30.441  91.654 0.0000000000
51478  -22.911  -31.935  86.159 0.0000000000
51477  -22.224  -31.748  86.426 0.0000000000
51491  -22.679  -31.897  85.391 0.0000000000
62685  -4.445  -22.143  77.154 0.0000000000
63655  -4.572  -22.180  76.423 0.0000000000
59720  -5.610  -24.113  84.471 0.0000000000
59737  -5.811  -24.158  83.638 0.0000000000
53765  -3.220  -31.791  72.811 0.0000000000
59612  -9.496  -24.967  95.376 0.0000000000
51420  -2.248  -33.287  89.196 0.0000000000
146482  -2.243  -32.857  89.505 0.0000000000
141414  -1.763  -33.198  88.734 0.0000000000
145203  -1.276  -32.687  88.327 0.0000000000
51437  -1.581  -33.569  88.204 0.0000000000
64538  -37.891  -20.142  86.267 0.0000000000
64548  -38.072  -20.342  85.734 0.0000000000
65569  -38.224  -19.807  85.669 0.0000000000
59711  -32.002  -24.777  85.800 0.0000000000
59696  -31.700  -24.714  86.593 0.0000000000
71483  -56.511  -13.781  63.664 0.0000000000
141781  -55.318  -14.166  63.546 0.0000000000
70584  -54.884  -13.660  63.167 0.0000000000
71482  -55.802  -13.725  63.325 0.0000000000
69620  -44.847  -15.522  73.871 0.0000000000
69607  -45.222  -15.264  74.510 0.0000000000
68613  -42.597  -15.952  72.622 0.0000000000
68604  -44.286  -15.734  73.234 0.0000000000
68500  -3.906  -17.211  81.747 0.0000000000
66542  -3.494  -18.481  80.959 0.0000000000
66537  -3.457  -19.376  81.323 0.0000000000
56763  -9.685  -28.207  82.533 0.0000000000
56774  -10.007  -28.143  81.649 0.0000000000
56773  -9.277  -28.500  81.669 0.0000000000
53724  -4.706  -32.329  76.842 0.0000000000
53725  -5.816  -32.036  76.552 0.0000000000
52709  -5.584  -32.909  75.712 0.0000000000
52722  -4.855  -33.644  75.207 0.0000000000
52721  -4.023  -33.934  75.848 0.0000000000
51680  -3.736  -34.523  75.057 0.0000000000
125650  -9.414  -30.967  93.167 0.0000000000
54599  -9.133  -30.417  93.676 0.0000000000
52527  -8.715  -31.416  92.836 0.0000000000
49488  -5.414  -34.135  90.508 0.0000000000
67569  -40.094  -17.201  79.436 0.0000000000
61716  -37.983  -23.351  79.925 0.0000000000
126366  -38.201  -17.664  78.630 0.0000000000
55704  -27.383  -29.943  91.296 0.0000000000
54633  -26.335  -30.861  90.069 0.0000000000
58700  -29.555  -26.580  89.283 0.0000000000
57715  -29.094  -27.248  89.661 0.0000000000
57724  -28.446  -27.303  88.404 0.0000000000
53655  -25.347  -31.233  82.916 0.0000000000
127110  -25.690  -30.726  84.331 0.0000000000
148280  -25.140  -31.435  83.055 0.0000000000
52653  -24.879  -31.862  82.958 0.0000000000
51567  -24.606  -32.103  82.288 0.0000000000
50468  -24.011  -32.296  81.580 0.0000000000
51591  -24.366  -32.071  81.461 0.0000000000
61640  -5.817  -22.804  88.819 0.0000000000
148376  -5.604  -23.012  88.058 0.0000000000
61648  -5.667  -23.488  87.585 0.0000000000
60669  -7.455  -24.986  87.476 0.0000000000
144220  -7.108  -24.682  88.035 0.0000000000
56702  -7.244  -27.885  87.314 0.0000000000
142097  -6.567  -28.153  86.657 0.0000000000
56723  -6.086  -28.444  85.168 0.0000000000
56711  -5.751  -28.352  86.031 0.0000000000
67668  -51.581  -15.952  69.228 0.0000000000
141044  -51.325  -15.905  69.810 0.0000000000
66649  -49.349  -16.416  68.566 0.0000000000
66663  -49.226  -16.510  67.971 0.0000000000
66650  -50.270  -16.171  68.488 0.0000000000
66664  -50.144  -16.179  67.760 0.0000000000
136706  -12.397  -31.192  89.844 0.0000000000
52565  -11.759  -31.611  89.834 0.0000000000
51411  -11.066  -31.965  89.406 0.0000000000
51421  -11.710  -31.762  89.013 0.0000000000
52659  -18.055  -31.461  81.299 0.0000000000
52639  -17.727  -31.356  82.667 0.0000000000
52649  -17.454  -31.405  81.972 0.0000000000
142167  -14.801  -32.016  84.915 0.0000000000
51486  -15.099  -31.816  85.733 0.0000000000
51458  -15.741  -31.320  86.973 0.0000000000
51471  -14.897  -31.629  86.648 0.0000000000
51457  -14.175  -31.674  87.210 0.0000000000
50428  -14.172  -32.017  86.148 0.0000000000
65584  -5.256  -19.107  83.017 0.0000000000
59782  -4.744  -22.986  81.111 0.0000000000
60742  -4.639  -22.811  80.389 0.0000000000
129153  -9.375  -27.515  77.426 0.0000000000
57847  -8.929  -28.026  76.596 0.0000000000
126961  -4.831  -27.471  74.300 0.0000000000
57864  -4.961  -26.770  74.315 0.0000000000
58859  -5.421  -25.987  74.760 0.0000000000
58871  -3.807  -26.868  73.565 0.0000000000
61583  -7.558  -22.995  95.550 0.0000000000
61592  -6.003  -23.282  95.254 0.0000000000
54568  -5.125  -29.603  94.714 0.0000000000
55655  -5.203  -29.046  94.953 0.0000000000
55654  -4.724  -29.286  94.798 0.0000000000
57674  -3.460  -28.365  92.180 0.0000000000
57689  -3.740  -27.909  91.815 0.0000000000
130658  -3.811  -28.214  91.085 0.0000000000
57701  -4.126  -28.162  90.410 0.0000000000
56672  -3.614  -28.849  90.504 0.0000000000
53631  -1.369  -30.912  84.944 0.0000000000
54671  -1.724  -30.905  84.203 0.0000000000
52631  -1.090  -32.000  83.613 0.0000000000
145771  -0.669  -38.939  84.844 0.0000000000
46890  -0.893  -38.537  85.625 0.0000000000
64529  -37.133  -19.713  86.883 0.0000000000
60701  -34.743  -23.065  84.241 0.0000000000
61687  -35.762  -23.107  83.918 0.0000000000
61675  -35.347  -22.624  84.549 0.0000000000
63557  -36.029  -20.559  86.449 0.0000000000
63567  -36.393  -20.936  85.974 0.0000000000
63558  -36.810  -20.366  86.480 0.0000000000
60690  -32.834  -23.603  86.229 0.0000000000
60691  -33.208  -23.359  85.837 0.0000000000
61674  -34.420  -22.763  84.822 0.0000000000
60700  -34.007  -23.168  84.619 0.0000000000
130607  -34.352  -23.312  84.126 0.0000000000
61652  -33.279  -22.988  87.343 0.0000000000
61645  -32.956  -23.112  88.408 0.0000000000
60676  -32.640  -23.545  87.210 0.0000000000
69702  -55.997  -15.213  65.331 0.0000000000
136802  -55.131  -15.576  65.524 0.0000000000
67713  -49.325  -16.188  65.096 0.0000000000
67720  -48.956  -16.165  64.462 0.0000000000
67721  -49.673  -15.833  64.656 0.0000000000
68701  -50.930  -15.197  64.480 0.0000000000
68700  -50.162  -15.435  64.335 0.0000000000
68712  -50.670  -15.034  64.047 0.0000000000
125790  -50.786  -14.689  63.587 0.0000000000
69719  -51.539  -14.234  63.362 0.0000000000
69712  -52.360  -14.593  64.146 0.0000000000
69707  -53.533  -15.209  64.770 0.0000000000
136386  -53.191  -14.637  64.192 0.0000000000
69590  -44.170  -15.518  75.579 0.0000000000
126764  -43.700  -15.635  77.006 0.0000000000
69566  -44.086  -15.528  77.943 0.0000000000
66597  -37.762  -17.763  75.417 0.0000000000
67621  -39.895  -16.829  74.478 0.0000000000
67620  -39.133  -16.937  73.998 0.0000000000
67624  -38.912  -16.580  73.169 0.0000000000
136721  -39.460  -16.166  72.705 0.0000000000
127958  -42.615  -16.014  74.586 0.0000000000
55777  -6.340  -29.105  81.461 0.0000000000
55787  -6.632  -29.323  80.516 0.0000000000
142745  -4.438  -31.534  78.982 0.0000000000
54721  -4.866  -31.104  78.872 0.0000000000
54735  -4.662  -31.576  78.316 0.0000000000
53711  -4.360  -32.115  77.811 0.0000000000
52698  -3.786  -33.017  77.668 0.0000000000
50533  -3.192  -34.267  77.748 0.0000000000
51645  -3.317  -33.810  77.803 0.0000000000
49594  -3.233  -35.264  77.125 0.0000000000
50367  -9.135  -32.883  90.942 0.0000000000
50366  -8.757  -32.949  91.095 0.0000000000
49491  -8.407  -33.783  90.411 0.0000000000
64587  -36.429  -19.994  81.465 0.0000000000
65601  -35.529  -18.781  81.049 0.0000000000
65613  -35.330  -19.324  80.355 0.0000000000
131407  -35.447  -18.493  80.274 0.0000000000
66548  -35.778  -18.031  80.833 0.0000000000
133159  -37.762  -17.162  82.044 0.0000000000
56657  -28.062  -28.292  92.846 0.0000000000
56669  -28.247  -28.604  92.270 0.0000000000
58726  -27.477  -26.733  85.961 0.0000000000
56728  -26.864  -27.566  85.976 0.0000000000
140972  -26.818  -27.065  85.305 0.0000000000
75277  -56.422  -9.178  59.541 0.0000000000
76200  -57.695  -8.501  59.233 0.0000000000
76194  -58.086  -8.829  59.883 0.0000000000
60653  -7.248  -24.885  89.454 0.0000000000
60648  -6.744  -24.309  90.088 0.0000000000
58681  -6.668  -25.956  90.751 0.0000000000
58682  -7.198  -25.872  90.194 0.0000000000
57711  -7.187  -26.963  89.304 0.0000000000
67640  -50.045  -15.849  70.417 0.0000000000
68637  -49.613  -15.553  71.098 0.0000000000
67666  -44.319  -16.618  68.870 0.0000000000
66645  -45.640  -17.150  68.291 0.0000000000
65689  -46.009  -17.438  67.764 0.0000000000
66646  -46.505  -17.094  68.390 0.0000000000
67655  -48.475  -16.214  69.663 0.0000000000
66635  -47.852  -16.573  69.027 0.0000000000
66636  -48.793  -16.457  68.970 0.0000000000
56651  -14.978  -28.731  92.591 0.0000000000
55711  -15.537  -29.433  90.300 0.0000000000
55702  -14.942  -28.905  90.654 0.0000000000
55710  -14.671  -29.289  89.838 0.0000000000
55715  -14.133  -29.868  89.266 0.0000000000
134545  -14.162  -31.942  83.171 0.0000000000
51557  -13.665  -32.108  82.854 0.0000000000
64539  -4.152  -21.442  84.691 0.0000000000
64549  -3.913  -21.440  84.329 0.0000000000
148384  -3.838  -22.386  84.319 0.0000000000
59751  -5.379  -23.664  83.094 0.0000000000
123441  -5.484  -23.522  82.389 0.0000000000
59765  -5.036  -23.222  81.779 0.0000000000
131590  -5.651  -23.482  81.639 0.0000000000
55840  -7.182  -30.409  74.500 0.0000000000
130484  -7.480  -29.653  74.916 0.0000000000
55839  -6.135  -30.236  74.274 0.0000000000
128016  -3.605  -29.397  73.754 0.0000000000
56850  -3.988  -28.741  73.916 0.0000000000
55837  -3.070  -29.426  73.320 0.0000000000
54788  -2.822  -29.933  72.783 0.0000000000
60610  -9.520  -23.706  95.597 0.0000000000
61586  -10.058  -22.963  95.661 0.0000000000
60605  -9.039  -23.560  95.632 0.0000000000
135588  -8.580  -23.503  95.622 0.0000000000
60604  -8.170  -24.172  95.642 0.0000000000
53569  -3.194  -31.835  92.243 0.0000000000
53560  -3.036  -30.969  92.751 0.0000000000
54612  -2.219  -30.674  90.627 0.0000000000
142848  -2.345  -30.231  90.284 0.0000000000
55707  -2.635  -29.816  90.439 0.0000000000
55706  -2.492  -30.111  89.730 0.0000000000
54628  -2.220  -30.387  88.943 0.0000000000
53612  -0.843  -31.941  87.065 0.0000000000
53613  -1.051  -31.132  87.267 0.0000000000
135862  -0.717  -32.800  85.926 0.0000000000
60738  -37.582  -24.220  80.525 0.0000000000
61705  -37.601  -23.352  81.557 0.0000000000
61688  -36.826  -22.853  83.914 0.0000000000
61694  -37.148  -23.175  83.284 0.0000000000
62638  -37.589  -22.385  83.691 0.0000000000
62648  -37.792  -22.127  83.150 0.0000000000
64574  -37.983  -21.017  83.042 0.0000000000
58753  -32.944  -24.597  83.064 0.0000000000
58691  -30.923  -25.351  90.860 0.0000000000
58702  -30.673  -25.692  90.167 0.0000000000
61638  -32.353  -23.311  89.820 0.0000000000
138593  -32.127  -23.648  89.379 0.0000000000
59684  -30.788  -25.114  87.901 0.0000000000
59672  -31.197  -24.826  88.584 0.0000000000
58711  -29.941  -25.939  88.385 0.0000000000
58728  -29.193  -25.859  86.771 0.0000000000
59726  -27.943  -25.754  84.901 0.0000000000
73345  -57.797  -11.957  63.149 0.0000000000
70593  -52.998  -13.443  62.986 0.0000000000
125185  -53.544  -13.019  62.685 0.0000000000
71495  -54.116  -12.554  62.373 0.0000000000
72457  -54.628  -12.093  62.136 0.0000000000
72467  -54.830  -11.539  61.812 0.0000000000
72450  -57.403  -12.688  63.458 0.0000000000
72454  -56.989  -12.260  62.725 0.0000000000
73348  -57.469  -11.479  62.293 0.0000000000
68616  -45.735  -15.630  72.085 0.0000000000
68607  -46.946  -15.016  73.085 0.0000000000
147340  -46.387  -14.694  75.081 0.0000000000
69609  -46.818  -14.649  74.578 0.0000000000
69579  -44.787  -15.254  76.163 0.0000000000
125854  -45.350  -15.047  75.662 0.0000000000
124652  -39.699  -15.684  70.953 0.0000000000
68628  -40.998  -15.683  71.617 0.0000000000
68648  -42.421  -15.803  70.203 0.0000000000
68631  -43.660  -16.024  71.137 0.0000000000
68632  -44.476  -15.983  71.281 0.0000000000
68633  -45.754  -15.814  71.195 0.0000000000
51609  -21.202  -31.568  80.928 0.0000000000
51608  -20.273  -31.470  80.624 0.0000000000
66557  -3.728  -18.647  79.882 0.0000000000
65619  -3.456  -20.183  80.101 0.0000000000
65630  -3.674  -19.565  79.726 0.0000000000
126867  -3.825  -21.211  79.407 0.0000000000
63637  -4.061  -21.622  78.761 0.0000000000
59740  -9.109  -25.524  83.670 0.0000000000
59754  -9.100  -25.519  82.673 0.0000000000
59741  -9.805  -25.934  83.219 0.0000000000
56786  -10.270  -28.057  80.313 0.0000000000
58785  -10.466  -26.953  80.418 0.0000000000
57794  -10.432  -27.545  79.887 0.0000000000
57806  -10.314  -27.681  78.913 0.0000000000
56800  -10.066  -28.425  78.585 0.0000000000
55798  -7.771  -29.373  79.554 0.0000000000
124574  -8.023  -29.711  78.680 0.0000000000
54750  -7.722  -31.162  76.615 0.0000000000
54738  -7.974  -30.626  77.211 0.0000000000
54751  -8.347  -30.866  76.441 0.0000000000
54752  -8.831  -30.337  76.312 0.0000000000
53728  -8.429  -31.020  75.772 0.0000000000
54762  -8.283  -30.868  75.201 0.0000000000
53742  -7.950  -31.662  75.238 0.0000000000
51681  -5.003  -33.630  74.346 0.0000000000
52730  -5.419  -33.277  73.915 0.0000000000
50552  -3.649  -34.781  76.060 0.0000000000
50569  -3.332  -35.239  75.480 0.0000000000
57653  -9.077  -27.603  94.487 0.0000000000
56621  -8.755  -28.652  94.432 0.0000000000
54582  -7.842  -30.029  94.113 0.0000000000
55663  -7.779  -29.366  94.388 0.0000000000
54581  -7.468  -30.318  93.958 0.0000000000
53528  -6.711  -30.247  94.107 0.0000000000
53537  -6.412  -30.722  93.884 0.0000000000
51379  -7.816  -31.848  92.576 0.0000000000
50354  -7.235  -32.242  92.380 0.0000000000
50358  -5.093  -32.823  91.719 0.0000000000
51384  -5.568  -32.428  92.278 0.0000000000
51383  -4.866  -32.461  92.281 0.0000000000
52536  -4.612  -32.059  92.761 0.0000000000
52535  -4.100  -32.176  92.664 0.0000000000
147894  -4.098  -32.881  91.751 0.0000000000
50368  -3.553  -33.700  90.002 0.0000000000
130595  -3.376  -33.330  90.330 0.0000000000
50374  -3.127  -33.687  89.615 0.0000000000
51409  -2.983  -33.211  90.016 0.0000000000
67586  -41.076  -16.861  78.309 0.0000000000
63623  -36.548  -21.377  79.334 0.0000000000
63632  -36.827  -21.868  78.627 0.0000000000
66581  -37.214  -17.945  77.677 0.0000000000
144251  -36.889  -18.030  77.039 0.0000000000
126416  -39.808  -17.384  78.034 0.0000000000
67604  -39.637  -17.379  77.154 0.0000000000
67614  -40.497  -17.046  76.824 0.0000000000
52593  -24.668  -31.982  88.408 0.0000000000
52581  -24.912  -32.110  89.120 0.0000000000
51466  -24.499  -31.905  87.734 0.0000000000
51465  -23.903  -31.999  87.029 0.0000000000
51481  -24.583  -31.774  86.864 0.0000000000
57706  -28.733  -27.847  90.021 0.0000000000
56677  -28.907  -27.950  90.892 0.0000000000
56676  -28.408  -28.318  90.436 0.0000000000
55713  -27.985  -28.926  90.472 0.0000000000
56715  -26.871  -28.088  86.625 0.0000000000
55742  -26.380  -28.992  86.445 0.0000000000
54657  -25.916  -30.355  86.183 0.0000000000
55733  -26.359  -29.488  87.243 0.0000000000
54649  -25.856  -30.428  86.975 0.0000000000
55725  -26.268  -30.065  88.049 0.0000000000
53614  -25.662  -30.920  87.772 0.0000000000
132368  -25.373  -31.219  86.771 0.0000000000
51540  -24.510  -32.141  83.493 0.0000000000
51517  -24.754  -31.786  84.777 0.0000000000
51516  -24.470  -31.973  84.272 0.0000000000
131313  -24.029  -32.132  84.083 0.0000000000
51538  -23.811  -32.347  83.202 0.0000000000
51563  -22.873  -32.255  82.583 0.0000000000
51564  -23.628  -32.458  82.484 0.0000000000
50482  -22.839  -32.154  80.008 0.0000000000
77134  -57.883  -7.657  58.232 0.0000000000
78940  -59.379  -5.089  58.120 0.0000000000
79918  -59.294  -4.318  58.145 0.0000000000
63561  -4.990  -21.716  86.363 0.0000000000
61666  -4.473  -22.586  85.605 0.0000000000
62608  -4.785  -22.463  86.326 0.0000000000
64518  -6.147  -21.394  88.458 0.0000000000
60667  -5.888  -24.032  87.003 0.0000000000
137240  -5.298  -23.098  87.016 0.0000000000
60682  -5.805  -24.097  86.253 0.0000000000
59722  -8.074  -25.204  84.910 0.0000000000
59706  -7.774  -25.106  85.876 0.0000000000
59693  -9.268  -25.971  86.204 0.0000000000
58725  -9.609  -26.525  85.885 0.0000000000
57757  -9.971  -27.212  84.736 0.0000000000
57750  -9.780  -27.063  85.605 0.0000000000
59665  -8.150  -25.956  88.576 0.0000000000
56725  -7.830  -28.263  85.750 0.0000000000
56714  -8.557  -27.841  86.430 0.0000000000
56739  -8.824  -28.245  84.600 0.0000000000
56738  -7.823  -28.448  84.303 0.0000000000
56751  -7.518  -28.559  83.407 0.0000000000
124822  -7.038  -28.520  84.103 0.0000000000
56749  -5.590  -28.679  83.725 0.0000000000
56759  -5.921  -28.756  82.908 0.0000000000
55769  -4.648  -29.569  82.217 0.0000000000
144439  -4.460  -29.981  81.608 0.0000000000
124235  -3.990  -30.063  82.142 0.0000000000
124011  -51.492  -15.833  67.565 0.0000000000
67684  -52.287  -15.880  68.004 0.0000000000
67679  -52.282  -15.889  68.592 0.0000000000
68560  -42.471  -16.126  77.763 0.0000000000
65710  -46.472  -17.696  66.829 0.0000000000
65711  -47.064  -17.539  66.730 0.0000000000
65702  -48.443  -16.847  66.952 0.0000000000
65726  -47.238  -17.435  66.067 0.0000000000
65743  -47.668  -17.021  65.642 0.0000000000
66698  -47.308  -17.058  65.153 0.0000000000
66688  -48.577  -16.641  65.899 0.0000000000
66699  -48.081  -16.737  65.323 0.0000000000
66676  -50.813  -15.919  67.548 0.0000000000
138480  -50.153  -16.054  66.868 0.0000000000
133494  -51.219  -15.792  66.954 0.0000000000
57676  -11.262  -27.564  92.584 0.0000000000
145310  -10.912  -28.209  92.643 0.0000000000
56648  -10.453  -28.676  93.002 0.0000000000
56649  -10.956  -28.883  92.409 0.0000000000
57692  -12.641  -27.817  91.476 0.0000000000
54614  -11.472  -30.764  91.222 0.0000000000
53572  -10.874  -31.322  91.469 0.0000000000
54607  -10.959  -30.620  91.909 0.0000000000
51394  -9.832  -32.135  91.455 0.0000000000
133469  -10.362  -32.013  91.095 0.0000000000
50382  -10.172  -33.285  89.292 0.0000000000
50376  -9.820  -33.128  90.005 0.0000000000
50381  -9.694  -33.966  88.915 0.0000000000
50391  -9.578  -34.201  88.029 0.0000000000
51535  -20.928  -31.673  83.706 0.0000000000
148001  -20.844  -31.757  84.352 0.0000000000
130158  -20.161  -31.616  84.108 0.0000000000
51509  -18.343  -31.350  84.454 0.0000000000
51510  -19.475  -31.492  84.718 0.0000000000
123920  -19.137  -31.440  86.187 0.0000000000
51532  -16.768  -31.428  83.188 0.0000000000
145724  -16.327  -31.459  83.654 0.0000000000
144713  -17.140  -31.210  86.779 0.0000000000
51473  -17.131  -31.348  86.048 0.0000000000
51442  -18.194  -31.193  88.125 0.0000000000
52578  -17.423  -30.851  88.847 0.0000000000
53596  -17.143  -30.645  89.354 0.0000000000
53588  -17.175  -30.639  90.180 0.0000000000
54632  -16.584  -30.208  89.624 0.0000000000
53595  -16.035  -30.076  88.675 0.0000000000
140891  -13.947  -31.161  87.931 0.0000000000
51438  -13.159  -31.612  88.022 0.0000000000
51423  -12.984  -31.487  88.408 0.0000000000
50394  -12.550  -32.000  87.830 0.0000000000
50436  -12.813  -32.362  84.911 0.0000000000
50435  -12.155  -32.639  84.705 0.0000000000
50413  -11.585  -32.810  86.210 0.0000000000
50414  -12.017  -32.488  86.454 0.0000000000
123925  -11.487  -32.692  87.028 0.0000000000
124327  -11.815  -32.321  87.805 0.0000000000
123926  -11.292  -32.662  87.780 0.0000000000
50403  -10.905  -33.066  87.413 0.0000000000
67520  -4.610  -18.372  82.716 0.0000000000
145553  -4.273  -18.229  82.573 0.0000000000
123586  -4.183  -18.633  82.591 0.0000000000
63576  -3.685  -21.572  83.815 0.0000000000
138653  -3.941  -20.985  83.577 0.0000000000
64557  -3.757  -21.196  83.254 0.0000000000
63609  -3.708  -21.869  81.509 0.0000000000
133028  -3.734  -21.250  82.325 0.0000000000
142030  -3.682  -20.939  81.749 0.0000000000
64580  -3.631  -21.366  81.303 0.0000000000
131342  -3.526  -20.738  81.158 0.0000000000
60741  -4.307  -22.471  79.655 0.0000000000
60749  -4.455  -22.538  78.770 0.0000000000
61728  -4.315  -22.306  78.473 0.0000000000
148746  -4.868  -23.059  78.053 0.0000000000
138009  -8.591  -25.351  81.213 0.0000000000
59786  -8.532  -25.416  80.492 0.0000000000
140767  -7.764  -25.257  79.363 0.0000000000
59819  -7.068  -24.709  78.537 0.0000000000
57846  -7.855  -27.597  76.264 0.0000000000
57845  -6.933  -27.157  75.894 0.0000000000
57823  -6.715  -25.716  76.025 0.0000000000
57824  -6.926  -26.329  76.067 0.0000000000
58832  -6.695  -25.021  76.880 0.0000000000
143026  -6.650  -24.587  77.481 0.0000000000
59833  -6.251  -24.307  77.322 0.0000000000
59852  -5.289  -25.392  74.824 0.0000000000
60765  -5.137  -24.132  75.243 0.0000000000
59851  -5.038  -25.248  74.467 0.0000000000
61605  -5.184  -23.028  93.766 0.0000000000
142162  -7.984  -26.828  95.027 0.0000000000
58631  -7.929  -26.082  95.321 0.0000000000
57640  -7.458  -27.029  95.063 0.0000000000
57631  -5.749  -27.026  95.607 0.0000000000
57632  -6.393  -26.746  95.516 0.0000000000
58622  -5.483  -26.326  95.722 0.0000000000
58629  -5.052  -26.019  95.680 0.0000000000
55683  -3.290  -29.235  93.546 0.0000000000
55671  -3.671  -29.252  94.103 0.0000000000
56619  -3.588  -28.630  93.909 0.0000000000
57662  -3.752  -27.506  93.531 0.0000000000
57652  -3.947  -27.423  94.223 0.0000000000
58638  -4.206  -26.659  94.696 0.0000000000
58634  -4.630  -25.838  95.292 0.0000000000
59610  -4.637  -25.249  95.128 0.0000000000
138640  -4.301  -25.313  94.536 0.0000000000
58659  -4.148  -26.150  92.662 0.0000000000
59636  -4.526  -25.391  92.745 0.0000000000
61612  -4.933  -24.030  92.863 0.0000000000
59644  -5.626  -25.455  91.670 0.0000000000
57709  -4.418  -28.290  89.562 0.0000000000
133127  -4.896  -27.753  89.959 0.0000000000
57720  -5.224  -27.916  89.090 0.0000000000
56689  -4.966  -28.213  88.252 0.0000000000
55724  -2.862  -29.917  88.336 0.0000000000
56686  -3.284  -29.567  88.846 0.0000000000
55732  -2.636  -29.947  87.583 0.0000000000
140206  -2.684  -29.900  85.561 0.0000000000
56722  -3.106  -29.475  85.688 0.0000000000
133372  -4.216  -28.654  86.770 0.0000000000
139260  -3.800  -28.936  85.819 0.0000000000
56735  -4.373  -28.826  84.992 0.0000000000
56734  -3.510  -29.261  85.124 0.0000000000
54687  -2.593  -30.856  83.158 0.0000000000
123217  -3.031  -30.336  83.368 0.0000000000
127830  -2.679  -31.226  82.417 0.0000000000
141645  -3.104  -31.096  81.992 0.0000000000
48669  -2.246  -35.572  86.897 0.0000000000
47829  -1.222  -36.971  86.106 0.0000000000
47830  -1.704  -36.933  86.461 0.0000000000
142663  -1.540  -36.250  86.457 0.0000000000
49516  -1.705  -35.522  86.790 0.0000000000
145699  -1.407  -35.875  86.473 0.0000000000
50410  -1.383  -34.841  86.873 0.0000000000
49515  -1.227  -35.451  86.395 0.0000000000
143341  -0.590  -35.751  84.501 0.0000000000
49526  -0.628  -35.175  84.907 0.0000000000
50431  -0.633  -34.484  84.516 0.0000000000
51501  -0.634  -33.678  84.780 0.0000000000
50442  -1.046  -34.404  82.868 0.0000000000
50451  -1.442  -34.329  82.243 0.0000000000
51553  -1.347  -33.421  82.461 0.0000000000
50462  -1.699  -34.720  81.832 0.0000000000
50477  -2.086  -34.154  81.357 0.0000000000
50478  -2.625  -33.649  80.663 0.0000000000
52665  -2.362  -32.422  81.012 0.0000000000
51602  -2.607  -32.829  80.437 0.0000000000
50496  -2.954  -33.352  79.707 0.0000000000
64517  -35.991  -19.502  87.508 0.0000000000
65546  -35.402  -19.032  88.007 0.0000000000
62614  -34.982  -21.854  85.429 0.0000000000
63566  -35.567  -21.168  85.880 0.0000000000
61660  -33.581  -22.807  86.401 0.0000000000
61673  -33.549  -23.048  85.822 0.0000000000
61661  -34.096  -22.590  85.496 0.0000000000
132851  -33.221  -21.909  89.162 0.0000000000
135651  -33.337  -22.067  88.432 0.0000000000
64514  -33.447  -20.297  88.655 0.0000000000
69701  -54.337  -15.853  65.752 0.0000000000
148573  -49.955  -15.859  65.190 0.0000000000
67714  -50.614  -15.720  65.505 0.0000000000
68694  -51.197  -15.441  65.083 0.0000000000
68702  -51.773  -15.029  64.605 0.0000000000
69700  -53.743  -15.654  65.330 0.0000000000
142029  -42.575  -16.024  75.553 0.0000000000
68561  -43.139  -15.815  77.401 0.0000000000
67617  -39.921  -17.051  75.356 0.0000000000
68601  -40.655  -16.405  74.096 0.0000000000
143382  -41.192  -16.390  74.852 0.0000000000
68597  -41.875  -16.223  75.184 0.0000000000
55796  -5.180  -30.158  79.960 0.0000000000
55795  -4.500  -30.766  80.098 0.0000000000
54712  -4.474  -31.173  79.572 0.0000000000
53697  -3.740  -32.194  79.036 0.0000000000
53709  -3.729  -32.753  78.395 0.0000000000
52686  -3.401  -32.652  78.971 0.0000000000
51632  -3.232  -33.080  78.724 0.0000000000
50516  -3.153  -33.584  78.554 0.0000000000
49495  -8.594  -34.114  90.059 0.0000000000
49494  -8.001  -34.343  90.051 0.0000000000
49497  -8.148  -34.687  89.651 0.0000000000
48664  -7.830  -35.120  89.165 0.0000000000
65596  -36.980  -19.249  82.883 0.0000000000
65603  -36.529  -19.437  82.113 0.0000000000
65595  -36.346  -18.710  82.256 0.0000000000
66535  -36.359  -17.907  82.193 0.0000000000
67545  -36.332  -17.656  81.296 0.0000000000
58645  -28.655  -26.458  92.834 0.0000000000
57767  -26.266  -27.293  83.670 0.0000000000
125232  -57.450  -10.927  61.682 0.0000000000
74308  -57.049  -10.625  61.216 0.0000000000
74309  -57.760  -10.416  61.313 0.0000000000
75262  -58.122  -9.813  60.932 0.0000000000
75264  -59.345  -9.290  62.017 0.0000000000
61626  -5.878  -22.677  90.942 0.0000000000
60641  -6.422  -24.352  90.986 0.0000000000
67638  -48.143  -15.880  70.409 0.0000000000
68636  -48.687  -15.544  71.119 0.0000000000
67635  -45.190  -16.007  70.567 0.0000000000
67652  -45.710  -16.328  69.654 0.0000000000
66634  -47.007  -16.680  69.006 0.0000000000
55697  -15.536  -29.287  92.281 0.0000000000
51447  -23.707  -32.414  88.499 0.0000000000
64623  -4.245  -20.792  78.109 0.0000000000
64633  -4.402  -21.082  77.454 0.0000000000
61665  -4.196  -22.710  84.851 0.0000000000
137391  -4.073  -22.763  84.085 0.0000000000
60706  -4.997  -23.522  84.204 0.0000000000
59719  -5.370  -23.739  83.767 0.0000000000
125008  -5.935  -24.040  82.950 0.0000000000
141154  -4.687  -31.429  73.535 0.0000000000
54789  -3.648  -31.022  73.341 0.0000000000
139048  -2.989  -30.687  73.001 0.0000000000
52555  -2.779  -32.752  90.337 0.0000000000
52554  -2.555  -32.126  90.663 0.0000000000
52564  -2.296  -32.382  89.882 0.0000000000
125562  -1.853  -31.610  89.400 0.0000000000
53592  -1.729  -30.949  88.801 0.0000000000
124443  -1.416  -31.739  88.631 0.0000000000
52600  -0.909  -32.520  87.566 0.0000000000
129724  -37.558  -21.666  84.891 0.0000000000
62639  -37.816  -21.755  84.393 0.0000000000
63575  -37.958  -21.111  85.115 0.0000000000
63582  -38.062  -21.243  84.353 0.0000000000
133096  -38.156  -20.782  84.199 0.0000000000
64564  -38.039  -20.546  83.674 0.0000000000
58744  -34.201  -23.987  83.253 0.0000000000
60665  -32.155  -23.832  87.826 0.0000000000
59673  -31.690  -24.250  88.313 0.0000000000
139808  -31.942  -24.111  87.533 0.0000000000
141683  -31.397  -24.723  87.282 0.0000000000
59695  -30.045  -25.354  86.474 0.0000000000
59709  -29.200  -25.533  85.835 0.0000000000
59710  -30.235  -25.230  85.621 0.0000000000
70583  -54.059  -13.661  63.238 0.0000000000
70594  -53.665  -13.346  63.016 0.0000000000
71489  -56.497  -13.106  63.104 0.0000000000
69622  -46.438  -14.975  73.811 0.0000000000
69621  -45.641  -15.257  73.815 0.0000000000
69592  -46.029  -14.812  75.549 0.0000000000
129350  -41.743  -15.834  72.048 0.0000000000
142317  -43.179  -15.943  71.834 0.0000000000
148415  -43.933  -16.037  71.828 0.0000000000
51624  -21.266  -31.948  79.478 0.0000000000
126460  -3.521  -18.544  80.225 0.0000000000
142026  -3.333  -19.914  80.463 0.0000000000
57766  -10.364  -26.926  83.294 0.0000000000
58749  -10.232  -26.458  82.765 0.0000000000
58760  -10.485  -27.082  82.293 0.0000000000
140621  -10.246  -27.990  81.017 0.0000000000
141486  -9.930  -28.423  79.955 0.0000000000
137978  -6.208  -30.650  77.953 0.0000000000
54723  -7.259  -30.282  78.108 0.0000000000
53726  -7.033  -31.747  76.384 0.0000000000
52724  -6.593  -32.756  74.992 0.0000000000
51679  -3.228  -34.775  74.144 0.0000000000
55684  -9.414  -29.033  93.971 0.0000000000
55672  -8.819  -29.692  94.123 0.0000000000
53539  -8.157  -30.550  93.752 0.0000000000
52515  -7.879  -30.893  93.463 0.0000000000
49482  -6.703  -33.701  90.932 0.0000000000
50360  -6.797  -32.785  91.788 0.0000000000
49481  -5.856  -33.595  90.986 0.0000000000
143769  -5.280  -33.219  91.234 0.0000000000
50364  -4.616  -33.182  91.220 0.0000000000
139533  -4.103  -33.139  91.274 0.0000000000
49480  -4.248  -33.511  90.757 0.0000000000
49486  -4.160  -33.979  90.143 0.0000000000
67585  -40.332  -17.186  78.572 0.0000000000
67570  -40.938  -16.875  79.223 0.0000000000
130911  -35.675  -20.729  79.225 0.0000000000
67566  -37.446  -17.506  79.742 0.0000000000
142079  -37.424  -17.717  78.927 0.0000000000
67602  -38.059  -17.793  77.745 0.0000000000
67603  -38.598  -17.671  76.930 0.0000000000
53591  -25.857  -31.447  90.378 0.0000000000
132493  -25.248  -31.744  89.038 0.0000000000
52594  -24.992  -31.725  88.229 0.0000000000
57708  -29.739  -26.820  90.834 0.0000000000
57700  -29.712  -26.682  91.725 0.0000000000
56690  -27.986  -28.031  88.639 0.0000000000
129742  -25.942  -29.813  84.840 0.0000000000
54664  -25.721  -30.643  85.360 0.0000000000
53632  -25.357  -31.310  85.547 0.0000000000
140919  -25.186  -31.523  84.117 0.0000000000
51541  -24.816  -31.919  83.519 0.0000000000
137440  -24.409  -32.288  82.901 0.0000000000
51589  -23.825  -32.429  81.872 0.0000000000
51590  -24.078  -32.685  81.912 0.0000000000
143316  -23.429  -32.094  80.575 0.0000000000
75276  -55.530  -9.292  59.522 0.0000000000
147957  -5.571  -22.132  87.970 0.0000000000
62601  -5.333  -22.371  87.427 0.0000000000
59692  -8.876  -25.891  87.078 0.0000000000
57723  -7.819  -27.053  88.555 0.0000000000
57734  -8.395  -27.091  87.818 0.0000000000
56713  -7.565  -28.103  86.572 0.0000000000
56724  -7.120  -28.429  84.934 0.0000000000
56748  -4.628  -28.863  83.991 0.0000000000
67678  -51.678  -15.930  68.659 0.0000000000
67658  -52.088  -15.899  69.832 0.0000000000
65691  -47.699  -17.039  67.977 0.0000000000
65701  -47.875  -17.116  67.367 0.0000000000
66662  -48.357  -16.815  67.837 0.0000000000
140088  -48.605  -16.741  67.491 0.0000000000
66665  -51.013  -15.973  68.207 0.0000000000
57677  -12.063  -27.406  92.022 0.0000000000
55708  -12.950  -29.722  90.271 0.0000000000
56673  -12.648  -29.138  90.829 0.0000000000
54615  -11.986  -30.950  90.605 0.0000000000
52557  -11.245  -31.631  90.399 0.0000000000
51402  -10.704  -31.925  90.547 0.0000000000
134221  -11.157  -31.773  89.915 0.0000000000
144022  -10.614  -32.320  89.584 0.0000000000
126705  -10.467  -33.242  88.534 0.0000000000
52651  -19.545  -31.220  82.209 0.0000000000
51560  -18.839  -31.305  82.884 0.0000000000
51507  -15.954  -31.533  84.131 0.0000000000
138580  -15.537  -31.737  84.892 0.0000000000
51459  -16.602  -31.122  87.116 0.0000000000
51441  -16.941  -30.908  87.652 0.0000000000
51440  -16.042  -30.988  87.316 0.0000000000
52590  -15.755  -30.663  87.631 0.0000000000
52576  -15.020  -30.366  87.974 0.0000000000
50405  -13.161  -32.070  87.102 0.0000000000
128112  -10.980  -33.242  86.029 0.0000000000
138872  -10.258  -33.772  85.909 0.0000000000
134228  -4.346  -19.044  82.726 0.0000000000
138885  -3.889  -22.234  82.184 0.0000000000
60723  -4.117  -22.457  81.775 0.0000000000
61704  -3.798  -22.120  81.508 0.0000000000
61709  -3.692  -22.066  80.981 0.0000000000
62663  -3.561  -21.961  80.804 0.0000000000
60736  -4.319  -22.582  80.309 0.0000000000
130957  -4.800  -22.929  79.736 0.0000000000
59816  -5.143  -23.184  78.672 0.0000000000
58800  -9.832  -26.514  79.426 0.0000000000
59803  -8.422  -25.581  79.715 0.0000000000
58799  -9.043  -26.106  79.250 0.0000000000
58815  -8.800  -26.310  78.493 0.0000000000
58814  -7.900  -25.968  78.183 0.0000000000
58847  -6.061  -25.824  75.385 0.0000000000
56608  -6.836  -28.348  94.928 0.0000000000
128060  -6.968  -27.572  95.110 0.0000000000
56607  -6.108  -28.392  95.242 0.0000000000
56606  -5.369  -28.295  95.302 0.0000000000
141572  -4.873  -27.662  95.373 0.0000000000
56646  -3.146  -28.774  92.544 0.0000000000
56631  -3.342  -28.664  93.308 0.0000000000
56647  -3.497  -28.174  93.042 0.0000000000
58646  -3.890  -26.640  93.997 0.0000000000
58647  -3.913  -26.172  93.444 0.0000000000
58658  -3.817  -26.870  93.133 0.0000000000
58669  -3.929  -27.074  92.239 0.0000000000
58670  -4.515  -26.568  91.804 0.0000000000
58679  -5.022  -26.899  91.044 0.0000000000
55740  -1.824  -30.324  86.631 0.0000000000
55741  -2.401  -29.981  86.810 0.0000000000
124818  -2.228  -30.089  86.053 0.0000000000
127850  -2.244  -30.216  85.327 0.0000000000
147279  -2.644  -30.020  85.129 0.0000000000
55756  -2.491  -30.241  84.638 0.0000000000
54678  -2.100  -30.893  83.639 0.0000000000
140775  -1.869  -31.659  82.681 0.0000000000
47835  -0.875  -37.614  85.548 0.0000000000
48682  -0.789  -36.735  85.421 0.0000000000
48687  -0.581  -36.426  84.591 0.0000000000
137779  -0.555  -36.880  83.993 0.0000000000
49554  -1.984  -34.984  81.464 0.0000000000
60717  -35.179  -23.886  82.959 0.0000000000
60718  -35.865  -24.067  82.642 0.0000000000
60709  -35.758  -23.638  83.233 0.0000000000
62624  -35.892  -21.992  85.045 0.0000000000
125181  -36.650  -21.408  85.522 0.0000000000
62625  -36.899  -21.877  84.998 0.0000000000
62626  -37.398  -21.279  85.418 0.0000000000
59712  -32.523  -24.366  85.382 0.0000000000
59713  -32.891  -23.991  85.010 0.0000000000
59714  -33.290  -23.764  84.699 0.0000000000
130436  -33.509  -23.250  85.234 0.0000000000
139602  -33.592  -23.484  84.679 0.0000000000
59731  -33.768  -23.776  84.040 0.0000000000
59732  -34.476  -23.759  83.427 0.0000000000
61639  -32.527  -23.301  89.099 0.0000000000
62600  -33.125  -22.584  88.886 0.0000000000
60666  -32.455  -23.505  88.354 0.0000000000
59686  -32.335  -23.899  86.785 0.0000000000
70571  -55.834  -14.943  64.450 0.0000000000
70572  -56.511  -14.632  64.782 0.0000000000
68710  -49.370  -15.445  63.609 0.0000000000
69717  -49.405  -14.979  63.068 0.0000000000
69718  -50.081  -14.808  63.313 0.0000000000
70580  -51.569  -13.843  62.894 0.0000000000
70581  -52.260  -13.812  63.165 0.0000000000
70582  -52.896  -13.867  63.421 0.0000000000
69721  -52.851  -14.229  63.806 0.0000000000
69713  -53.591  -14.128  63.646 0.0000000000
70576  -55.198  -14.681  63.982 0.0000000000
148008  -44.597  -15.498  74.511 0.0000000000
69606  -44.061  -15.600  74.885 0.0000000000
144680  -38.659  -17.223  74.391 0.0000000000
67619  -38.249  -17.003  73.618 0.0000000000
67628  -38.217  -16.305  71.878 0.0000000000
147952  -39.255  -15.983  72.154 0.0000000000
148329  -41.768  -16.037  72.834 0.0000000000
67534  -3.714  -18.018  82.054 0.0000000000
56772  -8.331  -28.674  81.651 0.0000000000
56783  -7.919  -28.828  80.908 0.0000000000
127130  -6.973  -29.420  79.850 0.0000000000
55805  -6.888  -29.775  79.115 0.0000000000
55804  -5.787  -30.128  79.246 0.0000000000
53712  -5.042  -31.661  77.478 0.0000000000
51661  -3.868  -33.946  76.359 0.0000000000
52707  -3.796  -33.362  76.901 0.0000000000
141271  -3.566  -34.177  76.846 0.0000000000
50532  -3.354  -34.444  77.326 0.0000000000
48738  -3.389  -35.362  76.568 0.0000000000
52537  -9.040  -31.812  92.318 0.0000000000
51381  -8.705  -31.719  92.395 0.0000000000
51385  -8.924  -32.125  91.894 0.0000000000
50362  -8.339  -32.621  91.615 0.0000000000
49479  -7.930  -33.191  91.213 0.0000000000
49490  -7.944  -34.079  90.169 0.0000000000
49489  -7.621  -33.942  90.399 0.0000000000
49483  -7.460  -33.636  90.802 0.0000000000
48654  -6.636  -34.541  90.268 0.0000000000
67558  -39.613  -17.116  80.346 0.0000000000
67549  -40.189  -16.924  81.042 0.0000000000
63617  -37.476  -21.513  80.961 0.0000000000
64599  -35.912  -20.091  80.618 0.0000000000
64607  -35.423  -20.082  79.833 0.0000000000
141080  -35.005  -19.449  79.593 0.0000000000
65624  -34.701  -19.113  79.016 0.0000000000
66556  -35.577  -18.253  79.496 0.0000000000
67555  -36.468  -17.624  80.354 0.0000000000
67557  -38.111  -17.281  80.298 0.0000000000
55698  -27.697  -29.312  92.482 0.0000000000
58709  -28.573  -26.851  87.780 0.0000000000
143666  -28.210  -27.233  87.860 0.0000000000
57744  -27.392  -27.338  86.658 0.0000000000
56741  -26.155  -28.261  84.114 0.0000000000
125289  -26.088  -28.884  84.744 0.0000000000
131348  -25.903  -29.943  83.322 0.0000000000
54688  -25.654  -30.620  82.679 0.0000000000
53664  -25.390  -31.218  82.067 0.0000000000
74324  -55.114  -9.825  60.231 0.0000000000
74315  -56.540  -10.177  60.709 0.0000000000
75269  -56.027  -9.716  60.140 0.0000000000
76201  -58.471  -8.194  59.601 0.0000000000
76195  -58.815  -8.437  60.400 0.0000000000
60652  -6.587  -24.110  89.127 0.0000000000
60659  -7.190  -24.746  88.692 0.0000000000
58694  -7.908  -26.125  89.056 0.0000000000
59656  -7.548  -25.700  89.605 0.0000000000
57712  -7.777  -26.609  88.989 0.0000000000
56701  -6.277  -27.998  87.383 0.0000000000
66637  -49.882  -16.227  69.098 0.0000000000
67657  -50.446  -15.986  69.758 0.0000000000
65698  -45.593  -17.676  67.136 0.0000000000
65699  -46.315  -17.583  67.311 0.0000000000
66647  -47.312  -16.937  68.461 0.0000000000
56650  -14.553  -28.121  92.939 0.0000000000
56664  -14.200  -28.338  90.971 0.0000000000
56665  -15.016  -28.731  91.632 0.0000000000
56674  -13.476  -28.912  90.445 0.0000000000
55709  -13.765  -29.491  89.859 0.0000000000
54623  -13.218  -30.382  89.620 0.0000000000
53587  -13.009  -31.048  89.146 0.0000000000
125744  -16.460  -31.572  81.029 0.0000000000
52648  -16.394  -31.496  81.960 0.0000000000
51558  -15.379  -31.634  82.339 0.0000000000
132140  -14.959  -31.736  83.122 0.0000000000
51530  -14.190  -31.980  83.766 0.0000000000
51506  -14.186  -32.102  84.550 0.0000000000
51505  -13.490  -32.183  84.299 0.0000000000
51504  -12.821  -32.376  84.098 0.0000000000
140128  -4.694  -19.871  83.215 0.0000000000
65571  -4.475  -20.264  83.325 0.0000000000
136100  -4.059  -21.124  84.088 0.0000000000
62630  -3.560  -21.917  83.493 0.0000000000
60705  -4.484  -23.090  83.757 0.0000000000
61693  -4.066  -22.705  83.296 0.0000000000
61699  -4.112  -22.581  82.538 0.0000000000
60724  -4.393  -22.808  82.286 0.0000000000
138958  -5.299  -23.301  81.035 0.0000000000
59783  -5.820  -23.513  80.221 0.0000000000
55829  -8.733  -29.464  75.805 0.0000000000
56819  -8.426  -28.555  75.983 0.0000000000
56837  -7.918  -29.085  75.426 0.0000000000
56836  -6.857  -28.686  75.161 0.0000000000
128839  -5.126  -30.011  74.168 0.0000000000
55826  -5.355  -29.227  74.536 0.0000000000
56835  -5.787  -28.429  74.895 0.0000000000
56834  -4.782  -28.365  74.387 0.0000000000
56833  -4.059  -28.076  73.887 0.0000000000
57880  -3.432  -27.823  73.463 0.0000000000
136665  -10.796  -22.536  96.152 0.0000000000
62551  -10.046  -22.353  95.941 0.0000000000
62550  -9.111  -22.497  95.695 0.0000000000
138923  -7.910  -23.266  95.622 0.0000000000
143808  -7.137  -23.738  95.657 0.0000000000
53548  -4.081  -30.908  93.735 0.0000000000
54590  -3.903  -30.020  94.152 0.0000000000
54598  -3.529  -30.566  93.481 0.0000000000
54597  -2.969  -29.966  93.057 0.0000000000
53578  -2.401  -31.338  91.064 0.0000000000
54605  -2.668  -30.349  92.168 0.0000000000
55694  -2.779  -29.475  92.156 0.0000000000
55700  -2.719  -29.563  91.213 0.0000000000
56671  -3.084  -29.297  90.673 0.0000000000
55714  -2.788  -29.965  89.130 0.0000000000
55723  -2.400  -30.185  88.259 0.0000000000
124717  -1.316  -31.039  88.043 0.0000000000
54648  -1.553  -30.598  87.337 0.0000000000
54656  -1.304  -30.698  86.552 0.0000000000
54655  -0.977  -31.171  85.792 0.0000000000
53630  -0.908  -31.635  84.978 0.0000000000
62665  -37.921  -22.836  80.594 0.0000000000
60726  -36.417  -24.180  82.328 0.0000000000
61701  -37.459  -23.325  82.204 0.0000000000
61695  -37.544  -22.832  82.862 0.0000000000
131851  -37.766  -22.271  81.850 0.0000000000
63618  -37.804  -22.251  81.169 0.0000000000
63613  -37.732  -21.646  81.772 0.0000000000
64589  -37.714  -20.972  82.380 0.0000000000
143301  -30.649  -25.546  91.619 0.0000000000
58689  -30.076  -26.390  90.129 0.0000000000
59663  -31.151  -24.925  90.033 0.0000000000
132552  -31.418  -24.562  89.188 0.0000000000
58719  -28.522  -26.482  87.070 0.0000000000
58733  -27.294  -26.343  85.204 0.0000000000
59694  -28.426  -25.761  85.518 0.0000000000
129536  -52.556  -12.369  61.807 0.0000000000
73351  -55.516  -11.366  61.767 0.0000000000
72459  -56.092  -11.609  61.953 0.0000000000
72460  -56.846  -11.235  61.772 0.0000000000
73349  -58.273  -11.236  62.854 0.0000000000
68618  -47.559  -15.121  72.434 0.0000000000
68650  -44.219  -16.075  70.404 0.0000000000
51536  -22.276  -32.051  83.878 0.0000000000
51512  -22.012  -31.893  84.689 0.0000000000
139055  -21.823  -31.894  83.407 0.0000000000
51561  -21.170  -31.520  82.871 0.0000000000
52652  -20.482  -31.276  82.366 0.0000000000
51586  -20.334  -31.293  81.519 0.0000000000
124518  -17.514  -31.596  80.738 0.0000000000
126702  -16.894  -31.705  80.157 0.0000000000
136290  -4.207  -21.397  78.114 0.0000000000
63645  -4.264  -21.787  77.850 0.0000000000
62682  -4.505  -22.464  77.358 0.0000000000
123909  -7.286  -25.115  84.302 0.0000000000
59738  -7.042  -25.021  83.452 0.0000000000
124968  -8.103  -25.258  83.061 0.0000000000
59770  -9.847  -26.025  81.411 0.0000000000
58759  -10.266  -26.495  81.841 0.0000000000
58771  -10.228  -26.517  80.971 0.0000000000
58784  -10.107  -26.493  80.182 0.0000000000
58816  -10.047  -26.979  78.802 0.0000000000
143383  -9.952  -28.095  77.667 0.0000000000
56821  -9.628  -28.441  77.065 0.0000000000
56784  -8.862  -28.707  80.872 0.0000000000
56792  -9.316  -28.751  80.022 0.0000000000
54724  -8.386  -30.054  77.812 0.0000000000
55806  -8.873  -29.601  78.291 0.0000000000
55800  -9.609  -29.150  78.238 0.0000000000
55812  -9.544  -29.301  77.404 0.0000000000
55819  -9.543  -29.169  76.910 0.0000000000
55818  -9.125  -29.685  76.314 0.0000000000
54777  -7.700  -31.279  74.720 0.0000000000
54776  -6.870  -31.336  74.220 0.0000000000
52731  -6.241  -32.754  74.294 0.0000000000
130757  -6.466  -32.132  73.995 0.0000000000
53751  -5.499  -32.420  73.665 0.0000000000
57647  -8.410  -27.152  94.826 0.0000000000
129317  -7.898  -27.578  94.842 0.0000000000
55664  -8.284  -29.269  94.385 0.0000000000
56615  -7.984  -28.511  94.630 0.0000000000
138942  -7.432  -28.675  94.638 0.0000000000
55657  -6.503  -29.054  94.750 0.0000000000
54569  -5.610  -29.599  94.660 0.0000000000
53535  -5.021  -30.556  94.163 0.0000000000
52526  -8.275  -31.344  92.911 0.0000000000
52525  -7.913  -31.536  92.828 0.0000000000
52514  -7.583  -31.222  93.203 0.0000000000
50353  -6.344  -32.391  92.303 0.0000000000
135762  -6.623  -32.009  92.777 0.0000000000
52513  -6.815  -31.197  93.436 0.0000000000
52512  -6.036  -31.166  93.615 0.0000000000
52511  -5.316  -31.096  93.691 0.0000000000
53549  -4.668  -31.008  93.726 0.0000000000
52521  -4.336  -31.565  93.229 0.0000000000
52547  -3.709  -32.239  92.352 0.0000000000
51390  -3.418  -32.632  91.512 0.0000000000
51400  -3.874  -33.037  91.397 0.0000000000
148398  -3.536  -33.128  90.932 0.0000000000
50373  -2.740  -33.483  89.407 0.0000000000
148473  -2.485  -33.733  88.961 0.0000000000
125350  -41.876  -16.453  77.161 0.0000000000
62671  -37.392  -22.142  79.436 0.0000000000
62677  -37.434  -22.581  78.496 0.0000000000
140400  -36.356  -21.717  78.092 0.0000000000
66596  -36.767  -18.021  75.344 0.0000000000
67612  -38.572  -17.585  75.962 0.0000000000
141022  -39.859  -17.213  76.213 0.0000000000
52571  -25.009  -32.168  89.962 0.0000000000
51431  -24.706  -32.336  89.488 0.0000000000
51448  -24.293  -32.401  88.807 0.0000000000
123923  -23.646  -32.110  87.557 0.0000000000
141847  -23.722  -32.063  86.122 0.0000000000
123918  -23.509  -31.980  85.556 0.0000000000
131123  -28.846  -27.116  92.599 0.0000000000
57699  -29.286  -27.334  91.363 0.0000000000
57687  -29.148  -27.227  92.177 0.0000000000
56658  -28.721  -28.055  92.192 0.0000000000
55712  -27.427  -29.635  90.531 0.0000000000
56704  -27.891  -27.645  87.924 0.0000000000
127190  -27.359  -28.296  88.023 0.0000000000
56680  -27.395  -28.729  88.813 0.0000000000
55726  -26.879  -29.563  88.849 0.0000000000
140089  -26.421  -30.225  88.856 0.0000000000
54634  -26.831  -30.081  89.679 0.0000000000
127212  -26.110  -30.771  89.187 0.0000000000
141718  -25.256  -31.364  87.718 0.0000000000
52602  -25.068  -31.553  87.124 0.0000000000
52619  -25.081  -31.719  85.639 0.0000000000
51493  -24.629  -31.761  86.081 0.0000000000
141324  -24.147  -31.940  85.875 0.0000000000
51514  -23.770  -31.955  84.871 0.0000000000
140210  -22.665  -32.136  83.180 0.0000000000
51588  -23.312  -32.171  81.066 0.0000000000
123115  -22.820  -32.041  80.676 0.0000000000
78058  -58.437  -6.824  57.915 0.0000000000
79917  -59.181  -3.759  57.316 0.0000000000
63571  -4.440  -21.727  85.486 0.0000000000
134743  -4.673  -23.170  85.448 0.0000000000
59704  -5.636  -24.158  85.383 0.0000000000
63552  -5.011  -22.342  86.802 0.0000000000
61646  -5.139  -22.718  86.911 0.0000000000
61653  -4.950  -23.044  86.342 0.0000000000
136513  -6.124  -24.636  84.926 0.0000000000
124171  -6.962  -25.000  84.977 0.0000000000
59723  -9.034  -25.535  84.660 0.0000000000
59708  -9.546  -25.992  85.322 0.0000000000
59724  -9.784  -26.079  84.266 0.0000000000
57758  -10.165  -26.752  84.158 0.0000000000
57765  -10.106  -27.387  83.856 0.0000000000
56753  -9.705  -27.997  83.484 0.0000000000
59677  -7.832  -25.359  88.200 0.0000000000
59678  -8.478  -26.012  87.936 0.0000000000
57742  -9.012  -27.167  86.940 0.0000000000
57743  -9.519  -26.961  86.294 0.0000000000
57756  -9.457  -27.656  85.182 0.0000000000
147891  -9.187  -28.258  83.881 0.0000000000
132724  -9.067  -28.409  83.192 0.0000000000
56761  -7.715  -28.666  82.422 0.0000000000
56771  -6.898  -28.798  82.090 0.0000000000
56750  -6.515  -28.601  83.536 0.0000000000
56770  -6.277  -28.841  82.280 0.0000000000
55776  -5.178  -29.605  81.476 0.0000000000
54703  -3.494  -31.334  80.685 0.0000000000
67693  -52.953  -15.934  67.423 0.0000000000
67685  -53.052  -15.884  67.968 0.0000000000
69638  -48.460  -14.915  72.592 0.0000000000
68549  -43.234  -15.785  78.357 0.0000000000
64727  -45.928  -18.007  66.123 0.0000000000
131491  -46.293  -17.731  65.186 0.0000000000
146715  -46.656  -17.550  65.276 0.0000000000
124810  -46.772  -17.272  64.879 0.0000000000
66710  -47.031  -17.085  64.786 0.0000000000
66722  -47.424  -16.813  64.495 0.0000000000
67712  -48.506  -16.503  64.938 0.0000000000
66689  -49.532  -16.268  66.217 0.0000000000
56633  -9.941  -28.433  93.593 0.0000000000
55685  -9.962  -29.289  93.442 0.0000000000
54600  -9.856  -30.232  93.254 0.0000000000
148708  -9.949  -30.892  92.846 0.0000000000
57679  -13.450  -27.149  92.279 0.0000000000
57691  -11.945  -28.170  91.671 0.0000000000
144862  -12.024  -29.331  91.256 0.0000000000
56661  -11.561  -28.971  91.755 0.0000000000
55696  -10.995  -29.724  92.192 0.0000000000
54606  -10.413  -30.411  92.566 0.0000000000
53562  -9.661  -31.324  92.669 0.0000000000
52538  -9.605  -31.753  92.136 0.0000000000
51393  -9.458  -32.485  91.226 0.0000000000
50372  -10.121  -32.607  90.184 0.0000000000
50371  -9.545  -32.925  90.527 0.0000000000
49498  -8.937  -34.395  89.350 0.0000000000
49505  -8.864  -34.848  88.513 0.0000000000
125118  -21.210  -31.743  84.912 0.0000000000
51489  -20.798  -31.598  85.787 0.0000000000
51476  -20.826  -31.552  86.691 0.0000000000
51461  -19.745  -31.454  87.606 0.0000000000
51559  -16.843  -31.435  82.497 0.0000000000
129277  -16.446  -31.463  84.901 0.0000000000
51488  -17.512  -31.380  85.194 0.0000000000
123921  -18.178  -31.382  85.924 0.0000000000
51443  -19.498  -31.459  88.267 0.0000000000
51424  -18.942  -31.444  88.927 0.0000000000
52579  -18.573  -31.465  89.589 0.0000000000
52567  -17.902  -31.136  89.525 0.0000000000
54624  -16.096  -29.843  89.938 0.0000000000
53594  -14.679  -30.135  88.400 0.0000000000
54630  -14.515  -29.800  88.938 0.0000000000
53593  -13.566  -30.709  88.752 0.0000000000
52574  -12.943  -31.328  88.765 0.0000000000
51422  -12.277  -31.672  88.840 0.0000000000
50427  -13.559  -32.155  85.777 0.0000000000
50416  -13.214  -32.127  86.540 0.0000000000
50415  -12.431  -32.308  86.692 0.0000000000
50425  -12.134  -32.549  85.573 0.0000000000
50404  -12.493  -32.206  87.276 0.0000000000
50385  -11.812  -32.174  88.144 0.0000000000
50384  -11.436  -32.179  88.484 0.0000000000
144402  -10.820  -32.943  88.050 0.0000000000
50412  -10.390  -33.565  86.753 0.0000000000
50402  -10.255  -33.616  87.659 0.0000000000
50401  -9.577  -34.256  87.147 0.0000000000
67519  -4.007  -17.959  82.368 0.0000000000
67533  -3.640  -18.673  82.083 0.0000000000
65583  -4.309  -19.758  82.934 0.0000000000
146413  -3.747  -21.084  82.774 0.0000000000
65582  -3.945  -19.810  82.578 0.0000000000
66530  -3.820  -19.249  82.340 0.0000000000
141907  -3.593  -19.340  81.949 0.0000000000
146460  -3.502  -18.806  81.652 0.0000000000
65597  -3.403  -20.039  80.960 0.0000000000
65607  -3.408  -20.564  80.605 0.0000000000
138963  -3.630  -21.978  80.617 0.0000000000
62670  -3.794  -21.970  80.080 0.0000000000
63629  -3.780  -21.641  79.747 0.0000000000
62676  -3.984  -21.790  79.104 0.0000000000
59753  -7.238  -25.007  82.598 0.0000000000
59767  -6.989  -24.568  81.796 0.0000000000
139296  -7.767  -25.019  80.091 0.0000000000
59785  -7.144  -24.415  80.652 0.0000000000
132311  -6.391  -23.864  81.272 0.0000000000
59784  -6.492  -23.899  80.302 0.0000000000
58834  -7.650  -26.228  77.344 0.0000000000
58813  -7.355  -25.430  77.852 0.0000000000
58812  -6.952  -24.909  77.613 0.0000000000
59800  -5.825  -23.560  79.381 0.0000000000
59817  -5.785  -23.625  78.467 0.0000000000
59832  -5.900  -24.311  76.595 0.0000000000
143029  -5.074  -23.220  77.799 0.0000000000
60755  -4.902  -23.150  77.107 0.0000000000
61734  -4.786  -23.156  76.809 0.0000000000
61739  -4.789  -23.535  76.139 0.0000000000
140135  -5.043  -23.856  75.184 0.0000000000
60777  -4.782  -25.096  73.809 0.0000000000
59860  -4.595  -25.548  73.726 0.0000000000
59870  -4.200  -25.793  73.200 0.0000000000
138819  -5.179  -23.061  92.842 0.0000000000
59611  -8.691  -25.442  95.401 0.0000000000
59604  -8.195  -24.979  95.556 0.0000000000
57639  -6.881  -26.886  95.322 0.0000000000
58624  -6.911  -26.018  95.546 0.0000000000
59598  -7.462  -25.063  95.597 0.0000000000
136406  -7.307  -24.408  95.675 0.0000000000
60602  -6.430  -24.603  95.700 0.0000000000
60601  -5.664  -24.799  95.683 0.0000000000
55661  -4.014  -29.313  94.498 0.0000000000
56614  -4.306  -28.305  94.846 0.0000000000
57646  -4.495  -27.700  95.075 0.0000000000
129329  -3.843  -28.104  94.182 0.0000000000
57636  -4.412  -27.009  95.035 0.0000000000
58628  -4.665  -26.395  95.377 0.0000000000
127746  -4.823  -25.758  95.502 0.0000000000
59603  -5.150  -25.320  95.668 0.0000000000
60608  -5.256  -24.652  95.497 0.0000000000
61591  -5.393  -23.910  95.261 0.0000000000
61597  -5.055  -23.828  94.963 0.0000000000
61601  -4.867  -23.785  94.389 0.0000000000
137987  -4.155  -25.143  93.879 0.0000000000
60625  -4.463  -24.541  94.153 0.0000000000
61604  -4.813  -23.841  93.584 0.0000000000
133548  -5.406  -23.784  92.208 0.0000000000
58672  -6.064  -25.931  91.176 0.0000000000
58680  -6.015  -26.554  90.685 0.0000000000
57702  -5.452  -27.206  90.323 0.0000000000
58692  -6.310  -27.045  89.895 0.0000000000
124722  -6.276  -27.498  89.167 0.0000000000
57721  -5.982  -27.875  88.261 0.0000000000
56687  -3.724  -29.089  88.361 0.0000000000
56710  -2.933  -29.627  87.048 0.0000000000
56698  -3.549  -29.102  87.390 0.0000000000
56699  -4.270  -28.611  87.818 0.0000000000
147021  -5.115  -28.348  86.574 0.0000000000
140868  -5.271  -28.519  85.315 0.0000000000
138293  -4.048  -29.286  83.489 0.0000000000
123278  -3.015  -29.956  84.101 0.0000000000
55763  -3.548  -29.785  83.494 0.0000000000
55764  -4.073  -29.655  82.871 0.0000000000
55775  -3.544  -30.696  82.044 0.0000000000
54694  -3.426  -31.119  81.285 0.0000000000
126317  -3.061  -31.585  80.956 0.0000000000
50379  -2.430  -34.023  88.520 0.0000000000
50390  -2.000  -34.195  88.090 0.0000000000
134094  -2.122  -35.151  87.175 0.0000000000
50400  -1.430  -34.114  87.458 0.0000000000
51455  -0.958  -33.611  86.981 0.0000000000
51470  -0.783  -33.532  86.310 0.0000000000
49521  -0.828  -35.305  85.692 0.0000000000
125616  -0.774  -34.095  86.006 0.0000000000
51485  -0.672  -33.553  85.562 0.0000000000
52630  -0.701  -32.676  85.030 0.0000000000
52638  -0.808  -32.953  84.045 0.0000000000
48697  -0.678  -36.888  83.261 0.0000000000
49532  -0.822  -35.234  83.233 0.0000000000
50441  -0.765  -34.483  83.705 0.0000000000
51525  -0.902  -33.643  83.370 0.0000000000
52647  -1.478  -32.503  82.444 0.0000000000
53654  -1.840  -32.019  82.196 0.0000000000
52657  -1.846  -32.701  81.777 0.0000000000
53662  -2.282  -32.020  81.499 0.0000000000
53673  -2.668  -31.967  80.865 0.0000000000
125670  -2.957  -31.993  80.314 0.0000000000
51619  -2.956  -32.819  79.507 0.0000000000
48725  -3.391  -35.771  77.548 0.0000000000
45929  -0.679  -39.749  84.705 0.0000000000
48650  -6.891  -34.023  90.640 0.0000000000
49477  -6.484  -33.248  91.311 0.0000000000
49484  -8.042  -33.577  90.667 0.0000000000
49485  -8.391  -33.454  90.695 0.0000000000
49531  -0.625  -36.091  83.676 0.0000000000
50363  -8.766  -32.538  91.512 0.0000000000
50377  -10.436  -32.717  89.455 0.0000000000
50383  -10.807  -32.657  88.649 0.0000000000
50399  -0.988  -34.178  86.651 0.0000000000
50423  -10.607  -33.592  85.130 0.0000000000
50467  -23.731  -32.230  81.245 0.0000000000
51376  -5.256  -32.025  92.801 0.0000000000
51377  -5.964  -32.047  92.832 0.0000000000
51380  -8.341  -31.724  92.472 0.0000000000
51382  -4.301  -32.537  92.217 0.0000000000
51386  -9.269  -32.163  91.760 0.0000000000
51412  -11.702  -31.721  89.330 0.0000000000
51449  -24.606  -32.284  88.994 0.0000000000
51479  -23.687  -32.011  86.710 0.0000000000
51480  -24.280  -31.941  86.437 0.0000000000
51515  -23.962  -31.924  84.971 0.0000000000
51537  -23.270  -32.304  83.115 0.0000000000
51565  -24.110  -32.448  82.562 0.0000000000
52524  -6.377  -31.617  93.174 0.0000000000
52548  -10.289  -31.745  91.565 0.0000000000
52589  -14.295  -31.241  87.589 0.0000000000
52610  -25.086  -31.615  86.564 0.0000000000
52620  -25.054  -31.618  85.136 0.0000000000
52632  -24.965  -31.750  84.251 0.0000000000
52641  -25.055  -31.630  83.586 0.0000000000
52660  -24.942  -31.737  81.635 0.0000000000
52670  -25.084  -31.651  81.378 0.0000000000
53551  -8.747  -30.965  93.371 0.0000000000
53580  -11.357  -31.398  90.838 0.0000000000
53597  -25.688  -31.382  89.487 0.0000000000
53621  -0.767  -32.012  86.293 0.0000000000
53646  -25.348  -31.278  83.710 0.0000000000
53710  -4.006  -32.495  78.135 0.0000000000
53741  -7.347  -32.149  75.421 0.0000000000
54570  -6.250  -29.648  94.520 0.0000000000
54571  -6.928  -29.717  94.338 0.0000000000
54572  -7.451  -29.746  94.248 0.0000000000
54577  -4.352  -29.649  94.555 0.0000000000
54578  -4.820  -29.946  94.538 0.0000000000
54579  -5.371  -30.103  94.431 0.0000000000
54580  -6.001  -30.179  94.295 0.0000000000
54591  -8.577  -30.369  93.858 0.0000000000
54613  -2.403  -30.559  91.384 0.0000000000
54672  -25.910  -30.164  84.002 0.0000000000
54686  -2.180  -31.282  82.894 0.0000000000
54693  -2.870  -31.483  81.626 0.0000000000
54720  -4.042  -31.690  79.409 0.0000000000
54722  -5.520  -30.607  78.729 0.0000000000
54725  -9.168  -29.719  77.568 0.0000000000
54740  -9.257  -29.771  76.867 0.0000000000
55662  -4.316  -28.952  94.752 0.0000000000
55757  -26.013  -29.343  84.055 0.0000000000
55762  -2.130  -30.618  84.253 0.0000000000
55767  -3.060  -30.768  82.654 0.0000000000
55788  -7.456  -29.118  80.317 0.0000000000
55828  -8.290  -29.995  75.233 0.0000000000
56645  -28.279  -27.649  92.774 0.0000000000
56670  -28.849  -27.950  91.813 0.0000000000
56726  -8.741  -28.036  85.554 0.0000000000
56764  -10.245  -27.765  82.213 0.0000000000
56775  -10.397  -27.590  81.540 0.0000000000
56794  -10.222  -28.163  79.463 0.0000000000
56807  -10.140  -28.112  78.173 0.0000000000
57637  -5.310  -27.551  95.527 0.0000000000
57725  -28.941  -27.101  88.984 0.0000000000
57732  -6.895  -27.762  87.915 0.0000000000
57736  -27.981  -27.164  87.321 0.0000000000
57759  -26.469  -27.299  84.538 0.0000000000
57785  -10.449  -27.516  80.743 0.0000000000
57805  -10.010  -27.533  78.154 0.0000000000
58623  -6.149  -26.159  95.693 0.0000000000
58625  -7.542  -25.670  95.471 0.0000000000
58734  -27.883  -26.127  85.570 0.0000000000
58835  -8.582  -26.648  77.733 0.0000000000
58882  -3.949  -26.241  73.250 0.0000000000
59602  -4.870  -25.250  95.424 0.0000000000
59609  -4.363  -25.929  94.971 0.0000000000
59627  -3.959  -25.779  93.992 0.0000000000
59662  -30.904  -25.226  89.382 0.0000000000
59697  -32.241  -24.307  86.198 0.0000000000
59752  -6.537  -24.557  82.742 0.0000000000
59769  -9.179  -25.577  81.744 0.0000000000
59788  -9.815  -26.135  80.716 0.0000000000
59804  -9.338  -25.976  80.095 0.0000000000
60715  -4.445  -22.975  82.948 0.0000000000
60719  -36.590  -23.761  82.862 0.0000000000
60730  -3.932  -22.266  81.247 0.0000000000
61584  -8.527  -23.116  95.633 0.0000000000
61641  -5.926  -23.406  88.528 0.0000000000
61681  -3.733  -22.325  83.579 0.0000000000
61682  -4.523  -23.183  84.592 0.0000000000
61698  -3.874  -22.371  82.864 0.0000000000
61710  -37.755  -23.582  80.734 0.0000000000
62657  -3.659  -22.000  81.221 0.0000000000
63570  -4.032  -21.715  84.952 0.0000000000
63577  -3.763  -21.771  84.461 0.0000000000
63586  -3.628  -21.568  82.988 0.0000000000
63599  -3.711  -21.721  82.211 0.0000000000
64558  -4.080  -20.172  82.987 0.0000000000
64567  -3.763  -20.658  82.283 0.0000000000
64614  -3.753  -20.491  79.447 0.0000000000
64742  -45.864  -18.015  65.510 0.0000000000
65725  -46.546  -17.714  65.649 0.0000000000
65727  -48.104  -16.927  66.277 0.0000000000
67560  -3.733  -17.696  79.954 0.0000000000
123299  -23.461  -32.370  81.798 0.0000000000
125362  -19.822  -31.527  85.584 0.0000000000
126468  -8.691  -25.536  86.346 0.0000000000
126703  -24.186  -32.166  88.039 0.0000000000
126827  -24.596  -32.142  82.911 0.0000000000
126928  -26.519  -28.324  85.957 0.0000000000
128252  -8.299  -28.542  83.033 0.0000000000
128431  -25.167  -31.556  84.701 0.0000000000
128801  -8.725  -33.290  90.763 0.0000000000
131686  -3.513  -21.259  80.785 0.0000000000
133349  -5.759  -27.798  95.478 0.0000000000
133838  -1.452  -31.964  82.853 0.0000000000
133873  -2.523  -29.951  91.563 0.0000000000
134054  -30.843  -25.065  86.999 0.0000000000
135457  -27.481  -29.848  91.991 0.0000000000
136354  -8.307  -35.529  88.419 0.0000000000
139178  -3.953  -28.619  94.470 0.0000000000
140513  -26.112  -29.806  86.541 0.0000000000
140783  -23.256  -31.991  84.817 0.0000000000
140837  -0.885  -32.097  84.369 0.0000000000
141090  -50.839  -15.847  67.149 0.0000000000
141394  -2.892  -32.572  90.922 0.0000000000
142275  -9.516  -26.562  78.812 0.0000000000
143233  -2.907  -31.805  80.771 0.0000000000
143612  -6.034  -23.991  95.557 0.0000000000
145552  -16.772  -31.411  85.459 0.0000000000
146184  -4.211  -27.202  94.687 0.0000000000
146233  -4.665  -27.118  95.314 0.0000000000
146444  -3.964  -22.300  80.843 0.0000000000
146447  -37.897  -17.590  79.178 0.0000000000
146542  -3.690  -17.513  81.577 0.0000000000
147201  -24.257  -32.318  82.012 0.0000000000
147243  -3.725  -21.324  81.997 0.0000000000
147396  -23.921  -32.076  86.333 0.0000000000
147653  -22.874  -32.158  83.645 0.0000000000
147683  -47.404  -17.374  67.076 0.0000000000
148592  -7.814  -34.470  89.890 0.0000000000
148828  -52.581  -15.857  67.735 0.0000000000
149182  -7.132  -28.986  80.943 0.0000000000
