#!ascii label  , from subject sub-v2s0x29024_ses-1 vox2ras=TkReg
997
127079  -39.297  -69.581  11.171 0.5000000000
20946  -37.218  -69.995  10.438 0.8000000119
20927  -35.365  -69.572  11.022 0.8000000119
20945  -36.383  -69.682  10.646 0.8000000119
130444  -36.953  -69.656  10.622 0.8000000119
142780  -40.632  -69.910  11.791 0.5000000000
20097  -37.897  -69.915  10.588 0.5000000000
20947  -38.242  -69.299  10.935 0.6000000238
21780  -35.080  -69.486  12.495 0.6999999881
21795  -36.048  -69.213  11.493 0.6999999881
21807  -37.075  -69.213  10.964 0.8000000119
22672  -39.039  -67.995  11.372 0.6999999881
20069  -41.902  -70.029  12.556 0.6000000238
132483  -40.479  -68.940  11.556 0.5000000000
143831  -41.427  -67.797  11.733 0.6000000238
20888  -33.374  -70.182  12.989 0.6999999881
21810  -39.948  -68.190  11.345 0.6000000238
22664  -41.140  -67.189  11.539 0.6000000238
20889  -34.270  -69.876  12.719 0.6999999881
20908  -34.361  -69.763  11.673 0.6999999881
138720  -36.848  -68.909  11.394 0.6999999881
22673  -39.577  -67.830  11.396 0.6000000238
23518  -40.838  -66.549  11.588 0.6000000238
22660  -38.160  -67.817  11.644 0.8000000119
22661  -38.918  -67.581  11.548 0.8000000119
22662  -39.545  -67.367  11.500 0.6999999881
21766  -43.277  -69.152  13.282 0.4000000060
21798  -41.997  -68.129  12.099 0.6000000238
20872  -33.113  -69.937  14.173 0.6999999881
23519  -41.692  -66.504  11.710 0.6000000238
20873  -34.023  -69.731  13.874 0.6999999881
21764  -35.618  -68.948  13.222 0.6999999881
21781  -35.848  -69.085  12.251 0.6999999881
21782  -36.599  -68.662  11.988 0.6999999881
138687  -37.710  -67.679  12.115 0.6000000238
23516  -39.453  -66.895  11.657 0.6999999881
25081  -41.224  -64.942  12.672 0.5000000000
22637  -37.337  -67.498  13.117 0.6000000238
22652  -37.929  -67.196  12.667 0.6000000238
23502  -38.627  -66.790  12.358 0.6000000238
24258  -39.817  -65.796  12.413 0.6000000238
24257  -39.061  -66.112  12.789 0.6000000238
24248  -39.586  -65.445  13.335 0.5000000000
21786  -44.230  -67.658  13.135 0.4000000060
21785  -43.396  -68.118  12.990 0.5000000000
130032  -31.817  -69.192  15.079 0.6999999881
22654  -43.509  -67.196  12.615 0.6000000238
23504  -42.686  -66.606  12.100 0.6000000238
21751  -35.275  -68.640  14.192 0.6999999881
24273  -42.192  -65.788  11.961 0.6000000238
22635  -36.001  -68.266  13.810 0.6999999881
24260  -41.866  -65.328  12.132 0.5000000000
25913  -42.024  -64.698  12.536 0.6000000238
23487  -37.016  -67.221  13.940 0.6999999881
23488  -37.666  -66.899  13.542 0.6000000238
25080  -40.425  -65.182  12.923 0.5000000000
25076  -41.757  -64.186  13.076 0.5000000000
24247  -38.698  -65.804  13.889 0.5000000000
20884  -28.174  -69.376  13.665 0.6000000238
22622  -29.456  -67.631  14.900 0.6000000238
22638  -45.086  -67.973  13.466 0.5000000000
141208  -44.905  -67.277  13.157 0.5000000000
21731  -30.862  -68.083  15.460 0.6999999881
136506  -30.426  -69.431  14.516 0.6999999881
22655  -44.345  -66.881  12.834 0.5000000000
23506  -44.582  -66.188  12.695 0.5000000000
142884  -44.861  -65.589  12.628 0.4000000060
21748  -32.695  -69.287  15.024 0.6999999881
136776  -44.015  -65.596  12.411 0.5000000000
21734  -33.985  -68.386  15.298 0.6999999881
22624  -34.820  -68.155  15.023 0.6999999881
24262  -43.467  -64.905  12.354 0.5000000000
22625  -35.572  -67.843  14.664 0.6999999881
22626  -36.298  -67.521  14.293 0.6000000238
25082  -42.977  -64.176  12.559 0.5000000000
24246  -37.995  -66.327  13.967 0.6000000238
132758  -43.044  -63.299  12.820 0.5000000000
24234  -37.810  -65.727  14.694 0.5000000000
24235  -38.478  -65.151  14.620 0.5000000000
25073  -39.237  -64.987  14.206 0.5000000000
25909  -42.085  -63.269  13.327 0.5000000000
25908  -41.312  -63.680  13.583 0.5000000000
26774  -42.512  -62.469  13.327 0.3000000119
139125  -46.857  -65.473  13.243 0.3000000119
21779  -27.203  -68.656  13.549 0.6000000238
21744  -28.676  -67.929  14.443 0.6000000238
23490  -46.053  -66.566  13.197 0.4000000060
23508  -46.257  -65.922  13.067 0.4000000060
22609  -31.609  -67.848  15.756 0.6000000238
136164  -45.193  -64.178  12.529 0.5000000000
21732  -32.199  -68.517  15.483 0.6999999881
22611  -33.404  -67.695  15.790 0.6999999881
145629  -43.980  -64.156  12.441 0.5000000000
23475  -35.865  -67.055  15.072 0.5000000000
25915  -43.638  -63.400  12.579 0.5000000000
24233  -36.973  -66.046  15.091 0.5000000000
26782  -43.515  -62.650  12.729 0.4000000060
141419  -42.691  -63.118  13.100 0.3000000119
27698  -42.832  -61.639  13.209 0.4000000060
25900  -40.768  -63.122  14.092 0.5000000000
136580  -41.474  -62.987  13.736 0.4000000060
22650  -27.206  -67.449  13.562 0.6000000238
22634  -28.190  -67.032  14.271 0.6000000238
23474  -29.539  -66.800  15.259 0.6000000238
23457  -30.187  -66.753  15.655 0.6000000238
132202  -30.868  -67.241  15.819 0.6000000238
25917  -45.932  -63.084  12.609 0.3000000119
136165  -44.520  -63.461  12.451 0.4000000060
22610  -32.490  -67.758  15.860 0.6000000238
25916  -45.158  -62.869  12.454 0.3000000119
23460  -33.712  -66.945  16.124 0.6000000238
22612  -34.269  -67.544  15.619 0.6999999881
128464  -45.086  -62.011  12.442 0.3000000119
26783  -44.246  -62.735  12.495 0.3000000119
23461  -34.542  -66.727  15.970 0.6000000238
27709  -44.630  -61.242  12.447 0.3000000119
27708  -44.040  -61.985  12.543 0.3000000119
24216  -34.807  -65.825  16.293 0.5000000000
23462  -35.378  -66.490  15.728 0.5000000000
23463  -36.190  -66.266  15.423 0.5000000000
28658  -43.276  -60.553  12.836 0.3000000119
131418  -43.849  -61.260  12.613 0.3000000119
24219  -37.205  -65.346  15.313 0.5000000000
25064  -38.673  -64.367  14.769 0.5000000000
25049  -36.828  -64.669  15.637 0.5000000000
26772  -41.076  -62.368  14.090 0.4000000060
27697  -42.134  -61.586  13.591 0.3000000119
23485  -27.579  -66.608  13.740 0.5000000000
23486  -28.079  -66.180  14.254 0.6000000238
138185  -29.065  -66.150  15.135 0.5000000000
124242  -31.796  -66.932  16.202 0.6000000238
23458  -31.659  -65.930  16.505 0.5000000000
29650  -45.030  -59.516  11.966 0.3000000119
23437  -33.213  -66.395  16.421 0.6000000238
30649  -44.607  -58.532  11.723 0.3000000119
28673  -44.285  -60.442  12.413 0.3000000119
23438  -33.918  -66.097  16.428 0.6000000238
24217  -35.694  -65.629  16.012 0.5000000000
26742  -37.297  -62.864  15.364 0.5000000000
26764  -40.148  -62.378  14.460 0.4000000060
27683  -39.501  -61.474  14.587 0.4000000060
24245  -27.902  -65.278  14.162 0.5000000000
24231  -28.494  -65.778  14.714 0.5000000000
24213  -29.474  -65.030  15.631 0.5000000000
23456  -29.699  -65.955  15.649 0.5000000000
24214  -30.255  -65.131  16.108 0.5000000000
31522  -46.373  -57.245  11.639 0.3000000119
30664  -45.319  -57.690  11.379 0.3000000119
23436  -32.484  -66.256  16.491 0.6000000238
25032  -34.049  -64.999  16.533 0.6000000238
25047  -35.093  -64.867  16.322 0.5000000000
25881  -37.126  -63.790  15.534 0.5000000000
28643  -41.498  -60.606  13.864 0.4000000060
28656  -39.453  -59.833  14.085 0.4000000060
25062  -28.319  -64.853  14.679 0.5000000000
25043  -30.553  -64.105  16.075 0.5000000000
31501  -46.139  -57.214  12.625 0.4000000060
32283  -45.142  -56.328  12.121 0.4000000060
124274  -31.047  -65.427  16.391 0.5000000000
25031  -32.511  -64.972  16.586 0.5000000000
32290  -45.126  -56.539  11.650 0.4000000060
126079  -44.820  -56.944  11.311 0.3000000119
25045  -32.294  -64.202  16.357 0.4000000060
30648  -43.521  -58.379  12.049 0.3000000119
139867  -33.108  -64.544  16.466 0.5000000000
133927  -34.469  -64.034  16.224 0.4000000060
133351  -35.365  -63.941  16.061 0.4000000060
28641  -38.900  -60.522  14.439 0.4000000060
133408  -28.235  -63.982  14.638 0.5000000000
25873  -29.356  -63.605  15.381 0.5000000000
25874  -30.095  -63.401  15.620 0.5000000000
143548  -44.244  -56.057  13.108 0.4000000060
24215  -30.983  -64.740  16.338 0.5000000000
25875  -31.089  -63.169  15.700 0.4000000060
33104  -43.874  -55.820  12.088 0.4000000060
32289  -44.255  -56.430  11.474 0.4000000060
25876  -32.009  -63.312  15.915 0.4000000060
25877  -32.959  -63.453  16.024 0.4000000060
124444  -43.402  -57.119  11.301 0.4000000060
25878  -33.854  -63.239  15.869 0.4000000060
25879  -34.696  -63.121  15.790 0.4000000060
139382  -35.744  -62.207  15.224 0.4000000060
26762  -37.409  -62.030  15.107 0.4000000060
26761  -36.595  -62.154  15.193 0.4000000060
28640  -37.844  -60.485  14.296 0.4000000060
29626  -40.044  -59.275  13.574 0.4000000060
29625  -38.963  -59.262  13.226 0.4000000060
26753  -28.294  -62.540  14.337 0.5000000000
25894  -28.658  -63.224  14.901 0.4000000060
144894  -43.535  -55.666  13.327 0.4000000060
33086  -44.285  -55.939  12.564 0.4000000060
25895  -29.546  -62.812  15.183 0.5000000000
26756  -31.288  -62.317  15.103 0.4000000060
33110  -42.467  -56.209  11.613 0.4000000060
26740  -34.059  -62.423  15.227 0.4000000060
145349  -34.878  -62.274  15.221 0.4000000060
29646  -40.533  -58.699  12.988 0.3000000119
27681  -37.551  -61.278  14.720 0.4000000060
27674  -29.388  -61.501  14.433 0.4000000060
26755  -29.913  -62.038  14.875 0.5000000000
133953  -30.734  -61.964  14.868 0.4000000060
33084  -42.595  -55.253  13.056 0.4000000060
26737  -31.799  -62.673  15.396 0.4000000060
139400  -32.444  -61.539  14.326 0.4000000060
26738  -32.491  -62.636  15.370 0.4000000060
26758  -33.550  -61.922  14.512 0.4000000060
26759  -34.263  -61.811  14.449 0.4000000060
26760  -35.107  -61.594  14.402 0.4000000060
142877  -35.977  -61.621  14.763 0.4000000060
29645  -38.985  -58.930  11.982 0.4000000060
146069  -37.743  -60.042  13.778 0.4000000060
147655  -38.252  -59.525  13.189 0.4000000060
27688  -29.920  -60.891  14.255 0.4000000060
27689  -31.186  -60.951  14.339 0.4000000060
27690  -32.058  -61.179  14.231 0.4000000060
139659  -32.798  -61.013  13.858 0.4000000060
27677  -33.188  -61.454  14.051 0.4000000060
27678  -33.847  -61.404  13.859 0.4000000060
140467  -40.020  -58.560  12.005 0.4000000060
27679  -34.424  -61.361  13.825 0.4000000060
27694  -35.874  -61.047  13.963 0.4000000060
28652  -35.474  -60.637  12.929 0.4000000060
28653  -36.346  -60.505  13.245 0.4000000060
28672  -37.159  -59.604  12.115 0.4000000060
28647  -30.455  -60.416  14.160 0.4000000060
28648  -31.511  -60.432  14.164 0.4000000060
28649  -32.483  -60.454  13.921 0.4000000060
28650  -33.478  -60.456  13.419 0.4000000060
28668  -34.109  -60.087  12.743 0.4000000060
28651  -34.143  -60.532  13.009 0.4000000060
28669  -34.631  -60.119  12.485 0.4000000060
28670  -35.219  -60.140  12.345 0.4000000060
146237  -36.519  -59.820  12.211 0.4000000060
29644  -38.130  -59.378  12.481 0.4000000060
147818  -31.244  -59.206  14.221 0.4000000060
29622  -31.795  -59.754  14.169 0.4000000060
30628  -31.883  -58.838  14.324 0.4000000060
140064  -32.658  -59.368  14.024 0.4000000060
30630  -33.437  -59.311  13.337 0.4000000060
29642  -34.570  -59.601  12.239 0.4000000060
29658  -34.938  -59.105  11.713 0.4000000060
30672  -40.084  -58.017  10.295 0.4000000060
30659  -39.578  -58.544  11.114 0.3000000119
28685  -35.677  -59.644  11.886 0.4000000060
30657  -37.701  -58.735  10.865 0.5000000000
30658  -38.685  -58.707  10.972 0.4000000060
29660  -36.173  -59.179  11.421 0.5000000000
32266  -31.782  -57.213  14.401 0.4000000060
32267  -32.771  -57.119  14.174 0.4000000060
30629  -32.932  -58.673  13.999 0.4000000060
32268  -33.451  -57.009  13.371 0.4000000060
127803  -33.491  -58.515  13.293 0.4000000060
29659  -35.508  -59.153  11.549 0.4000000060
29665  -36.774  -58.751  10.899 0.5000000000
33077  -32.115  -55.817  14.419 0.4000000060
33078  -33.034  -56.137  13.943 0.4000000060
30656  -35.997  -58.701  11.026 0.4000000060
30668  -36.559  -58.296  10.436 0.5000000000
33889  -31.829  -54.950  14.479 0.4000000060
129897  -32.769  -55.124  14.085 0.4000000060
33891  -33.337  -55.311  13.267 0.4000000060
31525  -36.295  -57.673  10.049 0.5000000000
35562  -32.236  -51.989  13.641 0.4000000060
148233  -32.216  -53.530  14.266 0.4000000060
142869  -32.311  -52.820  13.981 0.4000000060
131630  -32.476  -54.230  14.216 0.4000000060
35574  -32.702  -52.594  12.927 0.4000000060
34737  -33.107  -53.487  12.625 0.5000000000
34703  -31.714  -53.163  14.424 0.4000000060
25897  -37.998  -63.646  15.182 0.5000000000
134902  -38.133  -62.696  15.118 0.5000000000
27684  -40.506  -61.592  14.364 0.4000000060
20928  -39.956  -69.732  11.424 0.5000000000
20957  -35.021  -70.066  10.249 0.8000000119
20943  -34.649  -69.793  10.608 0.8000000119
127486  -33.453  -69.627  10.497 0.6999999881
141822  -42.557  -70.432  12.834 0.5000000000
20907  -33.440  -69.908  11.728 0.6999999881
20071  -43.247  -70.297  13.216 0.5000000000
20887  -32.450  -70.226  13.331 0.6999999881
21767  -44.249  -68.710  13.547 0.4000000060
20871  -32.200  -69.854  14.366 0.6999999881
20869  -29.733  -69.079  14.498 0.6999999881
21768  -45.295  -68.881  13.846 0.4000000060
140561  -46.169  -68.138  13.805 0.4000000060
146388  -28.153  -68.618  14.035 0.6000000238
23491  -46.994  -66.301  13.493 0.4000000060
22649  -26.590  -67.588  13.059 0.6000000238
23501  -26.996  -66.635  13.062 0.5000000000
24256  -27.222  -65.657  13.072 0.5000000000
25072  -27.685  -64.227  13.979 0.4000000060
26771  -28.465  -61.800  14.108 0.4000000060
148251  -28.076  -61.585  13.488 0.4000000060
27687  -28.792  -61.056  13.816 0.4000000060
128502  -29.406  -60.425  13.835 0.4000000060
28646  -29.916  -59.918  13.861 0.4000000060
30627  -30.754  -58.716  14.159 0.4000000060
32265  -30.655  -57.199  14.253 0.4000000060
134866  -31.349  -56.482  14.421 0.4000000060
33076  -31.028  -55.703  14.459 0.4000000060
35548  -31.549  -52.343  14.402 0.4000000060
20959  -36.560  -70.085  10.354 0.8000000119
21806  -36.227  -69.383  10.996 0.8000000119
21783  -41.885  -69.026  12.436 0.5000000000
20926  -34.410  -69.678  10.999 0.6999999881
22665  -41.967  -67.288  11.799 0.6000000238
24272  -41.402  -65.883  11.837 0.6999999881
23515  -38.820  -67.157  11.826 0.6999999881
24261  -43.067  -65.685  12.244 0.6000000238
24259  -41.296  -65.398  12.168 0.6000000238
23503  -39.301  -66.468  12.045 0.6000000238
143631  -31.496  -68.505  15.406 0.6999999881
137353  -42.558  -65.069  12.292 0.5000000000
22623  -30.166  -67.486  15.359 0.6000000238
22640  -46.660  -67.160  13.572 0.5000000000
23507  -45.454  -66.029  12.885 0.5000000000
140008  -46.272  -64.357  12.790 0.3000000119
25065  -39.571  -64.150  14.393 0.5000000000
124811  -30.734  -66.234  16.166 0.6000000238
25048  -36.001  -64.746  16.050 0.5000000000
25898  -38.880  -63.423  14.819 0.5000000000
148822  -38.126  -61.905  14.988 0.4000000060
26741  -36.433  -62.954  15.546 0.4000000060
133917  -40.513  -60.073  14.092 0.4000000060
27695  -36.890  -60.778  14.141 0.4000000060
28671  -36.014  -60.117  12.357 0.4000000060
33890  -33.127  -54.369  13.324 0.4000000060
9266  -25.265  -84.280  10.648 0.4000000060
9282  -26.642  -83.992  9.834 0.4000000060
9947  -26.374  -82.833  8.463 0.4000000060
10602  -27.710  -82.402  8.208 0.4000000060
136011  -25.720  -82.235  8.111 0.4000000060
10615  -27.118  -81.780  7.960 0.4000000060
11289  -27.960  -81.824  8.029 0.4000000060
11305  -27.497  -81.116  7.893 0.4000000060
11977  -30.358  -79.747  8.731 0.5000000000
11288  -25.124  -81.488  8.099 0.4000000060
11304  -26.652  -81.049  7.899 0.4000000060
12715  -28.003  -79.546  7.752 0.5000000000
138568  -29.655  -78.806  7.974 0.5000000000
13523  -30.808  -77.753  8.446 0.6000000238
11276  -24.499  -81.054  8.512 0.4000000060
11975  -25.826  -80.288  8.228 0.4000000060
12701  -26.868  -79.176  8.275 0.4000000060
12704  -30.568  -78.641  8.487 0.5000000000
20057  -44.001  -69.835  13.626 0.3000000119
20890  -45.541  -69.870  14.035 0.4000000060
21770  -47.386  -67.781  14.133 0.3000000119
13501  -31.540  -78.523  9.058 0.5000000000
19226  -40.658  -72.002  11.324 0.5000000000
132598  -43.679  -71.183  13.070 0.4000000060
12677  -27.176  -78.935  9.794 0.4000000060
12702  -27.657  -78.863  7.905 0.5000000000
12703  -28.600  -78.962  7.740 0.5000000000
12676  -26.429  -79.440  9.440 0.4000000060
12688  -25.723  -80.035  8.599 0.4000000060
13524  -31.690  -77.624  8.862 0.6000000238
14351  -32.572  -77.535  9.169 0.6000000238
15926  -33.865  -75.857  9.337 0.6999999881
127005  -41.142  -71.533  11.782 0.5000000000
15140  -33.964  -76.692  9.361 0.6999999881
147823  -35.737  -75.638  9.523 0.6999999881
17630  -38.824  -72.921  10.232 0.6999999881
15928  -35.144  -75.358  9.466 0.6999999881
16782  -36.292  -74.389  9.526 0.6999999881
13520  -28.123  -78.117  7.979 0.5000000000
13521  -28.997  -77.948  7.829 0.6000000238
14373  -31.025  -76.993  8.559 0.6000000238
15160  -32.220  -76.208  9.065 0.6000000238
13500  -27.532  -78.279  9.113 0.4000000060
134046  -27.952  -77.927  8.533 0.5000000000
14371  -29.430  -77.236  8.063 0.6000000238
14374  -31.941  -76.897  8.889 0.6000000238
15937  -33.432  -75.269  9.299 0.6000000238
15927  -34.258  -75.305  9.374 0.6000000238
139648  -47.470  -66.931  13.874 0.3000000119
15161  -33.112  -76.020  9.238 0.6000000238
16781  -35.361  -74.540  9.445 0.6999999881
126018  -38.954  -72.101  10.564 0.6000000238
20084  -40.394  -70.782  11.601 0.5000000000
14334  -28.737  -77.743  10.456 0.6000000238
14335  -29.044  -77.034  9.413 0.6000000238
146418  -29.481  -76.603  9.104 0.6999999881
15157  -29.834  -76.814  8.395 0.6000000238
15934  -31.241  -75.950  9.017 0.6000000238
16790  -33.927  -74.607  9.328 0.6000000238
14370  -28.665  -77.463  8.397 0.6000000238
16791  -34.592  -73.946  9.352 0.6000000238
17646  -35.597  -73.675  9.442 0.6999999881
125884  -36.732  -72.543  9.719 0.6999999881
17647  -36.571  -73.497  9.597 0.6999999881
133734  -39.038  -71.095  10.806 0.6000000238
18422  -38.212  -72.157  10.250 0.6999999881
15125  -29.820  -76.378  9.969 0.6000000238
15923  -30.519  -75.763  9.808 0.6999999881
15924  -31.030  -75.282  9.937 0.6999999881
15139  -30.781  -75.966  9.179 0.6999999881
147454  -33.189  -73.915  9.335 0.6000000238
20116  -38.180  -70.665  10.546 0.5000000000
17655  -34.952  -72.969  9.349 0.6999999881
18420  -35.859  -72.736  9.496 0.6999999881
19235  -38.383  -71.451  10.485 0.6000000238
18419  -32.649  -72.229  9.495 0.6999999881
144356  -34.174  -70.986  9.493 0.6999999881
146263  -31.843  -73.868  9.769 0.6999999881
18423  -33.087  -72.630  9.369 0.6000000238
19253  -34.513  -71.603  9.449 0.5000000000
16779  -31.886  -74.599  9.456 0.6999999881
131874  -32.812  -73.889  9.361 0.6000000238
19254  -35.209  -71.943  9.454 0.6999999881
141837  -37.537  -70.475  10.383 0.5000000000
124886  -33.671  -73.916  9.319 0.6000000238
126506  -36.111  -71.832  9.614 0.6999999881
19250  -36.847  -71.622  9.895 0.6000000238
20111  -33.716  -70.317  9.738 0.6999999881
20112  -34.555  -70.443  9.824 0.6999999881
135950  -33.115  -69.667  10.028 0.6999999881
143003  -36.320  -71.140  9.805 0.6000000238
20113  -35.364  -70.523  9.899 0.6999999881
20086  -41.884  -71.760  12.053 0.5000000000
19249  -35.684  -71.137  9.642 0.6000000238
9934  -25.852  -83.375  9.081 0.4000000060
124679  -29.431  -79.849  8.042 0.4000000060
11964  -25.074  -80.386  8.993 0.4000000060
11988  -26.339  -80.315  8.004 0.4000000060
13519  -27.483  -78.469  8.405 0.4000000060
12690  -26.883  -78.868  8.890 0.4000000060
124406  -37.414  -74.345  9.582 0.6999999881
123295  -38.136  -72.880  9.979 0.6999999881
15159  -31.374  -76.399  8.865 0.6000000238
15936  -32.501  -75.394  9.220 0.6000000238
14349  -28.226  -77.718  9.273 0.6999999881
14350  -29.376  -76.884  8.605 0.6000000238
15935  -31.849  -75.336  9.252 0.6000000238
17652  -32.292  -73.737  9.517 0.6999999881
18425  -34.372  -72.331  9.388 0.6000000238
144719  -33.404  -70.992  9.447 0.6000000238
15915  -30.988  -74.958  10.619 0.5000000000
13477  -28.481  -78.291  11.368 0.4000000060
14323  -29.414  -77.068  10.803 0.5000000000
17643  -31.479  -73.455  10.394 0.6000000238
13476  -27.944  -78.934  11.402 0.4000000060
144199  -28.585  -77.980  12.211 0.5000000000
14322  -28.980  -77.613  11.598 0.5000000000
15111  -29.865  -76.280  11.415 0.5000000000
15906  -30.520  -74.652  11.523 0.5000000000
17628  -30.887  -73.146  11.052 0.5000000000
15914  -30.423  -75.631  10.972 0.5000000000
17644  -31.916  -73.008  9.918 0.6000000238
18418  -31.812  -71.830  9.805 0.5000000000
17629  -31.257  -72.572  10.375 0.5000000000
138731  -31.691  -70.679  9.603 0.6999999881
19246  -30.910  -70.765  9.774 0.6000000238
21805  -31.924  -68.712  10.171 0.6000000238
125398  -27.839  -78.878  12.915 0.5000000000
14305  -28.737  -77.281  12.562 0.5000000000
15889  -29.183  -75.551  12.585 0.5000000000
17627  -30.036  -72.920  11.297 0.5000000000
15905  -29.889  -75.338  12.071 0.5000000000
20955  -32.240  -69.263  9.885 0.6000000238
19234  -30.019  -71.751  10.282 0.6000000238
20953  -30.528  -68.735  9.699 0.5000000000
21794  -31.558  -68.638  10.309 0.6000000238
14291  -28.340  -76.982  13.224 0.5000000000
15094  -28.783  -76.257  12.905 0.5000000000
16747  -28.750  -74.066  12.203 0.5000000000
17617  -29.396  -73.517  11.753 0.5000000000
18400  -29.418  -72.143  10.593 0.5000000000
145138  -32.604  -69.261  10.462 0.6000000238
19245  -29.881  -70.879  9.931 0.5000000000
145511  -31.052  -68.842  10.693 0.6000000238
135095  -27.617  -77.780  13.887 0.5000000000
15081  -28.017  -76.351  13.541 0.5000000000
15888  -27.663  -75.095  13.105 0.5000000000
16728  -27.143  -74.568  12.493 0.5000000000
16764  -27.195  -73.628  11.261 0.6000000238
17616  -28.277  -73.437  11.623 0.4000000060
17624  -26.633  -73.333  10.460 0.4000000060
17625  -27.687  -72.940  10.864 0.5000000000
18415  -28.560  -71.568  10.148 0.5000000000
17626  -28.886  -72.796  11.193 0.4000000060
148045  -26.437  -71.869  9.775 0.4000000060
19242  -26.883  -71.508  10.066 0.5000000000
20106  -28.430  -70.622  10.144 0.5000000000
20093  -25.991  -70.744  10.907 0.4000000060
20096  -28.907  -69.837  10.170 0.6000000238
141700  -30.282  -69.052  10.696 0.6000000238
20904  -30.711  -69.666  11.910 0.6000000238
20885  -30.757  -70.063  13.497 0.6000000238
17642  -27.104  -72.547  10.137 0.5000000000
20094  -26.904  -70.769  10.855 0.5000000000
146123  -27.666  -70.273  12.055 0.5000000000
20095  -27.990  -70.461  10.602 0.5000000000
20092  -25.319  -70.346  11.098 0.4000000060
20083  -26.134  -70.389  11.704 0.5000000000
20903  -29.088  -70.031  12.528 0.6000000238
20922  -29.254  -69.682  11.300 0.6000000238
124960  -29.847  -70.074  12.942 0.6000000238
20901  -27.523  -69.821  13.025 0.5000000000
22659  -25.967  -67.513  12.356 0.3000000119
21791  -25.443  -68.972  12.076 0.4000000060
20082  -25.382  -69.721  11.707 0.4000000060
20900  -26.688  -69.406  12.927 0.5000000000
20902  -28.389  -69.973  13.113 0.5000000000
125503  -29.770  -69.704  13.947 0.6000000238
25905  -27.468  -63.307  13.311 0.3000000119
25071  -27.317  -64.074  13.009 0.3000000119
24244  -27.461  -64.930  13.455 0.4000000060
24255  -26.832  -65.955  12.523 0.4000000060
27704  -28.001  -61.069  13.140 0.3000000119
29640  -29.511  -59.350  13.593 0.3000000119
27705  -28.620  -60.529  13.440 0.3000000119
30641  -29.102  -58.380  13.367 0.3000000119
30642  -29.812  -58.794  13.738 0.3000000119
31498  -29.978  -57.969  13.915 0.3000000119
33075  -30.244  -56.423  14.201 0.3000000119
132044  -29.891  -55.652  14.242 0.3000000119
33888  -30.679  -54.862  14.505 0.3000000119
21792  -26.163  -68.596  12.719 0.5000000000
26770  -27.786  -62.385  13.583 0.3000000119
133751  -32.536  -71.078  9.470 0.5000000000
15110  -29.367  -76.852  12.032 0.5000000000
18416  -29.362  -71.461  10.112 0.5000000000
141382  -29.817  -69.717  11.830 0.6000000238
19227  -41.561  -72.351  11.624 0.3000000119
131157  -36.880  -75.160  9.522 0.6000000238
17649  -38.626  -73.737  9.854 0.6000000238
19203  -47.214  -71.625  14.649 0.3000000119
131045  -46.242  -71.957  13.815 0.3000000119
19209  -45.362  -71.745  13.444 0.3000000119
20059  -45.904  -70.950  13.920 0.3000000119
19210  -45.758  -72.645  13.420 0.3000000119
20072  -44.412  -71.502  13.180 0.3000000119
131914  -44.009  -70.693  13.391 0.3000000119
16783  -38.706  -74.848  9.615 0.6000000238
18403  -40.550  -73.058  10.912 0.5000000000
19204  -47.484  -71.776  15.154 0.3000000119
20049  -47.299  -70.710  14.676 0.3000000119
20891  -46.554  -70.088  14.350 0.3000000119
146259  -44.136  -72.744  12.542 0.3000000119
19217  -42.813  -72.112  12.286 0.3000000119
19228  -42.236  -72.549  11.892 0.4000000060
13488  -27.976  -78.463  10.311 0.4000000060
19184  -48.371  -70.804  16.351 0.3000000119
20875  -48.233  -70.184  15.472 0.3000000119
128614  -48.140  -69.369  15.077 0.3000000119
20874  -47.463  -69.658  14.683 0.3000000119
10605  -30.119  -82.649  8.842 0.5000000000
11278  -30.987  -81.632  9.666 0.5000000000
130425  -27.051  -83.439  9.075 0.4000000060
9949  -28.404  -83.084  8.530 0.4000000060
10604  -29.430  -82.664  8.550 0.4000000060
9951  -30.002  -83.402  8.813 0.5000000000
12693  -33.464  -79.039  9.849 0.5000000000
11968  -32.054  -80.247  10.046 0.5000000000
11292  -29.603  -81.884  8.568 0.5000000000
11966  -30.668  -80.797  9.304 0.5000000000
136788  -29.038  -82.042  8.306 0.4000000060
139623  -35.849  -77.563  9.620 0.6000000238
146705  -35.251  -77.597  9.598 0.6000000238
13503  -33.093  -78.257  9.488 0.5000000000
138487  -31.864  -79.424  9.574 0.5000000000
11291  -29.037  -81.218  8.170 0.3000000119
136419  -29.810  -80.822  8.570 0.4000000060
129097  -31.236  -80.058  9.495 0.5000000000
15143  -37.150  -76.789  9.564 0.6000000238
134776  -35.123  -76.925  9.529 0.6000000238
14352  -33.548  -77.555  9.411 0.6000000238
12691  -31.106  -79.275  9.106 0.4000000060
12692  -32.506  -78.836  9.550 0.5000000000
138830  -38.548  -75.934  9.609 0.6000000238
17633  -41.338  -73.619  11.251 0.4000000060
132013  -36.389  -75.939  9.531 0.6000000238
13502  -32.281  -78.149  9.238 0.4000000060
18380  -45.252  -73.293  13.101 0.3000000119
131021  -46.423  -72.603  13.955 0.3000000119
18389  -42.783  -73.001  12.016 0.3000000119
134113  -40.179  -73.660  10.487 0.5000000000
15142  -35.508  -76.112  9.529 0.6000000238
136183  -37.492  -75.972  9.525 0.6000000238
135792  -36.119  -76.810  9.541 0.6000000238
17619  -42.561  -73.539  11.966 0.3000000119
14354  -36.812  -77.573  9.635 0.5000000000
14355  -37.919  -77.641  9.741 0.5000000000
15144  -38.294  -76.841  9.656 0.5000000000
14356  -39.069  -77.693  10.214 0.4000000060
135244  -39.567  -75.892  9.799 0.5000000000
13507  -37.498  -78.351  9.894 0.5000000000
13506  -36.438  -78.272  9.790 0.5000000000
15916  -40.267  -76.006  10.647 0.4000000060
145061  -40.371  -75.485  10.511 0.4000000060
16784  -39.830  -75.207  9.865 0.5000000000
146765  -34.825  -78.317  9.731 0.5000000000
12695  -35.072  -78.923  9.969 0.5000000000
15917  -40.326  -75.205  10.219 0.4000000060
5285  -28.970  -90.451  9.855 0.3000000119
5300  -29.198  -90.499  8.656 0.3000000119
5864  -30.712  -89.701  11.241 0.3000000119
138299  -31.485  -89.322  11.169 0.4000000060
5877  -29.349  -90.208  10.812 0.3000000119
134257  -29.085  -89.374  11.360 0.3000000119
6484  -32.272  -89.402  11.151 0.4000000060
6493  -31.820  -88.599  10.858 0.4000000060
6483  -30.930  -88.762  11.178 0.3000000119
7194  -29.672  -87.856  11.555 0.3000000119
6495  -33.478  -88.184  10.920 0.4000000060
7221  -33.389  -87.306  10.623 0.4000000060
7219  -31.164  -87.903  10.728 0.4000000060
7195  -30.430  -88.116  11.258 0.4000000060
7218  -30.385  -87.223  10.841 0.4000000060
9255  -35.675  -84.486  12.258 0.3000000119
141030  -34.175  -87.163  11.029 0.4000000060
8602  -34.173  -85.921  10.900 0.4000000060
7922  -32.883  -86.525  10.256 0.4000000060
8600  -32.379  -85.555  10.009 0.4000000060
7937  -31.472  -85.972  9.705 0.4000000060
7920  -30.705  -86.399  10.057 0.4000000060
9908  -35.748  -83.625  12.177 0.3000000119
9272  -34.429  -84.733  11.255 0.4000000060
9271  -33.457  -84.571  10.812 0.4000000060
135738  -33.808  -85.294  10.766 0.4000000060
9270  -32.548  -84.798  10.213 0.4000000060
9921  -32.665  -83.494  10.766 0.4000000060
9288  -31.813  -84.911  9.721 0.4000000060
9920  -31.989  -84.021  10.093 0.4000000060
8613  -31.036  -85.349  9.442 0.4000000060
8599  -30.206  -85.753  9.835 0.4000000060
128217  -36.403  -81.546  11.695 0.4000000060
9906  -34.213  -83.036  11.419 0.4000000060
10576  -32.173  -83.027  10.521 0.4000000060
145466  -31.686  -83.340  10.073 0.4000000060
9286  -30.548  -84.680  9.244 0.4000000060
9287  -31.158  -84.865  9.396 0.4000000060
8598  -29.374  -85.678  10.355 0.4000000060
11256  -34.717  -81.838  11.406 0.4000000060
11267  -33.959  -81.645  11.234 0.4000000060
128008  -33.018  -81.410  10.927 0.4000000060
10575  -31.530  -82.633  10.069 0.4000000060
9936  -30.657  -84.105  9.176 0.4000000060
10587  -30.825  -82.550  9.441 0.4000000060
143948  -35.379  -80.603  10.924 0.4000000060
12679  -34.861  -79.680  10.355 0.4000000060
11969  -32.786  -79.639  9.986 0.4000000060
13491  -38.169  -79.062  10.504 0.4000000060
11957  -34.711  -80.354  10.715 0.4000000060
14336  -39.515  -77.819  10.830 0.3000000119
15908  -40.482  -75.275  10.844 0.3000000119
11955  -32.172  -81.102  10.472 0.4000000060
13490  -37.047  -78.976  10.136 0.4000000060
16751  -41.613  -74.108  11.697 0.3000000119
12678  -33.862  -79.868  10.335 0.4000000060
6494  -32.754  -88.562  10.856 0.4000000060
7220  -32.072  -87.653  10.328 0.4000000060
130324  -32.530  -87.011  10.168 0.4000000060
128378  -31.278  -87.033  10.170 0.4000000060
148895  -34.544  -85.360  11.232 0.4000000060
10561  -36.161  -83.185  12.511 0.3000000119
138914  -33.045  -85.261  10.385 0.4000000060
10569  -36.005  -82.570  11.992 0.3000000119
128548  -35.127  -83.329  11.759 0.4000000060
9923  -34.312  -83.927  11.368 0.4000000060
9922  -33.406  -83.630  11.095 0.4000000060
11257  -35.516  -81.760  11.529 0.4000000060
130470  -33.895  -80.791  10.835 0.4000000060
9937  -31.206  -83.539  9.569 0.4000000060
11956  -32.945  -80.481  10.487 0.4000000060
139572  -36.628  -79.474  10.347 0.4000000060
135264  -34.817  -88.308  11.993 0.3000000119
5266  -32.936  -91.091  11.804 0.3000000119
138151  -32.331  -91.131  11.503 0.3000000119
139413  -33.811  -89.459  11.668 0.3000000119
6486  -34.091  -88.689  11.446 0.3000000119
5866  -32.572  -90.353  11.441 0.3000000119
147801  -33.478  -88.879  11.213 0.3000000119
7197  -34.941  -87.352  11.703 0.3000000119
7196  -34.192  -87.870  11.220 0.3000000119
8590  -35.082  -85.875  11.630 0.3000000119
11270  -36.821  -80.846  11.272 0.3000000119
12681  -37.464  -79.656  10.610 0.3000000119
13492  -39.053  -78.526  10.833 0.3000000119
7907  -35.549  -86.180  12.435 0.3000000119
11958  -36.028  -80.419  10.828 0.3000000119
5863  -29.835  -89.731  11.273 0.3000000119
5867  -33.408  -90.281  11.823 0.3000000119
6482  -29.916  -88.871  11.485 0.3000000119
6485  -33.103  -89.490  11.333 0.3000000119
7906  -35.257  -86.634  11.859 0.3000000119
7921  -31.837  -86.688  9.897 0.4000000060
7923  -33.717  -86.584  10.673 0.4000000060
7924  -34.578  -86.606  11.270 0.3000000119
7936  -30.913  -85.821  9.588 0.4000000060
7938  -32.148  -86.206  9.920 0.4000000060
8591  -35.625  -85.337  12.338 0.3000000119
8601  -33.189  -85.905  10.388 0.4000000060
8612  -30.428  -85.201  9.385 0.4000000060
8614  -31.623  -85.499  9.678 0.4000000060
9254  -35.193  -85.008  11.693 0.4000000060
9299  -29.956  -83.989  8.934 0.5000000000
9907  -35.149  -84.200  11.739 0.4000000060
9919  -25.645  -83.883  9.909 0.4000000060
9948  -27.429  -82.929  8.473 0.4000000060
9950  -29.276  -83.254  8.662 0.4000000060
10567  -34.204  -82.303  11.399 0.4000000060
10568  -34.995  -82.464  11.627 0.4000000060
10577  -33.170  -82.568  11.157 0.4000000060
10601  -26.751  -82.310  8.135 0.4000000060
10603  -28.613  -82.462  8.328 0.4000000060
10614  -26.163  -81.661  7.942 0.4000000060
11265  -31.573  -81.726  10.165 0.4000000060
11266  -32.232  -82.061  10.639 0.4000000060
11268  -34.863  -81.120  11.170 0.4000000060
11269  -35.871  -81.060  11.215 0.4000000060
11277  -30.307  -81.734  9.078 0.5000000000
11290  -28.268  -81.106  7.965 0.4000000060
11303  -25.832  -80.892  8.032 0.4000000060
11959  -36.768  -80.104  10.719 0.3000000119
11960  -37.684  -80.325  11.225 0.3000000119
11965  -25.793  -79.804  9.080 0.4000000060
11967  -31.427  -80.902  9.931 0.5000000000
11974  -25.261  -80.642  8.343 0.4000000060
11976  -28.651  -80.216  7.833 0.4000000060
11989  -27.052  -80.357  7.874 0.4000000060
11990  -27.825  -80.334  7.802 0.5000000000
12668  -27.331  -79.606  11.569 0.4000000060
12680  -35.825  -79.672  10.390 0.4000000060
12689  -26.298  -79.495  8.734 0.4000000060
12694  -34.289  -79.187  10.047 0.4000000060
12700  -26.250  -79.796  8.300 0.4000000060
12713  -26.700  -79.773  7.992 0.4000000060
12714  -27.325  -79.620  7.863 0.4000000060
13461  -28.222  -78.586  12.222 0.5000000000
13489  -36.066  -78.929  10.014 0.4000000060
13504  -34.137  -78.418  9.735 0.6000000238
13505  -35.443  -78.198  9.730 0.6000000238
13508  -38.445  -78.319  10.208 0.4000000060
13522  -29.897  -77.833  8.001 0.5000000000
14290  -27.821  -77.112  13.735 0.5000000000
14304  -28.156  -77.909  13.116 0.5000000000
14353  -34.615  -77.675  9.574 0.6000000238
14372  -30.180  -77.120  8.223 0.6000000238
14375  -32.887  -76.800  9.160 0.6000000238
15095  -29.491  -76.064  12.303 0.5000000000
15126  -39.806  -77.226  10.547 0.4000000060
15127  -40.057  -76.705  10.753 0.3000000119
15138  -29.958  -76.376  8.940 0.6000000238
15141  -34.629  -76.036  9.458 0.6999999881
15145  -39.355  -76.773  9.913 0.5000000000
15146  -40.040  -76.475  10.292 0.4000000060
15158  -30.537  -76.505  8.640 0.6000000238
15868  -28.546  -75.298  12.949 0.5000000000
15925  -31.446  -75.369  9.429 0.6999999881
15929  -35.957  -75.162  9.527 0.6999999881
15930  -40.221  -75.784  10.176 0.4000000060
16729  -28.158  -74.579  12.647 0.5000000000
16730  -29.116  -74.827  12.552 0.5000000000
16746  -27.697  -74.013  12.057 0.5000000000
16748  -29.731  -74.330  12.053 0.5000000000
16749  -30.340  -73.734  11.566 0.5000000000
16750  -40.854  -74.503  11.243 0.3000000119
16765  -31.086  -74.005  11.032 0.5000000000
16766  -40.224  -74.477  10.271 0.5000000000
16767  -40.626  -74.859  10.710 0.4000000060
16778  -31.443  -74.486  9.995 0.6999999881
16780  -34.642  -74.746  9.388 0.6000000238
16788  -32.372  -74.599  9.321 0.6000000238
16789  -33.091  -74.506  9.304 0.6000000238
17631  -39.517  -73.701  10.168 0.6000000238
17632  -40.775  -74.063  10.776 0.4000000060
17645  -32.350  -72.797  9.650 0.6999999881
17648  -37.577  -73.325  9.750 0.6999999881
17650  -39.541  -74.480  9.880 0.5000000000
17653  -32.757  -73.126  9.436 0.6000000238
17654  -33.292  -73.327  9.351 0.6000000238
18378  -43.563  -72.829  12.309 0.3000000119
18388  -41.272  -72.887  11.302 0.4000000060
18399  -28.221  -72.284  10.475 0.5000000000
18401  -30.482  -72.389  10.689 0.6000000238
18402  -39.626  -72.923  10.549 0.6000000238
18413  -26.363  -72.363  9.723 0.4000000060
18414  -27.743  -71.921  10.106 0.5000000000
18417  -30.766  -71.705  10.147 0.5000000000
18421  -37.502  -72.299  9.968 0.6999999881
18424  -33.632  -72.523  9.373 0.5000000000
19197  -47.984  -71.395  15.788 0.3000000119
19198  -48.064  -71.021  15.580 0.3000000119
19218  -43.797  -72.057  12.663 0.3000000119
19219  -44.765  -72.537  12.912 0.3000000119
19236  -39.775  -72.068  10.893 0.6999999881
19243  -27.809  -71.348  10.126 0.5000000000
19244  -28.942  -70.889  9.966 0.5000000000
19247  -33.190  -71.867  9.387 0.6000000238
19248  -34.928  -71.063  9.551 0.6999999881
19251  -37.627  -71.320  10.241 0.6000000238
19252  -33.875  -71.718  9.413 0.6999999881
20050  -47.701  -70.816  15.013 0.3000000119
20058  -44.832  -70.603  13.684 0.3000000119
20060  -46.722  -71.307  14.275 0.3000000119
20070  -42.237  -71.060  12.465 0.5000000000
20085  -41.297  -70.665  12.130 0.5000000000
20098  -38.705  -69.955  10.867 0.5000000000
20099  -39.510  -70.377  11.182 0.5000000000
20104  -26.447  -71.128  10.367 0.5000000000
20105  -27.458  -70.984  10.318 0.5000000000
20107  -29.249  -70.079  9.870 0.5000000000
20108  -30.176  -69.847  9.730 0.5000000000
20109  -31.117  -69.811  9.631 0.6000000238
20110  -31.995  -69.946  9.637 0.6999999881
20114  -36.108  -70.580  9.999 0.8000000119
20115  -36.876  -70.704  10.137 0.5000000000
20870  -31.317  -69.722  14.449 0.6999999881
20886  -31.682  -70.145  13.676 0.6999999881
20905  -31.632  -70.101  12.608 0.6000000238
20906  -32.514  -70.036  12.025 0.6999999881
20909  -35.225  -69.525  11.606 0.6999999881
20910  -42.524  -69.559  12.929 0.6000000238
20919  -26.004  -69.597  12.402 0.5000000000
20920  -26.817  -70.079  12.378 0.5000000000
20921  -28.366  -70.150  12.194 0.6000000238
20923  -31.642  -69.362  11.289 0.6000000238
20924  -32.411  -69.264  10.837 0.6999999881
20925  -33.416  -69.547  10.926 0.6000000238
20929  -41.222  -69.497  12.072 0.5000000000
20936  -27.323  -70.440  11.446 0.5000000000
20937  -28.448  -69.986  11.036 0.5000000000
20938  -29.540  -69.311  10.345 0.6000000238
20939  -30.469  -68.623  9.961 0.6000000238
20940  -31.105  -68.082  9.965 0.5000000000
20941  -31.726  -68.230  9.978 0.6000000238
20942  -32.365  -69.164  10.194 0.6000000238
20944  -35.592  -69.758  10.640 0.8000000119
20948  -38.917  -69.102  11.122 0.5000000000
20949  -39.613  -68.947  11.270 0.5000000000
20952  -29.742  -69.254  9.911 0.6000000238
20954  -31.454  -68.951  9.786 0.6000000238
20956  -34.073  -69.985  10.201 0.8000000119
20958  -35.846  -70.099  10.318 0.8000000119
21733  -33.081  -68.487  15.444 0.6999999881
21745  -29.405  -68.454  14.610 0.6000000238
21746  -30.134  -68.441  14.973 0.6000000238
21747  -31.005  -68.909  15.053 0.6999999881
21749  -33.618  -69.230  14.847 0.6999999881
21750  -34.492  -68.989  14.555 0.6999999881
21763  -34.852  -69.348  13.546 0.6999999881
21765  -36.347  -68.531  12.873 0.6000000238
21784  -42.603  -68.577  12.720 0.5000000000
21793  -31.043  -68.168  9.940 0.6000000238
21796  -37.358  -68.282  11.771 0.6000000238
21797  -37.642  -68.582  11.361 0.8000000119
21804  -31.465  -68.091  9.994 0.6000000238
21808  -38.603  -68.650  11.241 0.6000000238
21809  -39.254  -68.418  11.301 0.6000000238
22613  -35.090  -67.319  15.382 0.5000000000
22633  -27.822  -67.746  14.007 0.6000000238
22636  -36.694  -67.870  13.431 0.6999999881
22639  -45.684  -67.285  13.349 0.5000000000
22651  -37.092  -68.025  12.518 0.6999999881
22653  -42.708  -67.642  12.336 0.6000000238
22656  -45.170  -66.692  13.024 0.5000000000
22663  -40.231  -67.339  11.428 0.6000000238
22671  -38.385  -68.255  11.384 0.8000000119
23459  -32.851  -67.023  16.206 0.6000000238
23476  -36.613  -66.776  14.716 0.6000000238
23477  -37.356  -66.520  14.359 0.6000000238
23489  -38.350  -66.544  13.203 0.6000000238
23500  -26.461  -66.659  12.440 0.5000000000
23505  -43.693  -66.347  12.447 0.6000000238
23514  -38.251  -67.315  12.044 0.6000000238
23517  -40.096  -66.675  11.556 0.6999999881
24203  -31.739  -64.983  16.522 0.5000000000
24204  -32.299  -65.555  16.593 0.5000000000
24205  -33.091  -65.558  16.596 0.6000000238
24218  -36.507  -65.469  15.648 0.5000000000
24232  -28.955  -65.374  15.206 0.5000000000
24249  -47.461  -65.714  13.745 0.4000000060
24263  -45.793  -65.178  12.765 0.4000000060
24271  -40.680  -66.010  11.795 0.6000000238
25042  -29.729  -64.273  15.744 0.5000000000
25044  -31.436  -64.054  16.234 0.5000000000
25046  -33.695  -64.049  16.293 0.4000000060
25050  -37.778  -64.703  15.202 0.5000000000
25063  -28.911  -64.346  15.224 0.5000000000
25074  -40.085  -64.719  13.734 0.5000000000
25075  -40.947  -64.463  13.331 0.5000000000
25880  -36.245  -63.855  15.830 0.5000000000
25896  -30.445  -62.578  15.253 0.5000000000
25899  -39.843  -63.251  14.482 0.5000000000
25906  -27.893  -63.247  14.191 0.5000000000
25907  -40.491  -63.938  14.012 0.5000000000
25914  -42.468  -63.816  12.911 0.5000000000
26739  -33.276  -62.550  15.295 0.4000000060
26754  -28.983  -62.245  14.727 0.4000000060
26757  -32.837  -62.028  14.649 0.4000000060
26763  -39.023  -62.350  14.794 0.4000000060
26773  -41.845  -62.408  13.668 0.4000000060
26780  -27.587  -61.857  12.943 0.3000000119
26781  -43.036  -62.544  13.041 0.3000000119
27675  -30.453  -61.438  14.582 0.4000000060
27676  -31.499  -61.609  14.597 0.4000000060
27680  -36.698  -61.439  14.700 0.4000000060
27682  -38.470  -61.293  14.715 0.4000000060
27691  -33.625  -60.959  13.526 0.4000000060
27692  -34.249  -60.964  13.350 0.4000000060
27693  -34.932  -61.082  13.447 0.4000000060
27696  -41.375  -61.601  14.018 0.4000000060
27706  -34.736  -60.603  12.833 0.4000000060
27707  -43.411  -61.819  12.867 0.3000000119
28642  -39.954  -60.706  14.381 0.4000000060
28654  -37.184  -60.255  13.575 0.4000000060
28655  -37.633  -59.788  13.106 0.4000000060
28667  -28.947  -59.913  13.413 0.3000000119
28686  -36.370  -59.596  11.858 0.4000000060
29623  -32.986  -59.954  13.713 0.4000000060
29624  -33.651  -59.942  13.101 0.4000000060
29643  -35.067  -59.645  12.008 0.4000000060
29661  -36.973  -59.180  11.414 0.4000000060
29662  -37.919  -59.135  11.567 0.4000000060
29663  -45.808  -58.618  11.512 0.3000000119
30660  -40.401  -58.202  11.033 0.4000000060
30663  -44.094  -57.521  11.476 0.3000000119
30665  -46.406  -57.820  11.474 0.3000000119
31499  -31.223  -57.993  14.333 0.4000000060
31500  -32.350  -57.961  14.301 0.4000000060
31513  -46.408  -57.156  12.019 0.3000000119
31514  -46.848  -57.698  11.818 0.3000000119
31520  -44.020  -56.918  11.245 0.4000000060
31521  -45.767  -57.070  11.430 0.4000000060
32249  -45.474  -56.742  12.881 0.4000000060
32269  -44.980  -56.326  12.707 0.4000000060
32270  -45.713  -56.705  12.319 0.4000000060
32284  -45.836  -56.804  11.823 0.3000000119
33085  -43.396  -55.544  12.850 0.4000000060
33111  -43.464  -56.183  11.601 0.4000000060
33112  -44.525  -56.069  11.883 0.4000000060
33868  -31.484  -53.988  14.530 0.3000000119
34724  -32.721  -53.495  13.630 0.4000000060
34745  -33.047  -52.790  11.899 0.5000000000
124395  -29.012  -69.806  13.511 0.5000000000
124673  -43.431  -56.756  11.286 0.4000000060
126036  -41.998  -73.176  11.618 0.4000000060
126364  -33.239  -57.861  13.774 0.4000000060
126481  -37.908  -68.904  11.115 0.8000000119
126529  -35.257  -87.655  12.429 0.3000000119
126564  -43.046  -71.214  12.763 0.4000000060
128330  -48.467  -69.253  15.508 0.3000000119
128377  -32.780  -84.147  10.609 0.4000000060
128379  -31.895  -76.012  9.070 0.6000000238
128676  -30.524  -59.412  14.037 0.4000000060
128814  -40.590  -65.594  12.227 0.5000000000
128927  -27.489  -79.148  10.742 0.4000000060
129858  -31.337  -84.372  9.507 0.4000000060
130209  -40.727  -67.962  11.559 0.6000000238
130600  -39.855  -71.254  11.176 0.6000000238
132727  -30.847  -60.007  14.105 0.4000000060
133384  -46.163  -63.664  12.707 0.3000000119
133390  -36.780  -60.041  12.712 0.4000000060
133984  -25.556  -68.200  12.113 0.3000000119
134504  -32.258  -56.545  14.372 0.4000000060
134561  -28.779  -66.779  14.732 0.5000000000
134711  -34.075  -73.181  9.335 0.6000000238
135544  -28.569  -81.768  8.137 0.3000000119
135734  -32.075  -62.118  14.850 0.4000000060
136432  -37.538  -69.470  10.773 0.8000000119
136613  -44.523  -64.928  12.452 0.5000000000
137032  -38.376  -59.822  13.852 0.4000000060
137694  -37.057  -81.297  11.795 0.3000000119
138372  -30.534  -83.326  9.117 0.4000000060
138493  -35.562  -63.029  15.683 0.4000000060
138681  -39.693  -58.846  12.824 0.4000000060
139346  -27.047  -71.917  9.941 0.5000000000
139518  -41.291  -68.539  11.886 0.5000000000
139603  -26.071  -71.493  9.893 0.4000000060
139670  -31.288  -86.346  9.808 0.4000000060
139746  -32.861  -70.150  9.666 0.5000000000
139821  -32.849  -87.730  10.534 0.4000000060
140577  -46.722  -71.864  14.197 0.3000000119
141367  -45.340  -63.457  12.501 0.3000000119
141378  -27.629  -65.711  13.750 0.5000000000
141496  -44.746  -69.572  13.833 0.3000000119
141811  -47.785  -70.209  15.033 0.3000000119
143596  -39.973  -66.187  11.822 0.6000000238
143760  -37.800  -75.233  9.515 0.6000000238
144277  -40.818  -60.912  14.232 0.4000000060
145094  -32.063  -60.829  14.111 0.4000000060
145235  -28.426  -71.068  10.045 0.5000000000
145331  -28.137  -75.689  13.343 0.5000000000
145594  -25.435  -82.737  8.459 0.4000000060
145926  -29.253  -80.531  8.110 0.4000000060
146507  -38.087  -74.047  9.645 0.6999999881
146704  -32.591  -86.069  10.106 0.4000000060
146829  -31.216  -82.133  9.863 0.4000000060
147104  -39.891  -58.292  10.640 0.4000000060
147652  -35.369  -80.137  10.638 0.4000000060
147774  -44.089  -56.033  11.705 0.4000000060
147791  -40.061  -74.881  9.990 0.5000000000
148141  -28.946  -69.091  14.231 0.6000000238
148247  -37.520  -67.603  12.568 0.6000000238
148825  -29.287  -58.921  13.418 0.3000000119
