#!ascii label  , from subject sub-v2s0x29024_ses-1 vox2ras=TkReg
1453
3149  -21.852  -93.975  3.637 0.5000000000
3647  -21.191  -93.741  3.235 0.6000000238
132413  -23.307  -93.500  11.493 0.3000000119
3646  -20.467  -93.781  3.157 0.5000000000
3598  -23.923  -93.243  9.238 0.4000000060
140190  -24.123  -93.675  10.018 0.4000000060
3561  -24.755  -93.853  10.412 0.4000000060
3560  -23.777  -93.699  10.643 0.3000000119
3581  -24.903  -93.750  9.681 0.4000000060
4751  -22.555  -91.052  2.432 0.5000000000
4167  -23.101  -91.760  2.776 0.5000000000
3649  -22.283  -93.307  3.341 0.5000000000
5355  -22.054  -90.525  2.531 0.6000000238
4750  -21.738  -91.155  2.365 0.5000000000
3659  -21.345  -92.925  2.772 0.6000000238
3529  -22.553  -93.161  12.234 0.3000000119
4164  -20.771  -92.276  2.488 0.5000000000
4092  -24.385  -92.725  8.077 0.5000000000
4091  -23.465  -92.760  8.274 0.5000000000
3530  -24.045  -93.356  11.849 0.3000000119
4749  -20.903  -91.321  2.403 0.6000000238
3658  -20.608  -93.136  2.769 0.5000000000
4093  -25.313  -92.900  8.022 0.5000000000
3599  -24.930  -93.304  8.806 0.4000000060
3582  -25.636  -94.085  10.116 0.4000000060
3532  -25.308  -93.656  11.462 0.3000000119
3614  -26.125  -93.026  8.053 0.4000000060
3583  -25.876  -93.903  9.289 0.4000000060
3600  -26.458  -93.606  8.637 0.4000000060
5937  -24.529  -88.801  3.347 0.6999999881
5349  -24.317  -89.518  3.171 0.6999999881
139134  -24.522  -90.126  3.239 0.6999999881
3643  -22.719  -93.724  4.338 0.5000000000
7292  -23.991  -87.311  3.653 0.6999999881
6560  -23.974  -88.340  3.464 0.6999999881
5940  -23.125  -89.723  2.971 0.8000000119
5356  -22.830  -90.380  2.642 0.5000000000
5939  -22.433  -90.077  2.755 0.6999999881
3636  -22.954  -93.431  5.118 0.5000000000
6559  -23.270  -88.845  3.649 0.6999999881
4132  -23.708  -92.583  5.873 0.4000000060
4117  -24.192  -92.424  6.540 0.5000000000
4038  -23.231  -92.089  13.114 0.3000000119
130207  -21.784  -89.972  3.264 0.6000000238
4105  -24.739  -92.528  7.256 0.5000000000
4039  -23.896  -92.255  12.853 0.3000000119
5347  -20.921  -90.371  2.900 0.5000000000
4106  -25.730  -92.626  7.265 0.5000000000
4107  -27.084  -92.629  7.375 0.4000000060
131978  -26.452  -92.727  7.477 0.4000000060
3102  -26.447  -94.322  9.891 0.4000000060
3083  -26.257  -94.249  10.524 0.4000000060
3547  -25.439  -93.973  10.793 0.4000000060
3616  -27.570  -93.052  7.955 0.3000000119
3615  -26.821  -93.088  8.062 0.4000000060
8666  -23.028  -84.663  4.154 0.5000000000
124604  -23.388  -85.155  3.774 0.6000000238
8667  -24.032  -84.879  4.002 0.6000000238
142216  -24.601  -86.946  3.738 0.6000000238
6561  -24.615  -87.871  3.588 0.6000000238
9314  -21.137  -84.573  5.383 0.5000000000
9322  -21.084  -84.714  4.532 0.5000000000
8664  -21.291  -85.091  3.977 0.6000000238
7994  -22.959  -85.869  3.686 0.6000000238
7281  -23.232  -86.920  3.804 0.6999999881
4738  -23.875  -91.471  3.149 0.6000000238
4587  -20.760  -91.601  15.395 0.3000000119
7992  -18.914  -85.553  3.983 0.6999999881
8002  -19.650  -85.628  3.864 0.6000000238
7291  -20.590  -85.785  3.743 0.6000000238
7993  -21.909  -85.651  3.748 0.6000000238
7280  -22.332  -86.842  3.893 0.6999999881
133415  -22.630  -87.744  4.156 0.6999999881
4739  -24.693  -90.971  3.573 0.6000000238
4156  -24.331  -91.858  3.853 0.6000000238
3637  -23.363  -92.965  4.430 0.5000000000
8662  -18.276  -85.420  4.482 0.6999999881
8001  -18.899  -86.064  3.700 0.6000000238
7289  -19.016  -86.809  3.805 0.6000000238
7278  -20.181  -86.760  3.989 0.6000000238
6553  -21.826  -87.917  4.589 0.6999999881
6542  -21.939  -88.804  5.197 0.6999999881
4133  -24.463  -92.279  5.617 0.5000000000
4037  -22.324  -92.033  13.497 0.3000000119
8661  -17.539  -85.724  4.205 0.6999999881
7288  -17.489  -86.594  3.651 0.6000000238
7277  -17.989  -87.130  3.739 0.6999999881
6552  -20.838  -87.714  4.713 0.6000000238
6540  -20.311  -88.353  5.520 0.6000000238
5931  -22.152  -89.682  4.245 0.6999999881
4726  -25.023  -91.470  4.379 0.5000000000
4717  -26.074  -91.669  5.706 0.5000000000
6550  -18.605  -87.671  4.345 0.6000000238
6539  -19.216  -88.250  5.334 0.6000000238
5926  -21.427  -89.332  5.897 0.6000000238
5336  -21.505  -90.301  5.314 0.6000000238
5342  -20.455  -90.431  3.644 0.6000000238
133470  -25.782  -91.225  4.885 0.5000000000
4056  -24.396  -92.787  12.396 0.3000000119
7276  -17.049  -87.289  3.668 0.6999999881
139207  -17.574  -87.844  4.192 0.6000000238
6531  -19.755  -88.805  6.306 0.6000000238
6532  -20.730  -89.064  6.259 0.5000000000
5915  -20.915  -89.848  6.617 0.5000000000
5335  -20.193  -90.809  4.651 0.5000000000
4094  -28.994  -92.897  8.075 0.3000000119
3602  -28.185  -93.561  8.397 0.3000000119
3601  -27.650  -94.086  8.939 0.3000000119
128219  -27.130  -94.486  9.838 0.4000000060
3084  -26.980  -94.492  10.368 0.4000000060
5341  -19.549  -90.627  3.623 0.5000000000
4120  -28.295  -91.722  7.026 0.3000000119
4108  -27.901  -92.463  7.388 0.3000000119
3103  -26.908  -94.161  9.232 0.4000000060
125353  -22.005  -84.880  6.354 0.5000000000
9315  -21.970  -84.552  5.598 0.5000000000
8649  -22.880  -84.756  5.907 0.5000000000
8659  -23.749  -84.626  4.869 0.5000000000
8635  -19.696  -85.226  6.868 0.5000000000
8636  -20.684  -85.177  7.040 0.5000000000
8647  -20.436  -84.796  6.074 0.5000000000
9316  -22.646  -84.445  4.899 0.5000000000
7282  -24.988  -86.331  3.915 0.6000000238
7293  -25.235  -87.341  3.797 0.6000000238
8656  -18.840  -85.144  5.351 0.5000000000
6555  -25.890  -87.792  3.989 0.6000000238
5938  -25.081  -89.328  3.535 0.8000000119
4577  -21.633  -91.480  16.285 0.3000000119
8646  -18.374  -85.309  6.194 0.6000000238
144625  -18.107  -85.279  5.368 0.6000000238
8657  -19.459  -85.009  4.929 0.6000000238
6556  -26.528  -88.265  4.383 0.4000000060
8654  -16.852  -85.812  4.491 0.6999999881
5344  -25.965  -90.090  4.246 0.5000000000
5350  -25.249  -90.135  3.777 0.6000000238
4621  -22.153  -91.299  14.277 0.3000000119
4622  -22.971  -91.328  13.756 0.3000000119
7984  -16.041  -86.052  4.945 0.6999999881
5337  -26.631  -90.138  4.780 0.4000000060
4623  -23.921  -91.496  13.386 0.3000000119
145051  -16.434  -86.418  3.755 0.6000000238
8000  -16.640  -86.700  3.630 0.6999999881
4718  -26.631  -90.871  5.299 0.4000000060
4057  -25.224  -93.068  12.137 0.3000000119
7286  -15.391  -87.272  3.765 0.6000000238
143262  -15.551  -87.783  3.844 0.6999999881
126559  -18.155  -88.303  5.099 0.6000000238
5913  -19.197  -89.275  7.028 0.5000000000
5902  -19.679  -89.962  7.571 0.5000000000
4715  -20.821  -90.846  5.577 0.6000000238
4719  -27.504  -90.680  5.792 0.4000000060
4709  -27.021  -91.505  6.062 0.4000000060
4705  -29.408  -91.191  7.791 0.3000000119
4095  -29.411  -92.028  7.898 0.3000000119
138420  -29.800  -92.773  8.643 0.3000000119
3603  -29.110  -93.628  8.735 0.3000000119
3105  -28.435  -94.533  9.888 0.4000000060
3533  -26.043  -93.351  11.843 0.3000000119
5925  -17.209  -89.140  6.309 0.6000000238
5912  -18.045  -89.209  6.915 0.5000000000
5901  -18.761  -89.776  7.749 0.5000000000
5903  -20.329  -90.117  7.233 0.5000000000
4707  -19.884  -91.552  6.608 0.5000000000
4706  -19.214  -91.672  5.859 0.6000000238
123130  -18.512  -91.528  5.141 0.5000000000
4710  -27.902  -91.210  6.414 0.3000000119
4704  -28.970  -91.426  7.373 0.3000000119
4696  -19.233  -91.143  8.241 0.5000000000
148927  -18.655  -92.330  7.123 0.5000000000
4101  -18.541  -92.376  7.969 0.5000000000
7950  -21.448  -86.425  8.367 0.5000000000
8624  -21.054  -85.809  7.830 0.5000000000
8638  -22.378  -85.397  6.939 0.5000000000
7966  -23.601  -86.528  7.477 0.5000000000
7976  -24.010  -85.911  6.682 0.5000000000
7977  -24.800  -85.743  6.099 0.5000000000
8622  -19.224  -85.781  7.844 0.5000000000
8637  -21.541  -85.266  7.067 0.5000000000
7978  -25.662  -86.195  5.748 0.4000000060
131920  -19.057  -85.158  6.278 0.5000000000
7979  -26.288  -86.691  5.365 0.4000000060
134972  -22.194  -92.113  16.658 0.3000000119
4006  -23.093  -92.047  16.874 0.3000000119
8633  -17.888  -85.621  6.971 0.6000000238
7273  -26.746  -87.210  5.043 0.4000000060
7284  -26.396  -87.380  4.490 0.4000000060
8632  -16.945  -85.800  6.690 0.6000000238
8644  -16.862  -85.695  5.506 0.6000000238
4588  -21.542  -91.193  15.649 0.3000000119
4602  -22.055  -90.830  15.018 0.3000000119
7975  -16.292  -85.915  5.996 0.6000000238
6557  -27.211  -88.688  4.919 0.4000000060
7974  -15.592  -86.233  5.922 0.6000000238
5929  -27.794  -89.096  5.501 0.4000000060
5338  -27.769  -89.886  5.607 0.4000000060
4640  -24.452  -92.043  12.922 0.3000000119
7988  -15.507  -86.492  4.150 0.6999999881
5330  -28.241  -90.301  6.233 0.3000000119
5318  -29.000  -90.695  7.255 0.3000000119
7964  -21.885  -85.967  7.728 0.5000000000
7965  -22.706  -86.215  7.581 0.5000000000
7261  -24.237  -87.082  7.793 0.4000000060
8623  -20.151  -85.739  7.863 0.5000000000
7967  -24.499  -86.529  7.053 0.4000000060
7968  -25.318  -86.618  6.635 0.4000000060
7949  -19.650  -86.304  8.653 0.6000000238
134448  -26.855  -87.572  6.503 0.4000000060
7270  -26.883  -87.339  5.728 0.4000000060
5203  -22.201  -90.862  16.044 0.3000000119
4578  -22.470  -91.227  16.512 0.3000000119
126195  -16.119  -86.145  6.827 0.6000000238
138502  -27.217  -87.755  5.400 0.4000000060
6544  -27.553  -88.364  5.469 0.4000000060
5916  -28.152  -88.893  6.112 0.4000000060
134710  -28.398  -89.313  6.765 0.4000000060
5917  -28.438  -89.685  6.501 0.3000000119
5905  -28.777  -89.946  7.182 0.3000000119
7987  -14.726  -86.886  4.182 0.6000000238
7247  -22.961  -87.387  8.861 0.5000000000
128861  -23.706  -87.716  9.180 0.4000000060
7248  -23.646  -87.255  8.328 0.4000000060
123061  -20.638  -86.505  8.707 0.5000000000
7934  -21.489  -87.035  9.085 0.5000000000
7250  -25.460  -87.886  8.383 0.4000000060
7948  -18.787  -86.268  8.661 0.6000000238
132918  -19.961  -86.912  9.472 0.6000000238
7933  -20.809  -87.249  9.705 0.6000000238
7262  -25.091  -87.235  7.549 0.4000000060
8621  -18.325  -85.921  7.859 0.6000000238
7932  -19.184  -86.703  9.369 0.6000000238
142672  -26.480  -88.369  8.369 0.4000000060
6522  -27.156  -88.151  7.151 0.4000000060
144029  -17.340  -86.068  7.831 0.6000000238
6533  -27.555  -88.043  6.104 0.4000000060
6511  -27.563  -88.797  7.899 0.4000000060
5904  -28.378  -89.309  7.482 0.4000000060
5892  -28.031  -89.400  8.531 0.4000000060
4603  -22.752  -90.691  14.511 0.3000000119
5840  -23.404  -90.094  14.836 0.3000000119
7963  -16.639  -86.335  8.131 0.6000000238
5893  -28.813  -89.891  8.063 0.4000000060
4624  -24.941  -91.446  13.271 0.3000000119
5244  -23.557  -90.703  14.068 0.3000000119
7961  -15.335  -86.480  6.900 0.6000000238
7973  -14.738  -86.613  5.895 0.6000000238
7944  -15.099  -86.756  7.821 0.6999999881
7209  -15.960  -87.114  10.308 0.6999999881
7960  -14.501  -86.871  6.947 0.6000000238
7246  -14.897  -87.010  8.697 0.6999999881
134274  -15.208  -87.395  10.831 0.6999999881
7245  -14.285  -87.142  7.967 0.6000000238
7181  -16.145  -87.464  11.734 0.6999999881
131359  -15.943  -87.737  13.150 0.6000000238
7230  -14.690  -87.230  9.565 0.6999999881
7180  -15.243  -87.578  11.798 0.6999999881
130511  -23.040  -87.788  9.847 0.5000000000
132788  -23.798  -87.959  9.946 0.5000000000
7213  -21.919  -87.729  10.881 0.5000000000
7165  -23.095  -87.393  12.068 0.5000000000
7214  -22.768  -87.815  10.765 0.5000000000
7216  -24.367  -88.062  10.556 0.5000000000
7233  -24.377  -88.023  9.546 0.4000000060
145299  -24.988  -88.083  9.142 0.4000000060
7917  -20.141  -87.427  10.491 0.6000000238
147417  -21.384  -87.677  11.183 0.6000000238
7164  -22.336  -87.306  12.167 0.6000000238
134939  -22.845  -86.996  12.439 0.6000000238
6510  -25.699  -88.284  9.288 0.4000000060
7931  -18.426  -86.684  9.463 0.6000000238
7162  -21.018  -87.296  12.171 0.6000000238
139080  -22.141  -86.646  12.523 0.6000000238
7930  -17.030  -86.461  8.785 0.6000000238
138173  -18.283  -87.091  10.322 0.6000000238
135703  -19.044  -87.375  11.718 0.6000000238
7891  -20.286  -86.926  12.533 0.6000000238
7892  -21.156  -86.618  12.572 0.6000000238
6501  -27.145  -89.030  9.009 0.4000000060
124911  -27.782  -89.413  10.526 0.4000000060
7914  -17.497  -86.797  9.703 0.6000000238
7183  -18.309  -87.329  11.240 0.6000000238
7161  -19.670  -87.291  12.230 0.6000000238
137382  -20.471  -86.251  12.830 0.6000000238
9238  -21.032  -84.523  12.493 0.6000000238
5884  -27.738  -89.482  9.574 0.4000000060
148920  -28.237  -89.872  10.000 0.4000000060
7946  -16.225  -86.596  8.688 0.6000000238
7211  -17.446  -87.204  10.826 0.5000000000
125727  -18.250  -87.358  12.170 0.6000000238
7890  -19.387  -86.792  12.854 0.6000000238
9237  -20.569  -84.843  12.978 0.6000000238
9897  -21.252  -83.738  12.411 0.6999999881
7962  -15.946  -86.435  7.786 0.6999999881
7913  -16.803  -87.046  10.261 0.6000000238
7160  -17.344  -87.436  12.354 0.6000000238
7889  -18.571  -87.093  12.931 0.6000000238
9889  -20.740  -84.155  13.008 0.6000000238
10558  -22.159  -82.535  12.270 0.6000000238
11243  -23.817  -81.629  11.970 0.6000000238
143303  -18.833  -86.595  13.528 0.6000000238
9230  -20.305  -84.732  13.622 0.6000000238
9890  -21.180  -83.519  13.266 0.6000000238
125902  -22.871  -82.354  12.787 0.6000000238
7159  -16.509  -87.542  12.429 0.6000000238
7148  -17.773  -87.321  12.988 0.6000000238
8555  -19.422  -85.521  14.437 0.5000000000
9216  -20.399  -84.433  14.343 0.6000000238
10552  -23.344  -82.610  13.637 0.6000000238
7871  -18.391  -86.550  14.338 0.5000000000
7179  -14.407  -87.649  11.322 0.6999999881
7158  -14.909  -87.845  13.008 0.6999999881
7146  -16.112  -87.737  14.005 0.5000000000
7882  -17.634  -87.123  14.317 0.6000000238
8554  -18.929  -85.962  14.780 0.5000000000
9217  -20.920  -84.119  14.723 0.5000000000
139242  -18.382  -86.370  15.140 0.6000000238
144457  -18.017  -81.258  11.520 0.6000000238
10565  -17.108  -82.323  11.674 0.6000000238
10564  -16.657  -82.821  11.323 0.6000000238
7215  -23.540  -87.920  10.636 0.5000000000
7894  -24.342  -86.819  12.423 0.5000000000
7167  -24.856  -87.297  12.089 0.5000000000
7234  -25.061  -88.249  9.973 0.5000000000
6499  -25.819  -88.415  10.313 0.4000000060
9249  -22.281  -84.804  11.939 0.5000000000
8585  -23.121  -85.518  12.262 0.5000000000
9264  -23.216  -84.151  10.732 0.5000000000
6492  -26.542  -88.641  10.728 0.4000000060
6480  -27.783  -88.294  11.755 0.4000000060
9250  -23.156  -84.759  11.628 0.5000000000
9917  -23.368  -83.537  9.926 0.5000000000
5875  -27.325  -88.852  11.102 0.4000000060
5862  -28.172  -89.090  11.336 0.4000000060
9905  -22.042  -83.363  10.986 0.5000000000
10573  -22.276  -82.660  10.422 0.5000000000
9263  -22.409  -84.085  11.120 0.5000000000
10566  -22.112  -82.532  11.328 0.6000000238
11252  -22.411  -81.984  10.889 0.6000000238
10559  -22.796  -81.978  11.891 0.6000000238
11253  -23.038  -81.562  11.013 0.5000000000
142226  -24.643  -81.824  12.700 0.4000000060
11244  -24.811  -81.418  12.016 0.4000000060
11946  -25.775  -80.627  11.181 0.4000000060
10541  -24.364  -82.498  14.091 0.6000000238
11235  -25.553  -81.541  12.993 0.5000000000
135753  -26.406  -80.745  12.483 0.4000000060
11941  -26.318  -80.610  11.878 0.4000000060
132296  -27.815  -79.169  12.153 0.4000000060
136239  -13.808  -87.629  9.903 0.6999999881
9878  -22.277  -83.469  14.648 0.6000000238
11234  -24.994  -82.110  13.561 0.5000000000
11934  -27.155  -79.971  13.097 0.4000000060
7134  -15.265  -87.881  14.705 0.6000000238
8542  -19.524  -85.433  15.272 0.5000000000
9868  -21.793  -83.983  15.287 0.5000000000
11222  -25.229  -82.154  14.598 0.5000000000
11921  -26.229  -80.841  14.530 0.5000000000
11224  -26.262  -81.123  13.627 0.4000000060
12636  -27.420  -79.342  13.452 0.4000000060
7126  -17.061  -87.332  15.026 0.6000000238
148370  -22.653  -83.777  15.468 0.5000000000
11945  -18.767  -79.877  11.885 0.6999999881
11242  -17.933  -80.923  12.283 0.6000000238
11932  -18.156  -80.114  13.437 0.6999999881
11241  -17.325  -81.472  12.879 0.6000000238
11920  -17.978  -79.941  14.321 0.6000000238
127378  -16.385  -82.555  12.963 0.6000000238
11232  -17.222  -81.320  13.810 0.6000000238
11912  -17.579  -80.434  15.062 0.6000000238
137863  -17.672  -80.026  15.693 0.6000000238
123683  -17.575  -80.061  17.366 0.6000000238
139175  -16.137  -83.106  11.643 0.5000000000
10548  -16.104  -82.711  13.706 0.6000000238
10538  -16.746  -81.821  14.452 0.6000000238
11214  -17.205  -81.102  15.643 0.6000000238
138548  -17.475  -80.546  15.888 0.6000000238
7190  -25.481  -87.683  11.709 0.5000000000
9895  -15.251  -83.527  12.695 0.5000000000
9896  -15.845  -83.123  12.989 0.5000000000
10518  -16.927  -81.746  16.275 0.5000000000
11200  -17.361  -81.053  16.594 0.5000000000
8574  -23.828  -86.171  12.485 0.4000000060
8587  -25.067  -85.323  11.988 0.5000000000
146385  -26.973  -86.822  12.161 0.5000000000
6478  -26.053  -88.157  11.280 0.4000000060
9887  -15.226  -83.503  13.369 0.5000000000
9875  -15.836  -82.907  14.668 0.5000000000
10531  -16.411  -82.366  16.008 0.5000000000
142372  -17.155  -81.771  17.038 0.5000000000
9252  -24.937  -84.655  11.310 0.5000000000
7192  -27.342  -87.501  12.023 0.4000000060
7904  -28.631  -86.850  11.755 0.4000000060
7905  -29.438  -86.987  11.367 0.4000000060
9886  -14.635  -83.795  13.218 0.5000000000
9874  -15.201  -83.492  14.771 0.5000000000
9867  -15.900  -82.905  15.660 0.6000000238
9853  -15.985  -83.065  16.639 0.6000000238
128656  -28.960  -87.533  11.804 0.4000000060
9196  -14.140  -84.446  15.784 0.6000000238
9182  -14.751  -84.283  16.687 0.6000000238
9866  -15.386  -83.492  16.220 0.6999999881
10574  -22.795  -82.756  9.697 0.4000000060
127337  -23.401  -81.427  9.497 0.5000000000
7901  -11.086  -86.764  12.091 0.6000000238
140713  -24.177  -80.940  10.210 0.5000000000
11954  -25.786  -80.149  10.052 0.4000000060
7177  -11.513  -87.313  12.273 0.6000000238
144362  -25.090  -80.638  10.484 0.4000000060
143452  -12.183  -87.765  11.992 0.6000000238
137517  -13.708  -87.845  12.912 0.6000000238
11947  -26.534  -80.177  11.257 0.4000000060
7133  -14.222  -87.885  14.734 0.6000000238
7157  -14.348  -87.748  12.187 0.6999999881
7862  -17.252  -87.080  15.844 0.6000000238
7856  -18.117  -86.481  16.916 0.6000000238
124864  -19.294  -85.829  16.303 0.5000000000
9199  -20.892  -84.845  16.209 0.5000000000
12634  -18.423  -79.386  13.142 0.6999999881
12613  -18.071  -79.210  14.381 0.6999999881
13407  -17.449  -78.381  15.766 0.6000000238
12598  -17.614  -79.317  15.952 0.6000000238
13392  -17.331  -78.668  16.632 0.6000000238
12583  -17.485  -79.449  16.954 0.6000000238
129293  -17.292  -79.004  18.461 0.6999999881
140978  -17.545  -79.674  18.682 0.6000000238
11880  -17.564  -80.709  17.406 0.6000000238
9253  -25.798  -84.908  11.419 0.5000000000
8577  -26.115  -85.672  11.976 0.5000000000
7168  -25.611  -87.025  12.224 0.5000000000
124048  -26.989  -86.052  12.031 0.5000000000
11184  -17.798  -81.203  18.300 0.6000000238
11864  -17.685  -80.357  18.288 0.5000000000
8596  -26.873  -85.179  11.446 0.5000000000
7903  -27.751  -86.661  11.985 0.5000000000
142330  -28.347  -86.173  11.588 0.4000000060
9841  -16.937  -83.118  18.120 0.6000000238
10507  -17.315  -82.240  17.804 0.6000000238
11865  -18.157  -81.006  19.256 0.5000000000
9265  -24.224  -84.193  10.600 0.5000000000
7881  -11.471  -86.223  13.219 0.6000000238
8564  -12.378  -85.054  14.157 0.4000000060
8553  -12.607  -85.354  14.983 0.6000000238
9170  -15.169  -84.633  17.665 0.6000000238
9840  -16.177  -83.445  17.612 0.6000000238
10495  -18.373  -82.434  19.152 0.6000000238
11275  -23.762  -81.538  8.746 0.4000000060
9933  -24.644  -83.003  8.794 0.4000000060
7869  -12.308  -86.625  14.862 0.5000000000
7860  -12.411  -86.059  15.202 0.5000000000
8540  -13.543  -85.330  16.213 0.6000000238
134853  -14.096  -85.004  16.656 0.6999999881
8516  -15.182  -85.470  17.923 0.6000000238
9820  -16.503  -84.176  18.418 0.6000000238
9821  -17.457  -83.785  18.788 0.6000000238
11953  -24.181  -80.912  9.205 0.5000000000
148738  -11.615  -86.907  13.293 0.6000000238
7852  -13.581  -86.656  16.445 0.6000000238
8530  -13.893  -85.909  16.910 0.6000000238
9148  -16.525  -85.103  18.617 0.6000000238
124710  -18.166  -84.375  19.057 0.6000000238
9805  -19.135  -84.085  19.273 0.6000000238
142823  -24.802  -80.573  9.740 0.4000000060
7131  -12.446  -87.285  14.379 0.5000000000
7110  -13.187  -87.069  15.905 0.6000000238
7854  -15.215  -86.891  17.234 0.6000000238
8501  -18.146  -85.723  18.497 0.6000000238
130749  -18.092  -85.170  18.872 0.6000000238
7156  -12.669  -87.729  12.820 0.6000000238
7144  -12.979  -87.726  13.703 0.6000000238
7122  -13.615  -87.576  15.440 0.6000000238
7841  -16.375  -86.751  17.402 0.6000000238
7830  -16.919  -86.264  18.147 0.6000000238
7861  -16.657  -87.139  16.483 0.6000000238
7125  -16.434  -87.433  15.771 0.6000000238
8532  -19.807  -85.728  17.112 0.5000000000
9200  -21.692  -84.470  16.233 0.5000000000
130838  -18.417  -78.730  12.946 0.6999999881
13424  -17.926  -78.435  14.264 0.6999999881
15090  -18.142  -76.522  11.982 0.6999999881
14288  -17.690  -77.068  13.422 0.6999999881
14289  -18.046  -78.038  13.319 0.6999999881
13423  -17.571  -78.024  14.958 0.6999999881
14249  -17.092  -77.748  16.454 0.6000000238
14234  -16.857  -77.548  17.466 0.6000000238
14194  -16.998  -77.559  19.557 0.5000000000
131090  -17.037  -78.237  18.069 0.6999999881
13351  -17.102  -78.342  19.209 0.5000000000
12537  -17.496  -79.266  19.371 0.5000000000
12538  -18.026  -79.606  20.071 0.5000000000
9267  -26.276  -84.452  10.689 0.4000000060
8597  -27.709  -85.164  11.022 0.5000000000
9284  -28.832  -84.440  9.443 0.5000000000
8589  -28.487  -85.530  10.930 0.5000000000
8611  -29.642  -85.124  9.591 0.4000000060
148887  -25.166  -83.508  9.350 0.4000000060
9283  -27.691  -84.166  9.646 0.4000000060
11152  -18.678  -81.751  19.513 0.6000000238
9822  -18.310  -83.435  19.138 0.6000000238
141329  -19.036  -82.345  19.606 0.6000000238
9132  -19.991  -84.323  19.214 0.6000000238
10476  -19.764  -82.593  19.776 0.6000000238
8517  -18.606  -86.057  18.076 0.6000000238
8503  -19.921  -85.388  18.484 0.6000000238
9806  -20.073  -83.504  19.487 0.6000000238
7842  -17.454  -86.503  17.525 0.6000000238
9152  -20.394  -84.833  18.811 0.5000000000
8531  -18.906  -86.161  17.231 0.6000000238
8519  -20.320  -85.548  17.819 0.5000000000
9183  -21.414  -84.876  17.018 0.5000000000
15883  -17.837  -75.852  12.254 0.6999999881
15074  -17.381  -76.235  13.544 0.6999999881
126832  -17.076  -76.013  14.227 0.6999999881
133886  -17.302  -77.204  14.928 0.6999999881
15837  -16.654  -75.864  15.649 0.6000000238
15044  -17.007  -76.831  15.812 0.6999999881
15023  -16.643  -76.723  17.735 0.4000000060
15898  -17.699  -74.936  12.127 0.6999999881
15882  -17.425  -75.625  12.923 0.6999999881
15849  -16.545  -75.294  14.733 0.6000000238
149021  -16.262  -75.127  15.650 0.6000000238
14982  -16.812  -76.785  19.465 0.5000000000
16757  -18.158  -73.831  10.641 0.6999999881
16741  -17.824  -73.959  11.524 0.6999999881
142034  -18.036  -73.216  10.215 0.6999999881
14173  -17.336  -77.193  20.299 0.5000000000
18396  -17.717  -72.485  10.164 0.6000000238
19232  -16.303  -71.331  9.747 0.6000000238
20088  -13.943  -70.686  10.632 0.5000000000
20078  -14.170  -69.747  10.794 0.5000000000
9935  -28.137  -83.623  8.934 0.4000000060
9285  -29.841  -84.518  9.179 0.4000000060
9808  -20.952  -83.456  19.384 0.6000000238
15818  -16.324  -75.323  17.330 0.5000000000
15032  -16.517  -76.088  17.090 0.5000000000
16710  -17.028  -74.698  13.130 0.6000000238
15863  -16.607  -74.772  13.956 0.6000000238
16666  -15.980  -74.445  15.304 0.6000000238
16653  -16.074  -74.596  16.150 0.6000000238
15802  -16.377  -75.187  18.141 0.5000000000
15002  -16.514  -75.734  18.570 0.5000000000
14970  -17.064  -76.072  20.228 0.5000000000
17606  -17.495  -73.168  11.819 0.6999999881
16726  -17.333  -73.987  12.413 0.6000000238
16709  -16.483  -74.070  13.721 0.6000000238
133100  -15.905  -73.636  14.984 0.6000000238
18330  -16.417  -72.794  16.079 0.6000000238
128231  -17.658  -75.672  20.819 0.5000000000
18386  -17.617  -72.318  11.182 0.6999999881
18375  -17.126  -72.415  12.125 0.6000000238
134066  -16.401  -71.984  13.553 0.6000000238
19200  -16.480  -71.947  14.301 0.6000000238
18344  -17.040  -72.002  15.708 0.6000000238
18395  -17.296  -71.486  10.459 0.6000000238
132119  -16.843  -71.808  12.375 0.6000000238
19207  -16.591  -71.583  12.924 0.6000000238
145672  -16.740  -71.257  14.111 0.6000000238
142924  -16.602  -70.691  10.429 0.6000000238
20080  -16.782  -70.187  11.222 0.6000000238
20053  -16.745  -70.409  13.148 0.6000000238
20047  -16.965  -70.567  14.007 0.6000000238
20079  -15.997  -69.998  10.468 0.5000000000
20089  -14.934  -70.170  10.326 0.5000000000
137975  -16.647  -69.536  11.705 0.5000000000
20898  -16.728  -69.576  12.653 0.6000000238
20880  -16.889  -69.720  13.509 0.6000000238
9298  -29.135  -83.790  8.916 0.4000000060
20077  -13.383  -70.172  11.336 0.5000000000
20916  -16.152  -68.893  11.143 0.5000000000
20917  -16.524  -68.931  11.970 0.6000000238
141815  -16.750  -69.121  13.148 0.6000000238
21788  -13.683  -68.624  11.672 0.5000000000
21789  -14.478  -68.298  11.489 0.5000000000
125805  -15.214  -68.637  11.140 0.4000000060
21777  -16.357  -68.360  12.210 0.5000000000
21759  -16.637  -68.367  13.067 0.6000000238
148116  -16.354  -74.059  17.985 0.6000000238
16607  -16.641  -74.617  19.283 0.5000000000
15778  -16.765  -75.209  19.747 0.5000000000
17539  -16.347  -73.639  17.495 0.6000000238
17529  -16.901  -73.139  18.855 0.5000000000
15763  -17.874  -74.985  20.978 0.5000000000
18331  -17.125  -72.151  16.602 0.6999999881
18321  -17.211  -72.259  17.533 0.6999999881
19187  -16.899  -71.790  15.004 0.6000000238
125800  -17.713  -71.475  16.168 0.6999999881
19201  -17.044  -71.212  14.593 0.6000000238
19189  -18.097  -70.701  15.819 0.6999999881
20040  -17.688  -70.387  14.882 0.6000000238
20859  -18.299  -69.797  15.637 0.6999999881
20866  -17.287  -69.613  14.257 0.6000000238
20858  -17.888  -69.289  14.938 0.6999999881
21774  -12.593  -68.495  12.722 0.5000000000
22644  -13.777  -67.795  12.003 0.5000000000
21776  -15.748  -67.853  11.785 0.4000000060
124994  -16.299  -67.634  12.391 0.6000000238
21742  -17.326  -68.666  14.456 0.6000000238
136261  -13.549  -67.173  12.586 0.5000000000
22645  -14.812  -67.537  11.759 0.4000000060
22647  -16.276  -66.738  12.487 0.5000000000
16594  -17.504  -74.469  20.628 0.5000000000
17512  -17.125  -73.424  19.714 0.5000000000
18311  -17.320  -72.415  18.445 0.6000000238
18312  -17.968  -71.945  18.899 0.5000000000
19139  -18.824  -71.860  20.179 0.5000000000
19169  -17.819  -71.627  17.063 0.6999999881
19170  -18.337  -70.964  16.671 0.6999999881
20029  -18.620  -70.168  16.446 0.6000000238
21728  -17.721  -68.320  15.189 0.6999999881
20851  -18.699  -69.289  16.367 0.6000000238
21741  -16.850  -68.070  13.936 0.6000000238
22619  -17.177  -67.769  14.722 0.6000000238
23494  -13.906  -66.383  12.623 0.5000000000
23496  -15.632  -66.228  12.247 0.4000000060
23483  -16.547  -66.346  13.293 0.6000000238
134321  -13.875  -64.616  13.116 0.4000000060
24251  -14.833  -65.753  12.437 0.4000000060
24252  -15.641  -65.436  12.590 0.5000000000
24253  -16.200  -65.531  12.974 0.5000000000
126220  -18.584  -71.371  18.416 0.6000000238
19140  -19.357  -71.274  19.758 0.5000000000
19156  -19.117  -70.767  18.002 0.6000000238
19149  -19.282  -71.028  18.851 0.5000000000
20013  -18.878  -70.498  17.230 0.6000000238
20852  -19.093  -69.674  17.151 0.6000000238
20839  -19.807  -69.637  18.032 0.5000000000
21717  -18.983  -68.770  17.094 0.6000000238
22606  -18.066  -67.968  15.921 0.6999999881
21716  -18.548  -68.421  16.426 0.5000000000
23452  -16.925  -66.950  14.992 0.6000000238
134501  -16.665  -66.330  14.376 0.5000000000
137990  -15.006  -64.017  13.068 0.4000000060
24242  -16.428  -65.516  13.767 0.5000000000
20817  -13.264  -70.322  20.985 0.4000000060
139245  -14.085  -69.658  20.898 0.3000000119
21662  -13.751  -69.228  20.049 0.4000000060
19983  -20.466  -70.275  19.905 0.5000000000
22557  -13.327  -68.412  18.653 0.3000000119
21674  -13.549  -68.785  19.356 0.4000000060
129914  -19.499  -69.133  17.655 0.5000000000
20827  -20.582  -69.623  19.395 0.5000000000
23406  -12.827  -67.099  17.638 0.3000000119
23407  -13.377  -67.110  18.521 0.4000000060
21702  -19.380  -68.131  17.833 0.5000000000
24183  -12.504  -65.918  17.286 0.3000000119
22586  -17.797  -67.116  16.342 0.6000000238
131763  -16.745  -66.271  15.149 0.6999999881
23433  -17.563  -66.130  16.455 0.6000000238
24241  -15.751  -64.633  13.225 0.5000000000
24227  -16.540  -65.640  14.748 0.5000000000
144631  -16.258  -64.345  14.720 0.4000000060
24198  -16.713  -64.983  15.698 0.4000000060
20786  -12.955  -70.026  23.262 0.3000000119
20792  -13.430  -70.185  22.634 0.3000000119
20805  -14.614  -69.456  21.740 0.3000000119
143843  -14.323  -68.899  20.493 0.3000000119
22529  -14.085  -68.356  19.944 0.4000000060
21689  -20.583  -68.954  19.070 0.5000000000
24172  -13.068  -66.193  18.036 0.4000000060
23393  -14.193  -66.639  19.292 0.4000000060
144528  -20.488  -68.287  18.907 0.5000000000
24184  -13.057  -65.189  17.995 0.4000000060
133574  -13.801  -65.138  18.482 0.4000000060
22571  -18.934  -67.225  17.624 0.5000000000
21688  -20.091  -67.812  18.534 0.5000000000
135888  -12.477  -64.895  17.280 0.4000000060
23419  -18.605  -66.519  17.333 0.5000000000
145989  -17.090  -65.951  16.064 0.5000000000
24185  -18.231  -65.915  17.008 0.5000000000
25889  -14.516  -62.917  13.788 0.3000000119
25890  -15.278  -62.963  14.309 0.4000000060
25038  -16.493  -64.260  15.360 0.4000000060
138431  -17.825  -65.260  16.681 0.4000000060
21635  -11.998  -69.296  24.052 0.3000000119
20793  -14.274  -69.651  22.434 0.3000000119
22531  -15.513  -68.283  21.240 0.4000000060
22530  -14.830  -68.303  20.524 0.4000000060
20819  -22.098  -69.161  21.201 0.4000000060
132829  -14.998  -66.891  19.932 0.4000000060
24173  -13.625  -65.938  18.569 0.4000000060
24174  -14.368  -65.604  18.978 0.4000000060
21675  -21.012  -68.255  19.525 0.4000000060
25003  -14.434  -64.706  18.652 0.4000000060
22572  -19.597  -67.118  18.242 0.5000000000
25015  -12.806  -64.187  17.510 0.4000000060
26718  -12.557  -62.442  15.853 0.3000000119
24186  -18.862  -65.735  17.514 0.5000000000
26730  -14.933  -61.807  14.931 0.3000000119
22496  -13.729  -68.812  23.438 0.3000000119
21638  -14.619  -68.942  22.895 0.3000000119
147687  -14.907  -69.140  22.247 0.3000000119
22517  -15.896  -68.108  21.844 0.4000000060
23376  -15.408  -67.594  20.520 0.4000000060
23395  -15.954  -66.751  20.298 0.3000000119
20808  -23.348  -69.258  22.161 0.4000000060
20795  -24.749  -69.681  22.381 0.4000000060
24160  -15.077  -66.136  19.570 0.4000000060
21665  -21.909  -68.466  20.693 0.4000000060
22559  -20.706  -67.569  19.096 0.4000000060
25002  -13.585  -64.341  18.157 0.3000000119
22558  -20.335  -66.906  18.753 0.4000000060
25847  -12.433  -63.337  16.694 0.3000000119
25848  -13.317  -63.195  17.672 0.3000000119
27659  -13.587  -61.336  15.347 0.3000000119
25026  -17.459  -64.497  16.407 0.4000000060
22502  -12.643  -67.419  23.459 0.3000000119
21644  -15.357  -68.519  22.307 0.4000000060
22518  -16.553  -67.526  21.940 0.4000000060
22532  -16.293  -67.539  21.261 0.4000000060
20797  -26.126  -69.057  21.914 0.4000000060
21645  -23.975  -68.983  22.392 0.4000000060
132496  -15.848  -65.847  19.755 0.4000000060
21653  -22.612  -68.291  21.393 0.4000000060
21664  -21.621  -67.889  20.163 0.4000000060
22533  -22.278  -67.569  20.808 0.4000000060
25834  -14.288  -63.705  18.328 0.3000000119
23409  -21.021  -66.757  19.250 0.4000000060
26710  -13.918  -61.564  17.454 0.3000000119
23421  -19.925  -66.204  18.417 0.5000000000
26709  -13.498  -61.475  16.784 0.3000000119
27648  -14.557  -60.604  16.086 0.3000000119
24187  -19.591  -65.416  17.992 0.5000000000
25859  -16.515  -62.899  15.514 0.3000000119
25027  -18.127  -64.436  16.832 0.4000000060
25868  -15.853  -62.725  15.020 0.4000000060
126149  -14.427  -67.249  23.063 0.3000000119
24147  -17.436  -66.233  20.876 0.3000000119
24161  -16.683  -66.048  20.289 0.3000000119
132873  -25.491  -69.181  22.280 0.4000000060
25004  -15.305  -64.200  18.860 0.3000000119
22507  -24.133  -68.024  22.329 0.4000000060
138744  -25.012  -67.993  22.424 0.3000000119
22547  -21.863  -67.079  20.178 0.4000000060
22519  -23.303  -67.617  21.794 0.4000000060
26701  -14.652  -61.343  17.792 0.3000000119
28602  -15.025  -60.289  16.704 0.3000000119
24175  -20.236  -65.461  18.478 0.4000000060
27661  -15.045  -60.846  15.603 0.3000000119
131889  -16.892  -62.271  15.886 0.3000000119
139391  -17.661  -62.882  16.383 0.3000000119
25850  -18.404  -63.465  16.873 0.3000000119
24990  -16.239  -65.030  19.587 0.3000000119
24991  -16.974  -64.386  19.724 0.3000000119
25822  -16.188  -64.060  19.225 0.3000000119
22508  -24.774  -67.225  22.341 0.3000000119
134553  -22.910  -66.927  21.212 0.4000000060
22520  -24.232  -66.727  22.121 0.4000000060
28603  -15.511  -60.052  17.284 0.3000000119
23397  -22.107  -66.207  20.079 0.4000000060
23379  -22.772  -66.122  20.736 0.4000000060
27649  -15.354  -60.291  16.201 0.3000000119
27662  -15.760  -60.625  15.827 0.3000000119
25018  -20.224  -64.727  18.250 0.3000000119
28587  -16.002  -60.052  17.974 0.3000000119
137463  -15.761  -59.870  16.750 0.3000000119
24150  -22.656  -65.398  20.225 0.3000000119
24151  -23.294  -65.373  20.841 0.3000000119
27650  -16.210  -60.016  16.266 0.3000000119
24162  -21.375  -65.261  19.148 0.3000000119
26722  -18.284  -62.278  16.660 0.3000000119
25017  -19.598  -64.357  17.730 0.3000000119
28588  -16.708  -59.520  18.103 0.3000000119
29561  -17.564  -59.108  18.372 0.3000000119
28620  -16.902  -59.575  16.692 0.3000000119
24163  -22.033  -65.368  19.630 0.3000000119
28605  -17.364  -59.138  17.196 0.3000000119
29578  -18.643  -58.809  17.928 0.3000000119
25860  -17.118  -63.551  16.089 0.4000000060
26729  -13.943  -61.606  14.695 0.3000000119
26731  -15.900  -61.630  15.445 0.3000000119
140923  -24.049  -90.722  2.994 0.6000000238
4155  -23.514  -92.385  3.537 0.5000000000
4154  -22.711  -92.599  3.073 0.5000000000
4165  -21.530  -92.057  2.486 0.5000000000
3650  -22.867  -93.188  3.707 0.5000000000
4103  -22.978  -92.694  7.440 0.5000000000
5936  -23.855  -89.213  3.090 0.6999999881
5932  -25.876  -88.757  3.882 0.6999999881
6554  -22.818  -88.355  4.173 0.6999999881
127691  -22.544  -89.657  3.397 0.6999999881
4131  -23.062  -92.969  5.930 0.4000000060
5928  -22.532  -89.002  4.495 0.6999999881
4134  -25.254  -92.229  6.293 0.5000000000
139803  -25.108  -92.289  12.706 0.3000000119
4118  -26.440  -92.252  6.651 0.5000000000
4119  -27.445  -92.016  6.779 0.3000000119
126124  -25.384  -85.893  4.406 0.6000000238
7995  -24.029  -86.004  3.753 0.6000000238
7985  -25.220  -85.542  5.145 0.5000000000
8663  -19.604  -85.185  4.260 0.6000000238
4601  -21.424  -91.318  14.858 0.3000000119
6551  -19.721  -87.611  4.565 0.6000000238
7279  -21.311  -86.798  3.973 0.6000000238
4727  -25.467  -90.746  4.241 0.5000000000
4145  -24.530  -92.112  4.710 0.6000000238
4144  -23.960  -92.402  4.283 0.5000000000
6541  -21.243  -88.584  5.463 0.6000000238
5329  -21.548  -89.911  6.044 0.6999999881
6530  -18.671  -88.718  6.149 0.5000000000
5328  -21.140  -90.485  6.299 0.5000000000
4058  -25.910  -92.591  12.484 0.3000000119
6548  -16.481  -88.009  4.090 0.6000000238
4703  -20.286  -91.121  7.208 0.5000000000
3106  -29.173  -94.190  9.514 0.3000000119
5933  -26.488  -89.296  4.394 0.5000000000
4702  -19.094  -91.786  8.114 0.5000000000
7263  -26.123  -87.614  7.331 0.4000000060
5211  -22.686  -90.339  15.828 0.3000000119
7915  -18.884  -87.011  9.974 0.6000000238
7231  -15.587  -86.910  9.344 0.6999999881
7210  -16.533  -87.277  10.980 0.6000000238
7147  -17.466  -87.322  13.666 0.6000000238
145410  -20.355  -87.425  12.043 0.6000000238
9251  -24.113  -84.726  11.449 0.5000000000
6500  -26.399  -88.690  9.611 0.4000000060
8572  -20.884  -85.540  12.737 0.6000000238
9239  -21.521  -85.046  12.351 0.5000000000
8565  -19.550  -86.170  13.448 0.6000000238
11254  -23.978  -81.247  11.134 0.4000000060
7178  -13.391  -87.872  11.905 0.6000000238
141916  -14.763  -87.925  14.022 0.6999999881
10549  -16.702  -82.038  13.505 0.6000000238
7895  -25.017  -86.694  12.374 0.4000000060
9932  -23.542  -82.902  9.127 0.4000000060
12667  -26.833  -79.613  10.483 0.4000000060
10540  -23.798  -82.959  14.647 0.4000000060
7206  -12.694  -88.028  10.351 0.6000000238
11233  -17.753  -80.817  13.210 0.6000000238
10537  -16.332  -82.348  15.062 0.6000000238
8588  -27.717  -85.754  11.614 0.5000000000
9214  -14.610  -83.924  14.999 0.5000000000
11170  -17.822  -81.966  18.412 0.6000000238
9227  -13.938  -84.138  13.841 0.4000000060
7123  -14.548  -87.735  15.602 0.5000000000
10599  -24.323  -81.720  8.375 0.5000000000
9147  -15.845  -85.667  18.235 0.6000000238
7111  -13.945  -87.330  16.227 0.5000000000
17637  -16.437  -72.823  9.098 0.6000000238
20915  -14.352  -68.980  11.114 0.5000000000
17551  -16.218  -73.413  16.671 0.5000000000
17599  -16.466  -73.286  13.438 0.6000000238
18361  -16.127  -72.878  14.662 0.6000000238
18320  -16.601  -72.837  17.077 0.6000000238
19214  -16.899  -71.013  12.061 0.6000000238
21775  -13.136  -68.328  12.249 0.5000000000
18300  -17.473  -72.638  19.341 0.5000000000
21729  -18.301  -68.848  15.682 0.6000000238
23495  -14.843  -66.664  12.147 0.5000000000
22605  -17.459  -67.442  15.508 0.6000000238
21661  -13.110  -69.839  19.412 0.3000000119
19997  -19.772  -70.317  18.486 0.5000000000
25903  -15.174  -63.655  13.572 0.3000000119
19984  -20.920  -69.672  20.000 0.4000000060
20828  -21.013  -69.077  19.733 0.4000000060
25058  -15.805  -63.997  14.101 0.4000000060
26749  -14.467  -62.253  14.294 0.3000000119
138794  -18.499  -65.129  17.142 0.5000000000
20807  -22.773  -69.159  21.764 0.4000000060
22504  -14.365  -68.220  23.211 0.3000000119
25849  -14.192  -62.496  18.027 0.3000000119
23408  -20.720  -65.946  18.912 0.4000000060
25861  -17.743  -63.802  16.552 0.3000000119
126114  -15.136  -62.403  18.406 0.3000000119
143379  -19.071  -65.004  17.557 0.4000000060
147038  -14.734  -66.398  22.791 0.3000000119
26702  -15.413  -61.579  18.332 0.3000000119
23396  -21.475  -66.039  19.450 0.4000000060
28604  -16.281  -59.541  17.358 0.3000000119
3080  -15.113  -93.817  10.329 0.5000000000
3574  -15.600  -93.718  9.836 0.5000000000
3593  -16.620  -93.423  8.881 0.5000000000
4100  -17.704  -92.882  7.939 0.4000000060
3542  -14.543  -93.183  11.842 0.5000000000
125940  -15.084  -93.331  11.149 0.5000000000
3556  -16.216  -92.853  10.453 0.5000000000
3576  -17.087  -92.887  9.493 0.5000000000
141946  -17.602  -92.519  9.231 0.5000000000
4068  -14.892  -92.625  11.640 0.4000000060
4074  -15.676  -92.672  10.930 0.5000000000
4080  -16.713  -92.569  10.122 0.5000000000
5299  -18.727  -90.894  8.633 0.4000000060
4665  -15.332  -92.118  11.254 0.5000000000
4680  -15.886  -91.613  10.228 0.5000000000
4667  -16.241  -92.412  10.485 0.5000000000
4694  -15.532  -91.179  9.441 0.5000000000
5283  -16.465  -91.294  9.705 0.5000000000
5296  -16.152  -90.769  8.956 0.5000000000
5297  -16.908  -90.427  8.646 0.5000000000
5900  -17.799  -89.766  7.787 0.4000000060
4679  -14.999  -91.431  10.091 0.5000000000
5312  -15.938  -90.328  7.904 0.5000000000
5911  -17.069  -89.530  6.990 0.5000000000
4699  -11.829  -91.274  7.440 0.5000000000
132193  -13.867  -91.463  9.809 0.5000000000
4692  -13.494  -91.407  8.695 0.5000000000
4701  -14.091  -91.196  8.121 0.5000000000
5310  -13.777  -90.966  7.285 0.5000000000
5311  -15.019  -90.502  7.412 0.5000000000
135815  -14.867  -90.233  6.648 0.5000000000
5327  -16.167  -89.850  6.973 0.5000000000
5924  -16.352  -89.289  6.015 0.5000000000
139733  -12.561  -91.263  7.412 0.5000000000
134790  -12.174  -90.944  6.677 0.5000000000
5919  -11.494  -89.041  5.230 0.5000000000
5324  -13.507  -90.565  6.393 0.5000000000
5921  -12.665  -89.172  4.793 0.5000000000
7267  -12.318  -88.129  5.095 0.5000000000
5325  -14.159  -90.026  5.840 0.5000000000
5922  -13.495  -89.316  4.832 0.5000000000
144709  -13.162  -88.775  4.527 0.5000000000
5909  -14.466  -89.278  4.956 0.5000000000
5910  -15.298  -89.760  6.057 0.5000000000
128448  -16.945  -88.872  5.645 0.5000000000
7228  -12.037  -88.184  9.520 0.5000000000
140331  -12.535  -88.089  8.695 0.6000000238
7258  -12.207  -88.045  6.239 0.5000000000
7271  -13.055  -87.835  4.607 0.5000000000
7260  -13.701  -87.330  7.081 0.5000000000
7275  -13.918  -87.510  4.247 0.5000000000
7269  -13.792  -87.087  5.851 0.5000000000
6547  -14.958  -88.062  3.908 0.5000000000
7285  -14.735  -87.380  3.959 0.5000000000
5923  -15.454  -89.043  5.049 0.5000000000
7205  -11.046  -87.646  11.047 0.5000000000
127712  -11.921  -87.930  11.130 0.5000000000
7244  -13.335  -87.669  8.148 0.6000000238
11273  -19.142  -81.319  8.990 0.5000000000
11263  -18.453  -81.288  10.704 0.6000000238
11274  -19.637  -80.627  8.987 0.5000000000
11962  -19.196  -80.808  9.878 0.5000000000
11251  -18.537  -80.608  11.501 0.6000000238
12674  -19.085  -79.972  11.131 0.6000000238
11963  -19.780  -79.991  9.461 0.5000000000
12675  -19.355  -79.397  10.727 0.6000000238
13487  -19.311  -78.451  10.675 0.5000000000
12666  -19.080  -79.252  11.418 0.6000000238
13475  -18.915  -78.609  11.629 0.6000000238
14333  -19.528  -77.560  9.904 0.5000000000
14332  -19.056  -77.278  10.747 0.6000000238
14303  -18.083  -77.272  12.574 0.6000000238
15124  -19.274  -75.818  9.794 0.5000000000
15109  -18.593  -76.509  11.152 0.5000000000
16774  -18.804  -74.237  9.211 0.5000000000
16773  -18.043  -73.549  8.937 0.6000000238
17636  -15.366  -73.195  9.035 0.6000000238
17651  -16.110  -73.662  8.649 0.5000000000
16742  -18.170  -74.660  11.120 0.6000000238
135873  -18.741  -75.774  10.575 0.5000000000
132871  -17.167  -73.223  8.923 0.5000000000
18406  -14.990  -71.612  9.699 0.6000000238
124217  -15.783  -72.234  9.310 0.6000000238
131651  -14.685  -70.900  10.090 0.6000000238
125501  -26.771  -92.947  12.309 0.3000000119
3535  -29.097  -93.811  12.063 0.3000000119
135767  -27.982  -94.611  10.784 0.3000000119
4062  -30.446  -93.255  12.745 0.3000000119
3086  -28.475  -94.602  10.611 0.3000000119
3064  -26.920  -94.345  10.928 0.3000000119
3046  -26.139  -93.975  11.168 0.3000000119
5314  -18.377  -90.305  8.388 0.4000000060
135454  -13.799  -88.619  4.349 0.5000000000
11262  -17.728  -81.869  11.176 0.5000000000
4682  -17.849  -91.660  9.336 0.4000000060
5284  -17.259  -91.455  9.617 0.5000000000
4693  -14.502  -91.298  9.072 0.5000000000
4691  -12.526  -91.454  8.242 0.5000000000
4700  -13.245  -91.295  7.770 0.5000000000
5308  -11.294  -90.771  6.543 0.5000000000
5920  -11.982  -89.031  4.927 0.5000000000
5334  -13.078  -89.944  5.424 0.5000000000
7268  -12.948  -87.597  5.338 0.5000000000
3534  -28.112  -93.809  11.864 0.3000000119
3549  -29.971  -94.124  11.429 0.3000000119
3048  -28.699  -94.287  11.469 0.3000000119
3049  -29.438  -94.152  11.615 0.3000000119
3536  -30.118  -93.771  12.134 0.3000000119
23380  -23.408  -66.098  21.341 0.3000000119
3047  -27.810  -94.364  11.197 0.3000000119
3065  -28.428  -94.566  11.047 0.3000000119
3066  -29.152  -94.469  11.087 0.3000000119
3085  -27.726  -94.602  10.262 0.4000000060
3104  -27.687  -94.429  9.535 0.4000000060
3531  -24.669  -93.401  11.805 0.3000000119
3546  -24.460  -93.723  11.165 0.3000000119
3548  -27.036  -93.758  11.636 0.3000000119
3555  -15.748  -93.287  10.510 0.5000000000
3575  -16.329  -93.285  9.835 0.5000000000
3584  -28.375  -94.196  9.112 0.3000000119
3594  -17.362  -92.998  8.720 0.4000000060
3617  -28.283  -92.870  7.840 0.3000000119
3648  -21.761  -93.354  3.143 0.5000000000
3660  -22.020  -92.739  2.836 0.5000000000
4052  -14.366  -92.799  12.167 0.4000000060
4055  -23.452  -92.862  12.406 0.3000000119
4081  -17.368  -92.128  9.703 0.5000000000
4082  -17.959  -92.071  9.271 0.5000000000
4089  -18.023  -92.461  8.718 0.5000000000
4102  -19.623  -91.531  7.537 0.5000000000
4104  -23.811  -92.529  7.401 0.5000000000
4109  -28.692  -92.241  7.561 0.3000000119
4115  -19.074  -92.084  7.528 0.5000000000
4116  -23.346  -92.617  6.672 0.4000000060
4166  -22.305  -91.911  2.560 0.5000000000
4589  -22.233  -90.718  15.572 0.3000000119
4664  -14.620  -91.649  10.923 0.5000000000
4666  -15.918  -92.092  10.723 0.5000000000
4681  -16.639  -91.922  10.207 0.5000000000
4695  -18.538  -91.652  8.824 0.4000000060
4708  -20.597  -91.075  6.489 0.5000000000
4711  -28.607  -90.923  6.815 0.3000000119
4714  -20.064  -91.289  5.676 0.6000000238
4716  -25.216  -91.854  5.233 0.6000000238
4725  -19.226  -91.120  4.647 0.5000000000
4728  -26.088  -90.606  4.684 0.4000000060
4752  -23.359  -90.904  2.673 0.5000000000
5226  -22.666  -90.376  15.217 0.3000000119
5295  -15.084  -90.878  8.362 0.5000000000
5298  -17.889  -90.874  9.082 0.5000000000
5309  -13.000  -91.032  6.918 0.5000000000
5313  -16.896  -89.986  7.806 0.5000000000
5315  -19.178  -90.466  8.121 0.5000000000
5316  -19.894  -90.691  7.602 0.5000000000
5317  -20.610  -90.548  7.021 0.5000000000
5319  -29.198  -90.532  7.787 0.3000000119
5322  -11.729  -90.289  5.824 0.5000000000
5323  -12.608  -90.489  6.041 0.5000000000
5326  -15.464  -90.151  7.009 0.5000000000
5332  -11.451  -89.433  5.346 0.5000000000
5333  -12.187  -89.702  5.276 0.5000000000
5339  -28.199  -89.545  5.935 0.4000000060
5343  -21.421  -90.134  4.028 0.6999999881
5348  -23.716  -90.072  2.850 0.6999999881
5874  -27.080  -89.077  10.113 0.4000000060
5876  -28.515  -89.811  10.726 0.4000000060
5885  -28.477  -89.963  9.139 0.4000000060
5914  -20.179  -89.498  6.946 0.5000000000
5927  -21.982  -89.588  5.298 0.6999999881
5930  -14.694  -88.528  4.301 0.5000000000
5934  -27.240  -89.551  5.049 0.4000000060
5935  -21.800  -90.180  2.786 0.6999999881
6479  -26.882  -88.215  11.601 0.4000000060
6481  -28.816  -88.392  11.736 0.4000000060
6523  -28.008  -88.703  6.853 0.4000000060
6529  -11.582  -88.620  5.497 0.5000000000
6536  -15.542  -88.350  4.280 0.6999999881
6537  -16.321  -88.689  4.980 0.6000000238
6538  -17.688  -88.754  5.881 0.6000000238
6543  -27.071  -87.869  4.896 0.4000000060
6545  -12.613  -88.661  4.743 0.5000000000
6546  -13.318  -88.242  4.428 0.5000000000
6549  -17.194  -88.461  4.925 0.6000000238
6558  -14.954  -87.702  3.865 0.5000000000
6562  -25.247  -88.331  3.636 0.6000000238
7112  -14.860  -87.417  16.461 0.5000000000
7113  -15.823  -87.288  16.559 0.6000000238
7121  -12.816  -87.224  15.204 0.6000000238
7124  -15.525  -87.673  15.705 0.6000000238
7132  -13.285  -87.684  14.591 0.6000000238
7135  -16.233  -87.673  14.916 0.6000000238
7143  -12.136  -87.340  13.535 0.6000000238
7145  -13.970  -87.902  13.837 0.6999999881
7155  -11.846  -87.380  12.793 0.6000000238
7163  -21.678  -87.175  12.301 0.6000000238
7166  -23.975  -87.456  11.963 0.5000000000
7182  -16.952  -87.408  11.658 0.6000000238
7184  -19.867  -87.503  11.485 0.6000000238
7185  -20.792  -87.608  11.429 0.6000000238
7186  -21.674  -87.549  11.711 0.6000000238
7187  -22.521  -87.638  11.537 0.6000000238
7188  -23.312  -87.741  11.411 0.5000000000
7189  -24.653  -87.798  11.473 0.5000000000
7191  -26.383  -87.459  11.991 0.5000000000
7193  -28.211  -87.545  11.930 0.4000000060
7207  -13.610  -87.783  10.854 0.6000000238
7208  -14.506  -87.461  10.417 0.6999999881
7212  -21.107  -87.617  10.609 0.6000000238
7217  -25.231  -88.164  10.931 0.5000000000
7229  -13.118  -87.902  9.285 0.6000000238
7232  -21.649  -87.531  9.976 0.5000000000
7249  -24.482  -87.640  8.569 0.4000000060
7259  -12.984  -87.736  7.115 0.5000000000
7272  -13.526  -87.335  4.844 0.5000000000
7274  -12.683  -88.347  4.758 0.5000000000
7283  -25.723  -86.833  4.150 0.6000000238
7287  -16.144  -87.287  3.635 0.6999999881
7290  -19.638  -86.156  3.696 0.6000000238
7829  -16.198  -86.191  18.102 0.6000000238
7831  -17.776  -86.150  18.145 0.6000000238
7840  -14.684  -86.132  17.491 0.6000000238
7843  -18.182  -86.307  17.608 0.6000000238
7853  -14.289  -86.797  16.904 0.6000000238
7855  -17.347  -86.819  16.701 0.6000000238
7863  -18.062  -86.573  15.951 0.6000000238
7870  -17.785  -86.824  15.089 0.6000000238
7883  -18.116  -87.021  13.621 0.6000000238
7893  -23.538  -86.939  12.454 0.4000000060
7902  -26.289  -86.516  12.192 0.5000000000
7916  -19.443  -87.129  10.005 0.6000000238
7918  -29.047  -86.234  11.165 0.4000000060
7919  -29.856  -86.386  10.574 0.4000000060
7929  -16.525  -86.800  9.520 0.6000000238
7935  -22.273  -87.418  9.396 0.5000000000
7945  -15.563  -86.728  8.480 0.6999999881
7947  -17.906  -86.328  8.737 0.6000000238
7951  -22.232  -86.797  8.435 0.5000000000
7952  -23.002  -86.890  8.115 0.5000000000
7982  -14.229  -86.882  4.870 0.6000000238
7983  -15.096  -86.454  4.912 0.6000000238
7986  -25.796  -86.091  5.025 0.4000000060
7989  -16.245  -86.172  3.998 0.6000000238
7990  -17.017  -86.171  3.820 0.6999999881
7991  -18.052  -85.985  3.817 0.6000000238
7996  -24.679  -85.495  4.014 0.6000000238
7997  -26.124  -86.615  4.680 0.4000000060
7998  -15.227  -86.915  3.870 0.6000000238
7999  -15.905  -86.701  3.731 0.6000000238
8499  -16.470  -85.727  18.396 0.6000000238
8500  -17.301  -85.603  18.592 0.6000000238
8502  -18.949  -85.494  18.647 0.6000000238
8515  -14.527  -85.219  17.342 0.6999999881
8518  -19.478  -85.874  17.955 0.5000000000
8529  -13.352  -86.046  16.337 0.6000000238
8533  -20.639  -85.312  17.040 0.5000000000
8539  -12.910  -85.811  15.750 0.5000000000
8541  -18.804  -86.062  15.628 0.6000000238
8543  -20.083  -85.303  16.186 0.5000000000
8552  -12.045  -85.875  14.579 0.4000000060
8566  -20.175  -85.589  13.199 0.6000000238
8569  -11.191  -86.030  12.480 0.6000000238
8570  -11.620  -85.406  12.896 0.6000000238
8571  -19.954  -86.361  12.986 0.6000000238
8573  -22.269  -85.714  12.450 0.5000000000
8575  -24.673  -86.052  12.424 0.5000000000
8576  -25.496  -86.180  12.308 0.5000000000
8586  -24.037  -85.416  12.122 0.5000000000
8610  -28.908  -85.124  10.081 0.5000000000
8634  -18.757  -85.443  7.043 0.5000000000
8639  -23.254  -85.618  6.780 0.5000000000
8645  -17.608  -85.477  5.969 0.6000000238
8648  -21.291  -84.773  6.274 0.5000000000
8650  -23.920  -85.137  5.942 0.5000000000
8655  -17.524  -85.483  4.953 0.6999999881
8658  -20.229  -84.787  4.950 0.5000000000
8660  -24.540  -85.065  5.274 0.5000000000
8665  -22.157  -84.867  3.990 0.5000000000
8668  -24.624  -85.136  4.541 0.5000000000
9149  -17.294  -84.730  18.862 0.6000000238
9150  -18.769  -84.846  19.061 0.6000000238
9151  -19.532  -84.884  19.021 0.6000000238
9171  -15.758  -84.196  17.930 0.6000000238
9172  -21.077  -85.156  17.746 0.5000000000
9195  -13.332  -84.907  15.377 0.6000000238
9197  -14.900  -83.778  15.648 0.5000000000
9198  -20.373  -84.719  15.233 0.5000000000
9201  -22.533  -84.123  16.239 0.5000000000
9212  -13.188  -84.632  14.472 0.6000000238
9213  -14.000  -84.260  14.760 0.5000000000
9215  -19.901  -84.967  14.424 0.5000000000
9228  -14.755  -83.763  14.105 0.5000000000
9229  -19.737  -85.461  13.837 0.6000000238
9248  -21.694  -84.082  11.792 0.5000000000
9268  -27.245  -84.607  10.533 0.4000000060
9269  -28.148  -84.851  10.261 0.5000000000
9282  -26.642  -83.992  9.834 0.4000000060
9323  -21.812  -84.508  4.819 0.5000000000
9325  -21.726  -84.702  4.296 0.5000000000
9326  -22.273  -84.586  4.387 0.5000000000
9807  -20.753  -84.147  19.102 0.5000000000
9852  -15.482  -83.818  17.190 0.6999999881
9876  -20.738  -84.006  13.817 0.6000000238
9877  -21.405  -83.628  14.222 0.6000000238
9879  -23.216  -83.436  15.114 0.4000000060
9888  -15.503  -83.249  13.917 0.5000000000
9891  -21.909  -83.166  13.692 0.6000000238
9898  -21.724  -83.208  11.805 0.6999999881
9903  -15.186  -83.525  12.059 0.5000000000
9904  -15.775  -83.264  12.182 0.5000000000
9916  -22.614  -83.435  10.386 0.5000000000
9918  -24.529  -83.644  9.727 0.5000000000
10475  -19.102  -83.065  19.447 0.6000000238
10477  -20.719  -82.712  19.764 0.6000000238
10478  -21.509  -82.953  19.309 0.6000000238
10494  -17.703  -82.820  18.626 0.6000000238
10517  -16.687  -82.509  17.068 0.5000000000
10532  -16.786  -81.750  15.358 0.5000000000
10539  -22.825  -83.048  14.150 0.6000000238
10550  -21.662  -83.056  12.729 0.6000000238
10551  -22.404  -82.709  13.211 0.6000000238
10556  -16.429  -82.792  12.176 0.6000000238
10557  -16.891  -82.127  12.517 0.6000000238
10560  -23.853  -82.162  12.951 0.6000000238
10572  -17.270  -82.482  10.875 0.6000000238
10584  -17.884  -82.087  10.267 0.5000000000
10585  -23.133  -82.143  9.096 0.4000000060
10586  -23.873  -82.265  8.559 0.5000000000
10600  -24.751  -82.255  8.248 0.4000000060
11153  -19.409  -81.863  19.954 0.6000000238
11171  -18.160  -81.673  18.947 0.6000000238
11183  -17.480  -81.461  17.577 0.6000000238
11221  -17.176  -81.165  14.733 0.6000000238
11223  -25.768  -81.630  14.080 0.5000000000
11236  -26.198  -81.088  12.882 0.5000000000
11245  -25.763  -81.051  12.108 0.4000000060
11250  -17.495  -81.660  11.996 0.6000000238
11255  -24.946  -80.986  11.207 0.4000000060
11264  -22.659  -81.915  9.977 0.5000000000
11287  -19.650  -80.864  8.042 0.5000000000
11919  -17.638  -80.627  14.095 0.6000000238
11922  -26.629  -80.502  14.025 0.5000000000
11933  -26.693  -80.555  13.192 0.4000000060
11940  -18.490  -79.899  12.638 0.6999999881
11942  -26.895  -80.232  12.298 0.4000000060
11951  -18.964  -80.548  10.726 0.6000000238
11952  -19.418  -80.015  10.348 0.6000000238
12552  -17.856  -80.085  19.335 0.5000000000
12566  -17.483  -79.580  17.856 0.6000000238
12655  -27.460  -79.577  12.595 0.4000000060
12687  -19.675  -79.217  9.956 0.6000000238
13334  -17.679  -78.699  20.165 0.5000000000
13370  -17.288  -78.859  17.520 0.6000000238
13408  -17.808  -78.832  15.078 0.6000000238
13439  -18.252  -78.882  13.659 0.6999999881
13440  -27.591  -78.521  13.719 0.4000000060
13460  -18.514  -78.163  12.274 0.6999999881
14212  -16.788  -77.397  18.593 0.5000000000
14258  -17.278  -77.646  15.573 0.6999999881
14271  -17.655  -77.592  14.178 0.6999999881
14321  -18.524  -77.299  11.696 0.6000000238
14981  -16.650  -75.915  19.279 0.5000000000
15003  -16.610  -76.428  18.593 0.5000000000
15022  -16.485  -75.921  17.904 0.5000000000
15033  -16.778  -76.869  16.809 0.4000000060
15043  -16.659  -76.219  16.355 0.6000000238
15057  -17.021  -76.319  14.925 0.6999999881
15089  -17.731  -76.448  12.776 0.6999999881
15762  -17.245  -75.129  20.437 0.5000000000
15764  -18.496  -75.649  21.246 0.5000000000
15777  -16.526  -75.186  18.934 0.5000000000
15829  -16.355  -75.429  16.436 0.5000000000
15864  -16.992  -75.458  13.741 0.6000000238
15899  -18.225  -75.645  11.420 0.5000000000
16595  -18.112  -74.149  21.088 0.5000000000
16608  -16.946  -74.338  19.999 0.5000000000
16628  -16.446  -74.446  18.496 0.6000000238
16641  -16.279  -74.502  17.582 0.6000000238
16688  -16.151  -74.276  14.482 0.6000000238
16725  -16.847  -73.867  13.084 0.6000000238
16758  -18.558  -74.390  10.246 0.6000000238
17502  -17.520  -73.740  20.480 0.5000000000
17528  -16.685  -73.923  19.149 0.5000000000
17567  -16.068  -73.099  15.361 0.6000000238
17588  -16.121  -73.453  14.210 0.6000000238
17605  -16.941  -73.204  12.659 0.6000000238
17614  -17.914  -73.124  10.927 0.6999999881
17622  -17.789  -73.134  9.595 0.6000000238
17635  -14.428  -73.578  9.360 0.6000000238
18293  -17.714  -72.916  20.194 0.5000000000
18301  -18.129  -72.200  19.778 0.5000000000
18310  -16.734  -72.949  17.981 0.6000000238
18322  -17.879  -71.762  17.984 0.6999999881
18366  -16.227  -72.646  13.884 0.6000000238
18374  -16.537  -72.419  13.013 0.6000000238
18385  -17.220  -71.618  11.555 0.6000000238
18394  -14.064  -72.285  9.928 0.6000000238
18405  -14.722  -72.667  9.458 0.6000000238
18407  -16.931  -72.058  9.561 0.6000000238
19148  -18.682  -71.596  19.318 0.5000000000
19188  -17.506  -71.292  15.317 0.6000000238
19224  -17.043  -70.938  11.110 0.6000000238
19967  -23.003  -69.861  22.132 0.4000000060
19982  -19.875  -70.673  19.362 0.5000000000
19998  -20.225  -70.125  19.124 0.5000000000
20014  -19.411  -70.122  17.720 0.6000000238
20046  -16.633  -71.267  13.544 0.6000000238
20066  -16.772  -70.278  12.298 0.6000000238
20796  -25.650  -69.884  22.032 0.4000000060
20804  -13.861  -70.118  21.773 0.3000000119
20818  -21.438  -69.287  20.484 0.4000000060
20840  -20.221  -69.602  18.693 0.5000000000
20914  -13.550  -69.373  11.437 0.5000000000
20930  -15.301  -69.323  10.679 0.5000000000
21636  -12.901  -69.453  23.592 0.3000000119
21637  -13.720  -69.595  23.149 0.3000000119
21646  -24.831  -68.716  22.428 0.4000000060
21647  -25.653  -68.457  22.306 0.4000000060
21654  -23.320  -68.537  22.030 0.4000000060
21663  -14.824  -68.945  21.134 0.3000000119
21687  -13.161  -69.364  18.756 0.3000000119
21703  -20.051  -68.810  18.349 0.5000000000
21760  -16.958  -68.941  13.746 0.6000000238
21787  -12.985  -68.963  12.056 0.5000000000
22503  -13.593  -67.862  23.408 0.3000000119
22546  -13.788  -67.725  19.312 0.4000000060
22587  -18.385  -67.200  16.982 0.5000000000
22588  -18.731  -67.922  17.098 0.5000000000
22618  -16.810  -67.147  14.104 0.6000000238
22643  -12.898  -67.697  12.842 0.5000000000
22646  -15.647  -67.073  11.983 0.4000000060
23365  -24.082  -66.107  21.875 0.3000000119
23394  -14.524  -67.543  19.906 0.4000000060
23420  -19.214  -66.374  17.907 0.5000000000
23434  -18.083  -66.601  16.849 0.5000000000
23453  -17.143  -66.535  15.774 0.6999999881
23497  -16.164  -65.999  12.588 0.5000000000
24146  -16.965  -66.841  20.967 0.3000000119
24176  -20.784  -65.013  18.713 0.3000000119
24199  -17.134  -65.310  16.181 0.5000000000
24210  -16.770  -65.709  15.591 0.5000000000
24239  -13.913  -65.360  12.866 0.4000000060
24240  -14.809  -64.745  12.748 0.4000000060
24989  -15.212  -65.245  19.212 0.4000000060
25006  -21.325  -64.584  18.896 0.3000000119
25014  -12.259  -64.279  16.847 0.4000000060
25016  -18.829  -64.336  17.254 0.4000000060
25025  -16.895  -64.429  15.974 0.4000000060
25059  -16.309  -64.820  14.233 0.4000000060
25835  -14.927  -63.238  18.502 0.3000000119
25836  -15.715  -63.293  18.830 0.3000000119
25858  -12.934  -62.302  16.831 0.3000000119
25891  -16.043  -63.629  14.788 0.4000000060
25902  -14.577  -63.532  13.395 0.3000000119
26719  -13.146  -61.659  15.969 0.3000000119
26720  -16.563  -61.014  15.896 0.3000000119
26721  -17.472  -61.648  16.222 0.3000000119
26748  -13.723  -62.361  14.189 0.3000000119
27626  -15.353  -60.676  17.890 0.3000000119
27637  -13.794  -60.970  16.022 0.3000000119
27638  -14.212  -60.758  16.854 0.3000000119
27639  -14.886  -60.506  17.275 0.3000000119
27651  -17.174  -60.419  16.303 0.3000000119
27660  -14.222  -61.025  15.379 0.3000000119
28606  -18.191  -59.136  17.302 0.3000000119
28619  -16.350  -59.567  16.826 0.3000000119
29542  -18.230  -59.103  18.862 0.3000000119
29560  -17.055  -59.137  17.629 0.3000000119
29562  -18.366  -58.856  18.393 0.3000000119
29577  -17.832  -58.884  17.791 0.3000000119
29589  -16.756  -59.293  17.122 0.3000000119
123347  -19.024  -85.238  4.508 0.6000000238
123499  -17.365  -76.742  14.201 0.6999999881
123524  -16.910  -87.504  14.197 0.5000000000
123563  -11.379  -87.490  11.705 0.6000000238
124270  -16.473  -64.999  15.101 0.4000000060
124543  -15.932  -73.717  15.907 0.5000000000
124690  -15.631  -70.707  10.019 0.6000000238
124922  -16.119  -74.103  16.772 0.6000000238
124927  -14.048  -87.395  8.942 0.6999999881
125190  -17.586  -90.215  8.406 0.4000000060
125990  -15.939  -68.412  11.515 0.5000000000
126161  -18.321  -73.667  9.801 0.6000000238
126542  -20.033  -94.148  3.331 0.5000000000
126910  -18.644  -86.247  16.406 0.6000000238
126913  -22.330  -87.686  10.192 0.5000000000
127046  -18.988  -87.213  12.386 0.6000000238
127111  -14.274  -87.985  3.985 0.5000000000
127442  -23.350  -81.332  10.338 0.5000000000
127557  -27.244  -93.655  8.533 0.3000000119
128229  -17.554  -80.165  16.520 0.6000000238
128374  -12.003  -88.725  5.025 0.5000000000
129188  -13.404  -69.943  20.261 0.4000000060
129736  -17.301  -77.967  19.998 0.5000000000
129961  -15.522  -86.235  17.847 0.6000000238
130070  -23.382  -87.903  3.885 0.6999999881
130109  -13.500  -62.172  17.435 0.3000000119
130455  -16.868  -87.530  13.252 0.6000000238
130717  -11.776  -85.629  13.748 0.4000000060
131026  -22.988  -86.356  12.530 0.5000000000
131459  -16.622  -67.387  13.206 0.6000000238
131732  -16.613  -68.895  12.634 0.6000000238
131820  -14.312  -90.557  6.875 0.5000000000
132263  -16.201  -74.784  16.852 0.6000000238
132376  -22.383  -66.777  20.607 0.4000000060
132583  -19.617  -84.959  5.756 0.5000000000
132858  -12.761  -87.947  11.252 0.6000000238
132878  -23.630  -66.781  21.766 0.4000000060
133296  -27.480  -94.539  10.715 0.3000000119
134455  -21.556  -66.690  19.715 0.4000000060
134846  -20.948  -90.547  4.680 0.6000000238
134850  -22.707  -85.125  3.799 0.6000000238
134891  -17.091  -78.221  17.215 0.6000000238
135023  -20.384  -85.122  4.068 0.6000000238
135027  -18.519  -75.114  10.667 0.6000000238
135383  -15.219  -68.154  11.478 0.4000000060
135438  -14.179  -67.109  12.178 0.5000000000
135442  -15.829  -87.368  11.124 0.6999999881
135465  -16.345  -63.481  15.282 0.4000000060
135697  -16.696  -70.927  12.815 0.6000000238
136254  -11.831  -86.584  14.005 0.5000000000
136287  -15.790  -84.924  18.269 0.6000000238
136414  -18.165  -80.428  12.758 0.6999999881
136431  -14.284  -65.694  22.597 0.3000000119
136473  -21.301  -67.375  19.641 0.4000000060
136526  -26.167  -86.967  6.325 0.4000000060
136818  -13.128  -87.515  6.295 0.5000000000
136895  -18.217  -79.516  13.795 0.6999999881
136951  -13.702  -63.287  13.741 0.3000000119
136960  -16.335  -82.355  14.269 0.6000000238
136989  -21.405  -68.600  20.109 0.4000000060
137280  -23.911  -92.539  5.037 0.5000000000
137836  -18.479  -71.175  17.532 0.6000000238
138525  -19.457  -76.687  9.772 0.5000000000
138803  -20.107  -92.528  2.531 0.5000000000
139071  -18.567  -81.633  9.748 0.6000000238
139098  -14.452  -90.841  7.614 0.5000000000
139179  -16.684  -63.760  15.681 0.4000000060
139261  -17.838  -79.635  15.086 0.6000000238
139599  -16.532  -73.682  18.338 0.5000000000
140001  -20.086  -91.653  2.427 0.6000000238
140072  -18.275  -86.490  3.643 0.6999999881
140617  -15.263  -68.802  21.795 0.3000000119
140623  -15.196  -87.168  10.095 0.6999999881
141364  -16.991  -90.907  9.311 0.5000000000
141491  -17.670  -87.376  11.647 0.5000000000
141848  -25.744  -89.525  3.930 0.8000000119
141854  -23.412  -92.899  5.288 0.5000000000
142149  -11.363  -86.789  12.715 0.6000000238
142259  -19.130  -86.024  14.034 0.6000000238
142368  -16.602  -86.140  7.480 0.6000000238
142413  -19.129  -87.350  10.753 0.6000000238
142423  -21.595  -85.941  12.609 0.6000000238
142813  -15.761  -87.637  12.423 0.6000000238
142834  -16.435  -72.429  15.179 0.6000000238
142891  -22.417  -93.769  3.816 0.5000000000
142936  -15.408  -87.851  13.784 0.6999999881
142950  -17.276  -72.697  9.444 0.5000000000
143124  -10.833  -86.935  11.530 0.5000000000
143181  -23.972  -87.843  11.251 0.5000000000
143210  -25.769  -93.408  8.575 0.4000000060
143321  -18.852  -77.973  11.410 0.6000000238
143940  -29.772  -94.326  10.816 0.3000000119
144309  -18.731  -79.137  12.305 0.6000000238
144319  -23.982  -67.257  22.145 0.3000000119
144354  -20.652  -85.202  18.280 0.5000000000
144423  -27.192  -90.238  5.281 0.4000000060
144587  -12.715  -86.587  15.548 0.6000000238
144919  -21.115  -84.394  15.528 0.5000000000
144969  -16.142  -85.367  18.416 0.6000000238
144987  -20.252  -63.976  18.049 0.3000000119
145211  -12.167  -91.526  8.796 0.5000000000
145229  -18.396  -80.351  12.215 0.6999999881
145391  -19.016  -76.426  10.431 0.5000000000
145694  -22.761  -67.593  21.312 0.4000000060
146213  -24.165  -92.943  8.629 0.4000000060
146709  -13.093  -86.472  16.051 0.6000000238
147641  -16.333  -69.463  10.884 0.5000000000
147938  -19.185  -92.018  6.793 0.5000000000
147968  -28.645  -90.297  6.802 0.3000000119
148161  -22.334  -88.378  4.572 0.6999999881
148194  -29.746  -93.619  9.220 0.3000000119
148252  -21.876  -89.977  4.784 0.6999999881
148694  -18.312  -67.725  16.548 0.6000000238
148854  -15.399  -91.761  10.723 0.5000000000
148932  -19.458  -69.656  17.642 0.6000000238
148979  -15.459  -83.311  15.388 0.6000000238
149018  -25.663  -87.115  6.978 0.4000000060
