#!ascii label  , from subject sub-v2s0x29032_ses-1 vox2ras=TkReg
1364
44602  -28.375  -29.700  -26.840 0.4285714328
127725  -28.735  -28.413  -27.578 0.2857142985
44603  -28.795  -29.027  -27.206 0.4285714328
45478  -29.316  -28.387  -27.428 0.4285714328
46369  -30.348  -27.520  -27.503 0.4285714328
46387  -29.393  -27.280  -28.244 0.2857142985
46388  -30.073  -27.158  -28.088 0.4285714328
120044  -30.478  -26.562  -28.365 0.4285714328
48259  -29.432  -25.609  -29.668 0.4285714328
137442  -30.069  -25.809  -29.537 0.4285714328
49151  -30.061  -24.805  -30.693 0.4285714328
49163  -30.611  -24.298  -31.134 0.4285714328
51032  -29.693  -22.988  -31.661 0.5714285970
50068  -30.243  -23.559  -31.504 0.5714285970
50069  -31.091  -23.770  -31.539 0.4285714328
50077  -32.186  -23.444  -32.002 0.2857142985
51043  -31.105  -22.770  -32.105 0.7142857313
51044  -31.932  -22.920  -32.337 0.7142857313
51965  -33.387  -22.303  -33.197 0.7142857313
51049  -33.794  -22.640  -33.003 0.4285714328
120034  -31.456  -22.199  -32.465 0.7142857313
51048  -33.197  -22.745  -32.826 0.5714285970
131328  -34.519  -21.543  -33.876 0.5714285970
122306  -32.704  -21.585  -33.172 0.5714285970
53029  -33.635  -21.611  -33.602 0.5714285970
53045  -33.942  -20.809  -34.012 0.5714285970
122028  -34.873  -20.745  -34.292 0.5714285970
53028  -32.822  -20.608  -33.461 0.5714285970
51973  -35.271  -21.260  -34.038 0.4285714328
135166  -34.626  -19.417  -34.695 0.5714285970
54273  -36.522  -19.207  -35.345 0.5714285970
127175  -32.884  -18.916  -33.852 0.7142857313
54271  -35.190  -19.053  -35.071 0.7142857313
55327  -35.870  -18.583  -35.482 0.7142857313
134124  -36.979  -18.736  -35.633 0.5714285970
121263  -33.838  -19.222  -34.348 0.5714285970
55308  -31.112  -18.092  -33.862 0.5714285970
55325  -34.181  -17.963  -34.635 0.8571428657
55341  -36.597  -18.063  -35.893 0.7142857313
55343  -37.887  -18.069  -36.345 0.5714285970
56270  -33.524  -17.339  -34.430 0.7142857313
56269  -32.553  -17.358  -34.120 0.5714285970
57291  -36.802  -16.831  -36.499 0.7142857313
121202  -37.900  -17.599  -36.694 0.5714285970
119169  -35.228  -17.371  -35.407 0.7142857313
56294  -36.130  -17.307  -35.923 0.7142857313
57302  -37.396  -16.426  -37.169 0.5714285970
57289  -35.423  -16.701  -35.560 0.7142857313
57304  -38.499  -16.792  -37.812 0.5714285970
57277  -34.672  -16.542  -35.060 0.5714285970
58316  -35.152  -15.794  -35.369 0.7142857313
57301  -36.690  -15.892  -36.697 0.7142857313
58366  -37.737  -15.629  -38.453 0.7142857313
57316  -38.184  -16.174  -38.355 0.7142857313
59355  -36.237  -14.955  -36.327 0.7142857313
59366  -37.363  -15.087  -38.300 0.7142857313
59386  -37.238  -14.519  -39.850 0.7142857313
58381  -38.019  -15.488  -39.728 0.5714285970
127894  -36.571  -14.230  -36.786 0.7142857313
59343  -34.362  -14.895  -35.156 0.5714285970
59393  -37.046  -14.186  -40.553 0.5714285970
59401  -37.786  -14.769  -41.928 0.5714285970
60405  -36.052  -13.408  -36.521 0.8571428657
120945  -35.687  -14.045  -35.993 0.8571428657
60458  -36.749  -13.640  -40.658 0.7142857313
61468  -36.844  -13.028  -39.838 0.7142857313
60415  -36.964  -13.429  -37.956 0.8571428657
124628  -36.917  -13.206  -38.894 0.7142857313
63436  -36.469  -10.669  -40.460 0.8571428657
61484  -36.221  -12.615  -41.469 0.5714285970
125172  -36.757  -12.172  -39.842 0.8571428657
130652  -36.735  -11.592  -38.101 0.8571428657
61441  -36.821  -12.385  -37.817 0.8571428657
61455  -36.912  -12.270  -38.878 0.8571428657
65402  -36.454  -9.051  -40.221 0.8571428657
130442  -36.345  -8.447  -40.570 0.8571428657
116456  -36.265  -6.822  -39.999 0.8571428657
62425  -36.893  -11.210  -38.883 0.8571428657
65386  -36.421  -8.212  -39.703 0.8571428657
67233  -34.567  -6.840  -38.560 1.0000000000
66318  -36.092  -7.334  -39.335 1.0000000000
64410  -36.580  -9.656  -38.989 0.8571428657
67234  -35.517  -6.710  -38.944 1.0000000000
65370  -34.811  -7.969  -38.301 1.0000000000
127100  -34.184  -5.478  -38.760 1.0000000000
69300  -31.494  -4.511  -40.160 0.7142857313
67245  -34.885  -6.100  -38.776 1.0000000000
114675  -33.228  -5.582  -38.743 1.0000000000
68238  -33.511  -4.775  -38.935 1.0000000000
73221  -33.108  -0.612  -40.354 1.0000000000
73229  -31.655  -0.893  -40.834 0.8571428657
74309  -31.952  1.039  -41.689 0.8571428657
74298  -32.572  0.631  -41.037 1.0000000000
78713  -34.184  5.369  -43.142 0.8571428657
76989  -33.022  3.475  -42.543 0.8571428657
76130  -33.638  2.870  -41.895 1.0000000000
80287  -33.776  7.818  -44.739 0.8571428657
79532  -33.648  6.873  -44.306 0.8571428657
80286  -33.105  8.204  -45.498 0.7142857313
78736  -32.041  5.995  -45.105 0.5714285970
81085  -32.381  8.403  -46.303 0.7142857313
81086  -32.911  9.177  -46.245 0.5714285970
80316  -30.996  7.901  -47.488 0.5714285970
79556  -31.585  6.897  -46.245 0.5714285970
80315  -30.055  7.525  -48.002 0.4285714328
81878  -30.821  9.832  -48.606 0.4285714328
82683  -30.999  10.656  -48.759 0.4285714328
81113  -28.141  8.869  -48.776 0.2857142985
81862  -28.024  9.440  -48.465 0.2857142985
81100  -28.463  8.227  -48.533 0.2857142985
81852  -27.986  9.365  -47.604 0.2857142985
45494  -29.013  -27.898  -27.889 0.2857142985
54255  -34.320  -20.039  -34.427 0.5714285970
55342  -37.379  -17.808  -36.318 0.5714285970
60466  -36.557  -13.520  -41.454 0.5714285970
60428  -36.938  -14.058  -38.942 0.7142857313
60445  -36.978  -13.786  -39.846 0.7142857313
62436  -36.468  -12.158  -40.624 0.8571428657
63450  -36.021  -10.958  -41.561 0.8571428657
64439  -36.289  -9.931  -40.851 0.8571428657
66328  -36.327  -7.662  -40.353 0.8571428657
70322  -32.784  -3.510  -39.550 0.8571428657
82650  -29.745  10.155  -45.328 0.1428571492
46386  -28.629  -27.343  -28.261 0.2857142985
47322  -29.057  -26.718  -28.708 0.2857142985
47323  -29.826  -26.702  -28.633 0.2857142985
47337  -30.290  -26.140  -29.012 0.4285714328
48260  -31.411  -25.270  -29.051 0.4285714328
48258  -28.697  -25.247  -29.795 0.2857142985
47336  -29.565  -26.184  -29.152 0.4285714328
48280  -31.486  -24.946  -29.946 0.4285714328
49162  -29.750  -24.163  -31.069 0.5714285970
50075  -30.868  -23.263  -31.793 0.5714285970
51045  -32.701  -23.057  -32.466 0.4285714328
51951  -30.417  -22.025  -32.255 0.2857142985
51964  -31.772  -21.522  -32.764 0.7142857313
54238  -31.592  -20.003  -33.135 0.5714285970
125706  -36.656  -20.026  -34.538 0.4285714328
53044  -32.304  -19.480  -33.469 0.7142857313
54256  -35.266  -19.859  -34.743 0.7142857313
53056  -36.022  -19.795  -34.935 0.5714285970
53057  -36.592  -19.671  -35.032 0.4285714328
55326  -34.988  -18.191  -35.205 0.7142857313
56283  -35.790  -17.955  -35.626 0.7142857313
56268  -31.357  -17.303  -34.125 0.5714285970
55309  -32.243  -18.064  -33.829 0.5714285970
57317  -38.749  -16.491  -38.524 0.5714285970
57266  -32.793  -16.724  -34.329 0.5714285970
56306  -38.805  -17.361  -37.391 0.5714285970
58331  -35.895  -15.593  -35.962 0.7142857313
57290  -36.006  -16.392  -36.004 0.7142857313
58368  -38.426  -15.978  -39.187 0.5714285970
58315  -34.092  -15.659  -34.868 0.8571428657
127159  -37.047  -14.322  -37.925 0.7142857313
62449  -35.993  -11.915  -41.824 0.5714285970
63411  -36.495  -10.158  -38.447 1.0000000000
67246  -35.829  -6.085  -39.497 1.0000000000
65369  -33.665  -7.932  -38.284 1.0000000000
69288  -32.436  -4.410  -39.486 0.8571428657
121827  -31.438  -3.126  -40.520 0.7142857313
70337  -32.231  -2.910  -39.984 1.0000000000
71328  -34.065  -2.714  -39.568 1.0000000000
72297  -32.052  -1.536  -40.450 0.7142857313
71340  -33.725  -1.961  -39.792 1.0000000000
71350  -30.893  -2.585  -41.073 0.7142857313
73230  -32.274  -0.200  -40.778 0.8571428657
76998  -32.871  4.179  -43.133 0.8571428657
75244  -33.226  2.126  -41.587 1.0000000000
75237  -33.846  1.572  -41.112 1.0000000000
79542  -32.919  7.291  -45.074 0.7142857313
81863  -30.606  9.014  -48.468 0.7142857313
79541  -32.198  6.717  -45.491 0.5714285970
80301  -31.636  7.683  -46.680 0.7142857313
81103  -32.070  9.143  -46.980 0.7142857313
80300  -30.712  7.061  -47.070 0.4285714328
81875  -28.268  9.489  -49.184 0.2857142985
81877  -29.818  9.423  -49.284 0.4285714328
124219  -32.109  9.918  -47.330 0.4285714328
130255  -30.301  10.209  -49.296 0.4285714328
82659  -28.050  10.165  -48.081 0.2857142985
81876  -28.893  9.741  -49.542 0.4285714328
53027  -30.912  -20.633  -32.785 0.4285714328
54237  -30.377  -19.683  -33.247 0.4285714328
81101  -29.821  8.606  -48.939 0.4285714328
81102  -31.205  8.685  -47.665 0.7142857313
81114  -28.896  8.818  -49.160 0.2857142985
82681  -28.142  10.270  -48.992 0.2857142985
44604  -29.581  -28.918  -26.875 0.4285714328
45493  -28.225  -28.020  -27.822 0.2857142985
45477  -28.274  -28.662  -27.491 0.2857142985
45479  -30.022  -28.214  -27.167 0.4285714328
46368  -29.697  -27.748  -27.728 0.4285714328
47321  -28.213  -26.697  -28.605 0.2857142985
48278  -29.415  -25.063  -30.229 0.2857142985
48279  -30.148  -25.351  -30.093 0.4285714328
122921  -30.761  -25.503  -29.579 0.4285714328
49152  -30.941  -24.907  -30.551 0.4285714328
120102  -29.373  -24.555  -30.644 0.4285714328
50067  -29.329  -23.484  -31.352 0.4285714328
51042  -29.578  -22.345  -31.993 0.2857142985
50076  -31.513  -23.341  -31.913 0.4285714328
131743  -30.925  -21.472  -32.532 0.5714285970
54254  -33.368  -19.852  -33.924 0.5714285970
132399  -36.173  -20.178  -34.641 0.4285714328
55311  -34.402  -18.707  -34.693 0.7142857313
54274  -37.182  -19.082  -35.429 0.5714285970
131982  -31.921  -18.664  -33.575 0.7142857313
55310  -33.427  -18.233  -34.215 0.7142857313
54253  -31.000  -18.959  -33.439 0.7142857313
57276  -33.607  -16.420  -34.575 0.5714285970
56305  -38.193  -17.235  -37.195 0.5714285970
58348  -37.416  -15.692  -37.623 0.7142857313
59375  -37.207  -14.649  -38.927 0.7142857313
59353  -34.406  -13.896  -35.540 0.8571428657
61479  -36.546  -12.901  -40.684 0.8571428657
63425  -36.709  -10.441  -39.428 0.8571428657
64428  -36.573  -9.754  -39.850 0.8571428657
122199  -36.225  -11.488  -37.456 0.8571428657
137454  -35.982  -8.683  -38.580 1.0000000000
68237  -32.482  -5.321  -39.195 1.0000000000
70336  -31.876  -3.713  -40.003 0.8571428657
78720  -33.869  6.112  -43.674 0.8571428657
133806  -33.159  6.130  -44.166 0.8571428657
135646  -32.977  8.691  -45.927 0.7142857313
130881  -32.296  7.537  -45.871 0.5714285970
81084  -31.672  8.360  -47.017 0.5714285970
79554  -29.559  6.896  -47.609 0.4285714328
118019  -29.406  8.061  -48.665 0.4285714328
81845  -27.879  8.663  -47.001 0.2857142985
82660  -28.451  10.094  -47.146 0.2857142985
82656  -29.141  10.108  -46.250 0.1428571492
47335  -28.654  -25.992  -29.179 0.2857142985
51963  -30.077  -21.095  -32.589 0.2857142985
71338  -31.699  -2.318  -40.459 1.0000000000
81864  -31.410  9.486  -47.800 0.5714285970
85185  -30.374  14.052  -50.603 0.2857142985
85991  -29.760  14.233  -50.123 0.1428571492
84370  -30.356  12.736  -50.142 0.2857142985
126390  -30.992  13.908  -50.441 0.2857142985
85170  -29.453  13.476  -50.061 0.1428571492
86848  -29.670  14.915  -49.268 0.1428571492
83533  -28.755  11.137  -49.979 0.1428571492
83534  -29.474  11.296  -50.107 0.2857142985
83521  -28.648  11.895  -49.741 0.1428571492
85173  -31.967  13.937  -49.760 0.2857142985
85172  -31.206  13.326  -49.861 0.2857142985
83516  -36.611  11.635  -47.274 0.2857142985
84357  -33.992  12.977  -48.099 0.2857142985
85979  -29.280  14.300  -48.545 0.1428571492
83523  -31.115  11.492  -49.029 0.2857142985
82662  -34.443  10.704  -46.235 0.2857142985
85163  -32.389  13.271  -48.991 0.2857142985
83535  -30.330  11.839  -49.894 0.2857142985
81081  -37.491  8.311  -45.577 0.1428571492
83514  -34.735  11.934  -47.068 0.2857142985
131048  -33.406  12.424  -47.856 0.2857142985
85162  -28.889  13.394  -49.312 0.1428571492
83512  -32.734  11.704  -47.741 0.2857142985
84355  -31.364  12.462  -49.253 0.2857142985
78752  -37.671  5.357  -47.366 0.1428571492
127263  -38.132  6.810  -46.224 0.1428571492
82664  -36.461  10.523  -46.323 0.4285714328
82661  -33.479  10.662  -46.639 0.2857142985
77010  -37.211  3.999  -43.460 0.2857142985
80278  -36.014  7.595  -44.217 0.4285714328
81847  -34.369  9.338  -45.363 0.2857142985
82668  -31.591  10.315  -47.925 0.2857142985
75270  -36.894  1.685  -44.790 0.1428571492
78724  -37.851  5.527  -44.977 0.2857142985
81078  -34.895  8.832  -44.856 0.4285714328
79527  -35.543  6.177  -43.431 0.5714285970
80288  -34.546  8.215  -44.646 0.7142857313
74318  -36.357  0.042  -43.997 0.1428571492
125749  -37.184  2.240  -43.066 0.1428571492
80277  -34.778  7.516  -44.192 0.7142857313
81077  -33.512  8.986  -45.673 0.4285714328
76999  -36.040  3.884  -42.516 0.4285714328
72331  -35.803  -1.483  -43.191 0.2857142985
73238  -36.264  -0.744  -42.469 0.7142857313
78721  -34.698  6.003  -43.330 0.7142857313
74299  -33.518  0.891  -40.835 0.8571428657
75245  -36.397  1.825  -41.910 0.8571428657
77865  -35.449  4.241  -42.513 0.5714285970
70375  -34.788  -3.713  -43.882 0.2857142985
71393  -35.250  -2.193  -43.763 0.2857142985
76991  -35.328  3.597  -42.169 0.7142857313
76997  -32.359  3.650  -43.167 0.5714285970
76990  -34.134  3.595  -42.173 0.8571428657
69344  -34.454  -4.429  -44.371 0.1428571492
117196  -35.988  -0.773  -41.491 0.7142857313
127923  -34.625  -5.273  -44.182 0.1428571492
64426  -31.327  -9.177  -39.546 0.5714285970
67242  -31.978  -6.688  -39.339 0.8571428657
67243  -32.540  -6.142  -38.949 0.8571428657
67256  -31.395  -6.853  -39.860 0.4285714328
68236  -31.694  -5.978  -39.663 0.5714285970
72298  -32.932  -1.356  -40.141 0.8571428657
70338  -35.302  -3.155  -40.086 0.8571428657
73222  -34.060  -0.383  -40.380 0.8571428657
68284  -34.864  -5.977  -43.774 0.2857142985
71351  -35.750  -2.137  -40.961 0.8571428657
73223  -34.978  -0.233  -40.615 0.8571428657
76131  -34.791  2.913  -41.783 0.8571428657
132418  -34.259  -7.227  -44.937 0.4285714328
70350  -35.653  -3.148  -41.640 0.7142857313
72309  -35.822  -1.547  -41.220 0.7142857313
63449  -29.808  -10.106  -40.530 0.2857142985
66317  -32.299  -7.869  -38.961 0.5714285970
65385  -31.593  -8.239  -39.528 0.5714285970
67244  -33.646  -6.318  -38.591 0.8571428657
69290  -34.392  -4.058  -39.152 0.8571428657
70324  -34.655  -3.243  -39.567 0.8571428657
71341  -34.820  -2.379  -39.899 0.8571428657
132108  -34.534  -1.600  -40.063 0.8571428657
67300  -35.190  -6.441  -43.059 0.4285714328
69313  -35.736  -4.526  -41.018 0.8571428657
70339  -35.650  -3.187  -40.825 0.8571428657
66373  -34.907  -8.133  -44.018 0.4285714328
60401  -31.882  -13.515  -36.518 0.7142857313
60444  -30.550  -13.022  -38.680 0.4285714328
59352  -32.975  -13.513  -35.825 0.7142857313
61438  -33.521  -11.865  -36.771 0.8571428657
61454  -31.871  -11.826  -38.033 0.5714285970
63423  -31.336  -10.583  -39.141 0.5714285970
62448  -29.947  -11.349  -39.894 0.4285714328
63396  -33.862  -10.692  -37.330 0.8571428657
130816  -32.133  -10.310  -38.419 0.5714285970
63410  -35.661  -9.925  -37.757 0.8571428657
118430  -33.172  -8.673  -38.270 0.7142857313
64406  -32.652  -9.442  -38.343 0.5714285970
65420  -36.024  -8.250  -41.404 0.7142857313
118386  -36.079  -7.058  -41.120 0.7142857313
127222  -36.005  -5.739  -40.312 0.7142857313
68253  -35.873  -5.194  -40.665 0.8571428657
63470  -35.806  -10.466  -44.537 0.2857142985
65438  -35.112  -8.977  -43.925 0.4285714328
118549  -35.261  -8.355  -43.097 0.5714285970
57275  -32.381  -16.004  -34.539 0.4285714328
59341  -31.541  -14.720  -35.709 0.4285714328
59363  -30.246  -14.511  -37.964 0.4285714328
61428  -35.493  -12.613  -36.505 0.7142857313
61427  -34.304  -12.466  -36.344 0.7142857313
61439  -34.794  -11.857  -36.646 0.7142857313
63409  -34.397  -9.924  -37.554 0.8571428657
123759  -35.799  -10.801  -42.427 0.7142857313
63461  -35.721  -10.716  -43.785 0.2857142985
64462  -35.628  -10.160  -42.900 0.5714285970
65421  -36.163  -9.151  -41.167 0.5714285970
57265  -31.774  -16.594  -34.381 0.4285714328
57288  -29.839  -16.388  -36.108 0.5714285970
133561  -32.538  -14.764  -35.204 0.5714285970
129432  -32.173  -14.091  -35.761 0.5714285970
60404  -35.000  -13.185  -36.043 0.7142857313
61493  -36.985  -13.039  -43.154 0.4285714328
132190  -36.477  -12.314  -43.343 0.4285714328
63462  -36.226  -11.185  -44.215 0.4285714328
63457  -35.862  -11.051  -43.188 0.4285714328
54252  -29.819  -18.986  -33.826 0.5714285970
55351  -38.977  -17.851  -36.904 0.4285714328
56312  -38.961  -16.924  -37.968 0.4285714328
59403  -39.394  -14.750  -41.932 0.4285714328
58392  -38.107  -15.295  -40.495 0.4285714328
61487  -39.894  -13.448  -41.791 0.4285714328
60476  -37.470  -13.783  -42.950 0.4285714328
48281  -32.063  -24.441  -30.078 0.1428571492
57323  -39.045  -16.231  -39.277 0.4285714328
58383  -39.394  -15.801  -40.069 0.4285714328
58394  -39.928  -15.322  -40.462 0.4285714328
50071  -32.887  -23.565  -31.331 0.1428571492
51033  -33.409  -23.133  -31.984 0.1428571492
51968  -35.440  -21.363  -33.597 0.2857142985
53049  -40.366  -19.410  -34.980 0.2857142985
56284  -41.501  -17.786  -35.804 0.2857142985
55331  -40.569  -18.682  -35.954 0.2857142985
54257  -37.834  -19.186  -35.212 0.4285714328
57292  -41.222  -16.975  -36.539 0.2857142985
56297  -39.790  -17.591  -37.197 0.2857142985
54282  -39.034  -18.515  -36.203 0.2857142985
58349  -40.574  -16.242  -38.033 0.2857142985
57306  -40.091  -16.604  -38.421 0.4285714328
50056  -32.978  -23.445  -30.242 0.1428571492
51018  -33.439  -23.027  -31.119 0.1428571492
50070  -32.192  -23.850  -31.390 0.1428571492
51935  -34.424  -21.857  -31.399 0.2857142985
51936  -35.027  -21.485  -32.141 0.2857142985
54224  -37.739  -19.022  -32.470 0.2857142985
114356  -39.574  -19.325  -34.223 0.2857142985
53032  -38.534  -19.272  -33.947 0.2857142985
53048  -37.575  -19.608  -34.465 0.2857142985
54259  -39.646  -19.295  -35.028 0.2857142985
129555  -33.508  -22.768  -30.291 0.1428571492
52993  -35.743  -20.045  -30.626 0.2857142985
51923  -34.399  -21.562  -30.215 0.2857142985
53015  -36.156  -20.095  -32.373 0.2857142985
51047  -33.909  -22.734  -32.572 0.2857142985
135099  -30.580  -26.946  -27.810 0.2857142985
47338  -30.934  -25.939  -28.696 0.2857142985
49134  -32.303  -24.238  -29.520 0.1428571492
44590  -29.111  -29.601  -26.600 0.2857142985
43762  -28.611  -30.246  -26.288 0.2857142985
43770  -27.881  -30.224  -26.544 0.2857142985
48248  -31.498  -25.595  -28.182 0.2857142985
136744  -29.914  -29.760  -25.775 0.1428571492
42798  -27.989  -30.868  -25.923 0.2857142985
127588  -27.697  -31.325  -25.341 0.1428571492
51019  -33.896  -22.324  -30.761 0.1428571492
51924  -35.012  -20.897  -30.810 0.2857142985
54223  -36.799  -19.336  -31.947 0.2857142985
53033  -40.521  -19.596  -34.346 0.2857142985
53031  -37.610  -19.430  -33.525 0.2857142985
137581  -40.387  -18.937  -35.687 0.2857142985
55330  -38.260  -18.468  -36.092 0.4285714328
55352  -39.297  -17.631  -37.190 0.4285714328
131381  -40.472  -17.367  -37.181 0.2857142985
59367  -40.770  -15.398  -38.142 0.2857142985
60413  -31.756  -12.940  -37.317 0.7142857313
58384  -40.145  -15.665  -39.639 0.4285714328
59402  -38.671  -15.062  -41.958 0.4285714328
61492  -36.215  -12.559  -42.484 0.4285714328
62476  -37.737  -11.889  -44.118 0.2857142985
63471  -36.410  -10.587  -44.866 0.2857142985
64467  -35.392  -9.883  -43.975 0.5714285970
75243  -32.334  1.850  -41.892 0.7142857313
117307  -35.610  -6.749  -42.167 0.7142857313
74293  -34.277  0.363  -40.606 0.8571428657
78719  -32.534  5.721  -44.444 0.4285714328
77875  -32.343  4.989  -44.146 0.5714285970
126003  -34.148  4.693  -42.791 0.7142857313
135198  -34.877  -8.742  -44.697 0.2857142985
74300  -35.288  0.590  -40.891 0.8571428657
77864  -34.603  4.215  -42.453 0.8571428657
114735  -35.600  -2.258  -42.819 0.5714285970
82669  -32.538  10.724  -47.317 0.2857142985
120413  -37.271  3.107  -43.361 0.4285714328
77877  -37.160  4.877  -43.650 0.4285714328
85159  -29.022  13.470  -48.200 0.1428571492
81857  -36.977  9.747  -46.083 0.2857142985
80289  -37.515  7.598  -45.133 0.1428571492
44591  -29.785  -29.418  -26.230 0.1428571492
117592  -28.022  -29.204  -27.244 0.2857142985
45480  -30.689  -27.832  -26.836 0.1428571492
49155  -32.479  -24.008  -30.008 0.1428571492
50990  -33.643  -22.703  -28.842 0.1428571492
51899  -34.570  -21.533  -29.086 0.1428571492
51967  -34.805  -21.816  -33.505 0.2857142985
53014  -35.668  -21.088  -32.900 0.2857142985
53016  -36.809  -19.711  -32.928 0.2857142985
54241  -40.599  -19.730  -33.538 0.2857142985
53047  -36.008  -20.780  -34.161 0.2857142985
53050  -40.765  -19.625  -34.339 0.2857142985
57274  -31.286  -15.913  -34.954 0.5714285970
53058  -37.167  -19.524  -34.955 0.2857142985
58346  -30.045  -15.216  -37.336 0.2857142985
58350  -41.048  -15.740  -37.388 0.2857142985
60416  -40.866  -14.448  -38.202 0.2857142985
60402  -32.662  -12.903  -36.479 0.7142857313
60403  -33.764  -13.012  -36.039 0.5714285970
62434  -29.990  -12.186  -39.512 0.4285714328
61453  -31.395  -12.594  -38.116 0.5714285970
59376  -40.557  -15.136  -38.980 0.4285714328
64451  -29.478  -9.689  -40.877 0.2857142985
63435  -30.631  -10.656  -39.732 0.5714285970
60446  -40.439  -13.830  -39.942 0.2857142985
58382  -38.614  -15.751  -39.964 0.4285714328
62424  -32.558  -10.973  -37.735 0.7142857313
131645  -30.719  -8.586  -40.153 0.2857142985
135903  -40.114  -12.978  -41.096 0.1428571492
134946  -39.321  -12.316  -42.760 0.4285714328
61494  -38.168  -13.134  -43.518 0.4285714328
62469  -39.131  -11.628  -43.167 0.1428571492
69291  -35.211  -4.610  -39.346 0.8571428657
62477  -38.512  -11.669  -43.877 0.1428571492
121107  -35.358  -9.225  -43.038 0.5714285970
118444  -35.166  -9.380  -44.773 0.2857142985
130772  -35.200  -7.423  -43.102 0.5714285970
70361  -35.473  -3.838  -42.255 0.7142857313
128125  -34.387  1.032  -40.793 0.8571428657
67313  -33.816  -7.303  -45.734 0.2857142985
68307  -33.597  -6.192  -45.657 0.1428571492
82693  -28.449  10.609  -49.554 0.2857142985
70376  -35.221  -3.785  -43.129 0.4285714328
68295  -34.238  -6.339  -44.745 0.4285714328
70384  -34.366  -3.712  -44.467 0.1428571492
127890  -36.643  0.996  -42.357 0.5714285970
71392  -34.640  -2.939  -44.258 0.1428571492
73247  -36.020  -0.710  -43.605 0.1428571492
75266  -36.700  0.926  -44.227 0.1428571492
122618  -28.671  12.857  -48.779 0.1428571492
122879  -36.948  2.948  -42.702 0.5714285970
73256  -35.544  -0.574  -44.709 0.1428571492
76150  -37.282  2.402  -44.105 0.1428571492
81856  -35.930  10.063  -45.680 0.2857142985
128908  -37.015  8.114  -44.953 0.2857142985
77878  -37.646  4.859  -44.538 0.2857142985
77023  -37.586  4.052  -45.077 0.1428571492
77893  -37.669  4.761  -46.593 0.1428571492
78750  -37.910  5.573  -46.595 0.1428571492
82671  -36.926  10.956  -46.917 0.2857142985
83517  -37.290  11.234  -47.665 0.2857142985
81858  -37.637  9.719  -46.945 0.1428571492
127262  -37.948  8.924  -47.443 0.1428571492
45465  -31.037  -28.068  -26.091 0.1428571492
49121  -32.840  -23.721  -28.585 0.1428571492
54260  -41.161  -19.534  -34.466 0.2857142985
63481  -36.767  -9.924  -45.532 0.2857142985
78755  -37.600  6.055  -48.028 0.1428571492
83526  -37.505  11.458  -48.524 0.2857142985
125012  -27.769  -29.705  -26.922 0.2857142985
45464  -30.336  -28.671  -26.380 0.1428571492
46370  -30.939  -27.108  -27.266 0.1428571492
47324  -31.085  -26.391  -27.844 0.1428571492
49153  -31.761  -24.451  -30.693 0.1428571492
49154  -32.406  -24.044  -30.700 0.1428571492
51046  -33.324  -22.932  -32.509 0.2857142985
51966  -34.167  -22.205  -33.452 0.4285714328
51050  -34.415  -22.398  -33.103 0.2857142985
55329  -37.530  -18.533  -35.870 0.4285714328
59342  -33.309  -14.307  -35.321 0.5714285970
122602  -33.008  -15.455  -34.727 0.4285714328
60468  -38.686  -14.631  -42.514 0.4285714328
63397  -35.161  -10.611  -37.345 0.7142857313
66308  -33.607  -7.186  -38.458 0.8571428657
64408  -34.942  -9.174  -37.786 0.8571428657
64407  -34.258  -8.551  -38.001 0.8571428657
68240  -35.718  -5.223  -39.742 0.8571428657
69289  -33.370  -4.005  -39.214 0.8571428657
122229  -32.767  4.719  -43.580 0.5714285970
79533  -34.667  6.649  -43.703 0.7142857313
121862  -34.013  8.589  -45.087 0.5714285970
81853  -32.786  9.948  -46.684 0.2857142985
81854  -33.724  9.896  -45.977 0.2857142985
83511  -31.791  11.150  -48.139 0.2857142985
62459  -35.907  -11.664  -42.642 0.4285714328
48261  -31.913  -24.672  -29.315 0.1428571492
53030  -36.643  -20.179  -33.847 0.2857142985
57305  -39.400  -16.688  -38.409 0.4285714328
65368  -32.799  -8.162  -38.531 0.5714285970
72300  -34.751  -0.966  -40.349 0.8571428657
75238  -34.919  1.516  -41.103 0.8571428657
134363  -29.493  10.389  -49.774 0.2857142985
82695  -29.110  10.812  -50.007 0.2857142985
62408  -35.268  -11.290  -37.072 0.8571428657
127648  -30.364  13.478  -50.417 0.2857142985
85184  -29.971  13.776  -50.461 0.1428571492
85171  -29.749  13.042  -50.345 0.2857142985
85989  -29.342  14.064  -49.505 0.1428571492
84369  -29.601  12.212  -50.271 0.2857142985
84368  -29.059  12.616  -50.066 0.1428571492
125888  -29.018  11.825  -50.237 0.1428571492
83515  -35.720  11.872  -47.047 0.2857142985
85164  -33.563  13.453  -48.648 0.2857142985
84349  -34.349  12.473  -47.586 0.2857142985
83504  -34.136  11.323  -46.774 0.2857142985
82663  -35.489  10.693  -46.141 0.2857142985
81855  -34.844  10.112  -45.637 0.2857142985
83524  -31.899  11.872  -48.470 0.2857142985
84356  -32.499  12.457  -48.402 0.2857142985
81080  -36.704  8.678  -45.125 0.2857142985
81088  -37.700  8.891  -46.396 0.1428571492
126102  -37.956  8.064  -46.318 0.1428571492
82670  -33.328  11.265  -47.122 0.2857142985
79563  -38.024  6.266  -46.991 0.1428571492
127542  -37.960  6.055  -45.391 0.1428571492
80302  -38.115  7.304  -46.840 0.1428571492
82665  -37.151  10.310  -46.689 0.1428571492
77022  -37.486  3.341  -44.417 0.1428571492
79534  -35.717  6.884  -43.815 0.5714285970
79535  -36.828  6.816  -44.193 0.4285714328
81072  -35.393  8.222  -44.533 0.5714285970
74319  -36.731  0.647  -43.333 0.1428571492
79543  -37.423  7.059  -44.749 0.2857142985
77888  -37.772  4.736  -45.540 0.2857142985
78723  -37.227  5.780  -44.079 0.4285714328
77871  -36.260  4.621  -42.874 0.5714285970
77870  -34.993  4.834  -42.666 0.7142857313
76132  -36.614  2.463  -42.260 0.5714285970
74310  -36.226  0.168  -41.671 0.7142857313
127136  -35.952  1.219  -41.469 0.7142857313
126096  -35.843  2.817  -41.901 0.7142857313
122029  -35.487  -3.048  -42.522 0.5714285970
131424  -35.042  -5.185  -43.519 0.4285714328
72301  -35.314  -1.698  -40.476 0.8571428657
64427  -32.193  -8.749  -38.872 0.5714285970
66316  -31.807  -7.392  -39.414 0.5714285970
120446  -30.974  -6.333  -40.373 0.4285714328
66327  -31.149  -7.633  -39.985 0.4285714328
69302  -35.668  -4.518  -40.082 0.8571428657
133507  -35.637  -3.851  -41.364 0.8571428657
68273  -35.500  -5.166  -42.344 0.4285714328
67299  -34.696  -7.099  -44.103 0.5714285970
71360  -35.784  -2.328  -41.771 0.8571428657
68263  -35.708  -5.222  -41.600 0.7142857313
58347  -30.651  -14.578  -37.209 0.5714285970
126854  -31.003  -13.272  -38.056 0.4285714328
61437  -32.632  -12.358  -36.990 0.7142857313
62406  -32.622  -11.749  -37.367 0.7142857313
62407  -33.302  -11.288  -37.210 0.7142857313
117334  -31.094  -12.131  -38.721 0.4285714328
62423  -31.581  -11.224  -38.576 0.5714285970
63424  -31.784  -9.708  -38.996 0.5714285970
62435  -30.718  -11.535  -39.314 0.4285714328
118345  -29.517  -11.989  -39.788 0.2857142985
114866  -33.149  -10.055  -37.781 0.7142857313
131095  -33.714  -9.266  -37.865 0.8571428657
65433  -35.594  -8.560  -42.360 0.5714285970
66362  -35.631  -7.728  -42.200 0.7142857313
58314  -31.906  -15.302  -35.053 0.5714285970
58313  -31.000  -15.371  -35.643 0.5714285970
61499  -37.399  -12.519  -43.751 0.4285714328
62483  -37.966  -11.310  -44.340 0.2857142985
55345  -39.586  -18.066  -36.737 0.2857142985
56308  -39.895  -17.083  -37.807 0.4285714328
135082  -39.395  -15.397  -40.818 0.4285714328
60460  -40.150  -13.857  -41.077 0.4285714328
61495  -39.056  -13.157  -43.010 0.4285714328
57318  -39.757  -16.256  -39.176 0.4285714328
120209  -35.022  -21.892  -33.054 0.2857142985
122538  -36.238  -20.483  -33.201 0.2857142985
54276  -39.827  -18.939  -35.707 0.2857142985
55347  -40.889  -17.815  -36.555 0.2857142985
54275  -38.735  -18.891  -35.580 0.2857142985
54258  -38.644  -19.239  -34.794 0.2857142985
58369  -40.366  -15.960  -38.797 0.4285714328
50037  -33.103  -23.241  -29.142 0.1428571492
51006  -33.408  -22.856  -29.632 0.1428571492
54239  -38.435  -19.013  -33.158 0.2857142985
51007  -33.892  -22.220  -29.622 0.1428571492
53004  -35.567  -20.500  -31.722 0.2857142985
53005  -36.196  -19.698  -31.365 0.2857142985
43751  -29.469  -30.625  -25.297 0.1428571492
43750  -28.822  -30.728  -25.620 0.1428571492
43752  -30.128  -30.128  -25.210 0.1428571492
61500  -38.201  -12.366  -43.806 0.2857142985
116718  -28.882  12.663  -47.937 0.1428571492
120268  -30.298  -29.373  -25.724 0.1428571492
127754  -31.309  -27.260  -26.452 0.1428571492
84348  -28.413  12.028  -48.846 0.1428571492
75254  -30.986  1.735  -42.852 0.5714285970
73236  -30.350  -0.448  -42.232 0.4285714328
74307  -30.539  0.270  -42.413 0.4285714328
75242  -31.643  1.548  -42.249 0.5714285970
72318  -30.130  -1.303  -42.127 0.4285714328
74308  -31.150  0.858  -42.286 0.5714285970
76129  -32.664  2.619  -42.185 0.4285714328
123696  -30.386  -3.211  -41.466 0.4285714328
72308  -31.223  -1.665  -40.930 0.4285714328
128260  -29.864  -2.112  -42.013 0.4285714328
116953  -30.868  -0.898  -41.505 0.5714285970
129573  -31.488  -0.303  -41.240 0.5714285970
138103  -31.479  0.573  -41.807 0.5714285970
68251  -31.108  -5.378  -40.416 0.5714285970
57279  -42.189  -16.520  -34.893 0.1428571492
114482  -41.660  -16.042  -36.090 0.1428571492
58332  -41.530  -15.196  -36.514 0.1428571492
51031  -28.967  -22.796  -31.716 0.2857142985
55332  -41.178  -18.707  -35.607 0.1428571492
132061  -42.865  -17.242  -32.747 0.1428571492
56260  -42.570  -17.642  -33.793 0.1428571492
57253  -42.464  -16.207  -32.732 0.1428571492
130880  -42.479  -16.047  -34.087 0.1428571492
58277  -41.994  -15.768  -31.998 0.1428571492
50066  -28.472  -23.320  -31.285 0.2857142985
53035  -42.020  -20.320  -33.094 0.1428571492
54242  -42.141  -19.974  -33.253 0.1428571492
53051  -41.469  -19.857  -33.524 0.1428571492
130391  -42.786  -18.338  -33.059 0.1428571492
57221  -42.357  -16.969  -31.033 0.1428571492
137570  -43.033  -17.934  -32.473 0.1428571492
58219  -41.567  -15.004  -28.578 0.1428571492
57220  -41.726  -16.337  -30.337 0.1428571492
58229  -41.405  -15.466  -29.569 0.1428571492
49150  -28.844  -24.035  -30.842 0.2857142985
50055  -27.972  -23.785  -30.792 0.2857142985
54202  -38.734  -18.991  -30.784 0.1428571492
54214  -39.992  -19.232  -31.458 0.1428571492
54226  -40.059  -19.205  -32.538 0.1428571492
54213  -38.414  -18.803  -31.757 0.1428571492
53017  -41.122  -20.546  -32.854 0.1428571492
53019  -42.801  -20.602  -32.149 0.1428571492
51955  -41.893  -21.069  -32.696 0.1428571492
132524  -43.386  -18.802  -31.576 0.1428571492
53018  -42.020  -21.016  -32.620 0.1428571492
121480  -42.685  -18.065  -30.254 0.1428571492
56216  -41.713  -17.344  -29.039 0.1428571492
125481  -41.554  -16.843  -27.530 0.1428571492
57195  -41.542  -16.481  -29.359 0.1428571492
119354  -28.221  -24.309  -30.453 0.2857142985
49149  -27.521  -24.243  -30.267 0.2857142985
49133  -27.076  -24.856  -29.644 0.2857142985
52994  -36.560  -19.529  -30.436 0.1428571492
54195  -39.052  -19.533  -29.920 0.1428571492
54203  -39.838  -19.595  -30.527 0.1428571492
54204  -40.655  -20.037  -31.283 0.1428571492
51938  -42.449  -21.257  -31.988 0.1428571492
52997  -41.790  -21.235  -32.239 0.1428571492
54197  -43.823  -20.126  -29.981 0.1428571492
56189  -41.959  -18.143  -28.730 0.1428571492
54196  -43.222  -19.319  -29.723 0.1428571492
128426  -42.183  -15.361  -27.242 0.1428571492
57160  -41.737  -16.117  -27.380 0.1428571492
127927  -35.497  -20.399  -29.915 0.1428571492
54193  -37.198  -19.584  -29.672 0.1428571492
123382  -37.034  -20.010  -29.088 0.1428571492
51915  -40.171  -21.024  -29.314 0.1428571492
52962  -39.338  -20.582  -28.993 0.1428571492
51020  -42.522  -21.957  -30.684 0.1428571492
52995  -40.525  -20.274  -30.528 0.1428571492
51928  -43.756  -21.763  -30.509 0.1428571492
51926  -42.064  -21.544  -31.333 0.1428571492
52998  -43.921  -20.890  -30.705 0.1428571492
55234  -41.708  -18.370  -27.850 0.1428571492
54174  -42.988  -19.704  -28.944 0.1428571492
56149  -41.755  -17.565  -26.304 0.1428571492
137274  -41.524  -18.189  -26.966 0.1428571492
51901  -36.198  -20.905  -28.329 0.1428571492
50993  -39.239  -22.097  -27.858 0.1428571492
51904  -39.479  -21.329  -28.492 0.1428571492
52960  -37.401  -20.435  -28.583 0.1428571492
51916  -41.109  -21.511  -29.768 0.1428571492
52985  -37.823  -19.920  -29.073 0.1428571492
51009  -43.959  -22.490  -29.936 0.1428571492
121212  -42.530  -22.672  -29.921 0.1428571492
51917  -44.309  -21.918  -29.595 0.1428571492
52963  -43.395  -20.586  -28.571 0.1428571492
52988  -44.123  -21.099  -29.844 0.1428571492
55204  -42.150  -19.313  -27.996 0.1428571492
54175  -43.778  -20.609  -29.295 0.1428571492
50006  -39.945  -22.852  -27.965 0.1428571492
51903  -38.535  -21.445  -27.921 0.1428571492
51902  -37.651  -21.032  -28.036 0.1428571492
50996  -41.663  -22.872  -29.009 0.1428571492
120563  -40.743  -22.453  -28.656 0.1428571492
51008  -43.443  -22.840  -29.969 0.1428571492
121086  -42.655  -20.031  -28.118 0.1428571492
51887  -44.064  -21.863  -28.302 0.1428571492
51905  -40.497  -21.739  -28.967 0.1428571492
52987  -39.791  -20.217  -29.739 0.1428571492
130941  -41.960  -21.924  -30.338 0.1428571492
51937  -42.088  -21.291  -32.216 0.1428571492
131981  -42.134  -17.439  -25.765 0.1428571492
58197  -42.964  -15.516  -26.687 0.1428571492
56188  -41.570  -17.459  -28.119 0.1428571492
56237  -42.768  -17.807  -30.877 0.1428571492
56271  -41.719  -18.437  -35.160 0.1428571492
58304  -42.205  -15.448  -34.721 0.1428571492
48276  -28.030  -24.772  -29.965 0.2857142985
54153  -42.035  -19.897  -27.278 0.1428571492
54124  -41.622  -19.326  -26.567 0.1428571492
57146  -42.609  -16.281  -26.264 0.1428571492
70348  -30.569  -3.930  -41.215 0.4285714328
59228  -42.049  -14.765  -27.821 0.1428571492
129081  -41.449  -15.791  -28.737 0.1428571492
58206  -41.635  -15.556  -27.960 0.1428571492
58247  -41.488  -15.495  -30.621 0.1428571492
59253  -41.498  -14.421  -29.197 0.1428571492
59344  -41.854  -14.410  -35.778 0.1428571492
59356  -41.179  -14.757  -37.375 0.1428571492
76138  -31.351  2.618  -43.217 0.4285714328
77009  -32.122  4.199  -43.754 0.4285714328
82696  -37.691  10.771  -49.083 0.1428571492
76139  -32.151  2.994  -42.874 0.4285714328
84360  -36.666  12.751  -48.329 0.1428571492
135566  -41.947  -17.157  -35.324 0.1428571492
54212  -37.593  -18.943  -31.388 0.1428571492
52984  -36.276  -19.974  -29.601 0.1428571492
51914  -35.008  -20.907  -29.589 0.1428571492
54201  -37.478  -19.191  -30.467 0.1428571492
53034  -41.112  -20.012  -33.390 0.1428571492
60429  -40.687  -13.377  -39.022 0.1428571492
61480  -40.344  -12.924  -40.329 0.1428571492
55312  -41.489  -19.181  -34.747 0.1428571492
55313  -42.107  -18.493  -34.424 0.1428571492
58317  -41.976  -15.984  -35.382 0.1428571492
57259  -42.445  -15.844  -33.387 0.1428571492
57245  -42.473  -16.656  -31.923 0.1428571492
130382  -42.992  -17.742  -31.784 0.1428571492
125642  -42.089  -19.184  -33.853 0.1428571492
58297  -42.262  -15.239  -33.791 0.1428571492
58296  -41.773  -14.493  -33.476 0.1428571492
57244  -41.886  -16.130  -31.227 0.1428571492
51970  -41.922  -21.017  -32.757 0.1428571492
53052  -41.858  -20.100  -33.179 0.1428571492
119125  -42.653  -19.397  -32.895 0.1428571492
56236  -42.105  -17.298  -30.072 0.1428571492
56217  -42.324  -18.036  -29.548 0.1428571492
54229  -43.077  -19.629  -32.254 0.1428571492
54194  -38.161  -19.410  -29.766 0.1428571492
137999  -39.262  -18.858  -31.786 0.1428571492
54215  -40.768  -19.967  -32.150 0.1428571492
51956  -41.893  -21.186  -32.569 0.1428571492
54216  -43.478  -19.860  -31.577 0.1428571492
55276  -43.213  -18.590  -30.787 0.1428571492
54206  -43.847  -20.035  -30.888 0.1428571492
55235  -42.580  -18.791  -29.256 0.1428571492
52996  -41.340  -20.888  -31.183 0.1428571492
51925  -40.825  -20.841  -30.129 0.1428571492
53007  -43.388  -20.742  -31.460 0.1428571492
51927  -42.658  -21.595  -31.201 0.1428571492
134611  -42.224  -18.865  -28.559 0.1428571492
52983  -35.784  -20.564  -29.098 0.1428571492
131502  -36.921  -20.807  -28.251 0.1428571492
52961  -38.440  -20.614  -28.540 0.1428571492
51021  -43.184  -22.312  -30.453 0.1428571492
136707  -41.567  -21.389  -30.574 0.1428571492
50994  -39.983  -22.080  -28.354 0.1428571492
50995  -41.402  -22.210  -29.449 0.1428571492
50997  -44.319  -22.495  -29.260 0.1428571492
52964  -44.149  -21.346  -28.986 0.1428571492
51886  -43.238  -21.392  -27.590 0.1428571492
42785  -25.918  -31.130  -25.503 0.1428571492
43761  -27.247  -30.550  -26.193 0.1428571492
43759  -25.180  -29.941  -25.884 0.1428571492
43760  -26.581  -30.204  -26.349 0.1428571492
43769  -27.232  -29.960  -26.712 0.1428571492
44600  -26.610  -29.513  -26.783 0.1428571492
45475  -26.637  -28.685  -27.248 0.1428571492
45492  -27.504  -27.877  -27.834 0.1428571492
46384  -26.934  -27.361  -28.003 0.1428571492
47333  -27.017  -26.164  -28.678 0.1428571492
46385  -27.813  -27.345  -28.179 0.1428571492
47334  -27.701  -26.088  -28.886 0.1428571492
46383  -26.042  -27.074  -27.881 0.1428571492
134554  -26.089  -26.188  -28.493 0.1428571492
48256  -27.057  -25.603  -29.055 0.1428571492
119071  -26.137  -24.624  -29.638 0.1428571492
49147  -25.810  -23.987  -30.027 0.1428571492
50054  -27.160  -23.612  -30.641 0.1428571492
50065  -27.629  -23.138  -31.193 0.2857142985
51030  -28.113  -22.610  -31.708 0.1428571492
51029  -27.261  -22.483  -31.639 0.2857142985
123046  -29.239  -20.873  -32.737 0.2857142985
55324  -29.507  -17.853  -34.969 0.4285714328
57264  -30.586  -16.631  -34.931 0.4285714328
67268  -30.447  -5.879  -40.945 0.2857142985
69311  -30.259  -4.637  -41.423 0.2857142985
69312  -30.836  -4.588  -40.817 0.2857142985
72328  -28.245  -1.473  -43.397 0.2857142985
73245  -29.227  -0.344  -43.177 0.2857142985
134691  -30.262  0.890  -42.904 0.2857142985
75253  -30.255  1.623  -43.342 0.4285714328
117825  -26.441  -22.357  -31.538 0.1428571492
51040  -27.710  -21.921  -32.178 0.2857142985
51950  -29.438  -21.561  -32.377 0.1428571492
47318  -25.752  -26.434  -28.233 0.1428571492
136888  -25.756  -24.912  -29.349 0.1428571492
50053  -26.326  -23.474  -30.528 0.1428571492
50064  -26.804  -22.981  -31.071 0.1428571492
51947  -26.494  -21.228  -32.653 0.2857142985
124824  -28.070  -21.294  -32.692 0.2857142985
51948  -27.289  -21.304  -32.674 0.2857142985
51962  -27.633  -20.836  -33.135 0.2857142985
51949  -28.750  -21.210  -32.620 0.2857142985
53026  -29.592  -20.240  -33.102 0.2857142985
54236  -29.490  -19.528  -33.621 0.4285714328
55323  -28.757  -18.095  -35.440 0.2857142985
135917  -30.874  -7.060  -40.342 0.2857142985
67267  -29.787  -6.194  -41.453 0.2857142985
131475  -30.535  -5.179  -41.039 0.2857142985
68272  -28.873  -4.972  -42.317 0.2857142985
69323  -29.587  -4.788  -41.897 0.2857142985
71359  -29.778  -2.926  -41.927 0.2857142985
125229  -28.685  -1.975  -42.888 0.2857142985
71373  -27.940  -2.378  -43.300 0.2857142985
72330  -29.659  -0.815  -42.662 0.2857142985
53025  -28.417  -20.500  -33.237 0.2857142985
130959  -30.270  -6.812  -40.849 0.2857142985
67284  -29.329  -5.607  -41.952 0.2857142985
66361  -28.853  -7.326  -41.956 0.2857142985
68283  -28.141  -4.975  -42.684 0.2857142985
70374  -28.505  -3.712  -42.678 0.2857142985
120454  -29.100  -4.194  -42.293 0.2857142985
70359  -29.172  -3.345  -42.328 0.2857142985
70373  -27.923  -3.289  -43.112 0.2857142985
68282  -27.760  -5.547  -42.795 0.2857142985
121993  -27.387  -4.946  -43.050 0.2857142985
69335  -27.835  -4.170  -42.983 0.2857142985
55307  -30.092  -18.279  -34.138 0.4285714328
56267  -30.317  -17.520  -34.532 0.4285714328
47320  -27.368  -26.700  -28.447 0.1428571492
48257  -27.871  -25.423  -29.419 0.1428571492
45491  -26.985  -28.084  -27.664 0.1428571492
44601  -27.307  -29.298  -27.105 0.1428571492
71374  -28.549  -2.854  -42.773 0.2857142985
51041  -28.653  -21.957  -32.181 0.1428571492
49148  -26.674  -24.128  -30.113 0.1428571492
42796  -26.565  -30.799  -25.818 0.1428571492
44599  -25.931  -29.057  -26.766 0.1428571492
46367  -26.315  -27.835  -27.554 0.1428571492
47319  -26.520  -26.549  -28.350 0.1428571492
48247  -26.426  -25.931  -28.724 0.1428571492
49119  -25.376  -25.184  -29.076 0.1428571492
48255  -26.211  -25.289  -29.176 0.1428571492
51039  -26.876  -21.847  -32.129 0.2857142985
55306  -29.268  -18.535  -34.576 0.4285714328
72329  -28.976  -1.160  -43.075 0.2857142985
54235  -28.785  -19.699  -33.761 0.4285714328
69334  -27.045  -4.239  -43.407 0.2857142985
57287  -29.058  -16.203  -36.889 0.2857142985
56293  -29.148  -16.907  -36.258 0.2857142985
58330  -30.775  -14.959  -36.468 0.2857142985
87581  -34.432  16.528  -51.975 0.1428571492
86868  -35.591  15.777  -51.169 0.1428571492
86007  -34.427  15.035  -50.175 0.1428571492
85176  -35.245  13.848  -48.916 0.1428571492
85167  -36.178  13.450  -48.758 0.1428571492
87591  -33.962  17.268  -52.850 0.1428571492
85996  -34.909  14.450  -49.529 0.1428571492
85994  -32.562  14.515  -49.988 0.1428571492
86864  -30.647  15.953  -51.927 0.1428571492
130344  -29.609  -15.813  -36.912 0.2857142985
58345  -29.116  -15.571  -37.615 0.2857142985
84371  -36.991  13.107  -48.951 0.1428571492
86858  -36.099  15.336  -50.798 0.1428571492
84359  -35.803  12.944  -48.042 0.1428571492
86008  -35.570  14.889  -50.133 0.1428571492
85997  -36.099  14.222  -49.532 0.1428571492
84350  -35.307  12.458  -47.513 0.1428571492
85174  -33.068  13.989  -49.268 0.1428571492
85166  -35.353  13.362  -48.402 0.1428571492
135379  -33.042  15.784  -51.203 0.1428571492
86865  -31.118  16.016  -52.198 0.1428571492
86005  -31.790  14.897  -50.784 0.1428571492
86004  -30.778  14.568  -50.902 0.1428571492
86003  -30.172  14.550  -50.762 0.1428571492
85993  -31.613  14.350  -50.392 0.1428571492
85165  -34.553  13.446  -48.486 0.1428571492
85175  -34.197  13.969  -49.050 0.1428571492
56281  -29.734  -17.177  -35.455 0.2857142985
86867  -34.739  15.957  -51.273 0.1428571492
124705  -33.374  16.688  -52.293 0.1428571492
86857  -35.108  15.453  -50.671 0.1428571492
85995  -33.726  14.545  -49.690 0.1428571492
86856  -34.034  15.614  -50.826 0.1428571492
88340  -33.386  18.131  -53.946 0.1428571492
86006  -33.088  15.186  -50.487 0.1428571492
86009  -36.562  14.715  -50.372 0.1428571492
66372  -26.644  -6.965  -42.713 0.1428571492
67282  -28.351  -6.749  -42.390 0.1428571492
67298  -27.721  -6.245  -42.724 0.1428571492
69333  -26.159  -4.100  -43.627 0.1428571492
70368  -24.105  -3.603  -43.253 0.1428571492
70382  -25.659  -2.695  -43.782 0.1428571492
66343  -29.890  -7.577  -40.988 0.1428571492
70371  -26.861  -3.482  -43.601 0.1428571492
71388  -25.367  -1.818  -43.961 0.1428571492
72338  -26.223  -1.407  -44.061 0.1428571492
120656  -26.323  -0.469  -44.275 0.2857142985
60457  -29.363  -13.230  -39.260 0.1428571492
64450  -29.008  -9.672  -41.243 0.1428571492
65419  -29.441  -9.003  -41.135 0.1428571492
66360  -27.671  -8.014  -42.290 0.1428571492
66380  -34.407  -8.111  -45.181 0.1428571492
132247  -27.052  -6.459  -42.859 0.1428571492
134968  -27.326  -2.357  -43.624 0.1428571492
73254  -28.808  0.161  -43.665 0.1428571492
73253  -27.181  -0.288  -44.175 0.1428571492
129492  -27.386  0.560  -44.310 0.2857142985
75264  -29.085  1.524  -44.047 0.2857142985
78733  -29.794  5.103  -45.973 0.2857142985
78732  -28.826  5.169  -45.968 0.2857142985
122392  -29.988  6.272  -46.928 0.2857142985
83520  -28.372  11.153  -49.320 0.1428571492
81076  -28.357  8.699  -46.027 0.1428571492
76137  -30.571  2.288  -43.580 0.2857142985
74326  -28.330  0.882  -44.112 0.2857142985
76148  -30.121  2.720  -44.263 0.2857142985
78718  -31.866  5.311  -44.774 0.2857142985
121192  -29.968  3.910  -45.263 0.2857142985
77020  -29.117  3.744  -45.340 0.2857142985
79540  -31.535  6.202  -45.763 0.2857142985
77885  -28.577  4.401  -45.509 0.2857142985
80314  -28.978  7.508  -48.186 0.1428571492
120518  -28.167  5.557  -45.936 0.2857142985
117497  -29.029  10.717  -46.700 0.1428571492
77018  -27.505  3.829  -44.968 0.1428571492
126141  -26.536  0.409  -44.425 0.2857142985
116645  -28.131  5.022  -45.577 0.2857142985
80299  -28.616  7.113  -47.664 0.1428571492
79553  -28.768  6.425  -47.115 0.2857142985
81083  -27.756  7.959  -47.163 0.1428571492
125375  -27.677  7.391  -46.455 0.1428571492
131102  -24.028  -1.163  -44.038 0.2857142985
78717  -27.657  5.453  -44.920 0.1428571492
123614  -28.143  8.061  -45.329 0.1428571492
80285  -27.621  6.821  -45.831 0.1428571492
135900  -22.954  -2.008  -41.811 0.1428571492
66388  -34.005  -8.260  -46.340 0.1428571492
63473  -37.728  -10.673  -44.654 0.1428571492
63448  -29.220  -10.302  -40.818 0.1428571492
126237  -27.368  -8.661  -41.970 0.1428571492
65443  -34.384  -8.784  -46.050 0.1428571492
65430  -26.851  -8.150  -42.181 0.1428571492
67279  -24.965  -6.436  -42.572 0.1428571492
67295  -24.824  -5.770  -42.845 0.1428571492
68280  -25.888  -5.496  -43.249 0.1428571492
69331  -24.437  -4.435  -43.193 0.1428571492
71390  -26.843  -2.715  -43.719 0.1428571492
72327  -23.909  -2.031  -43.702 0.1428571492
71391  -27.544  -1.719  -43.688 0.1428571492
73252  -25.432  -0.725  -44.253 0.2857142985
75263  -28.299  1.884  -44.417 0.1428571492
77007  -29.640  3.216  -44.871 0.2857142985
77019  -28.194  3.642  -45.142 0.1428571492
76153  -28.874  3.135  -44.995 0.1428571492
79539  -27.702  6.202  -45.308 0.1428571492
78731  -27.825  5.594  -45.490 0.2857142985
78745  -27.815  6.126  -45.962 0.1428571492
80313  -28.095  7.735  -47.871 0.1428571492
128898  -27.794  8.047  -46.302 0.1428571492
64479  -35.689  -9.566  -45.878 0.1428571492
65444  -34.763  -9.043  -45.463 0.1428571492
64486  -35.569  -9.144  -46.487 0.1428571492
78735  -31.411  5.562  -45.378 0.2857142985
79555  -30.883  6.314  -46.375 0.2857142985
81099  -27.921  8.605  -47.960 0.1428571492
83502  -28.580  10.869  -47.504 0.1428571492
76996  -31.687  3.395  -43.527 0.2857142985
63433  -29.529  -10.841  -40.402 0.1428571492
62447  -29.249  -11.532  -40.163 0.1428571492
65401  -29.954  -8.353  -40.793 0.1428571492
63463  -38.432  -10.829  -44.168 0.1428571492
77008  -31.269  3.844  -44.230 0.2857142985
73244  -28.527  -0.652  -43.528 0.1428571492
74317  -29.488  0.456  -43.295 0.1428571492
75252  -29.670  1.213  -43.534 0.1428571492
66359  -26.992  -7.569  -42.486 0.1428571492
136606  -26.423  -5.614  -43.183 0.1428571492
129211  -25.743  -4.849  -43.456 0.1428571492
67280  -25.761  -6.842  -42.630 0.1428571492
66358  -26.323  -7.536  -42.416 0.1428571492
69332  -25.229  -4.307  -43.524 0.1428571492
70370  -25.482  -3.451  -43.682 0.1428571492
71372  -24.974  -2.727  -43.754 0.1428571492
71389  -26.224  -2.297  -43.857 0.1428571492
65431  -28.064  -8.808  -41.922 0.1428571492
72340  -27.761  -0.906  -43.785 0.1428571492
64461  -27.544  -9.343  -41.648 0.1428571492
74327  -29.095  0.831  -43.748 0.2857142985
117418  -29.174  2.437  -44.500 0.2857142985
76149  -30.896  3.070  -43.897 0.2857142985
75265  -29.823  1.966  -43.878 0.2857142985
78747  -29.347  5.761  -46.474 0.2857142985
78748  -30.291  5.734  -46.211 0.2857142985
77884  -27.863  4.379  -45.230 0.1428571492
78746  -28.445  5.938  -46.372 0.2857142985
115388  -30.459  3.502  -44.612 0.2857142985
77874  -31.613  4.610  -44.500 0.2857142985
77021  -30.778  4.360  -44.980 0.2857142985
77887  -30.156  4.553  -45.559 0.2857142985
78734  -30.691  5.139  -45.603 0.2857142985
80298  -27.930  7.170  -47.222 0.1428571492
83510  -28.717  11.758  -47.745 0.1428571492
79552  -27.855  6.622  -46.559 0.2857142985
124639  -27.490  1.406  -44.464 0.1428571492
76147  -28.225  2.763  -44.788 0.2857142985
51946  -25.689  -21.167  -32.558 0.1428571492
51961  -26.942  -20.744  -33.227 0.1428571492
132673  -24.572  -20.368  -32.954 0.1428571492
54234  -25.145  -19.513  -34.008 0.1428571492
54248  -25.683  -19.211  -34.527 0.1428571492
119517  -26.690  -20.194  -33.816 0.1428571492
54266  -25.994  -18.789  -35.094 0.1428571492
53041  -26.397  -19.619  -34.314 0.1428571492
53043  -27.938  -19.691  -34.103 0.1428571492
133140  -26.278  -18.404  -35.523 0.1428571492
54268  -27.473  -18.918  -35.060 0.1428571492
54270  -28.563  -18.784  -34.780 0.1428571492
55322  -28.067  -18.539  -35.331 0.1428571492
55319  -25.617  -18.239  -35.437 0.1428571492
55338  -27.459  -17.623  -36.326 0.1428571492
55340  -28.645  -17.325  -36.218 0.1428571492
56304  -28.573  -16.622  -36.805 0.1428571492
58364  -28.877  -15.070  -38.188 0.1428571492
59374  -29.830  -14.302  -38.513 0.1428571492
74323  -25.552  0.357  -44.429 0.1428571492
53024  -27.458  -20.296  -33.680 0.1428571492
51933  -25.268  -21.617  -31.893 0.1428571492
51945  -24.883  -21.058  -32.410 0.1428571492
125391  -26.075  -20.021  -33.830 0.1428571492
78730  -27.689  4.939  -45.138 0.1428571492
60427  -30.403  -13.835  -38.357 0.1428571492
56280  -29.156  -17.531  -35.732 0.1428571492
133112  -25.334  -20.653  -32.970 0.1428571492
53013  -26.090  -20.597  -33.270 0.1428571492
54233  -24.374  -19.334  -33.857 0.1428571492
54249  -26.379  -19.150  -34.787 0.1428571492
54267  -26.787  -18.757  -35.248 0.1428571492
54250  -26.961  -19.275  -34.727 0.1428571492
120227  -27.497  -19.347  -34.597 0.1428571492
55321  -27.477  -18.342  -35.682 0.1428571492
55336  -26.134  -17.849  -35.979 0.1428571492
54269  -27.987  -19.116  -34.743 0.1428571492
55339  -28.097  -17.735  -36.111 0.1428571492
55318  -24.817  -17.987  -35.268 0.1428571492
51932  -24.453  -21.454  -31.699 0.1428571492
42795  -25.913  -30.460  -25.936 0.1428571492
43763  -29.419  -30.088  -25.883 0.1428571492
45476  -27.563  -28.566  -27.513 0.1428571492
48246  -25.656  -25.834  -28.668 0.1428571492
48277  -28.761  -24.669  -30.333 0.2857142985
49120  -32.382  -24.249  -28.786 0.1428571492
49135  -32.662  -23.797  -29.382 0.1428571492
49164  -31.430  -24.235  -31.188 0.4285714328
50039  -43.242  -23.211  -29.599 0.1428571492
50078  -32.811  -23.365  -32.000 0.1428571492
51034  -33.931  -22.623  -31.786 0.1428571492
51906  -44.424  -22.120  -28.936 0.1428571492
51939  -43.220  -21.324  -31.186 0.1428571492
51952  -32.488  -22.392  -32.776 0.7142857313
51953  -34.475  -22.267  -32.452 0.2857142985
51954  -41.770  -20.747  -32.812 0.1428571492
51969  -35.941  -20.859  -33.609 0.2857142985
52936  -42.844  -20.657  -27.805 0.1428571492
52959  -36.582  -20.415  -28.783 0.1428571492
52986  -38.761  -19.980  -29.261 0.1428571492
53006  -41.011  -21.118  -32.445 0.1428571492
53036  -42.233  -20.620  -33.043 0.1428571492
53042  -27.160  -19.769  -34.265 0.1428571492
53046  -35.642  -20.485  -34.459 0.4285714328
54205  -43.504  -19.355  -30.428 0.1428571492
54211  -36.856  -19.256  -31.104 0.2857142985
54225  -38.899  -18.824  -32.500 0.1428571492
54227  -40.952  -20.141  -32.903 0.1428571492
54228  -42.311  -20.384  -32.764 0.1428571492
54240  -39.371  -19.071  -33.346 0.2857142985
54251  -29.034  -19.139  -34.185 0.1428571492
54261  -41.570  -19.746  -33.810 0.1428571492
54272  -35.873  -19.217  -35.238 0.5714285970
54277  -40.626  -19.303  -35.124 0.2857142985
54278  -40.893  -19.137  -35.307 0.2857142985
54283  -39.547  -18.451  -36.325 0.2857142985
54284  -40.031  -18.569  -36.215 0.2857142985
55203  -41.640  -18.965  -27.180 0.1428571492
55263  -42.942  -18.680  -29.999 0.1428571492
55277  -43.598  -19.315  -31.051 0.1428571492
55292  -43.127  -18.598  -32.344 0.1428571492
55298  -42.378  -19.168  -33.431 0.1428571492
55320  -26.837  -18.140  -35.910 0.1428571492
55328  -37.162  -18.314  -35.941 0.5714285970
55344  -38.618  -18.118  -36.527 0.4285714328
55346  -40.282  -18.108  -36.599 0.2857142985
56150  -42.304  -16.975  -25.954 0.1428571492
56170  -41.523  -17.510  -27.233 0.1428571492
56272  -42.122  -17.564  -34.825 0.1428571492
56282  -34.390  -17.315  -34.863 0.7142857313
56295  -37.549  -17.189  -36.818 0.5714285970
56296  -38.401  -17.691  -36.842 0.5714285970
56307  -39.351  -17.228  -37.666 0.4285714328
57145  -41.845  -16.689  -26.704 0.1428571492
57174  -41.481  -16.510  -28.294 0.1428571492
57267  -42.488  -16.845  -34.217 0.1428571492
57278  -41.782  -16.747  -35.690 0.1428571492
57303  -37.980  -16.651  -37.513 0.5714285970
57307  -40.817  -16.601  -37.336 0.2857142985
57315  -37.777  -16.119  -37.839 0.5714285970
58312  -30.561  -15.981  -35.582 0.5714285970
58329  -30.282  -15.642  -36.365 0.5714285970
58365  -29.546  -14.891  -38.102 0.1428571492
58367  -37.977  -15.666  -39.046 0.5714285970
58380  -37.565  -15.151  -39.267 0.5714285970
58393  -38.807  -15.455  -40.722 0.4285714328
59229  -42.921  -14.704  -27.348 0.1428571492
59351  -31.296  -14.262  -36.528 0.5714285970
59354  -35.367  -14.839  -35.583 0.8571428657
59364  -30.997  -13.857  -37.482 0.4285714328
59365  -37.006  -15.040  -37.255 0.7142857313
59387  -37.653  -15.027  -40.093 0.5714285970
59388  -40.396  -14.894  -39.874 0.2857142985
59394  -37.500  -14.783  -40.849 0.5714285970
59395  -39.078  -15.240  -41.414 0.4285714328
59396  -39.658  -15.006  -41.168 0.4285714328
59397  -40.162  -14.669  -40.740 0.4285714328
59404  -39.889  -14.569  -41.415 0.4285714328
60414  -36.702  -13.656  -37.215 0.8571428657
60459  -37.014  -14.206  -41.304 0.7142857313
60467  -37.088  -14.092  -42.156 0.5714285970
60469  -39.423  -13.962  -42.505 0.4285714328
60470  -39.797  -14.183  -41.817 0.4285714328
60477  -38.547  -13.962  -43.057 0.4285714328
61426  -33.332  -12.480  -36.480 0.7142857313
61440  -36.473  -12.896  -37.076 0.7142857313
61466  -29.882  -13.021  -39.163 0.1428571492
61467  -30.422  -12.406  -39.134 0.4285714328
61485  -36.624  -13.335  -42.305 0.4285714328
62409  -36.288  -10.796  -37.804 0.8571428657
62467  -36.825  -11.861  -43.972 0.2857142985
62468  -38.747  -12.423  -43.412 0.2857142985
62475  -37.138  -11.217  -44.551 0.2857142985
63434  -30.084  -10.576  -40.170 0.1428571492
63472  -36.977  -10.475  -45.124 0.1428571492
63479  -35.850  -10.046  -45.229 0.2857142985
63480  -36.329  -10.018  -45.453 0.2857142985
64409  -36.015  -9.251  -38.341 0.8571428657
64438  -29.966  -9.256  -40.579 0.2857142985
64449  -28.303  -9.572  -41.481 0.1428571492
64452  -35.751  -9.238  -42.106 0.5714285970
64453  -35.886  -10.052  -41.829 0.7142857313
64473  -35.277  -9.593  -45.495 0.1428571492
65371  -35.871  -8.105  -38.765 1.0000000000
65387  -36.431  -8.908  -39.150 0.8571428657
65418  -28.813  -8.900  -41.611 0.1428571492
65429  -26.109  -8.141  -42.038 0.1428571492
65432  -28.528  -8.122  -42.001 0.1428571492
65448  -34.894  -9.223  -46.260 0.1428571492
65454  -34.361  -8.757  -46.628 0.1428571492
66309  -34.370  -7.451  -38.392 1.0000000000
66310  -35.258  -7.376  -38.640 1.0000000000
66326  -30.478  -7.663  -40.514 0.4285714328
66342  -29.321  -8.061  -41.476 0.1428571492
67257  -36.139  -6.313  -40.449 0.7142857313
67266  -29.519  -7.060  -41.432 0.2857142985
67278  -24.364  -6.003  -42.533 0.1428571492
67281  -27.536  -7.091  -42.597 0.1428571492
67283  -29.074  -6.458  -41.963 0.1428571492
67285  -35.550  -5.856  -42.250 0.4285714328
67296  -25.438  -5.991  -42.941 0.1428571492
67297  -26.303  -6.176  -42.996 0.1428571492
68239  -35.182  -5.348  -39.028 0.8571428657
68252  -31.795  -5.118  -39.755 0.5714285970
68262  -30.025  -5.389  -41.498 0.2857142985
68271  -28.496  -5.806  -42.447 0.1428571492
68281  -27.033  -5.732  -43.049 0.2857142985
68285  -35.260  -5.544  -42.981 0.4285714328
69301  -35.225  -3.873  -39.680 0.8571428657
69324  -35.573  -4.545  -41.924 0.8571428657
69330  -23.932  -4.167  -42.950 0.1428571492
69336  -28.492  -4.407  -42.584 0.2857142985
69337  -34.949  -4.501  -43.682 0.1428571492
69338  -35.317  -4.652  -42.860 0.4285714328
69349  -33.873  -4.197  -45.046 0.1428571492
70323  -33.762  -3.353  -39.346 0.8571428657
70349  -31.165  -3.871  -40.622 0.8571428657
70360  -29.848  -3.873  -41.812 0.2857142985
70369  -24.711  -3.586  -43.533 0.1428571492
70372  -27.385  -2.982  -43.484 0.2857142985
70383  -26.223  -3.138  -43.714 0.1428571492
71327  -33.180  -2.737  -39.623 1.0000000000
71339  -32.606  -2.121  -40.020 1.0000000000
71342  -35.454  -2.518  -40.531 0.8571428657
71349  -30.282  -2.540  -41.616 0.2857142985
71358  -29.235  -2.470  -42.418 0.2857142985
71375  -35.148  -2.977  -43.401 0.2857142985
72299  -33.862  -1.123  -40.123 0.8571428657
72307  -30.512  -1.846  -41.536 0.4285714328
72317  -29.414  -1.634  -42.537 0.2857142985
72319  -35.996  -1.527  -42.133 0.7142857313
72337  -24.596  -1.000  -44.152 0.2857142985
72339  -27.008  -1.143  -44.008 0.1428571492
73220  -32.377  -0.909  -40.487 1.0000000000
73224  -35.505  -0.885  -40.783 0.8571428657
73237  -31.070  0.060  -41.840 0.5714285970
73246  -29.896  0.008  -42.759 0.2857142985
74292  -33.279  0.145  -40.595 0.8571428657
74297  -31.775  0.320  -41.374 0.5714285970
75236  -32.871  1.383  -41.311 0.8571428657
75246  -36.843  1.777  -42.509 0.5714285970
75255  -36.971  1.368  -43.185 0.1428571492
76123  -34.303  2.233  -41.442 0.8571428657
76124  -35.528  2.140  -41.556 0.7142857313
76128  -31.839  2.237  -42.532 0.4285714328
76992  -36.312  3.254  -42.324 0.5714285970
77000  -36.774  3.668  -42.784 0.5714285970
77006  -27.033  3.412  -44.609 0.1428571492
77011  -37.496  4.231  -44.190 0.2857142985
77026  -37.514  3.999  -46.063 0.1428571492
77863  -33.667  4.182  -42.675 0.7142857313
77869  -33.433  4.773  -43.166 0.8571428657
77876  -33.149  5.420  -43.735 0.8571428657
77886  -29.410  4.448  -45.661 0.2857142985
78714  -35.359  5.493  -43.025 0.7142857313
78715  -36.375  5.558  -43.409 0.5714285970
78722  -36.383  6.264  -43.718 0.5714285970
78737  -37.950  5.439  -45.872 0.2857142985
78749  -30.990  5.775  -45.891 0.2857142985
79531  -32.714  6.472  -44.739 0.7142857313
79536  -37.618  6.358  -44.739 0.2857142985
79544  -37.923  6.812  -45.396 0.1428571492
79557  -38.093  6.144  -46.076 0.1428571492
79566  -37.666  6.896  -48.344 0.1428571492
80279  -36.881  7.587  -44.603 0.2857142985
80290  -37.977  7.518  -45.865 0.1428571492
81073  -36.317  8.209  -44.652 0.4285714328
81079  -35.829  8.835  -44.883 0.5714285970
81087  -37.105  9.040  -45.649 0.1428571492
81848  -35.355  9.463  -45.225 0.2857142985
81849  -36.333  9.340  -45.385 0.2857142985
82672  -37.463  10.455  -47.374 0.2857142985
82682  -28.418  10.087  -49.487 0.2857142985
82694  -28.819  10.453  -49.797 0.2857142985
83505  -35.118  11.332  -46.589 0.2857142985
83506  -36.098  11.213  -46.652 0.2857142985
83513  -33.771  11.870  -47.312 0.2857142985
83522  -30.307  10.940  -49.628 0.4285714328
83525  -37.076  12.040  -47.974 0.2857142985
84351  -36.248  12.331  -47.636 0.1428571492
84354  -28.644  12.576  -49.433 0.1428571492
84358  -34.901  12.991  -47.963 0.2857142985
85177  -36.890  13.651  -49.457 0.1428571492
86859  -36.950  15.174  -51.183 0.1428571492
87582  -35.455  16.284  -51.749 0.1428571492
115348  -28.580  -10.302  -41.037 0.1428571492
115520  -26.887  -1.955  -43.846 0.1428571492
115697  -24.615  -0.097  -44.399 0.1428571492
116076  -31.985  -20.865  -33.045 0.5714285970
116309  -36.137  -11.627  -43.561 0.4285714328
117291  -41.270  -16.128  -36.789 0.2857142985
117851  -40.624  -14.209  -39.050 0.4285714328
118215  -30.530  -9.779  -40.062 0.2857142985
118795  -36.537  0.025  -42.892 0.1428571492
119898  -38.294  -15.164  -41.297 0.4285714328
119944  -41.258  -20.666  -31.972 0.1428571492
120764  -27.408  -3.637  -43.358 0.1428571492
121084  -36.955  -17.494  -36.284 0.7142857313
121301  -37.873  -18.772  -35.674 0.4285714328
121605  -28.433  -19.279  -34.341 0.1428571492
121781  -37.103  1.703  -43.857 0.1428571492
122404  -31.723  -23.762  -31.627 0.4285714328
123015  -39.162  -18.199  -36.580 0.4285714328
123228  -35.361  -8.580  -38.222 1.0000000000
124186  -36.533  -18.690  -35.586 0.5714285970
124194  -30.379  8.245  -48.278 0.7142857313
124738  -35.965  -12.023  -36.951 0.7142857313
124836  -26.520  -5.012  -43.341 0.1428571492
124893  -34.196  -11.288  -36.985 0.8571428657
124982  -41.358  -14.791  -31.021 0.1428571492
125653  -25.756  -19.679  -34.059 0.1428571492
126089  -30.326  -22.809  -31.855 0.2857142985
126256  -36.663  -11.372  -40.051 0.8571428657
126796  -35.613  -3.843  -40.473 0.8571428657
126815  -38.058  8.162  -47.096 0.1428571492
127183  -37.914  6.792  -47.609 0.1428571492
127459  -35.720  -2.652  -41.110 0.8571428657
127587  -34.553  -4.825  -38.938 1.0000000000
128095  -28.004  -0.055  -43.920 0.1428571492
128370  -40.892  -18.343  -36.206 0.1428571492
128600  -42.651  -16.601  -33.489 0.1428571492
129683  -35.466  -9.934  -44.848 0.2857142985
130399  -40.373  -16.841  -37.819 0.2857142985
130635  -31.133  -9.989  -39.530 0.5714285970
130665  -32.649  -24.069  -28.280 0.1428571492
130976  -28.219  -7.479  -42.306 0.1428571492
131077  -38.514  -22.067  -27.453 0.1428571492
131250  -35.943  -6.734  -39.451 1.0000000000
131351  -32.618  -7.023  -38.800 0.8571428657
131519  -36.283  -11.622  -41.000 0.5714285970
132161  -35.911  -6.012  -41.252 0.7142857313
132200  -25.726  -7.524  -42.267 0.1428571492
132264  -41.931  -15.262  -35.576 0.1428571492
132936  -32.944  -7.624  -38.547 1.0000000000
133036  -33.174  12.921  -48.357 0.2857142985
133128  -30.881  -3.350  -40.993 0.7142857313
133141  -37.867  -14.386  -42.654 0.4285714328
134342  -31.264  5.005  -45.037 0.2857142985
134570  -32.053  -12.288  -37.575 0.7142857313
135027  -42.217  -15.939  -26.790 0.1428571492
135592  -34.609  -10.956  -37.160 0.8571428657
135822  -43.129  -18.232  -31.271 0.1428571492
135992  -36.154  2.316  -41.854 0.7142857313
136424  -35.776  -11.023  -37.379 0.7142857313
136885  -35.680  -0.205  -41.003 0.7142857313
137233  -41.600  -15.438  -31.357 0.1428571492
137878  -33.477  -14.985  -34.982 0.5714285970
138380  -42.401  -18.583  -33.744 0.1428571492
138522  -35.959  -11.192  -43.721 0.4285714328
