#!ascii label  , from subject sub-v2s0x30147_ses-1 vox2ras=TkReg
1612
111929  4.353  -43.093  85.260 0.0000000000
60766  39.179  -16.717  59.139 0.0000000000
43764  23.359  -34.229  74.023 0.0000000000
45739  33.189  -32.093  78.728 0.0000000000
39756  16.083  -38.934  75.462 0.0000000000
113522  13.083  -41.896  85.864 0.0000000000
68212  47.065  -8.690  51.767 0.0000000000
123733  48.892  -11.991  59.031 0.0000000000
55106  32.601  -22.662  71.493 0.0000000000
71958  49.869  -4.440  44.877 0.0000000000
40630  21.857  -37.395  78.892 0.0000000000
113502  8.370  -41.724  85.827 0.0000000000
130359  48.302  -10.440  55.221 0.0000000000
65351  42.901  -12.010  55.012 0.0000000000
59712  39.602  -17.844  64.210 0.0000000000
60723  44.193  -16.621  63.946 0.0000000000
59737  34.602  -18.189  64.076 0.0000000000
47858  30.160  -30.440  71.396 0.0000000000
43717  28.349  -34.110  75.704 0.0000000000
37926  18.962  -40.342  81.061 0.0000000000
37036  18.930  -42.260  85.658 0.0000000000
37138  13.969  -41.095  80.249 0.0000000000
37934  8.909  -40.709  80.526 0.0000000000
42773  19.513  -35.021  74.718 0.0000000000
70078  52.470  -6.515  51.460 0.0000000000
68162  53.363  -8.202  56.271 0.0000000000
62598  44.077  -14.090  59.067 0.0000000000
58705  35.712  -18.695  70.249 0.0000000000
50628  33.461  -26.848  75.054 0.0000000000
68271  48.840  -8.443  46.668 0.0000000000
68265  54.621  -7.796  46.869 0.0000000000
71060  56.112  -5.580  43.421 0.0000000000
37133  21.692  -40.937  80.672 0.0000000000
133068  6.298  -42.185  85.131 0.0000000000
36987  7.820  -41.759  89.036 0.0000000000
37003  5.877  -42.436  88.777 0.0000000000
66312  42.402  -10.059  53.779 0.0000000000
60682  39.332  -16.286  66.452 0.0000000000
60679  42.545  -17.040  66.981 0.0000000000
33567  -0.985  -45.559  88.145 0.0000000000
58811  34.524  -19.176  61.580 0.0000000000
45798  23.850  -32.820  71.133 0.0000000000
45789  26.673  -32.705  72.095 0.0000000000
114276  25.951  -34.949  75.194 0.0000000000
38803  17.742  -39.717  77.639 0.0000000000
117779  17.196  -41.315  80.312 0.0000000000
37976  14.815  -40.253  77.709 0.0000000000
40668  18.010  -37.597  75.164 0.0000000000
134849  19.054  -37.660  78.107 0.0000000000
37039  15.840  -42.119  85.883 0.0000000000
69121  50.176  -7.462  51.796 0.0000000000
69097  52.915  -6.773  54.230 0.0000000000
69086  49.989  -7.512  54.697 0.0000000000
64473  48.298  -11.714  56.457 0.0000000000
65336  51.145  -10.544  57.683 0.0000000000
61730  38.709  -15.680  57.241 0.0000000000
62624  41.384  -14.351  56.816 0.0000000000
61703  41.485  -15.545  59.613 0.0000000000
56026  32.098  -21.431  68.162 0.0000000000
118336  33.408  -19.065  67.760 0.0000000000
56009  34.344  -21.334  70.801 0.0000000000
132338  31.740  -31.017  75.055 0.0000000000
49783  32.778  -28.489  72.876 0.0000000000
47807  34.562  -30.058  76.326 0.0000000000
112564  45.306  -8.557  49.563 0.0000000000
69159  46.521  -7.544  47.294 0.0000000000
68237  48.528  -8.868  49.685 0.0000000000
68235  50.961  -8.527  49.336 0.0000000000
72937  52.899  -3.483  41.806 0.0000000000
71063  52.266  -5.180  43.500 0.0000000000
69196  54.752  -6.902  45.032 0.0000000000
70111  52.041  -7.025  44.966 0.0000000000
43659  22.383  -35.093  78.059 0.0000000000
43675  24.675  -34.968  77.890 0.0000000000
40620  24.003  -36.907  79.877 0.0000000000
113520  10.747  -41.774  85.847 0.0000000000
36996  13.074  -41.909  89.265 0.0000000000
127286  10.539  -41.782  88.719 0.0000000000
117531  44.786  -8.960  51.986 0.0000000000
68178  47.431  -8.289  54.096 0.0000000000
68181  45.133  -9.522  54.156 0.0000000000
122608  45.195  -11.258  55.143 0.0000000000
64476  45.880  -12.782  56.760 0.0000000000
59763  39.742  -17.829  61.700 0.0000000000
60749  41.519  -16.485  61.351 0.0000000000
59730  42.316  -17.604  63.953 0.0000000000
54239  30.366  -23.761  71.439 0.0000000000
47767  35.748  -30.245  79.684 0.0000000000
114750  2.090  -44.060  85.176 0.0000000000
35200  3.329  -43.768  88.811 0.0000000000
116047  1.130  -44.713  88.132 0.0000000000
59789  37.044  -17.868  59.059 0.0000000000
118428  37.006  -18.734  61.718 0.0000000000
59734  37.313  -18.106  63.939 0.0000000000
61628  36.856  -16.211  66.634 0.0000000000
46873  28.190  -31.125  70.395 0.0000000000
46846  29.568  -31.605  73.350 0.0000000000
45747  30.950  -33.095  77.162 0.0000000000
42683  27.768  -35.545  78.878 0.0000000000
42681  30.108  -35.912  79.504 0.0000000000
37086  20.546  -41.127  82.634 0.0000000000
37045  20.616  -42.129  84.574 0.0000000000
37087  18.781  -41.565  82.910 0.0000000000
37068  16.188  -42.008  83.512 0.0000000000
113465  13.707  -41.676  83.115 0.0000000000
38790  12.101  -39.941  78.041 0.0000000000
37931  11.706  -40.869  80.380 0.0000000000
37073  11.052  -41.591  83.466 0.0000000000
133184  9.042  -41.386  83.112 0.0000000000
37099  6.784  -41.455  82.521 0.0000000000
37101  4.561  -42.015  82.145 0.0000000000
126730  21.438  -32.625  71.437 0.0000000000
44760  19.420  -33.098  71.783 0.0000000000
44716  20.945  -33.891  74.456 0.0000000000
42734  20.152  -35.711  77.852 0.0000000000
39692  20.165  -38.733  80.136 0.0000000000
67229  54.942  -9.204  55.383 0.0000000000
68164  50.216  -8.379  55.548 0.0000000000
64491  40.795  -12.804  55.058 0.0000000000
63550  43.538  -13.787  57.273 0.0000000000
63539  46.420  -13.066  59.157 0.0000000000
61681  43.707  -15.408  61.501 0.0000000000
62570  46.370  -14.010  60.915 0.0000000000
58756  32.392  -18.614  64.761 0.0000000000
59671  34.955  -16.937  66.944 0.0000000000
60624  37.238  -16.813  69.816 0.0000000000
51596  31.575  -25.794  72.151 0.0000000000
54220  32.302  -24.150  73.378 0.0000000000
50598  35.896  -27.551  78.237 0.0000000000
53243  34.670  -25.059  76.518 0.0000000000
55091  35.023  -22.933  73.387 0.0000000000
55985  36.860  -21.471  73.290 0.0000000000
58653  38.469  -18.740  73.688 0.0000000000
70114  49.619  -6.492  45.492 0.0000000000
68268  51.453  -8.919  46.675 0.0000000000
69127  53.742  -6.678  49.512 0.0000000000
37109  22.024  -41.907  80.968 0.0000000000
115871  5.079  -42.758  85.216 0.0000000000
37018  6.047  -42.457  87.416 0.0000000000
36132  4.667  -43.132  86.929 0.0000000000
131837  39.548  -15.884  67.682 0.0000000000
61616  41.131  -15.819  68.213 0.0000000000
32864  -1.781  -46.244  85.810 0.0000000000
44742  23.834  -33.624  72.576 0.0000000000
44730  25.550  -33.670  73.021 0.0000000000
43741  24.697  -34.591  74.440 0.0000000000
38819  16.764  -39.638  76.753 0.0000000000
38804  16.267  -40.117  77.380 0.0000000000
38820  15.903  -39.700  76.664 0.0000000000
41729  16.950  -36.990  73.023 0.0000000000
40669  17.362  -38.265  75.215 0.0000000000
132051  17.840  -38.844  76.638 0.0000000000
113814  14.934  -41.989  85.962 0.0000000000
127899  14.562  -41.984  87.046 0.0000000000
68211  48.639  -8.288  51.616 0.0000000000
115185  49.782  -7.258  52.927 0.0000000000
69101  48.586  -7.674  53.385 0.0000000000
113415  48.531  -11.844  58.193 0.0000000000
135283  50.188  -11.221  58.437 0.0000000000
61717  39.049  -15.980  57.893 0.0000000000
61715  40.499  -15.578  58.477 0.0000000000
61704  40.691  -15.845  59.277 0.0000000000
55130  31.143  -22.461  69.906 0.0000000000
56018  32.535  -21.828  69.556 0.0000000000
56017  33.194  -21.406  69.589 0.0000000000
56004  33.611  -21.795  70.661 0.0000000000
46819  32.582  -31.518  77.202 0.0000000000
113932  33.083  -30.705  75.984 0.0000000000
47796  33.442  -31.015  77.482 0.0000000000
68226  46.175  -8.836  50.142 0.0000000000
68239  46.239  -8.660  49.286 0.0000000000
68225  47.794  -8.854  50.232 0.0000000000
68224  48.664  -8.673  50.683 0.0000000000
71976  51.667  -4.491  43.203 0.0000000000
71966  51.141  -4.723  43.781 0.0000000000
70125  52.406  -6.339  44.384 0.0000000000
70127  50.848  -5.944  44.772 0.0000000000
42690  21.790  -36.061  78.487 0.0000000000
42688  23.254  -36.012  79.107 0.0000000000
40629  23.005  -37.030  79.115 0.0000000000
119320  9.521  -41.665  85.111 0.0000000000
134564  10.760  -41.834  87.117 0.0000000000
37014  9.331  -41.781  87.261 0.0000000000
114704  8.169  -41.586  90.993 0.0000000000
36974  8.974  -41.605  91.032 0.0000000000
68203  42.990  -8.922  52.045 0.0000000000
68201  44.590  -9.177  52.908 0.0000000000
67242  43.490  -9.573  53.376 0.0000000000
65359  43.276  -11.093  54.638 0.0000000000
66298  43.724  -10.364  54.340 0.0000000000
65349  44.550  -11.484  55.078 0.0000000000
64487  45.845  -12.464  55.847 0.0000000000
64477  44.908  -12.699  55.797 0.0000000000
59748  39.851  -17.985  62.595 0.0000000000
59747  40.620  -17.783  62.788 0.0000000000
59711  40.913  -17.789  64.383 0.0000000000
115562  43.753  -8.673  50.839 0.0000000000
35227  2.037  -44.384  86.995 0.0000000000
34367  0.796  -44.867  86.777 0.0000000000
58842  35.436  -18.363  58.700 0.0000000000
58832  37.144  -18.319  59.844 0.0000000000
113623  35.504  -18.989  60.371 0.0000000000
58776  34.185  -18.678  63.182 0.0000000000
58774  36.069  -18.541  63.219 0.0000000000
59736  35.507  -18.129  64.037 0.0000000000
60715  37.150  -17.031  65.228 0.0000000000
59697  35.436  -17.206  65.572 0.0000000000
46906  27.093  -31.173  69.247 0.0000000000
45771  27.854  -33.023  73.822 0.0000000000
45779  28.381  -32.454  73.361 0.0000000000
45761  28.745  -33.004  74.856 0.0000000000
45759  30.087  -32.497  75.567 0.0000000000
44684  29.807  -33.729  76.608 0.0000000000
42661  25.530  -35.651  80.294 0.0000000000
42710  26.398  -35.284  78.466 0.0000000000
42660  26.511  -35.609  80.477 0.0000000000
42657  29.488  -36.070  80.398 0.0000000000
43635  31.950  -35.385  79.897 0.0000000000
37903  19.984  -40.265  81.853 0.0000000000
37876  20.208  -41.176  82.846 0.0000000000
37889  19.333  -41.094  82.493 0.0000000000
37136  15.811  -41.500  80.639 0.0000000000
37089  16.966  -41.903  82.300 0.0000000000
37091  15.070  -41.677  81.974 0.0000000000
37069  15.148  -41.908  83.600 0.0000000000
37092  14.027  -41.587  82.239 0.0000000000
38823  13.217  -39.397  76.577 0.0000000000
38772  9.880  -40.143  78.980 0.0000000000
38771  10.791  -40.180  78.906 0.0000000000
37932  10.836  -40.808  80.406 0.0000000000
37118  11.798  -41.309  81.865 0.0000000000
37909  10.405  -41.009  81.232 0.0000000000
37096  9.703  -41.407  82.923 0.0000000000
37911  8.577  -40.933  81.409 0.0000000000
37120  5.321  -41.645  81.854 0.0000000000
45831  22.218  -32.069  70.066 0.0000000000
45832  21.279  -31.812  70.002 0.0000000000
43766  18.786  -35.032  73.242 0.0000000000
43779  19.324  -34.196  73.038 0.0000000000
128035  20.424  -33.541  73.199 0.0000000000
43746  19.992  -34.371  74.563 0.0000000000
124397  20.732  -34.683  76.688 0.0000000000
42749  19.635  -35.507  76.461 0.0000000000
39694  19.049  -39.339  79.879 0.0000000000
40634  19.729  -37.963  79.098 0.0000000000
38753  19.947  -39.320  80.718 0.0000000000
37902  20.436  -40.260  81.649 0.0000000000
37035  19.888  -42.085  85.518 0.0000000000
35173  2.718  -43.580  90.556 0.0000000000
129887  3.974  -42.824  90.843 0.0000000000
70069  55.437  -6.234  52.995 0.0000000000
69083  53.366  -7.204  55.244 0.0000000000
69082  54.486  -7.421  55.303 0.0000000000
68173  54.777  -8.270  55.725 0.0000000000
66283  54.298  -10.128  56.501 0.0000000000
68167  46.989  -8.893  54.828 0.0000000000
68177  48.655  -8.232  54.688 0.0000000000
67218  49.806  -9.461  55.483 0.0000000000
66277  51.990  -10.232  57.582 0.0000000000
62611  42.239  -14.470  57.958 0.0000000000
62623  42.202  -14.248  57.215 0.0000000000
63542  43.743  -13.830  57.889 0.0000000000
114318  45.083  -13.320  57.967 0.0000000000
63532  44.747  -13.841  59.203 0.0000000000
60733  43.047  -16.404  62.533 0.0000000000
61669  43.102  -15.870  61.935 0.0000000000
61667  44.495  -15.681  62.791 0.0000000000
58757  31.761  -19.248  64.816 0.0000000000
58717  34.753  -18.747  69.271 0.0000000000
58734  33.959  -18.186  67.812 0.0000000000
59653  35.355  -17.484  68.646 0.0000000000
60638  36.047  -16.912  68.633 0.0000000000
59643  36.640  -17.527  70.130 0.0000000000
48836  30.319  -29.588  70.114 0.0000000000
135286  31.171  -29.229  70.866 0.0000000000
50648  33.233  -27.687  73.726 0.0000000000
50650  32.299  -27.059  72.598 0.0000000000
51586  32.581  -26.579  73.321 0.0000000000
52421  32.069  -25.413  73.221 0.0000000000
52412  32.790  -25.650  74.482 0.0000000000
48739  36.032  -29.262  78.225 0.0000000000
133405  35.822  -24.275  76.098 0.0000000000
118089  34.413  -24.076  74.924 0.0000000000
54207  36.288  -23.349  74.668 0.0000000000
55986  36.167  -21.940  72.973 0.0000000000
55080  37.597  -22.363  74.653 0.0000000000
69158  47.229  -7.998  47.235 0.0000000000
69166  49.386  -8.142  46.110 0.0000000000
69178  50.054  -7.843  45.756 0.0000000000
68270  49.655  -8.691  46.657 0.0000000000
68222  51.878  -7.365  50.179 0.0000000000
69139  52.636  -7.268  49.699 0.0000000000
135205  53.204  -6.565  50.168 0.0000000000
70084  55.230  -5.772  50.494 0.0000000000
71986  55.197  -4.806  42.557 0.0000000000
69175  53.959  -7.661  45.537 0.0000000000
69164  55.617  -6.987  46.400 0.0000000000
111930  55.732  -6.584  47.563 0.0000000000
38750  21.971  -39.629  79.710 0.0000000000
37946  22.898  -39.846  79.617 0.0000000000
37132  22.628  -41.396  80.482 0.0000000000
114739  7.029  -41.907  85.074 0.0000000000
37015  8.505  -41.775  87.325 0.0000000000
37029  7.159  -41.903  86.591 0.0000000000
113675  7.001  -41.849  88.991 0.0000000000
36976  6.725  -41.748  90.636 0.0000000000
66313  41.512  -10.205  53.691 0.0000000000
65361  41.476  -11.593  54.543 0.0000000000
60702  39.689  -16.953  65.724 0.0000000000
60701  40.457  -17.199  65.681 0.0000000000
119532  41.157  -16.766  66.707 0.0000000000
60663  42.358  -16.465  67.730 0.0000000000
33572  0.087  -45.233  86.960 0.0000000000
33582  -1.225  -45.949  86.448 0.0000000000
33574  -1.566  -46.017  87.456 0.0000000000
57909  34.230  -19.338  60.238 0.0000000000
58777  33.254  -18.578  63.491 0.0000000000
46876  26.133  -31.943  70.126 0.0000000000
45790  25.964  -32.835  71.901 0.0000000000
44729  26.442  -33.514  73.231 0.0000000000
43738  27.222  -34.306  74.934 0.0000000000
38770  18.409  -40.082  79.220 0.0000000000
37927  18.162  -40.993  80.594 0.0000000000
37962  17.422  -40.672  78.854 0.0000000000
37949  16.664  -41.150  79.547 0.0000000000
37951  14.547  -40.967  79.498 0.0000000000
125781  8.173  -40.554  80.263 0.0000000000
38775  7.253  -39.857  79.135 0.0000000000
121442  17.952  -36.357  73.472 0.0000000000
130506  18.889  -35.962  74.941 0.0000000000
42763  19.104  -36.081  75.936 0.0000000000
40657  18.438  -37.577  76.058 0.0000000000
38785  18.454  -39.187  78.196 0.0000000000
37038  16.812  -42.257  85.782 0.0000000000
69120  51.184  -6.949  51.855 0.0000000000
70065  53.232  -6.478  53.372 0.0000000000
69110  51.500  -6.779  52.752 0.0000000000
69098  51.510  -6.870  53.847 0.0000000000
68174  51.740  -7.523  55.387 0.0000000000
65345  48.691  -11.156  55.708 0.0000000000
65344  49.766  -10.745  56.128 0.0000000000
65337  50.232  -10.817  57.126 0.0000000000
65324  50.807  -10.936  58.285 0.0000000000
62642  40.166  -14.067  55.934 0.0000000000
62614  40.002  -14.946  57.054 0.0000000000
61727  41.044  -15.112  58.045 0.0000000000
62587  42.697  -14.875  59.439 0.0000000000
113964  45.268  -15.557  63.371 0.0000000000
56033  31.850  -21.085  67.267 0.0000000000
56901  32.239  -20.284  66.876 0.0000000000
56887  32.538  -20.603  67.665 0.0000000000
57819  33.931  -19.965  69.206 0.0000000000
57801  35.330  -19.567  70.490 0.0000000000
112881  31.546  -30.379  73.190 0.0000000000
115337  31.827  -29.408  72.034 0.0000000000
47843  32.296  -30.123  73.588 0.0000000000
48785  33.717  -29.541  74.486 0.0000000000
49754  34.553  -28.218  75.350 0.0000000000
69152  44.559  -7.368  48.463 0.0000000000
70095  44.970  -6.939  47.909 0.0000000000
69151  45.299  -7.666  48.253 0.0000000000
114249  47.297  -8.665  48.504 0.0000000000
128139  48.312  -8.739  47.949 0.0000000000
68249  49.719  -8.888  48.266 0.0000000000
68236  49.184  -8.894  49.023 0.0000000000
69130  50.246  -8.072  50.728 0.0000000000
71989  51.306  -3.569  42.719 0.0000000000
71975  52.686  -4.698  42.920 0.0000000000
71062  53.707  -5.599  43.492 0.0000000000
70123  55.382  -6.315  44.425 0.0000000000
70124  53.360  -6.410  44.274 0.0000000000
69197  53.657  -7.017  44.876 0.0000000000
68285  52.988  -8.236  45.823 0.0000000000
43723  22.667  -34.430  75.733 0.0000000000
43721  24.530  -34.916  76.000 0.0000000000
43677  23.253  -34.928  78.051 0.0000000000
135114  24.231  -35.651  79.544 0.0000000000
40619  25.169  -37.269  81.005 0.0000000000
119323  12.173  -41.828  85.433 0.0000000000
112508  12.951  -41.917  86.897 0.0000000000
112507  12.109  -41.903  87.242 0.0000000000
36998  11.313  -41.850  88.483 0.0000000000
112510  9.037  -41.747  88.123 0.0000000000
36972  10.668  -41.752  90.890 0.0000000000
119635  46.166  -8.821  52.087 0.0000000000
68188  47.329  -8.205  53.390 0.0000000000
129192  46.043  -8.690  52.951 0.0000000000
68180  45.800  -9.063  54.189 0.0000000000
67221  46.237  -9.304  54.766 0.0000000000
67233  43.393  -9.906  53.892 0.0000000000
67222  45.099  -9.903  54.693 0.0000000000
124386  46.444  -10.779  55.122 0.0000000000
65346  47.696  -11.657  55.754 0.0000000000
64474  47.403  -12.149  56.357 0.0000000000
127538  47.162  -12.401  57.743 0.0000000000
59786  39.434  -17.153  60.049 0.0000000000
60758  40.198  -16.854  60.484 0.0000000000
60750  40.939  -16.994  61.629 0.0000000000
60735  41.801  -17.105  62.473 0.0000000000
130277  43.541  -16.950  63.825 0.0000000000
59693  41.907  -17.530  65.570 0.0000000000
59708  43.223  -17.496  65.018 0.0000000000
60713  44.598  -16.720  64.787 0.0000000000
55108  30.821  -23.207  71.259 0.0000000000
46805  34.494  -31.426  79.617 0.0000000000
122681  43.309  -7.353  49.254 0.0000000000
68241  43.820  -8.108  49.624 0.0000000000
113267  45.353  -8.814  50.575 0.0000000000
73907  50.129  -1.970  44.275 0.0000000000
72917  49.583  -3.312  44.964 0.0000000000
35238  3.529  -43.526  85.395 0.0000000000
36133  3.897  -43.567  86.862 0.0000000000
35226  2.673  -43.993  86.548 0.0000000000
35202  2.146  -44.227  88.764 0.0000000000
112189  1.198  -43.752  91.058 0.0000000000
34345  0.395  -44.924  88.376 0.0000000000
118374  37.850  -16.756  58.158 0.0000000000
60775  36.975  -16.960  57.833 0.0000000000
59797  38.229  -17.082  58.877 0.0000000000
59778  38.011  -18.023  60.165 0.0000000000
58785  38.344  -18.472  61.856 0.0000000000
58772  38.361  -18.411  62.810 0.0000000000
58809  36.293  -18.880  61.631 0.0000000000
58773  36.950  -18.490  63.190 0.0000000000
124354  38.189  -18.173  63.763 0.0000000000
60703  37.812  -16.828  65.441 0.0000000000
61626  38.116  -15.945  66.752 0.0000000000
61609  38.460  -15.840  67.883 0.0000000000
118669  29.421  -30.668  70.997 0.0000000000
122145  27.590  -31.832  71.146 0.0000000000
46859  28.456  -31.597  71.734 0.0000000000
112003  29.995  -30.847  72.306 0.0000000000
46839  30.653  -31.357  74.356 0.0000000000
46826  31.553  -31.785  76.325 0.0000000000
45745  32.204  -32.200  77.644 0.0000000000
43720  25.437  -35.132  76.074 0.0000000000
42746  26.693  -35.303  76.595 0.0000000000
42729  27.884  -35.426  77.192 0.0000000000
42658  28.473  -35.892  80.467 0.0000000000
120991  28.668  -35.745  78.800 0.0000000000
42727  29.226  -35.043  77.401 0.0000000000
43656  30.456  -34.841  78.056 0.0000000000
44663  31.934  -34.212  78.809 0.0000000000
112972  33.174  -33.465  79.725 0.0000000000
37085  20.942  -41.829  82.834 0.0000000000
123362  20.423  -41.775  83.895 0.0000000000
37046  20.194  -41.813  84.499 0.0000000000
37047  19.237  -41.948  84.633 0.0000000000
37112  17.686  -41.620  81.849 0.0000000000
37066  18.008  -42.039  83.332 0.0000000000
118510  17.246  -42.283  84.768 0.0000000000
121081  16.192  -42.157  84.986 0.0000000000
37051  14.808  -41.938  84.402 0.0000000000
130297  13.664  -41.906  85.064 0.0000000000
38822  14.120  -39.539  76.582 0.0000000000
38788  14.025  -40.253  78.015 0.0000000000
37952  13.660  -40.821  79.469 0.0000000000
38791  11.182  -39.874  78.119 0.0000000000
121362  12.063  -40.497  79.282 0.0000000000
37906  13.170  -41.181  80.920 0.0000000000
37117  12.672  -41.348  81.774 0.0000000000
37071  12.823  -41.637  83.256 0.0000000000
134687  12.045  -41.771  84.727 0.0000000000
37055  10.709  -41.672  84.287 0.0000000000
37056  9.865  -41.619  84.372 0.0000000000
37075  8.673  -41.501  83.679 0.0000000000
37912  7.747  -40.910  81.330 0.0000000000
37098  7.517  -41.382  82.742 0.0000000000
37058  7.359  -41.720  84.276 0.0000000000
37059  6.352  -41.983  84.273 0.0000000000
37078  5.431  -42.323  83.859 0.0000000000
130013  4.695  -42.761  84.386 0.0000000000
36152  3.068  -43.277  83.755 0.0000000000
35263  2.190  -43.588  83.783 0.0000000000
45829  23.832  -32.224  69.858 0.0000000000
45799  23.027  -32.796  71.141 0.0000000000
44743  22.850  -33.492  72.454 0.0000000000
45801  20.690  -32.478  71.397 0.0000000000
127790  20.926  -33.281  72.798 0.0000000000
44715  21.683  -33.928  74.341 0.0000000000
113635  21.742  -34.282  76.031 0.0000000000
42732  21.325  -35.270  77.918 0.0000000000
41662  21.434  -36.475  78.603 0.0000000000
41676  19.849  -36.500  78.292 0.0000000000
40632  20.443  -37.685  79.120 0.0000000000
39704  21.256  -38.301  79.346 0.0000000000
38737  20.655  -39.791  80.918 0.0000000000
37886  20.697  -40.742  82.005 0.0000000000
36113  4.618  -43.043  88.749 0.0000000000
36100  5.290  -42.497  90.186 0.0000000000
70063  55.160  -6.572  53.852 0.0000000000
131142  48.640  -7.736  54.041 0.0000000000
68175  50.822  -7.770  55.396 0.0000000000
115062  51.449  -8.535  55.980 0.0000000000
66285  51.387  -9.864  56.571 0.0000000000
66284  52.542  -9.694  57.070 0.0000000000
67208  53.609  -9.880  57.181 0.0000000000
65362  40.425  -11.676  54.304 0.0000000000
124552  42.254  -12.642  55.248 0.0000000000
63562  41.052  -13.929  56.084 0.0000000000
63573  42.537  -13.261  55.703 0.0000000000
125327  43.327  -13.183  55.762 0.0000000000
63548  45.173  -13.157  57.048 0.0000000000
64454  45.830  -12.928  57.689 0.0000000000
64443  47.269  -12.694  59.232 0.0000000000
61694  41.761  -15.700  60.358 0.0000000000
61693  42.549  -15.442  60.575 0.0000000000
62573  43.802  -14.746  60.216 0.0000000000
61666  45.268  -15.182  62.506 0.0000000000
61680  44.842  -14.790  61.224 0.0000000000
62571  45.437  -14.307  60.660 0.0000000000
63515  45.962  -13.791  60.150 0.0000000000
63529  47.695  -12.959  59.987 0.0000000000
58778  32.594  -18.594  63.619 0.0000000000
59718  33.570  -18.080  64.728 0.0000000000
58746  32.828  -18.552  66.083 0.0000000000
59683  33.884  -17.579  66.084 0.0000000000
59698  34.671  -17.471  65.495 0.0000000000
129330  35.598  -16.736  66.566 0.0000000000
60649  37.386  -16.161  68.470 0.0000000000
60635  38.489  -16.128  70.011 0.0000000000
49797  31.881  -28.135  71.461 0.0000000000
53298  30.908  -24.586  72.015 0.0000000000
54229  31.251  -24.339  72.401 0.0000000000
54228  32.604  -23.442  72.836 0.0000000000
48740  35.396  -29.908  77.673 0.0000000000
48760  35.418  -29.097  76.553 0.0000000000
50615  34.674  -27.591  76.130 0.0000000000
51553  34.718  -26.214  77.382 0.0000000000
52398  33.890  -25.653  76.103 0.0000000000
54200  33.691  -24.573  75.066 0.0000000000
120159  33.107  -23.699  73.544 0.0000000000
55097  33.757  -22.610  72.166 0.0000000000
55995  34.984  -21.957  72.068 0.0000000000
56840  35.636  -20.688  71.627 0.0000000000
57770  36.704  -19.924  72.344 0.0000000000
55975  38.459  -21.305  75.062 0.0000000000
57759  37.680  -19.925  73.475 0.0000000000
58671  36.941  -19.017  72.117 0.0000000000
59627  37.927  -17.862  72.193 0.0000000000
72918  49.293  -3.693  45.496 0.0000000000
71036  49.848  -5.246  45.134 0.0000000000
70112  50.987  -6.775  45.120 0.0000000000
68286  51.899  -8.439  45.852 0.0000000000
68267  52.542  -8.764  46.555 0.0000000000
68247  51.669  -8.611  48.676 0.0000000000
112661  52.532  -8.679  48.068 0.0000000000
68245  54.052  -7.894  48.034 0.0000000000
70094  55.731  -5.871  48.950 0.0000000000
36163  21.410  -42.798  82.564 0.0000000000
36177  21.488  -42.222  81.833 0.0000000000
36142  4.921  -42.919  85.988 0.0000000000
112220  40.081  -15.617  68.786 0.0000000000
130558  23.827  -34.028  73.341 0.0000000000
43763  24.258  -34.308  73.841 0.0000000000
133716  24.000  -34.501  74.446 0.0000000000
39742  16.428  -39.281  76.113 0.0000000000
39743  15.555  -39.316  76.013 0.0000000000
40670  16.605  -38.467  74.941 0.0000000000
39755  16.957  -38.814  75.611 0.0000000000
113523  14.059  -41.946  85.972 0.0000000000
37027  13.691  -41.957  86.646 0.0000000000
68197  47.920  -8.316  52.079 0.0000000000
69113  48.567  -7.867  52.504 0.0000000000
60773  39.348  -16.226  58.482 0.0000000000
61705  39.943  -16.104  58.857 0.0000000000
60765  40.079  -16.487  59.651 0.0000000000
55117  31.416  -22.677  70.693 0.0000000000
55129  32.036  -22.262  70.019 0.0000000000
55116  32.281  -22.459  70.786 0.0000000000
56011  32.869  -21.941  70.223 0.0000000000
130417  32.991  -22.249  70.904 0.0000000000
46815  32.875  -31.732  77.995 0.0000000000
47809  32.971  -30.965  76.759 0.0000000000
46814  33.603  -31.396  78.351 0.0000000000
68213  46.217  -8.896  51.119 0.0000000000
113478  47.028  -8.868  50.702 0.0000000000
112572  47.875  -8.700  51.182 0.0000000000
71967  50.564  -4.623  44.227 0.0000000000
71049  51.131  -5.386  44.244 0.0000000000
71050  50.401  -5.297  44.714 0.0000000000
41661  22.138  -36.542  78.734 0.0000000000
39703  22.527  -38.239  79.081 0.0000000000
113518  9.181  -41.704  85.820 0.0000000000
112505  9.638  -41.763  86.512 0.0000000000
112504  8.839  -41.749  86.549 0.0000000000
68202  43.608  -9.249  52.794 0.0000000000
67253  42.700  -9.201  52.767 0.0000000000
65350  43.787  -11.734  54.988 0.0000000000
64488  44.364  -12.310  55.356 0.0000000000
114499  39.145  -18.159  63.367 0.0000000000
59733  40.039  -17.965  63.453 0.0000000000
133480  40.306  -17.877  64.115 0.0000000000
120586  1.044  -44.706  85.991 0.0000000000
115448  34.983  -18.749  59.055 0.0000000000
113682  35.573  -18.723  59.469 0.0000000000
58775  35.167  -18.592  63.220 0.0000000000
59716  35.877  -17.559  64.822 0.0000000000
59717  34.989  -17.692  64.868 0.0000000000
134832  28.384  -33.542  75.131 0.0000000000
44713  28.118  -33.322  74.541 0.0000000000
44698  28.920  -33.390  75.505 0.0000000000
44697  29.630  -33.181  75.916 0.0000000000
44685  29.087  -33.857  76.161 0.0000000000
41648  26.044  -36.095  81.089 0.0000000000
131906  26.730  -36.454  81.554 0.0000000000
38739  19.687  -39.969  81.239 0.0000000000
37888  19.856  -40.828  82.396 0.0000000000
37904  19.318  -40.618  81.861 0.0000000000
37137  15.016  -41.318  80.270 0.0000000000
37115  15.193  -41.530  81.100 0.0000000000
115277  14.255  -41.425  81.206 0.0000000000
37955  9.437  -40.446  79.725 0.0000000000
37954  10.365  -40.505  79.671 0.0000000000
37933  9.905  -40.759  80.469 0.0000000000
37910  9.478  -40.966  81.334 0.0000000000
43747  18.883  -35.465  74.034 0.0000000000
43765  19.482  -34.642  73.874 0.0000000000
43726  20.017  -34.611  75.331 0.0000000000
42762  19.546  -35.296  75.597 0.0000000000
38754  19.387  -39.630  80.583 0.0000000000
39693  19.703  -38.924  80.106 0.0000000000
37023  19.561  -42.427  86.468 0.0000000000
35164  2.087  -43.377  91.409 0.0000000000
36103  2.913  -43.161  91.246 0.0000000000
70077  53.636  -6.098  51.883 0.0000000000
116583  54.730  -5.946  52.295 0.0000000000
68161  53.877  -7.763  55.918 0.0000000000
124468  54.181  -8.447  56.287 0.0000000000
67214  54.654  -9.124  56.251 0.0000000000
67215  53.923  -9.062  56.608 0.0000000000
67220  47.615  -9.420  55.102 0.0000000000
68166  48.063  -8.707  54.908 0.0000000000
67219  48.715  -9.467  55.166 0.0000000000
62599  43.551  -14.135  58.552 0.0000000000
63541  44.361  -13.715  58.408 0.0000000000
60724  43.787  -16.401  63.151 0.0000000000
61656  44.500  -16.047  63.470 0.0000000000
57870  31.714  -19.741  65.446 0.0000000000
58706  35.149  -18.956  69.865 0.0000000000
59654  34.862  -18.100  68.886 0.0000000000
58716  35.382  -18.198  69.505 0.0000000000
59652  35.986  -17.496  69.396 0.0000000000
58704  36.344  -18.325  70.621 0.0000000000
113021  30.613  -29.750  70.740 0.0000000000
48835  30.821  -29.093  70.266 0.0000000000
50637  33.389  -27.312  74.327 0.0000000000
50638  32.901  -26.998  73.896 0.0000000000
51575  33.083  -26.642  74.512 0.0000000000
51576  32.756  -26.172  74.105 0.0000000000
51566  33.064  -26.091  74.975 0.0000000000
54181  36.478  -24.392  77.132 0.0000000000
54198  35.818  -23.928  75.519 0.0000000000
131249  36.657  -23.594  75.430 0.0000000000
55081  36.884  -22.673  74.296 0.0000000000
54197  37.178  -23.080  75.032 0.0000000000
69157  47.945  -8.086  46.802 0.0000000000
69168  47.224  -7.450  46.741 0.0000000000
69167  48.599  -7.728  46.196 0.0000000000
69128  52.472  -6.794  50.532 0.0000000000
127509  53.347  -6.249  50.895 0.0000000000
71077  55.864  -5.139  42.854 0.0000000000
71076  56.408  -5.205  42.732 0.0000000000
71059  56.636  -5.630  43.196 0.0000000000
68284  54.426  -7.817  46.218 0.0000000000
69156  55.729  -6.871  47.006 0.0000000000
37925  21.376  -40.058  80.421 0.0000000000
37924  22.298  -40.470  80.057 0.0000000000
37041  6.684  -42.060  85.817 0.0000000000
134178  5.803  -42.563  88.059 0.0000000000
37002  6.466  -42.179  88.249 0.0000000000
128091  6.417  -42.084  89.057 0.0000000000
36988  6.696  -41.879  89.651 0.0000000000
36989  6.015  -42.170  89.741 0.0000000000
66301  40.997  -10.849  54.079 0.0000000000
66300  41.945  -10.718  54.193 0.0000000000
60681  40.341  -16.640  66.457 0.0000000000
33590  -0.266  -45.239  85.393 0.0000000000
32857  -2.040  -46.472  86.624 0.0000000000
32853  -2.682  -46.591  87.725 0.0000000000
45815  24.285  -32.487  70.459 0.0000000000
45814  25.302  -32.325  70.414 0.0000000000
45797  24.763  -32.757  71.125 0.0000000000
43761  26.008  -34.077  73.775 0.0000000000
43760  26.710  -33.808  73.857 0.0000000000
43719  26.807  -34.798  75.343 0.0000000000
38786  17.964  -40.027  78.377 0.0000000000
37948  17.812  -40.855  79.737 0.0000000000
37974  16.160  -40.544  78.040 0.0000000000
37963  16.403  -40.806  78.674 0.0000000000
37964  15.556  -40.738  78.482 0.0000000000
37950  15.565  -41.053  79.315 0.0000000000
37965  14.823  -40.566  78.262 0.0000000000
41719  17.810  -37.205  74.282 0.0000000000
41728  17.639  -36.828  73.558 0.0000000000
41727  18.288  -36.377  74.049 0.0000000000
41718  18.364  -36.818  74.768 0.0000000000
41708  18.632  -36.830  75.511 0.0000000000
38818  17.495  -39.417  76.956 0.0000000000
39729  18.129  -38.983  77.300 0.0000000000
132672  18.423  -39.649  78.692 0.0000000000
37025  16.476  -42.236  86.822 0.0000000000
69111  50.706  -6.969  52.847 0.0000000000
69099  50.344  -7.146  53.912 0.0000000000
69085  51.028  -7.279  54.812 0.0000000000
69084  52.146  -7.141  54.977 0.0000000000
123550  49.258  -11.233  56.643 0.0000000000
61741  39.191  -15.130  56.804 0.0000000000
61714  41.267  -15.345  58.824 0.0000000000
62588  42.047  -15.091  59.135 0.0000000000
56042  31.085  -21.563  66.844 0.0000000000
56876  32.855  -20.841  68.422 0.0000000000
56010  33.883  -21.118  70.088 0.0000000000
56866  33.642  -20.722  69.390 0.0000000000
56865  34.146  -20.374  69.768 0.0000000000
57818  34.597  -19.607  69.718 0.0000000000
56857  34.662  -20.468  70.424 0.0000000000
46838  31.410  -30.948  74.458 0.0000000000
47833  32.303  -30.562  74.491 0.0000000000
117849  33.930  -30.205  75.760 0.0000000000
47821  33.285  -30.248  75.001 0.0000000000
48774  34.131  -29.629  75.109 0.0000000000
125831  34.170  -28.820  74.635 0.0000000000
48773  34.702  -29.072  75.408 0.0000000000
69140  44.901  -8.032  48.883 0.0000000000
68252  45.706  -8.271  48.743 0.0000000000
68238  47.625  -8.841  49.315 0.0000000000
129242  46.909  -8.730  49.073 0.0000000000
68250  48.223  -8.836  48.618 0.0000000000
68210  49.441  -8.210  51.180 0.0000000000
112603  50.825  -7.436  51.092 0.0000000000
120469  53.023  -5.252  43.310 0.0000000000
71974  53.883  -4.915  42.848 0.0000000000
70141  54.337  -6.062  43.928 0.0000000000
71047  52.848  -5.781  43.833 0.0000000000
70126  51.556  -6.197  44.578 0.0000000000
69198  52.844  -6.861  44.718 0.0000000000
69176  52.938  -7.490  45.179 0.0000000000
118271  52.249  -7.827  45.400 0.0000000000
43701  22.264  -34.541  76.706 0.0000000000
114664  23.129  -34.669  76.565 0.0000000000
112341  22.736  -34.769  77.402 0.0000000000
41651  23.620  -36.381  79.432 0.0000000000
42663  23.936  -35.975  79.569 0.0000000000
41650  24.353  -36.317  80.032 0.0000000000
42662  24.648  -35.826  79.983 0.0000000000
123451  24.776  -36.779  80.564 0.0000000000
133728  11.461  -41.812  85.875 0.0000000000
113521  12.216  -41.872  86.263 0.0000000000
128396  11.274  -41.843  86.626 0.0000000000
128756  10.656  -41.830  87.803 0.0000000000
112327  11.244  -41.809  89.483 0.0000000000
112509  8.174  -41.784  88.147 0.0000000000
37000  8.708  -41.707  89.021 0.0000000000
68214  45.432  -8.892  51.542 0.0000000000
68200  45.415  -8.904  52.495 0.0000000000
68190  44.929  -9.357  53.793 0.0000000000
67230  46.246  -9.060  54.546 0.0000000000
67231  45.587  -9.487  54.455 0.0000000000
118582  42.688  -9.594  53.335 0.0000000000
66290  44.777  -10.585  54.886 0.0000000000
66297  44.476  -10.174  54.498 0.0000000000
66289  45.577  -10.449  55.020 0.0000000000
130887  45.707  -9.694  54.785 0.0000000000
65347  47.036  -11.347  55.355 0.0000000000
65348  46.039  -11.594  55.306 0.0000000000
64475  46.601  -12.466  56.433 0.0000000000
134475  47.106  -12.388  57.027 0.0000000000
64463  46.526  -12.621  57.339 0.0000000000
59776  39.612  -17.530  60.868 0.0000000000
59775  40.310  -17.255  61.244 0.0000000000
59731  41.538  -17.739  63.758 0.0000000000
59746  41.347  -17.610  62.980 0.0000000000
60726  42.072  -17.395  63.164 0.0000000000
115767  42.888  -17.016  63.353 0.0000000000
59729  43.055  -17.388  64.220 0.0000000000
60700  41.105  -17.185  66.039 0.0000000000
59694  41.027  -17.546  65.222 0.0000000000
59681  42.613  -17.384  66.173 0.0000000000
59691  43.329  -17.456  65.815 0.0000000000
59679  44.112  -17.268  66.216 0.0000000000
60699  43.956  -17.254  65.332 0.0000000000
60697  45.389  -16.458  65.385 0.0000000000
55109  30.014  -23.332  70.985 0.0000000000
69131  43.077  -7.895  49.889 0.0000000000
68215  44.612  -8.818  51.132 0.0000000000
73900  49.811  -2.157  45.083 0.0000000000
35252  2.742  -43.678  84.665 0.0000000000
35225  3.380  -43.707  86.239 0.0000000000
35239  2.719  -43.874  85.670 0.0000000000
35215  1.948  -44.363  87.982 0.0000000000
34344  1.521  -44.488  88.760 0.0000000000
35188  1.858  -44.171  89.504 0.0000000000
34334  1.022  -44.483  89.395 0.0000000000
33573  -0.687  -45.601  87.191 0.0000000000
34357  -0.148  -45.259  87.855 0.0000000000
60786  37.577  -16.427  57.561 0.0000000000
59800  35.875  -17.814  58.291 0.0000000000
59810  36.229  -17.321  57.880 0.0000000000
59799  36.640  -17.612  58.450 0.0000000000
59798  37.416  -17.360  58.600 0.0000000000
59788  37.735  -17.706  59.353 0.0000000000
114654  36.895  -18.713  60.826 0.0000000000
125434  37.606  -18.460  60.633 0.0000000000
58808  37.637  -18.598  61.399 0.0000000000
58786  37.544  -18.603  62.363 0.0000000000
58825  34.767  -19.237  60.718 0.0000000000
58810  35.409  -19.052  61.429 0.0000000000
59735  36.415  -18.108  64.002 0.0000000000
129561  37.690  -18.417  63.209 0.0000000000
131047  38.442  -17.216  65.045 0.0000000000
59714  37.774  -17.543  64.656 0.0000000000
60704  37.102  -16.510  65.830 0.0000000000
60684  37.815  -16.206  66.139 0.0000000000
61627  37.485  -16.016  66.689 0.0000000000
61619  37.943  -15.875  67.252 0.0000000000
47887  28.324  -30.690  69.551 0.0000000000
47875  29.057  -30.554  70.173 0.0000000000
45795  26.487  -32.430  71.361 0.0000000000
46875  26.709  -32.021  70.675 0.0000000000
45794  27.099  -32.374  71.704 0.0000000000
46847  28.928  -31.917  72.965 0.0000000000
45787  28.207  -32.149  72.464 0.0000000000
47859  29.270  -31.088  71.790 0.0000000000
46845  30.272  -31.247  73.586 0.0000000000
46840  29.837  -31.849  74.211 0.0000000000
45753  30.425  -32.914  76.412 0.0000000000
46827  30.875  -31.985  75.871 0.0000000000
45752  31.197  -32.374  76.688 0.0000000000
46820  31.870  -31.946  76.940 0.0000000000
45746  31.573  -32.626  77.349 0.0000000000
43700  24.405  -34.952  76.989 0.0000000000
132922  24.914  -35.026  76.508 0.0000000000
43699  25.191  -35.117  77.016 0.0000000000
121036  26.977  -35.330  78.946 0.0000000000
42730  26.670  -35.375  77.415 0.0000000000
134209  27.306  -35.438  77.351 0.0000000000
42745  27.279  -35.339  76.794 0.0000000000
112301  28.018  -35.545  77.713 0.0000000000
42682  29.095  -35.895  79.553 0.0000000000
42706  29.676  -35.679  78.663 0.0000000000
42707  29.057  -35.577  78.030 0.0000000000
133327  30.163  -35.343  78.336 0.0000000000
43644  30.639  -35.397  78.759 0.0000000000
43643  31.539  -35.036  79.120 0.0000000000
44662  32.629  -33.821  79.255 0.0000000000
37062  20.754  -41.976  83.777 0.0000000000
37063  20.457  -41.533  83.237 0.0000000000
37877  19.670  -41.360  83.100 0.0000000000
37064  20.195  -41.506  83.557 0.0000000000
129284  19.777  -41.616  83.914 0.0000000000
37065  18.989  -41.768  83.685 0.0000000000
37134  17.481  -41.462  81.081 0.0000000000
37905  18.420  -41.115  81.432 0.0000000000
130263  16.358  -41.934  82.755 0.0000000000
119058  17.086  -42.052  83.025 0.0000000000
37067  17.173  -42.191  83.814 0.0000000000
37049  16.472  -42.159  84.260 0.0000000000
37070  14.278  -41.836  83.743 0.0000000000
132885  14.116  -41.895  84.499 0.0000000000
37052  13.389  -41.799  84.052 0.0000000000
38808  12.640  -39.669  77.294 0.0000000000
38807  13.578  -39.812  77.290 0.0000000000
38789  13.029  -40.070  78.030 0.0000000000
37966  13.347  -40.504  78.744 0.0000000000
38810  10.661  -39.494  77.497 0.0000000000
38792  10.284  -39.828  78.238 0.0000000000
120497  11.354  -40.557  79.600 0.0000000000
123441  12.071  -40.715  79.801 0.0000000000
37953  12.754  -40.690  79.478 0.0000000000
37930  12.509  -40.915  80.288 0.0000000000
37907  12.190  -41.103  81.069 0.0000000000
37094  11.424  -41.478  82.657 0.0000000000
117238  12.301  -41.502  82.561 0.0000000000
37072  11.939  -41.610  83.347 0.0000000000
37053  12.441  -41.726  84.035 0.0000000000
37054  11.576  -41.696  84.174 0.0000000000
37074  10.201  -41.555  83.587 0.0000000000
128857  9.423  -41.521  83.683 0.0000000000
37057  9.080  -41.594  84.391 0.0000000000
37935  7.461  -40.645  80.521 0.0000000000
124346  8.168  -40.756  80.806 0.0000000000
37894  7.153  -41.146  81.893 0.0000000000
37076  7.843  -41.519  83.563 0.0000000000
37077  6.848  -41.660  83.356 0.0000000000
37079  5.178  -42.109  82.877 0.0000000000
36157  4.691  -42.534  83.492 0.0000000000
114205  3.245  -42.851  82.951 0.0000000000
36159  2.409  -43.156  83.065 0.0000000000
133645  22.177  -32.365  70.624 0.0000000000
45817  22.707  -32.431  70.563 0.0000000000
45800  22.193  -32.654  71.139 0.0000000000
44757  22.537  -33.079  71.778 0.0000000000
126320  21.811  -32.893  71.787 0.0000000000
45802  19.819  -32.477  71.283 0.0000000000
44759  20.148  -32.862  72.030 0.0000000000
130109  20.522  -33.827  73.883 0.0000000000
44734  21.333  -33.649  73.508 0.0000000000
43744  21.456  -34.072  75.192 0.0000000000
42733  20.759  -35.178  77.549 0.0000000000
43680  21.192  -34.898  77.378 0.0000000000
42715  20.916  -35.642  78.171 0.0000000000
41674  21.166  -36.134  78.461 0.0000000000
41688  19.012  -36.859  77.127 0.0000000000
41697  19.289  -36.212  76.763 0.0000000000
41677  19.259  -36.999  77.897 0.0000000000
39706  20.039  -38.216  79.521 0.0000000000
40633  20.160  -37.481  78.984 0.0000000000
39705  20.510  -38.192  79.521 0.0000000000
39691  20.595  -38.696  79.981 0.0000000000
38751  21.078  -39.188  80.087 0.0000000000
38752  20.374  -39.216  80.582 0.0000000000
37887  20.295  -40.730  82.246 0.0000000000
116550  20.941  -41.285  82.230 0.0000000000
37011  12.972  -41.911  87.962 0.0000000000
36995  13.851  -41.964  88.758 0.0000000000
35213  3.591  -43.723  87.509 0.0000000000
125999  4.183  -43.453  87.476 0.0000000000
36114  3.984  -43.386  89.211 0.0000000000
36093  4.433  -42.435  91.477 0.0000000000
36101  4.588  -42.705  90.555 0.0000000000
36967  5.028  -41.867  92.265 0.0000000000
36966  5.819  -41.766  91.949 0.0000000000
36957  5.729  -41.707  93.076 0.0000000000
70064  54.108  -6.603  54.037 0.0000000000
67228  55.212  -8.480  54.843 0.0000000000
69102  48.029  -7.928  53.772 0.0000000000
69088  48.265  -8.053  54.315 0.0000000000
68176  49.609  -7.928  55.069 0.0000000000
66286  50.770  -10.349  56.764 0.0000000000
117641  50.348  -10.146  55.934 0.0000000000
67216  52.832  -8.915  56.508 0.0000000000
114710  53.871  -10.685  57.027 0.0000000000
64501  40.343  -12.409  54.670 0.0000000000
65363  39.670  -12.273  54.392 0.0000000000
64490  41.514  -12.425  54.991 0.0000000000
62625  40.523  -14.476  56.582 0.0000000000
63551  42.912  -13.869  56.862 0.0000000000
63561  42.086  -13.808  56.318 0.0000000000
118771  42.930  -13.561  56.176 0.0000000000
63560  43.705  -13.511  56.478 0.0000000000
63559  44.612  -13.205  56.394 0.0000000000
63549  44.325  -13.536  57.332 0.0000000000
63540  45.773  -13.157  58.547 0.0000000000
64453  46.654  -12.696  58.346 0.0000000000
60757  40.863  -16.614  60.939 0.0000000000
61695  40.913  -16.137  60.163 0.0000000000
130813  41.413  -16.145  60.770 0.0000000000
61682  42.825  -15.659  61.308 0.0000000000
61692  43.345  -15.205  60.758 0.0000000000
61691  44.106  -14.985  60.907 0.0000000000
62564  46.771  -14.192  61.758 0.0000000000
62557  46.044  -14.692  62.198 0.0000000000
62565  45.771  -14.489  61.421 0.0000000000
58767  31.869  -18.844  64.017 0.0000000000
58766  32.552  -18.515  64.164 0.0000000000
58765  33.083  -18.330  64.214 0.0000000000
59719  33.075  -18.152  64.859 0.0000000000
57849  32.820  -19.710  67.300 0.0000000000
57861  32.534  -19.409  66.476 0.0000000000
58736  33.044  -18.834  66.903 0.0000000000
124516  34.465  -17.446  67.348 0.0000000000
59673  33.896  -17.739  66.903 0.0000000000
59672  34.440  -17.271  66.533 0.0000000000
59699  33.894  -17.748  65.355 0.0000000000
60686  34.937  -17.019  66.345 0.0000000000
60706  35.173  -17.042  65.993 0.0000000000
60668  35.585  -16.712  67.322 0.0000000000
60637  36.605  -16.914  69.288 0.0000000000
60650  36.692  -16.475  68.487 0.0000000000
133054  37.140  -16.468  69.098 0.0000000000
60636  37.832  -16.238  69.353 0.0000000000
48811  32.453  -29.014  72.446 0.0000000000
130014  32.078  -28.746  71.889 0.0000000000
119597  31.847  -26.647  72.115 0.0000000000
51607  31.354  -26.352  71.566 0.0000000000
51597  31.071  -25.642  71.686 0.0000000000
52431  31.133  -25.111  72.083 0.0000000000
53285  32.218  -24.880  73.571 0.0000000000
53297  31.569  -24.878  72.734 0.0000000000
54221  31.779  -24.477  73.002 0.0000000000
123152  31.795  -23.871  72.707 0.0000000000
47768  34.979  -30.694  79.196 0.0000000000
47783  34.816  -30.498  78.245 0.0000000000
47782  35.539  -30.052  78.633 0.0000000000
49731  35.919  -28.463  77.700 0.0000000000
50614  35.191  -27.832  76.657 0.0000000000
50605  35.479  -27.678  77.346 0.0000000000
53229  35.021  -25.294  77.153 0.0000000000
52392  35.021  -25.722  77.563 0.0000000000
52397  34.507  -25.625  76.805 0.0000000000
51558  34.214  -26.233  76.608 0.0000000000
53256  33.688  -25.143  75.623 0.0000000000
54208  34.681  -23.555  74.125 0.0000000000
54209  33.656  -23.976  74.334 0.0000000000
54218  34.064  -23.302  73.465 0.0000000000
54219  33.476  -23.027  72.835 0.0000000000
55092  34.454  -22.650  72.606 0.0000000000
55104  34.266  -22.188  71.802 0.0000000000
55994  35.738  -21.478  72.272 0.0000000000
55993  36.383  -21.284  72.689 0.0000000000
56839  36.236  -20.704  72.250 0.0000000000
56832  36.783  -20.711  72.802 0.0000000000
55964  38.636  -21.987  75.657 0.0000000000
56800  39.010  -21.129  75.785 0.0000000000
57746  38.561  -19.870  74.532 0.0000000000
57758  38.241  -19.427  73.926 0.0000000000
57769  37.342  -19.437  72.777 0.0000000000
58670  37.636  -18.635  72.517 0.0000000000
58686  37.307  -18.286  71.759 0.0000000000
58669  38.303  -18.175  73.052 0.0000000000
69160  45.694  -7.257  47.630 0.0000000000
70100  45.414  -6.470  47.432 0.0000000000
70099  46.076  -6.744  47.106 0.0000000000
71037  49.367  -5.692  45.481 0.0000000000
70113  50.168  -6.060  45.141 0.0000000000
119936  50.133  -7.009  45.435 0.0000000000
68287  50.847  -8.364  45.896 0.0000000000
113395  52.212  -8.933  47.270 0.0000000000
68248  50.709  -8.894  48.295 0.0000000000
69149  53.167  -7.463  49.061 0.0000000000
68233  52.492  -8.071  48.939 0.0000000000
68246  53.271  -8.079  48.470 0.0000000000
131881  53.372  -8.440  47.857 0.0000000000
69148  53.959  -7.286  48.723 0.0000000000
69147  55.007  -6.813  48.227 0.0000000000
69138  54.612  -6.456  48.994 0.0000000000
70083  56.293  -5.630  50.012 0.0000000000
72947  52.535  -2.660  41.347 0.0000000000
72936  54.146  -3.644  41.677 0.0000000000
36141  5.787  -42.516  85.739 0.0000000000
37030  6.338  -42.296  86.601 0.0000000000
36131  5.519  -42.722  86.696 0.0000000000
36120  5.325  -42.809  87.545 0.0000000000
60666  39.851  -16.049  67.204 0.0000000000
61617  40.209  -15.809  68.017 0.0000000000
44755  24.289  -33.181  71.788 0.0000000000
44741  24.839  -33.462  72.430 0.0000000000
44731  24.559  -33.912  73.160 0.0000000000
43762  25.101  -34.255  73.757 0.0000000000
43740  25.557  -34.597  74.437 0.0000000000
38787  17.031  -40.362  77.980 0.0000000000
38805  15.327  -39.983  77.249 0.0000000000
40692  17.063  -37.494  73.749 0.0000000000
40680  17.231  -37.894  74.550 0.0000000000
40658  17.810  -38.388  75.937 0.0000000000
39741  17.249  -39.111  76.299 0.0000000000
37026  15.538  -42.105  86.876 0.0000000000
37009  15.459  -42.121  88.084 0.0000000000
37010  14.633  -41.987  88.424 0.0000000000
69122  49.276  -7.738  52.142 0.0000000000
69112  49.077  -7.489  52.960 0.0000000000
69100  49.325  -7.454  53.862 0.0000000000
64461  48.831  -11.574  57.471 0.0000000000
65325  49.516  -11.520  58.488 0.0000000000
61729  39.522  -15.481  57.454 0.0000000000
61716  39.764  -15.760  58.146 0.0000000000
56019  31.814  -21.986  69.118 0.0000000000
113939  32.645  -21.454  68.946 0.0000000000
132661  33.403  -21.575  70.122 0.0000000000
46825  32.263  -31.291  76.355 0.0000000000
47822  32.366  -30.859  75.447 0.0000000000
47808  33.770  -30.597  76.579 0.0000000000
47795  34.519  -30.421  77.275 0.0000000000
112451  46.958  -8.834  49.780 0.0000000000
71064  51.622  -5.099  43.751 0.0000000000
71048  51.956  -5.681  44.043 0.0000000000
43660  21.868  -35.409  78.160 0.0000000000
42713  22.412  -35.597  78.459 0.0000000000
42689  22.491  -36.006  78.668 0.0000000000
41660  22.933  -36.325  78.972 0.0000000000
39702  23.671  -37.866  79.479 0.0000000000
113519  9.968  -41.726  85.817 0.0000000000
112506  10.412  -41.794  86.506 0.0000000000
37013  10.110  -41.806  87.178 0.0000000000
112511  9.882  -41.796  87.988 0.0000000000
36986  8.378  -41.628  89.989 0.0000000000
113925  43.914  -8.952  51.860 0.0000000000
68191  44.166  -9.483  53.436 0.0000000000
66299  42.853  -10.523  54.254 0.0000000000
66291  44.084  -10.838  54.706 0.0000000000
121856  45.158  -12.044  55.377 0.0000000000
128986  45.306  -12.902  56.316 0.0000000000
59762  40.455  -17.589  62.003 0.0000000000
59732  40.798  -17.836  63.571 0.0000000000
125930  43.172  -8.732  51.304 0.0000000000
35240  1.909  -44.316  86.014 0.0000000000
34366  1.440  -44.611  86.624 0.0000000000
34355  1.332  -44.670  87.356 0.0000000000
58833  36.304  -18.252  59.092 0.0000000000
125180  36.278  -18.694  60.031 0.0000000000
58789  34.877  -18.931  62.356 0.0000000000
59715  36.803  -17.529  64.696 0.0000000000
60716  36.359  -16.956  65.564 0.0000000000
60685  36.566  -16.454  66.206 0.0000000000
46885  27.611  -31.180  69.840 0.0000000000
45780  27.645  -32.731  73.033 0.0000000000
45788  27.382  -32.505  72.281 0.0000000000
45770  28.556  -32.719  74.149 0.0000000000
45769  29.227  -32.458  74.521 0.0000000000
45768  29.782  -32.291  74.908 0.0000000000
45760  29.381  -32.774  75.227 0.0000000000
44683  30.397  -33.602  77.055 0.0000000000
42686  24.968  -35.342  79.551 0.0000000000
42731  25.628  -35.194  77.894 0.0000000000
42711  25.572  -35.129  78.912 0.0000000000
42685  26.137  -35.273  79.552 0.0000000000
42684  27.162  -35.427  79.705 0.0000000000
42656  30.501  -36.080  80.381 0.0000000000
42680  31.070  -35.719  79.621 0.0000000000
37135  16.582  -41.546  80.865 0.0000000000
37113  16.767  -41.727  81.587 0.0000000000
37114  15.896  -41.676  81.378 0.0000000000
37090  16.088  -41.836  82.128 0.0000000000
113517  15.554  -41.858  82.816 0.0000000000
113516  14.613  -41.754  82.916 0.0000000000
38809  11.614  -39.486  77.268 0.0000000000
38793  9.404  -39.743  78.321 0.0000000000
37908  11.304  -41.062  81.151 0.0000000000
37890  10.905  -41.294  81.952 0.0000000000
37095  10.540  -41.448  82.776 0.0000000000
37891  10.006  -41.258  82.075 0.0000000000
37892  9.037  -41.184  82.283 0.0000000000
37119  6.294  -41.371  81.908 0.0000000000
37100  6.075  -41.723  82.649 0.0000000000
45818  21.498  -32.269  70.757 0.0000000000
44747  19.012  -33.820  72.185 0.0000000000
44746  19.827  -33.473  72.681 0.0000000000
44718  19.959  -33.960  73.706 0.0000000000
44717  20.348  -34.110  74.495 0.0000000000
44700  20.675  -34.182  75.181 0.0000000000
43725  20.495  -34.452  75.730 0.0000000000
43703  20.090  -34.841  76.175 0.0000000000
42748  20.158  -35.177  77.041 0.0000000000
39717  19.076  -38.261  78.684 0.0000000000
39707  19.441  -38.610  79.450 0.0000000000
38738  20.168  -39.783  81.213 0.0000000000
35186  3.258  -43.627  89.773 0.0000000000
36108  3.957  -43.089  90.085 0.0000000000
36102  3.413  -43.214  90.675 0.0000000000
36094  3.583  -42.707  91.645 0.0000000000
129764  54.025  -6.903  54.789 0.0000000000
66282  54.595  -9.832  55.734 0.0000000000
122924  47.688  -8.479  54.504 0.0000000000
68165  49.149  -8.529  55.125 0.0000000000
65323  51.918  -10.823  58.312 0.0000000000
64492  39.889  -13.013  54.944 0.0000000000
62610  42.976  -14.115  57.792 0.0000000000
128907  45.100  -13.484  58.711 0.0000000000
63531  45.626  -13.529  59.347 0.0000000000
60734  42.285  -16.385  61.902 0.0000000000
61668  43.754  -15.790  62.321 0.0000000000
63500  47.434  -13.730  61.232 0.0000000000
131833  33.889  -18.875  68.362 0.0000000000
58726  34.379  -18.471  68.591 0.0000000000
59662  34.648  -17.767  68.193 0.0000000000
59661  35.057  -17.137  67.751 0.0000000000
60651  35.609  -16.893  68.043 0.0000000000
59642  37.391  -17.230  70.626 0.0000000000
49774  33.198  -28.417  73.443 0.0000000000
49784  32.424  -28.103  72.270 0.0000000000
50649  32.809  -27.600  73.118 0.0000000000
51587  32.043  -26.090  72.824 0.0000000000
52430  31.721  -25.393  72.608 0.0000000000
51577  32.418  -25.912  73.468 0.0000000000
52413  32.498  -25.493  73.881 0.0000000000
53271  32.704  -25.162  74.362 0.0000000000
48727  36.299  -29.641  79.689 0.0000000000
48738  36.476  -29.053  79.211 0.0000000000
49722  36.357  -28.358  78.694 0.0000000000
54191  35.227  -24.534  76.098 0.0000000000
54199  34.359  -24.706  75.713 0.0000000000
122371  35.015  -24.186  75.397 0.0000000000
111846  35.313  -23.737  74.750 0.0000000000
55083  35.593  -23.187  74.034 0.0000000000
55090  35.884  -22.638  73.404 0.0000000000
55082  36.267  -22.846  73.986 0.0000000000
55089  36.576  -22.293  73.620 0.0000000000
55977  37.221  -21.944  73.985 0.0000000000
70104  48.452  -6.819  45.968 0.0000000000
69179  49.315  -7.241  45.760 0.0000000000
69165  50.064  -8.434  46.161 0.0000000000
68269  50.471  -8.835  46.630 0.0000000000
68234  51.776  -8.004  49.526 0.0000000000
70089  54.891  -5.930  49.669 0.0000000000
70085  54.098  -6.045  50.292 0.0000000000
116330  54.568  -4.292  42.144 0.0000000000
114092  56.160  -4.705  42.306 0.0000000000
69174  55.255  -7.093  45.727 0.0000000000
69163  56.950  -6.358  46.704 0.0000000000
38769  21.820  -38.924  79.363 0.0000000000
38768  22.541  -39.157  79.329 0.0000000000
118770  7.895  -41.724  85.090 0.0000000000
37028  7.990  -41.764  86.575 0.0000000000
37016  7.656  -41.828  87.369 0.0000000000
37001  7.305  -41.866  88.176 0.0000000000
37017  6.799  -41.998  87.400 0.0000000000
36975  7.448  -41.698  90.005 0.0000000000
128630  7.503  -41.609  91.072 0.0000000000
36965  7.177  -41.604  91.830 0.0000000000
67243  41.900  -9.656  53.293 0.0000000000
65360  42.420  -11.301  54.596 0.0000000000
59696  39.214  -17.336  65.010 0.0000000000
59695  40.167  -17.545  64.913 0.0000000000
60665  40.849  -16.209  67.362 0.0000000000
60664  41.597  -16.187  67.793 0.0000000000
33580  0.292  -45.071  86.116 0.0000000000
33581  -0.455  -45.516  86.232 0.0000000000
33568  -2.007  -45.871  88.582 0.0000000000
126440  34.179  -19.000  62.299 0.0000000000
59738  33.766  -18.276  64.146 0.0000000000
45813  26.080  -32.305  70.754 0.0000000000
129829  25.571  -33.233  72.330 0.0000000000
44740  26.205  -33.176  72.540 0.0000000000
45781  26.922  -32.997  72.768 0.0000000000
44728  27.158  -33.310  73.493 0.0000000000
44714  27.351  -33.736  74.302 0.0000000000
37947  18.682  -40.222  80.196 0.0000000000
37928  16.413  -41.392  80.255 0.0000000000
37929  15.877  -41.338  79.980 0.0000000000
38773  8.996  -40.031  79.045 0.0000000000
37956  8.567  -40.349  79.726 0.0000000000
37957  7.744  -40.267  79.760 0.0000000000
42782  18.283  -35.859  73.377 0.0000000000
41698  18.845  -36.826  76.347 0.0000000000
40648  18.835  -37.574  77.399 0.0000000000
39740  18.391  -38.192  76.801 0.0000000000
127075  18.674  -38.318  77.744 0.0000000000
118743  18.815  -39.161  79.061 0.0000000000
133577  51.777  -6.764  51.583 0.0000000000
70071  52.899  -6.373  52.479 0.0000000000
70072  51.974  -6.627  52.176 0.0000000000
69109  52.299  -6.634  53.126 0.0000000000
69076  52.756  -7.587  55.701 0.0000000000
66287  49.326  -10.377  55.501 0.0000000000
115247  49.767  -11.164  57.748 0.0000000000
62626  39.684  -14.602  56.364 0.0000000000
62613  40.801  -14.810  57.306 0.0000000000
61728  40.280  -15.305  57.731 0.0000000000
62612  41.571  -14.644  57.621 0.0000000000
62601  41.804  -14.861  58.389 0.0000000000
62600  42.674  -14.554  58.687 0.0000000000
62586  43.446  -14.512  59.403 0.0000000000
61648  44.893  -16.107  64.075 0.0000000000
56902  31.598  -20.786  66.467 0.0000000000
57862  31.961  -19.965  66.101 0.0000000000
57837  33.121  -20.032  68.077 0.0000000000
131705  33.168  -20.979  69.007 0.0000000000
56875  33.409  -20.363  68.768 0.0000000000
57836  33.660  -19.582  68.530 0.0000000000
57835  34.174  -19.187  68.978 0.0000000000
114602  30.656  -30.414  72.087 0.0000000000
48819  31.100  -29.794  71.515 0.0000000000
47851  31.344  -30.110  72.398 0.0000000000
47844  32.084  -29.742  72.797 0.0000000000
48800  32.826  -29.295  73.267 0.0000000000
48786  33.031  -29.840  74.079 0.0000000000
48799  33.546  -29.081  73.907 0.0000000000
49773  33.668  -28.180  74.058 0.0000000000
49763  33.979  -27.761  74.767 0.0000000000
69150  46.076  -7.953  48.027 0.0000000000
68251  46.500  -8.461  48.564 0.0000000000
68261  46.864  -8.236  47.853 0.0000000000
68260  47.731  -8.524  47.721 0.0000000000
68259  48.466  -8.637  47.398 0.0000000000
68258  49.258  -8.821  47.398 0.0000000000
112938  48.868  -8.829  48.115 0.0000000000
112662  50.093  -8.754  49.178 0.0000000000
112879  50.390  -8.446  49.930 0.0000000000
127966  49.532  -8.647  50.085 0.0000000000
68223  51.084  -7.872  50.250 0.0000000000
69129  51.611  -7.025  50.950 0.0000000000
72938  51.843  -3.165  41.961 0.0000000000
71988  52.232  -3.970  42.469 0.0000000000
71987  53.349  -4.192  42.308 0.0000000000
71061  54.931  -5.452  43.252 0.0000000000
123820  56.124  -5.914  44.065 0.0000000000
70140  55.402  -5.863  43.824 0.0000000000
126131  54.272  -6.598  44.475 0.0000000000
133251  53.731  -8.137  46.048 0.0000000000
43742  23.406  -34.484  74.940 0.0000000000
43722  23.657  -34.671  75.770 0.0000000000
113405  23.564  -34.816  77.239 0.0000000000
43676  23.968  -34.892  77.809 0.0000000000
42712  23.037  -35.400  78.597 0.0000000000
43658  23.912  -35.063  78.627 0.0000000000
133266  24.247  -35.331  79.233 0.0000000000
41649  25.114  -36.185  80.589 0.0000000000
38767  23.447  -39.015  79.439 0.0000000000
38766  24.196  -38.526  79.893 0.0000000000
39689  24.783  -38.694  80.469 0.0000000000
39690  24.579  -37.677  80.330 0.0000000000
39757  15.233  -38.940  75.381 0.0000000000
112512  12.115  -41.893  88.268 0.0000000000
37012  11.356  -41.866  87.562 0.0000000000
36997  12.066  -41.883  89.347 0.0000000000
36999  9.682  -41.701  89.092 0.0000000000
36985  9.261  -41.623  90.067 0.0000000000
113385  9.995  -41.663  90.216 0.0000000000
36984  10.548  -41.724  89.777 0.0000000000
68198  47.390  -8.324  52.577 0.0000000000
68199  46.728  -8.491  52.750 0.0000000000
68189  46.507  -8.569  53.717 0.0000000000
121776  45.549  -8.953  53.461 0.0000000000
68179  46.755  -8.699  54.363 0.0000000000
123470  46.814  -9.437  55.057 0.0000000000
67241  44.331  -9.671  53.895 0.0000000000
116269  44.186  -9.964  54.185 0.0000000000
67232  44.843  -9.794  54.306 0.0000000000
122153  46.301  -9.911  55.046 0.0000000000
66288  47.211  -10.376  55.153 0.0000000000
129986  47.843  -11.103  55.346 0.0000000000
64486  46.812  -12.081  55.738 0.0000000000
64462  47.859  -12.074  57.384 0.0000000000
64452  47.774  -12.259  58.523 0.0000000000
60736  41.129  -17.369  62.276 0.0000000000
131869  41.528  -16.854  61.927 0.0000000000
60725  42.424  -16.883  62.665 0.0000000000
59710  41.693  -17.728  64.623 0.0000000000
59709  42.490  -17.650  64.805 0.0000000000
59692  42.705  -17.548  65.479 0.0000000000
60714  43.760  -17.127  64.511 0.0000000000
55118  30.510  -22.850  70.618 0.0000000000
55107  31.706  -22.930  71.448 0.0000000000
45733  33.520  -32.365  79.323 0.0000000000
46806  33.830  -31.743  79.108 0.0000000000
46797  34.813  -31.912  80.562 0.0000000000
69153  43.864  -7.038  48.684 0.0000000000
69141  44.144  -7.726  49.035 0.0000000000
68240  44.505  -8.254  49.431 0.0000000000
68228  43.584  -8.357  50.199 0.0000000000
68227  44.409  -8.570  50.160 0.0000000000
132589  49.811  -2.875  44.468 0.0000000000
36143  4.133  -43.336  86.108 0.0000000000
126447  3.285  -43.817  86.931 0.0000000000
119421  3.286  -43.823  88.083 0.0000000000
35214  2.774  -43.989  87.488 0.0000000000
35201  2.674  -43.997  88.376 0.0000000000
126423  2.501  -43.860  89.875 0.0000000000
35174  1.933  -43.836  90.407 0.0000000000
34356  0.597  -44.940  87.572 0.0000000000
135458  0.893  -44.701  88.761 0.0000000000
35189  1.128  -44.126  90.173 0.0000000000
60785  38.281  -16.214  57.707 0.0000000000
60774  38.661  -16.510  58.362 0.0000000000
59787  38.591  -17.442  59.673 0.0000000000
59777  38.832  -17.777  60.515 0.0000000000
58807  38.261  -18.334  60.979 0.0000000000
59764  39.002  -18.071  61.360 0.0000000000
59749  39.105  -18.269  62.285 0.0000000000
131712  36.088  -18.911  60.852 0.0000000000
58788  35.740  -18.838  62.390 0.0000000000
58787  36.604  -18.724  62.427 0.0000000000
59713  38.729  -17.764  64.373 0.0000000000
60683  38.686  -16.658  65.748 0.0000000000
134267  38.548  -16.103  66.455 0.0000000000
61618  38.863  -15.868  67.241 0.0000000000
61608  39.329  -15.792  68.164 0.0000000000
61597  39.388  -15.694  68.982 0.0000000000
47886  29.750  -29.818  69.707 0.0000000000
47874  29.902  -30.183  70.493 0.0000000000
46886  26.334  -31.525  69.388 0.0000000000
112958  26.880  -31.579  70.000 0.0000000000
46874  27.451  -31.636  70.630 0.0000000000
46860  27.716  -32.039  71.650 0.0000000000
111940  28.022  -31.572  71.102 0.0000000000
47860  28.707  -31.075  71.058 0.0000000000
47852  30.690  -30.716  72.890 0.0000000000
47845  31.026  -30.857  73.730 0.0000000000
114136  30.389  -31.896  75.011 0.0000000000
114115  31.103  -31.413  75.092 0.0000000000
47823  31.636  -31.387  75.706 0.0000000000
45740  32.551  -32.532  78.350 0.0000000000
117636  24.232  -34.717  75.095 0.0000000000
114512  25.061  -34.886  75.171 0.0000000000
42747  26.002  -35.274  76.814 0.0000000000
42761  26.351  -35.200  75.975 0.0000000000
43698  27.128  -35.080  76.066 0.0000000000
115603  27.943  -34.882  76.336 0.0000000000
43697  28.666  -34.479  76.355 0.0000000000
42659  27.491  -35.702  80.506 0.0000000000
125802  28.109  -35.677  79.655 0.0000000000
42708  28.251  -35.610  78.147 0.0000000000
42728  28.521  -35.416  77.548 0.0000000000
43696  29.264  -34.448  76.766 0.0000000000
43673  29.994  -34.427  77.331 0.0000000000
44675  30.856  -33.938  77.681 0.0000000000
43655  31.194  -34.563  78.392 0.0000000000
44668  31.589  -33.721  78.171 0.0000000000
44667  32.261  -33.362  78.602 0.0000000000
45734  32.953  -32.910  79.134 0.0000000000
36156  21.157  -42.761  83.391 0.0000000000
37111  18.612  -41.310  82.200 0.0000000000
37088  17.858  -41.834  82.581 0.0000000000
37048  18.143  -42.151  84.163 0.0000000000
122616  18.272  -42.249  84.948 0.0000000000
37037  17.852  -42.311  85.737 0.0000000000
37050  15.663  -42.011  84.311 0.0000000000
119326  15.291  -41.987  85.096 0.0000000000
119325  14.472  -41.944  85.161 0.0000000000
39744  14.683  -39.248  75.949 0.0000000000
38821  15.008  -39.650  76.599 0.0000000000
38806  14.471  -39.906  77.249 0.0000000000
113775  14.206  -40.679  78.798 0.0000000000
37968  11.664  -40.217  78.789 0.0000000000
37967  12.488  -40.332  78.726 0.0000000000
121644  13.205  -40.935  80.081 0.0000000000
37116  13.448  -41.426  81.719 0.0000000000
37093  13.155  -41.534  82.452 0.0000000000
119324  12.816  -41.840  84.835 0.0000000000
119322  11.221  -41.761  85.105 0.0000000000
119321  10.319  -41.700  85.108 0.0000000000
119264  8.727  -41.666  85.107 0.0000000000
37893  8.068  -41.131  82.119 0.0000000000
131751  7.076  -40.887  81.146 0.0000000000
37097  8.366  -41.357  82.924 0.0000000000
123245  8.260  -41.602  84.353 0.0000000000
132359  5.977  -41.947  83.406 0.0000000000
36150  5.615  -42.444  84.759 0.0000000000
36158  3.937  -42.868  83.635 0.0000000000
36151  3.739  -43.236  84.507 0.0000000000
35253  1.762  -43.962  84.449 0.0000000000
45816  23.455  -32.496  70.511 0.0000000000
45830  23.080  -32.175  69.916 0.0000000000
44756  23.396  -33.203  71.788 0.0000000000
44732  23.110  -33.852  73.196 0.0000000000
45819  20.410  -31.962  70.614 0.0000000000
44745  20.407  -33.192  72.601 0.0000000000
44758  20.984  -32.875  72.126 0.0000000000
44744  21.819  -33.305  72.479 0.0000000000
44733  22.385  -33.923  73.806 0.0000000000
43743  22.441  -34.190  74.759 0.0000000000
43678  22.050  -34.773  77.398 0.0000000000
43724  21.018  -34.212  76.017 0.0000000000
43702  21.469  -34.562  76.877 0.0000000000
43679  21.688  -35.015  77.666 0.0000000000
42714  21.525  -35.692  78.269 0.0000000000
125342  21.393  -36.932  78.783 0.0000000000
121616  19.719  -35.727  77.169 0.0000000000
40641  19.621  -37.337  78.617 0.0000000000
41663  20.182  -36.855  78.699 0.0000000000
41675  20.520  -36.254  78.433 0.0000000000
118311  20.762  -36.903  78.761 0.0000000000
40631  20.976  -37.550  79.046 0.0000000000
37901  20.970  -40.427  81.254 0.0000000000
37110  21.245  -41.202  81.477 0.0000000000
112326  13.772  -41.966  87.572 0.0000000000
36121  4.685  -43.144  87.878 0.0000000000
36106  5.285  -42.667  89.234 0.0000000000
36107  4.613  -42.900  89.648 0.0000000000
36977  5.882  -41.918  90.827 0.0000000000
134807  6.449  -41.697  91.587 0.0000000000
70070  54.153  -6.212  53.020 0.0000000000
69114  47.947  -7.973  52.958 0.0000000000
69087  49.069  -7.808  54.502 0.0000000000
68163  52.170  -7.982  55.912 0.0000000000
67217  50.869  -9.346  55.906 0.0000000000
120112  51.827  -9.263  56.430 0.0000000000
130929  42.113  -11.988  54.883 0.0000000000
63575  40.552  -13.471  55.482 0.0000000000
63574  41.552  -13.247  55.511 0.0000000000
134905  42.927  -12.771  55.389 0.0000000000
64489  43.583  -12.546  55.349 0.0000000000
63572  44.116  -13.005  55.782 0.0000000000
64442  48.266  -12.432  59.561 0.0000000000
61683  42.031  -15.888  61.076 0.0000000000
61702  42.276  -15.287  59.858 0.0000000000
62574  43.033  -15.015  60.043 0.0000000000
120507  44.508  -15.254  61.933 0.0000000000
134661  45.269  -14.880  61.848 0.0000000000
127744  44.294  -15.119  61.380 0.0000000000
62572  44.597  -14.544  60.432 0.0000000000
62585  44.297  -14.305  59.706 0.0000000000
62584  45.117  -14.087  59.899 0.0000000000
125597  46.366  -13.377  59.737 0.0000000000
63514  46.945  -13.421  60.370 0.0000000000
63530  46.925  -13.083  59.696 0.0000000000
58791  32.706  -18.742  62.857 0.0000000000
57869  32.266  -19.087  65.576 0.0000000000
123640  32.761  -18.380  65.357 0.0000000000
58735  33.523  -18.362  67.178 0.0000000000
116745  33.386  -18.110  66.459 0.0000000000
58745  33.297  -17.986  65.652 0.0000000000
124832  34.199  -17.886  64.840 0.0000000000
60705  35.887  -16.766  66.126 0.0000000000
129801  36.278  -16.453  66.592 0.0000000000
129434  36.153  -16.512  67.834 0.0000000000
60667  36.176  -16.379  67.093 0.0000000000
61620  37.212  -16.029  67.146 0.0000000000
61610  37.668  -15.956  67.775 0.0000000000
61598  38.652  -15.900  69.187 0.0000000000
48818  31.679  -28.990  71.329 0.0000000000
49813  31.308  -28.495  70.709 0.0000000000
50658  32.037  -27.469  71.975 0.0000000000
50669  31.677  -27.242  71.466 0.0000000000
54230  30.655  -24.175  71.809 0.0000000000
114806  31.170  -23.645  71.977 0.0000000000
55099  32.116  -23.185  72.161 0.0000000000
47784  34.083  -30.822  78.045 0.0000000000
48751  35.183  -29.714  76.805 0.0000000000
48761  35.007  -29.370  76.094 0.0000000000
49743  35.103  -28.554  76.096 0.0000000000
50627  34.060  -27.248  75.583 0.0000000000
50593  35.722  -26.613  78.617 0.0000000000
52379  35.811  -26.019  78.705 0.0000000000
51546  35.232  -26.142  78.089 0.0000000000
51552  35.126  -26.800  77.883 0.0000000000
50606  34.624  -26.999  77.024 0.0000000000
50616  34.175  -26.808  76.300 0.0000000000
132092  33.676  -26.309  75.783 0.0000000000
52405  33.364  -25.587  75.422 0.0000000000
53257  33.122  -24.986  74.959 0.0000000000
54210  32.825  -24.497  74.171 0.0000000000
55098  32.998  -22.837  72.187 0.0000000000
55105  33.497  -22.336  71.465 0.0000000000
119744  34.097  -21.868  71.212 0.0000000000
56003  34.666  -21.630  71.437 0.0000000000
55096  35.406  -22.299  72.748 0.0000000000
56002  35.210  -21.353  71.704 0.0000000000
56850  34.953  -20.950  71.178 0.0000000000
56849  35.272  -20.294  71.001 0.0000000000
57784  35.807  -19.862  71.249 0.0000000000
58688  36.026  -19.076  70.952 0.0000000000
55073  37.990  -22.720  75.502 0.0000000000
55965  38.109  -21.987  75.040 0.0000000000
55984  37.431  -21.281  73.764 0.0000000000
56810  38.783  -20.473  75.139 0.0000000000
56819  38.276  -20.668  74.499 0.0000000000
56831  37.305  -20.715  73.347 0.0000000000
57760  37.141  -20.123  72.967 0.0000000000
58687  36.680  -18.685  71.337 0.0000000000
59634  36.977  -17.920  71.006 0.0000000000
59632  38.271  -17.181  71.776 0.0000000000
60617  38.010  -16.921  71.040 0.0000000000
124851  50.682  -7.569  45.482 0.0000000000
69177  51.446  -7.707  45.403 0.0000000000
68266  53.643  -8.434  46.615 0.0000000000
112354  50.099  -8.943  47.419 0.0000000000
113398  50.842  -9.009  47.319 0.0000000000
68257  51.555  -8.954  47.721 0.0000000000
68255  53.915  -8.295  47.380 0.0000000000
68244  54.760  -7.500  47.485 0.0000000000
35187  2.638  -43.947  89.177 0.0000000000
36095  2.719  -42.789  92.132 0.0000000000
36112  5.262  -42.785  88.371 0.0000000000
36122  3.979  -43.520  88.238 0.0000000000
36978  5.166  -42.173  91.181 0.0000000000
37040  7.530  -41.826  85.821 0.0000000000
37975  15.489  -40.415  77.830 0.0000000000
41687  19.521  -36.302  77.550 0.0000000000
41740  17.606  -36.320  72.898 0.0000000000
42687  23.606  -35.618  79.151 0.0000000000
42709  27.404  -35.505  78.012 0.0000000000
43645  24.824  -35.058  78.762 0.0000000000
43657  29.790  -35.212  77.934 0.0000000000
43674  28.603  -34.974  76.914 0.0000000000
43718  27.556  -34.556  75.546 0.0000000000
43739  26.541  -34.391  74.508 0.0000000000
43745  20.319  -34.364  75.061 0.0000000000
44674  31.368  -33.258  77.667 0.0000000000
44699  27.814  -33.916  75.031 0.0000000000
44754  25.198  -33.020  71.793 0.0000000000
45741  31.887  -32.923  77.992 0.0000000000
45778  29.088  -32.177  73.749 0.0000000000
45796  25.647  -32.611  71.231 0.0000000000
46813  34.257  -31.048  78.772 0.0000000000
46852  29.418  -31.371  72.619 0.0000000000
46853  28.846  -31.621  72.319 0.0000000000
46861  27.183  -32.079  71.186 0.0000000000
47834  31.729  -30.590  73.896 0.0000000000
48750  35.676  -29.183  77.232 0.0000000000
48762  34.531  -29.674  75.702 0.0000000000
49742  35.539  -28.503  76.880 0.0000000000
52386  35.562  -25.691  78.121 0.0000000000
52406  32.955  -25.476  74.900 0.0000000000
53242  35.231  -24.887  76.780 0.0000000000
53244  34.168  -25.264  76.177 0.0000000000
54182  35.815  -24.548  76.601 0.0000000000
55976  37.872  -21.487  74.383 0.0000000000
56820  37.771  -20.697  73.927 0.0000000000
56925  31.193  -19.968  65.005 0.0000000000
57747  38.059  -20.089  74.107 0.0000000000
57771  36.140  -20.112  71.835 0.0000000000
57783  36.403  -19.451  71.623 0.0000000000
58654  37.934  -19.045  73.244 0.0000000000
59633  37.658  -17.584  71.395 0.0000000000
59682  34.518  -17.318  65.916 0.0000000000
60623  37.876  -16.606  70.276 0.0000000000
60680  41.832  -17.147  66.457 0.0000000000
61599  38.135  -15.930  68.523 0.0000000000
61611  36.835  -16.186  67.632 0.0000000000
61637  37.136  -16.218  66.276 0.0000000000
64500  40.910  -12.194  54.711 0.0000000000
68256  53.061  -8.752  47.314 0.0000000000
113416  35.968  -18.008  70.038 0.0000000000
113687  23.879  -34.798  76.502 0.0000000000
115722  32.056  -18.710  63.032 0.0000000000
116045  36.028  -29.653  79.058 0.0000000000
117051  17.086  -39.916  77.303 0.0000000000
117085  14.927  -40.814  78.864 0.0000000000
117187  22.000  -35.750  78.382 0.0000000000
121938  18.707  -37.422  76.732 0.0000000000
122519  41.712  -16.627  67.175 0.0000000000
123025  0.412  -43.684  91.654 0.0000000000
123236  22.312  -33.669  73.073 0.0000000000
127850  38.818  -15.833  68.513 0.0000000000
130183  22.941  -35.786  78.791 0.0000000000
131816  53.513  -5.970  43.881 0.0000000000
132323  33.256  -24.523  74.658 0.0000000000
132826  36.637  -16.216  66.992 0.0000000000
134195  22.063  -34.216  75.428 0.0000000000
134881  29.960  -31.137  72.962 0.0000000000
