#!ascii label  , from subject sub-v2s0x30147_ses-1 vox2ras=TkReg
1132
26885  20.324  -56.297  20.535 0.8999999762
26041  19.725  -56.733  20.000 0.8000000119
25108  19.662  -57.205  19.525 0.8000000119
25122  19.946  -57.464  18.975 0.6999999881
25121  19.944  -56.998  18.387 0.8000000119
25099  19.477  -57.531  20.626 0.8999999762
26898  19.875  -55.892  19.332 1.0000000000
26049  19.417  -56.336  18.785 0.8000000119
26062  19.360  -56.604  17.791 0.8000000119
26907  19.114  -55.708  18.332 0.8999999762
25134  20.073  -57.370  17.576 0.8000000119
24294  20.137  -58.094  16.989 0.6999999881
25081  19.341  -57.562  21.680 0.8000000119
26018  20.049  -56.844  21.321 0.8999999762
26869  20.687  -55.891  21.387 0.8999999762
118807  20.126  -56.298  22.065 0.8999999762
26010  19.333  -56.401  22.387 0.8999999762
26897  20.713  -55.562  20.373 0.8999999762
118777  21.158  -54.715  20.205 1.0000000000
27740  19.282  -55.145  18.480 1.0000000000
26050  18.641  -55.994  17.805 0.8999999762
25147  19.226  -57.678  16.736 0.6999999881
27699  21.306  -54.512  21.375 0.8999999762
27700  20.904  -55.073  21.671 0.8999999762
26870  20.426  -55.597  22.017 0.8999999762
26857  19.760  -55.630  22.375 0.8999999762
26858  18.833  -55.625  22.556 0.8999999762
27718  21.276  -55.099  21.018 0.8999999762
27729  20.310  -55.040  19.315 1.0000000000
26908  18.202  -55.248  17.734 0.8000000119
130364  18.377  -56.427  17.179 0.8000000119
26063  17.541  -55.900  16.931 0.8000000119
26075  17.807  -56.725  16.372 0.8000000119
25148  18.118  -57.793  16.084 0.8000000119
113585  17.129  -56.274  16.050 0.8000000119
27701  20.221  -54.876  22.240 0.8999999762
27684  19.160  -54.749  22.524 0.8999999762
27685  18.291  -54.957  22.554 0.8999999762
28450  21.467  -53.792  21.395 0.8999999762
133173  18.919  -54.039  22.493 0.8999999762
28437  18.168  -54.162  22.507 0.8000000119
26859  17.859  -55.541  22.547 0.8000000119
27717  21.556  -54.284  20.806 0.8999999762
28452  18.645  -53.369  22.431 0.6999999881
27686  17.436  -54.734  22.457 0.6999999881
27702  17.123  -53.931  22.350 0.6999999881
112293  16.831  -53.064  22.112 0.6999999881
28478  21.555  -53.842  20.027 1.0000000000
29206  17.093  -52.160  21.898 0.6000000238
129371  20.750  -54.180  19.256 1.0000000000
27739  19.658  -54.401  18.513 1.0000000000
27741  18.662  -54.590  18.042 0.8999999762
26929  16.781  -55.396  16.375 0.8000000119
26944  16.887  -55.619  15.699 0.8000000119
26930  16.495  -54.659  16.619 0.8000000119
123332  17.140  -54.760  15.346 0.8000000119
28451  20.809  -54.106  21.939 0.8999999762
28436  19.704  -53.903  22.389 0.8999999762
123229  21.070  -53.302  21.740 0.8999999762
115662  20.369  -53.164  22.123 0.8999999762
28453  17.696  -53.428  22.387 0.6999999881
28468  21.852  -53.444  20.750 0.8999999762
125513  17.822  -52.698  22.271 0.6000000238
29231  21.960  -52.864  19.945 1.0000000000
29207  16.052  -52.315  21.641 0.5000000000
28479  21.166  -53.267  19.129 1.0000000000
126343  16.567  -51.042  21.358 0.5000000000
29242  20.474  -52.642  18.337 1.0000000000
28488  20.095  -53.528  18.437 1.0000000000
28489  18.758  -53.711  17.824 0.8999999762
27750  17.703  -54.358  17.563 0.8000000119
26917  17.030  -54.988  17.107 0.8000000119
28497  18.307  -52.778  17.262 0.8999999762
28498  17.501  -53.447  17.243 0.8000000119
124383  17.511  -52.777  16.876 0.8999999762
27758  16.337  -53.918  16.447 0.8000000119
118482  17.848  -54.169  14.963 0.8000000119
123172  17.863  -53.222  14.997 0.8000000119
111943  19.491  -53.013  22.320 0.8999999762
29203  20.974  -52.448  21.727 0.8999999762
29205  18.787  -52.433  22.283 0.6999999881
29220  22.044  -52.602  20.875 0.8999999762
117506  21.668  -52.266  21.322 0.8999999762
123748  18.137  -51.016  21.769 0.6999999881
111925  17.280  -51.369  21.670 0.6000000238
132806  16.576  -51.668  21.586 0.6000000238
30663  18.265  -50.166  21.592 0.6999999881
30664  17.306  -50.465  21.430 0.6000000238
31330  16.872  -49.742  21.047 0.5000000000
30672  16.400  -50.388  21.080 0.5000000000
123846  22.012  -52.084  19.656 1.0000000000
29241  21.402  -52.269  18.940 1.0000000000
29995  21.064  -51.373  18.459 1.0000000000
29243  19.420  -52.782  17.775 0.8999999762
30701  21.572  -50.724  18.763 1.0000000000
130762  20.641  -51.917  18.201 0.8999999762
29250  19.856  -51.981  17.699 0.8999999762
29251  18.908  -52.026  17.165 0.8999999762
29252  18.130  -52.195  16.579 0.8999999762
29263  17.445  -52.609  16.147 0.8999999762
30006  19.318  -51.247  17.137 0.8999999762
30007  18.751  -51.456  16.383 0.8999999762
112718  17.762  -52.252  15.199 0.8999999762
29954  19.833  -51.253  21.870 0.8999999762
29204  19.874  -52.213  22.105 0.8999999762
29955  18.943  -51.559  22.056 0.8000000119
29952  21.412  -51.429  21.449 0.8999999762
29956  18.004  -51.859  22.046 0.6999999881
29219  22.216  -52.051  20.350 0.8999999762
29969  22.062  -51.797  21.061 0.8999999762
31329  17.683  -49.584  21.364 0.6999999881
29982  22.237  -51.593  19.870 1.0000000000
31335  16.395  -49.163  20.585 0.5000000000
29983  21.810  -51.515  19.217 1.0000000000
30700  22.254  -50.137  19.214 1.0000000000
30702  20.616  -50.551  17.963 0.8999999762
29996  20.198  -51.257  17.772 0.8999999762
30710  19.673  -50.504  17.207 0.8999999762
29260  23.000  -52.618  16.736 0.6999999881
29261  22.569  -52.163  16.272 0.8000000119
30013  22.456  -51.322  15.968 0.8000000119
30660  21.016  -50.466  21.598 1.0000000000
134939  20.583  -51.044  21.697 1.0000000000
30661  19.998  -50.351  21.722 1.0000000000
30662  19.039  -50.691  21.786 0.6999999881
29968  22.359  -51.214  20.521 0.8999999762
29951  22.082  -51.095  21.135 0.8999999762
31328  18.408  -49.454  21.500 0.6999999881
31334  17.250  -49.004  20.992 0.6000000238
30684  22.599  -50.374  20.175 1.0000000000
30658  22.376  -50.472  20.927 0.8999999762
30685  22.281  -50.967  19.611 1.0000000000
31366  22.105  -49.236  18.802 1.0000000000
31367  21.182  -49.739  18.242 1.0000000000
32093  21.843  -48.380  18.468 1.0000000000
30724  20.678  -50.077  15.219 0.8999999762
28495  24.096  -52.726  18.200 0.6000000238
29249  23.546  -52.503  17.304 0.6000000238
131857  23.190  -52.094  16.734 0.8000000119
29268  21.868  -51.864  15.640 0.8999999762
30019  20.935  -51.509  15.212 0.8999999762
30659  21.849  -50.503  21.329 0.8999999762
31327  19.082  -49.837  21.624 0.8000000119
123046  18.986  -48.997  21.520 0.6999999881
32056  18.088  -48.759  21.337 0.6999999881
32061  18.063  -47.896  21.118 0.6000000238
32749  17.179  -46.987  20.359 0.4000000060
31345  22.857  -49.473  19.787 1.0000000000
32092  22.653  -48.648  19.191 1.0000000000
120539  22.410  -47.962  18.786 1.0000000000
30725  19.795  -49.818  15.446 0.8999999762
31394  20.521  -49.241  15.134 0.8999999762
30723  21.564  -50.322  15.338 0.8999999762
119242  21.051  -50.746  15.256 0.8999999762
29239  25.122  -52.056  19.134 0.6000000238
114248  24.567  -52.184  18.561 0.6000000238
30004  24.190  -51.768  17.781 0.6000000238
30005  23.634  -51.666  16.979 0.8000000119
30012  23.076  -51.516  16.477 0.8000000119
30018  21.745  -51.061  15.492 0.8999999762
123148  20.584  -49.759  21.634 0.8999999762
127400  19.829  -49.393  21.630 0.6999999881
132270  20.623  -48.965  21.624 0.8999999762
31325  22.258  -49.809  21.224 1.0000000000
32060  22.628  -49.130  21.149 1.0000000000
116180  22.098  -49.192  21.428 1.0000000000
32055  18.845  -48.158  21.383 0.6000000238
32742  18.704  -47.328  21.192 0.6000000238
32748  17.943  -47.128  20.785 0.5000000000
31332  23.071  -48.997  20.595 1.0000000000
31333  22.721  -49.739  20.703 1.0000000000
32070  23.215  -48.648  19.919 1.0000000000
32755  23.073  -48.025  19.376 1.0000000000
32774  22.673  -47.202  18.737 1.0000000000
32775  21.673  -47.500  18.207 1.0000000000
32105  20.778  -48.011  17.565 1.0000000000
31377  20.360  -48.924  17.405 1.0000000000
32791  20.078  -47.305  16.432 1.0000000000
32106  19.850  -48.262  16.426 0.8999999762
129963  19.923  -48.608  15.358 0.8999999762
30717  22.345  -50.530  15.702 0.8999999762
29980  26.562  -51.571  19.799 0.6000000238
122298  25.847  -51.857  19.527 0.6000000238
29994  24.782  -51.440  18.608 0.6000000238
125362  23.518  -51.085  16.669 0.8000000119
30716  23.021  -50.790  16.232 0.8000000119
123848  21.513  -48.676  21.568 0.8999999762
32740  20.651  -47.901  21.574 0.6999999881
32054  19.736  -48.479  21.554 0.6000000238
32741  19.557  -47.584  21.431 0.6000000238
32053  22.336  -48.521  21.428 0.8999999762
33466  18.577  -46.456  20.866 0.5000000000
32069  23.395  -48.360  20.576 1.0000000000
32052  23.029  -48.387  21.134 0.8999999762
123140  23.530  -48.094  19.997 1.0000000000
32754  23.690  -47.451  19.642 1.0000000000
33489  23.451  -46.609  19.089 1.0000000000
113725  23.094  -45.729  18.705 1.0000000000
33490  22.388  -46.112  18.442 1.0000000000
33491  21.588  -46.524  18.034 1.0000000000
32790  20.745  -46.892  17.402 1.0000000000
32799  19.680  -47.694  15.411 0.8999999762
32118  20.502  -48.344  14.711 0.8999999762
32117  21.555  -48.233  14.671 0.8999999762
30683  25.875  -50.445  19.426 0.6000000238
29993  25.415  -51.255  19.224 0.6000000238
115131  24.507  -50.812  17.955 0.6000000238
123075  24.727  -49.881  18.199 0.6999999881
30709  23.651  -50.423  16.612 0.6999999881
31385  22.987  -49.868  15.939 0.8000000119
32116  22.473  -48.967  15.278 0.8999999762
30681  27.505  -50.467  19.786 0.6000000238
31376  23.824  -49.554  16.602 0.6999999881
32110  23.303  -48.977  15.931 0.8000000119
33460  20.151  -46.876  21.451 0.6999999881
33461  19.296  -46.839  21.256 0.6000000238
32739  21.781  -47.826  21.556 0.8999999762
33459  21.220  -46.985  21.564 0.6999999881
124077  22.662  -47.792  21.406 0.8000000119
134252  23.398  -48.072  21.000 1.0000000000
32738  23.282  -47.726  21.155 0.8000000119
33455  24.245  -46.444  21.003 0.8999999762
33464  23.712  -47.104  21.086 0.8000000119
33473  24.132  -46.790  19.780 1.0000000000
34226  24.152  -45.990  19.326 1.0000000000
33509  21.503  -45.614  17.854 1.0000000000
33511  20.220  -46.294  16.327 1.0000000000
129001  19.837  -46.761  15.519 0.8999999762
32812  19.887  -46.775  14.812 0.8999999762
117968  19.987  -47.690  14.816 0.8999999762
32810  21.902  -47.361  14.554 0.8999999762
30699  25.062  -50.570  18.794 0.6000000238
31365  24.429  -49.117  17.501 0.6999999881
119671  22.645  -48.169  15.008 0.8999999762
129389  27.984  -49.114  19.332 0.6000000238
30682  26.686  -50.154  19.645 0.6000000238
130479  24.422  -48.228  17.286 0.6999999881
32104  23.958  -48.651  16.595 0.6999999881
124463  22.229  -47.061  21.531 0.8000000119
33458  21.777  -46.242  21.530 0.8000000119
34209  21.432  -45.528  21.462 0.6999999881
34210  20.706  -46.001  21.435 0.6999999881
117778  23.089  -47.104  21.356 0.6999999881
33457  22.738  -46.358  21.503 0.8000000119
34215  25.379  -45.178  20.451 0.8000000119
34225  25.021  -45.734  19.951 0.8000000119
34240  24.488  -45.077  19.089 0.8999999762
34242  22.082  -44.948  18.116 1.0000000000
33510  20.818  -45.846  17.194 1.0000000000
34260  20.944  -44.702  17.217 1.0000000000
33522  20.010  -45.963  15.401 1.0000000000
33531  20.286  -45.967  14.847 0.8999999762
134250  20.292  -46.549  14.550 0.8999999762
33530  21.040  -46.312  14.542 0.8999999762
31343  26.278  -49.579  19.464 0.6000000238
31364  25.006  -49.007  18.491 0.6999999881
128677  23.018  -48.597  15.427 0.8999999762
117341  23.449  -48.152  15.737 0.8999999762
32798  23.661  -47.274  15.863 0.8999999762
34208  22.317  -45.500  21.518 0.6999999881
132429  20.099  -45.338  21.210 0.6000000238
34207  23.235  -45.713  21.487 0.6999999881
33456  23.605  -46.435  21.310 0.6999999881
35032  24.995  -45.025  21.128 0.6999999881
35039  25.865  -44.645  19.995 0.8000000119
35040  25.319  -44.991  19.610 0.8000000119
35051  25.592  -44.324  19.235 0.8000000119
34241  23.289  -44.889  18.582 1.0000000000
35054  22.376  -43.871  18.001 1.0000000000
33521  20.381  -45.294  16.267 1.0000000000
129268  21.536  -43.990  17.542 1.0000000000
35076  21.142  -43.728  16.946 1.0000000000
34273  20.782  -44.411  16.321 1.0000000000
34285  21.229  -44.350  15.769 1.0000000000
127971  21.018  -45.310  15.043 0.8999999762
31344  25.408  -49.605  19.032 0.6000000238
124422  22.294  -46.601  14.741 0.8999999762
31342  27.242  -49.510  19.542 0.6000000238
32068  25.965  -48.906  19.249 0.6000000238
32091  24.913  -48.242  18.053 0.6999999881
32797  24.092  -47.728  16.623 0.6999999881
33519  24.237  -46.604  16.539 0.8999999762
35026  20.792  -45.083  21.329 0.5000000000
134261  22.886  -45.211  21.523 0.6000000238
35942  22.493  -43.627  21.448 0.5000000000
119142  23.434  -45.005  21.490 0.6999999881
35022  24.260  -44.634  21.401 0.6999999881
35939  25.097  -44.065  21.271 0.6999999881
35031  25.655  -44.519  20.679 0.6999999881
35030  26.198  -44.115  20.153 0.6999999881
35962  26.135  -44.154  19.585 0.8000000119
35971  25.973  -43.727  18.901 0.8000000119
35052  24.871  -44.447  18.893 0.8000000119
35972  24.812  -43.520  18.412 0.8000000119
35053  23.659  -43.864  18.379 0.8999999762
35973  23.598  -42.832  17.826 0.8999999762
35974  22.632  -43.006  17.693 1.0000000000
35075  21.753  -43.220  17.387 1.0000000000
35107  21.947  -43.892  15.650 1.0000000000
127072  21.902  -44.742  15.313 0.8999999762
33529  22.015  -45.682  14.858 0.8999999762
34284  22.784  -45.283  15.322 0.8999999762
32067  26.694  -48.958  19.395 0.6000000238
32090  25.620  -48.319  18.794 0.6000000238
121416  25.558  -46.760  18.099 0.6999999881
33520  23.750  -45.506  15.950 0.8999999762
32088  27.420  -48.689  19.285 0.6000000238
32773  25.561  -47.488  18.367 0.6999999881
32789  24.805  -47.325  17.576 0.6999999881
34259  24.676  -45.582  16.778 0.8000000119
32788  25.151  -46.303  17.477 0.6999999881
34270  25.073  -44.644  16.721 0.8999999762
35024  22.530  -44.609  21.496 0.5000000000
35940  24.109  -43.712  21.495 0.6999999881
35954  25.891  -43.770  20.763 0.6999999881
36781  26.848  -42.923  20.046 0.6999999881
35961  26.561  -43.611  19.573 0.6999999881
35970  26.532  -43.157  18.726 0.8000000119
36800  25.467  -42.926  18.129 0.8000000119
36801  24.413  -42.665  17.766 0.8000000119
35988  22.937  -42.572  17.349 1.0000000000
35989  22.208  -42.666  17.148 1.0000000000
35095  21.217  -43.749  16.405 1.0000000000
36812  26.238  -42.516  17.821 0.8000000119
36014  22.225  -42.791  16.604 1.0000000000
35108  21.686  -43.440  16.169 1.0000000000
36815  22.898  -42.418  17.007 0.8999999762
35094  22.475  -43.251  16.010 1.0000000000
122413  23.352  -43.324  16.087 1.0000000000
35093  24.144  -43.932  16.177 0.8999999762
128094  26.253  -47.623  18.754 0.6999999881
32089  26.646  -48.210  19.143 0.6000000238
34271  24.192  -44.824  16.215 0.8999999762
32772  26.413  -46.843  18.427 0.6999999881
34257  26.543  -45.404  17.551 0.6999999881
34258  25.602  -45.479  17.354 0.6999999881
133145  24.942  -43.707  16.387 0.8999999762
35074  25.960  -44.841  17.164 0.6999999881
35023  23.348  -44.144  21.517 0.6000000238
35941  23.260  -43.260  21.499 0.5000000000
128604  24.655  -43.252  21.437 0.6999999881
36768  24.637  -42.493  21.431 0.5000000000
36782  26.140  -42.996  20.738 0.6999999881
36767  25.367  -43.128  21.218 0.6999999881
37670  26.959  -41.952  20.232 0.6999999881
115415  26.374  -42.310  20.639 0.6999999881
36791  27.436  -42.320  19.411 0.6999999881
130994  27.015  -43.021  19.295 0.6999999881
36799  27.160  -42.648  18.652 0.8000000119
36811  27.191  -42.278  17.977 0.8000000119
37701  26.607  -41.961  17.294 0.8000000119
37715  27.969  -41.287  17.032 0.8000000119
36813  24.867  -42.331  17.391 0.8000000119
37703  24.373  -42.149  17.061 0.8999999762
36836  23.626  -42.285  16.948 0.8999999762
36013  23.212  -42.696  16.529 1.0000000000
37716  27.054  -41.596  16.811 0.8000000119
37702  25.571  -42.050  17.155 0.8000000119
32771  27.775  -47.371  18.369 0.6000000238
36012  24.290  -42.946  16.264 1.0000000000
33507  26.933  -46.150  18.084 0.6999999881
35092  26.827  -44.272  16.678 0.8000000119
123351  25.910  -44.066  16.714 0.8000000119
38536  26.673  -40.864  20.379 0.6999999881
37684  27.474  -41.401  19.787 0.6999999881
37683  27.979  -41.593  19.130 0.6999999881
36798  27.752  -42.100  18.576 0.6999999881
37693  28.224  -41.454  18.411 0.6999999881
37699  28.348  -41.252  17.726 0.8000000119
38560  27.383  -41.124  16.298 0.8000000119
135178  24.927  -42.103  17.116 0.8999999762
37717  26.151  -41.788  16.701 0.8000000119
38577  26.227  -41.039  15.255 0.8999999762
36835  24.262  -42.390  16.734 0.8999999762
33506  27.664  -46.594  17.867 0.6000000238
37741  26.229  -41.670  15.981 0.8999999762
36834  25.204  -42.473  16.402 1.0000000000
33518  28.142  -46.981  16.988 0.6000000238
35091  27.413  -44.674  16.522 0.6999999881
37740  26.247  -41.776  15.257 0.8999999762
36011  26.501  -43.462  16.285 0.8999999762
36858  26.529  -42.465  15.359 0.8000000119
38535  27.241  -40.364  19.889 0.6999999881
38545  28.326  -40.925  18.910 0.6999999881
38544  28.626  -40.738  18.147 0.6999999881
37714  28.718  -40.728  17.208 0.6999999881
38576  26.839  -40.841  15.599 0.8000000119
38561  26.614  -41.402  16.110 0.8000000119
38589  26.341  -40.437  14.901 0.8000000119
36859  26.035  -42.093  16.113 0.8999999762
131033  27.746  -46.101  17.281 0.6000000238
34269  27.602  -45.425  16.955 0.6999999881
35115  27.508  -44.010  15.044 0.6999999881
36873  26.058  -41.876  14.231 0.8000000119
36038  26.925  -43.102  14.531 0.6999999881
36872  26.470  -42.331  14.668 0.8000000119
38534  27.940  -40.057  19.314 0.6999999881
39461  28.750  -40.065  18.293 0.6999999881
39471  29.114  -40.091  17.669 0.6999999881
39489  27.341  -40.313  15.105 0.8000000119
39506  26.768  -39.886  14.536 0.8000000119
116494  25.732  -40.000  14.496 0.8000000119
38590  25.479  -40.463  14.378 0.8999999762
34283  27.801  -45.434  15.884 0.6000000238
37758  25.827  -41.177  14.681 0.8999999762
120832  27.695  -44.911  15.144 0.6999999881
35106  27.595  -44.526  15.789 0.6999999881
37759  24.875  -40.845  13.821 0.8999999762
36046  26.370  -43.525  13.367 0.6999999881
36881  26.280  -42.673  13.867 0.8000000119
37770  25.312  -41.590  13.604 0.8000000119
133006  25.471  -42.621  13.107 0.6999999881
36882  25.640  -42.376  13.387 0.8000000119
36883  25.108  -42.191  13.061 0.8000000119
116259  28.324  -39.441  18.715 0.6999999881
119023  28.850  -39.529  18.153 0.6000000238
34291  27.813  -45.808  14.611 0.6000000238
128922  25.292  -39.578  14.170 0.8000000119
116385  24.798  -40.007  14.252 0.8999999762
130082  24.503  -40.327  14.007 0.8999999762
39507  23.699  -40.111  13.940 0.8999999762
38591  23.958  -40.758  13.531 0.8999999762
37771  24.435  -41.386  13.220 0.8000000119
36892  25.451  -42.591  12.948 0.6999999881
37787  24.272  -41.433  12.943 0.8000000119
38611  22.535  -40.845  12.837 0.8000000119
34292  27.426  -45.016  14.181 0.6999999881
40396  24.456  -39.420  14.105 0.8000000119
35121  26.498  -44.271  13.079 0.5000000000
35116  27.074  -44.120  13.864 0.6000000238
36910  26.007  -42.712  12.617 0.6000000238
35122  26.129  -43.622  13.020 0.6999999881
39518  22.351  -40.024  13.792 0.8000000119
37803  25.508  -42.130  12.663 0.6000000238
37804  24.759  -41.442  12.652 0.6000000238
38610  23.636  -41.083  12.709 0.6999999881
38599  22.975  -40.758  13.362 0.8000000119
38622  24.240  -40.649  12.256 0.6000000238
39517  23.266  -39.272  14.064 0.8000000119
36063  26.435  -43.319  12.485 0.6000000238
38612  21.456  -40.572  12.947 0.8000000119
38600  21.727  -40.588  13.385 0.8000000119
39519  21.102  -39.887  13.757 0.8000000119
38623  23.038  -40.631  12.290 0.6000000238
41353  22.957  -38.117  13.868 0.8000000119
41354  21.543  -38.138  13.877 0.8000000119
39520  20.664  -39.591  13.193 0.8000000119
39540  21.325  -39.580  12.221 0.6999999881
40411  20.849  -38.817  13.694 0.8000000119
40429  23.457  -38.877  11.407 0.6000000238
40430  22.097  -38.806  11.608 0.6000000238
40431  20.934  -38.394  12.073 0.6999999881
38621  25.438  -40.584  12.066 0.6000000238
39538  23.842  -39.844  11.783 0.6000000238
41365  24.337  -36.843  12.968 0.8000000119
41366  21.961  -37.180  13.554 0.8000000119
121007  26.350  -42.053  12.198 0.6000000238
130027  23.367  -37.218  13.438 0.8000000119
37802  26.833  -41.333  11.814 0.5000000000
41367  20.677  -37.063  12.707 0.8000000119
41355  20.899  -37.711  13.478 0.8000000119
38620  26.480  -40.556  11.752 0.6000000238
113986  25.893  -41.361  12.202 0.6000000238
41368  20.514  -37.274  12.042 0.6000000238
39535  27.094  -39.820  11.367 0.5000000000
39536  26.142  -39.745  11.582 0.6000000238
39537  25.062  -39.747  11.766 0.6000000238
40446  22.864  -37.978  11.088 0.6000000238
39554  25.806  -38.941  11.279 0.6000000238
40428  24.716  -38.869  11.405 0.6000000238
40445  24.280  -37.913  10.890 0.6000000238
120616  23.069  -36.403  13.016 0.8000000119
42408  24.119  -35.889  12.505 0.8000000119
116546  22.620  -35.196  12.444 0.6999999881
42409  21.695  -36.116  12.954 0.6999999881
41400  20.855  -36.445  10.799 0.6000000238
133580  20.249  -35.695  11.401 0.6000000238
43414  20.400  -35.384  11.914 0.6999999881
39553  26.782  -39.012  11.134 0.5000000000
41399  21.949  -37.048  10.720 0.6000000238
40444  25.484  -38.148  10.930 0.5000000000
126569  23.350  -37.250  10.632 0.6000000238
121153  26.424  -38.255  10.816 0.5000000000
43412  23.810  -34.854  11.951 0.6999999881
43429  20.856  -34.639  11.669 0.6000000238
43413  21.219  -35.186  12.347 0.6000000238
43447  21.122  -34.574  10.291 0.6000000238
43428  21.680  -34.363  11.755 0.6000000238
118294  26.086  -37.661  10.565 0.5000000000
41398  24.263  -36.868  10.356 0.6000000238
115730  22.935  -36.327  10.197 0.6000000238
42437  21.450  -35.793  10.275 0.6000000238
44423  21.146  -34.115  11.064 0.6000000238
41397  25.306  -37.363  10.512 0.6000000238
42435  25.238  -36.515  10.085 0.6000000238
41396  26.906  -37.501  10.377 0.5000000000
42434  26.129  -37.029  10.240 0.5000000000
41415  26.807  -36.791  10.008 0.4000000060
42454  26.974  -36.247  9.623 0.5000000000
121495  23.295  -33.806  11.226 0.6000000238
42436  23.933  -35.727  9.794 0.6000000238
43446  22.264  -35.054  9.787 0.6000000238
44422  22.067  -33.773  11.115 0.6000000238
43467  24.213  -34.950  9.365 0.6000000238
42455  26.147  -36.348  9.811 0.5000000000
114411  25.209  -35.705  9.610 0.6000000238
43466  26.184  -35.646  9.380 0.5000000000
129374  27.667  -36.101  9.518 0.4000000060
43465  27.117  -35.566  9.262 0.4000000060
43468  23.051  -34.438  9.488 0.6000000238
44441  22.544  -33.434  10.311 0.5000000000
44440  23.542  -33.180  10.527 0.5000000000
44421  24.374  -33.803  11.100 0.5000000000
44460  22.839  -33.504  9.523 0.5000000000
43486  25.104  -34.875  9.126 0.6000000238
43485  26.205  -34.871  8.949 0.5000000000
43484  27.296  -34.865  8.859 0.4000000060
44439  24.815  -33.454  10.717 0.4000000060
44458  23.672  -33.886  8.959 0.6000000238
44459  23.186  -33.027  9.001 0.5000000000
44480  24.939  -33.951  8.608 0.6000000238
44479  26.297  -34.066  8.476 0.4000000060
46576  23.879  -32.062  8.853 0.4000000060
124823  23.788  -32.987  8.538 0.4000000060
44478  27.521  -34.180  8.398 0.4000000060
45537  25.063  -32.905  8.216 0.4000000060
46558  25.404  -32.325  9.782 0.4000000060
46559  24.341  -32.227  9.748 0.4000000060
45538  24.041  -32.247  8.472 0.4000000060
45536  26.624  -33.343  7.957 0.4000000060
45556  25.869  -32.198  7.695 0.4000000060
130260  24.784  -31.947  8.076 0.4000000060
46574  25.710  -31.747  9.242 0.4000000060
47517  25.152  -31.427  8.440 0.4000000060
46575  24.428  -31.811  9.118 0.4000000060
46602  26.801  -31.870  7.211 0.3000000119
45557  25.363  -31.559  7.801 0.4000000060
46588  24.469  -31.902  8.509 0.4000000060
47516  26.219  -31.304  8.690 0.4000000060
29262  21.869  -52.704  15.834 0.8000000119
29269  21.292  -52.331  15.360 0.8999999762
114975  19.623  -51.467  15.089 0.8999999762
114466  20.442  -52.322  15.065 0.8999999762
113556  19.501  -52.257  14.860 0.8999999762
120700  21.268  -48.859  18.124 1.0000000000
29271  18.324  -51.767  15.702 0.8999999762
30711  19.158  -50.672  16.368 0.8999999762
31368  20.011  -49.742  17.325 1.0000000000
30020  18.735  -51.177  15.232 0.8999999762
128560  19.600  -48.595  15.774 0.8999999762
45498  23.178  -32.823  9.601 0.4000000060
45497  23.909  -32.599  10.075 0.4000000060
45496  25.205  -32.945  10.292 0.4000000060
26019  19.669  -56.952  22.101 0.8999999762
29202  21.601  -52.988  21.373 0.8999999762
27751  16.735  -54.084  17.071 0.8000000119
26945  16.285  -54.819  15.996 0.8000000119
28509  17.146  -52.865  15.576 0.8000000119
29270  18.641  -51.794  14.998 0.8999999762
28516  18.799  -52.720  14.817 0.8000000119
30014  18.860  -50.977  15.726 0.8999999762
29953  20.555  -51.683  21.770 0.8999999762
32063  16.876  -48.410  20.614 0.4000000060
32062  17.516  -48.350  20.999 0.4000000060
28508  21.848  -53.618  16.011 0.6999999881
31326  21.460  -49.647  21.535 0.8999999762
117558  20.163  -50.709  15.233 0.8999999762
28496  23.612  -53.423  17.791 0.6000000238
123481  17.345  -47.739  20.690 0.4000000060
30718  19.226  -50.195  15.744 0.8999999762
31393  21.414  -49.042  15.048 0.8999999762
113739  24.023  -51.003  17.149 0.6999999881
31379  19.425  -49.895  16.399 0.8999999762
31386  19.455  -49.353  15.743 0.8999999762
33465  19.529  -45.996  21.173 0.5000000000
32747  23.704  -47.741  20.635 1.0000000000
32811  20.534  -47.313  14.392 0.8999999762
34216  24.841  -45.794  20.810 0.8000000119
32746  24.134  -47.068  20.485 0.8999999762
33472  24.535  -46.372  20.312 0.8999999762
32809  22.971  -47.364  15.117 0.8999999762
34206  24.185  -45.634  21.274 0.6999999881
34274  20.561  -45.234  15.570 1.0000000000
118126  23.216  -46.337  15.371 0.8999999762
35025  21.595  -44.819  21.418 0.6000000238
35033  20.885  -44.265  21.155 0.5000000000
35943  21.695  -43.972  21.324 0.5000000000
35953  26.437  -43.557  20.257 0.6999999881
34272  23.051  -44.291  15.711 0.8999999762
121896  23.939  -42.873  21.496 0.6000000238
36769  23.241  -42.527  21.452 0.5000000000
36814  23.734  -42.354  17.307 0.8999999762
36028  26.104  -42.695  15.948 0.8999999762
37658  23.775  -42.067  21.438 0.5000000000
37656  25.509  -42.133  21.179 0.6999999881
37700  27.695  -41.778  17.684 0.8000000119
37718  25.293  -42.069  16.787 0.8999999762
36010  27.270  -43.934  16.064 0.8000000119
36027  27.016  -43.156  15.602 0.8000000119
134139  27.892  -40.920  19.451 0.6999999881
38575  27.836  -40.647  15.824 0.8000000119
39462  28.464  -40.278  18.709 0.6999999881
37786  25.001  -42.039  12.951 0.6999999881
38624  21.885  -40.382  12.476 0.6999999881
39539  22.558  -39.829  11.857 0.6000000238
40412  20.648  -38.385  12.874 0.8000000119
41376  21.638  -37.923  11.343 0.6000000238
124308  21.057  -36.812  13.157 0.6999999881
43469  22.150  -34.047  9.924 0.6000000238
45516  23.667  -32.153  9.370 0.4000000060
46603  25.936  -31.342  7.394 0.4000000060
117535  21.743  -65.018  20.102 0.4000000060
124855  20.873  -65.005  20.422 0.4000000060
124608  20.009  -64.925  20.584 0.4000000060
20198  22.247  -63.408  19.921 0.4000000060
133320  20.824  -63.414  20.378 0.4000000060
19435  19.571  -64.213  20.607 0.4000000060
21787  22.496  -61.874  19.378 0.3000000119
20199  21.491  -62.982  20.159 0.4000000060
21801  22.751  -61.462  18.799 0.4000000060
125712  22.468  -60.808  18.592 0.4000000060
21815  22.431  -61.294  17.833 0.4000000060
22626  21.160  -60.526  16.830 0.4000000060
20959  20.590  -62.733  20.232 0.5000000000
20184  20.009  -63.444  20.464 0.4000000060
116999  21.453  -62.012  19.869 0.4000000060
22597  22.372  -60.915  19.122 0.5000000000
23421  21.942  -59.622  18.144 0.4000000060
22625  22.133  -60.409  17.759 0.4000000060
128861  21.586  -59.799  17.416 0.5000000000
23442  20.620  -59.670  16.762 0.5000000000
23443  19.678  -59.037  16.510 0.6000000238
118897  19.081  -60.087  16.055 0.5000000000
119767  18.216  -60.316  15.462 0.6000000238
23459  17.827  -60.016  15.132 0.4000000060
20980  20.249  -61.919  19.940 0.5000000000
20960  19.494  -62.682  20.175 0.5000000000
20961  18.632  -62.943  20.178 0.5000000000
20186  18.174  -63.488  20.438 0.5000000000
21789  20.886  -60.934  19.654 0.6000000238
22598  21.772  -60.231  19.244 0.5000000000
22599  20.841  -59.824  19.427 0.6000000238
23422  21.528  -59.030  18.323 0.5000000000
114181  20.723  -58.748  17.160 0.6000000238
24295  18.751  -58.519  16.247 0.6000000238
26090  17.719  -57.142  15.590 0.6000000238
23444  18.324  -59.468  15.730 0.6000000238
24296  18.066  -58.758  15.551 0.6000000238
24309  17.929  -58.845  14.971 0.6000000238
25173  18.258  -58.217  14.734 0.6000000238
21790  19.646  -61.251  19.704 0.5000000000
21791  18.716  -61.603  19.630 0.5000000000
20982  18.642  -62.318  19.817 0.5000000000
20962  17.814  -62.724  19.874 0.5000000000
22600  19.882  -60.331  19.614 0.6000000238
23402  21.395  -59.301  18.993 0.6000000238
23403  20.559  -58.929  19.247 0.6000000238
24262  20.244  -58.078  19.128 0.6000000238
24275  20.964  -58.229  17.800 0.6000000238
25159  18.066  -57.605  14.932 0.6000000238
26089  18.315  -56.786  14.871 0.6999999881
22601  18.806  -60.772  19.612 0.6000000238
113766  18.066  -61.260  19.530 0.5000000000
20983  17.094  -62.253  19.402 0.5000000000
133965  19.965  -59.514  19.566 0.6000000238
116548  19.080  -59.864  19.733 0.6000000238
21792  17.187  -61.497  19.326 0.5000000000
21793  16.371  -61.886  19.201 0.5000000000
23404  19.478  -58.879  19.710 0.6000000238
24276  20.561  -57.623  18.287 0.6000000238
26943  17.566  -56.291  15.376 0.6999999881
118966  18.550  -59.397  20.044 0.6000000238
23405  18.187  -60.219  19.835 0.6000000238
22602  17.632  -60.798  19.584 0.6000000238
23385  17.805  -59.654  20.458 0.6000000238
23406  17.313  -60.245  20.011 0.6000000238
23407  16.418  -60.261  20.054 0.6000000238
24264  18.910  -58.641  20.177 0.6000000238
22604  15.844  -60.851  19.422 0.5000000000
24263  19.497  -58.006  19.644 0.6000000238
23387  16.016  -59.715  20.836 0.6000000238
134916  18.249  -56.055  14.893 0.6999999881
24244  17.524  -59.238  21.356 0.6000000238
25100  18.903  -58.329  21.051 0.6000000238
24243  18.309  -59.055  20.841 0.6000000238
23386  16.949  -59.743  20.738 0.6000000238
25109  19.238  -58.015  20.146 0.6000000238
24245  16.582  -59.244  21.585 0.6000000238
27768  19.024  -53.886  14.646 0.6999999881
124617  19.606  -54.771  14.834 0.6999999881
24221  18.159  -58.649  21.761 0.6999999881
28515  19.954  -53.077  14.781 0.6999999881
25082  18.704  -58.035  21.997 0.6999999881
26020  18.807  -57.255  22.338 0.6999999881
25083  18.008  -57.985  22.344 0.6999999881
25101  17.265  -58.654  22.097 0.6000000238
114544  17.042  -57.802  22.382 0.6999999881
24222  16.157  -58.424  22.085 0.5000000000
28514  21.073  -53.196  15.267 0.8000000119
26011  18.364  -56.380  22.543 0.6999999881
26021  17.757  -57.118  22.502 0.6999999881
127518  16.173  -57.502  22.267 0.5000000000
26012  17.328  -56.210  22.492 0.6000000238
26022  16.715  -56.883  22.404 0.6000000238
39516  26.184  -39.412  14.045 0.6999999881
38559  28.818  -40.330  16.274 0.6999999881
38550  29.270  -40.142  16.956 0.6000000238
40395  27.278  -39.300  13.975 0.6999999881
40408  25.465  -38.833  13.736 0.6999999881
39470  29.491  -39.664  17.130 0.6000000238
124636  29.143  -39.807  15.675 0.6000000238
39488  28.382  -40.104  15.364 0.6999999881
39505  27.875  -39.745  14.612 0.6999999881
126140  24.322  -37.676  13.435 0.6999999881
39478  29.556  -39.587  16.417 0.6000000238
39487  29.641  -39.257  15.543 0.6000000238
117478  29.260  -38.830  14.275 0.6000000238
40394  28.354  -39.131  14.074 0.6999999881
41351  26.079  -38.065  13.268 0.6999999881
41364  25.470  -37.366  12.953 0.6999999881
40372  30.018  -38.801  16.106 0.6000000238
40382  30.064  -38.612  15.333 0.6000000238
39503  29.639  -38.973  14.901 0.5000000000
40405  28.762  -38.461  13.636 0.6000000238
41349  28.236  -37.895  13.139 0.5000000000
41363  26.519  -37.502  12.869 0.6999999881
42406  26.372  -36.840  12.514 0.6999999881
42407  25.306  -36.444  12.503 0.6999999881
45552  30.061  -33.177  7.640 0.3000000119
45534  28.854  -33.647  7.992 0.3000000119
45535  27.888  -33.580  7.955 0.3000000119
18727  21.183  -65.720  20.128 0.4000000060
125942  20.316  -65.657  20.369 0.3000000119
127093  19.810  -66.154  20.272 0.4000000060
19446  22.659  -64.946  19.554 0.3000000119
18728  19.506  -65.579  20.517 0.4000000060
20999  23.034  -62.277  18.821 0.4000000060
127214  19.248  -64.907  20.665 0.4000000060
119553  22.750  -61.951  18.050 0.4000000060
21816  21.637  -61.271  16.931 0.4000000060
134848  20.540  -61.404  16.405 0.4000000060
21830  18.752  -61.564  15.363 0.4000000060
19437  17.842  -64.974  20.901 0.4000000060
23460  17.944  -59.533  14.814 0.5000000000
20200  17.332  -63.381  20.316 0.5000000000
25158  18.916  -57.547  14.520 0.6000000238
134533  17.005  -62.800  19.781 0.5000000000
20984  16.260  -62.498  19.513 0.5000000000
26942  19.336  -55.761  14.824 0.6000000238
21000  15.610  -62.021  19.169 0.5000000000
22617  14.983  -61.169  19.119 0.4000000060
24246  15.600  -59.130  21.478 0.5000000000
27767  20.320  -54.024  15.002 0.6999999881
125057  15.420  -57.615  21.956 0.5000000000
26871  16.329  -55.991  22.318 0.6000000238
37671  26.087  -41.445  20.772 0.6000000238
40364  29.233  -39.220  17.681 0.6000000238
40393  29.925  -38.435  14.607 0.5000000000
118518  29.147  -37.860  13.303 0.5000000000
41362  27.534  -37.204  12.638 0.5000000000
43409  27.161  -36.373  12.177 0.5000000000
43425  26.028  -35.215  11.637 0.5000000000
128853  30.380  -32.677  7.289 0.3000000119
46599  29.738  -32.647  7.164 0.3000000119
45554  28.345  -33.061  7.514 0.3000000119
122594  18.193  -55.192  14.914 0.6999999881
117269  28.176  -40.855  16.516 0.6999999881
40409  24.315  -38.550  13.810 0.6999999881
43411  25.082  -35.559  12.012 0.6000000238
19433  21.373  -64.437  20.322 0.4000000060
20979  22.184  -62.629  19.795 0.4000000060
20978  22.875  -62.959  19.313 0.3000000119
21788  21.895  -61.156  19.495 0.5000000000
20185  19.070  -63.521  20.464 0.5000000000
22636  19.641  -60.948  16.143 0.3000000119
22649  18.046  -60.253  14.766 0.4000000060
122325  17.657  -64.149  20.738 0.5000000000
40407  26.653  -38.714  13.566 0.6999999881
41352  25.164  -38.094  13.405 0.6999999881
39504  28.981  -39.502  14.856 0.6999999881
40406  27.750  -38.598  13.548 0.6999999881
41350  27.129  -37.973  13.178 0.6999999881
41348  29.603  -38.173  13.869 0.5000000000
43410  26.165  -36.043  12.132 0.5000000000
40371  30.332  -38.004  15.752 0.5000000000
42396  28.990  -37.179  12.767 0.5000000000
133517  26.855  -35.770  11.834 0.5000000000
117715  20.602  -54.978  15.251 0.6000000238
27766  21.210  -54.207  15.548 0.6000000238
27749  23.164  -54.146  17.410 0.5000000000
27757  21.854  -54.617  16.239 0.6000000238
28507  22.532  -53.930  16.687 0.6000000238
27737  24.450  -54.454  18.798 0.5000000000
130541  16.339  -53.757  22.097 0.5000000000
119529  22.492  -53.049  16.433 0.6000000238
27728  24.782  -53.833  19.064 0.5000000000
27738  23.757  -54.313  18.181 0.5000000000
28477  25.541  -53.649  19.429 0.5000000000
28454  15.801  -53.267  21.745 0.4000000060
29957  15.911  -51.480  21.329 0.4000000060
28487  24.206  -53.613  18.544 0.5000000000
113097  26.200  -53.165  19.683 0.5000000000
29240  24.754  -52.947  19.031 0.5000000000
29970  15.937  -50.885  21.071 0.4000000060
29229  26.509  -52.428  19.815 0.5000000000
29230  25.634  -52.673  19.464 0.5000000000
122296  16.182  -49.866  20.745 0.4000000060
134949  18.168  -45.995  20.548 0.4000000060
33467  17.771  -46.392  20.483 0.3000000119
36771  21.747  -43.097  21.236 0.4000000060
34217  20.120  -44.607  20.991 0.4000000060
34218  19.421  -45.054  20.827 0.4000000060
36783  21.739  -42.138  21.016 0.4000000060
35956  20.141  -43.713  20.725 0.4000000060
120377  18.605  -45.524  20.606 0.4000000060
35034  19.429  -44.238  20.598 0.4000000060
36784  21.174  -42.742  20.856 0.4000000060
35955  21.029  -43.449  20.954 0.4000000060
37659  22.802  -41.790  21.278 0.4000000060
111802  20.808  -42.123  20.634 0.4000000060
36785  20.458  -42.857  20.636 0.4000000060
36786  19.645  -42.971  20.424 0.4000000060
35035  18.709  -44.616  20.420 0.4000000060
37675  19.859  -42.126  20.329 0.4000000060
35963  18.907  -43.098  20.166 0.4000000060
37657  24.493  -41.613  21.351 0.4000000060
38525  22.841  -40.825  20.979 0.4000000060
113280  22.019  -41.182  20.839 0.4000000060
37674  21.156  -41.379  20.625 0.4000000060
37673  23.623  -41.238  21.267 0.4000000060
38524  23.620  -40.427  20.935 0.4000000060
128101  22.157  -40.370  20.658 0.4000000060
38526  21.386  -40.588  20.527 0.4000000060
130074  20.406  -41.499  20.392 0.4000000060
38527  20.556  -40.776  20.302 0.4000000060
36792  19.156  -42.506  20.103 0.4000000060
37672  25.120  -41.068  21.120 0.5000000000
38523  24.570  -40.162  20.807 0.5000000000
131691  24.282  -40.868  21.182 0.4000000060
116328  22.861  -40.015  20.700 0.4000000060
120004  22.787  -39.354  20.487 0.4000000060
39446  22.200  -39.658  20.482 0.4000000060
118992  25.254  -39.664  20.552 0.4000000060
39444  24.490  -39.237  20.450 0.4000000060
39445  23.594  -39.516  20.575 0.4000000060
40337  23.053  -38.719  20.273 0.4000000060
113746  25.192  -38.138  19.693 0.4000000060
41290  25.079  -37.452  19.264 0.4000000060
41291  24.273  -37.669  19.528 0.4000000060
41303  23.678  -36.929  19.121 0.4000000060
113968  26.104  -38.643  19.825 0.5000000000
41289  25.961  -37.681  19.253 0.4000000060
41302  24.552  -36.920  18.938 0.4000000060
39443  25.295  -38.930  20.236 0.5000000000
40336  24.449  -38.485  20.059 0.4000000060
121672  23.838  -38.805  20.312 0.4000000060
133757  22.971  -38.113  19.860 0.4000000060
40347  23.646  -38.229  19.943 0.4000000060
40346  26.883  -38.377  19.335 0.5000000000
41301  25.385  -36.960  18.802 0.4000000060
40345  27.612  -39.078  19.224 0.5000000000
112076  26.173  -36.959  18.659 0.4000000060
42348  24.916  -36.307  18.459 0.4000000060
42349  23.993  -36.160  18.573 0.3000000119
135457  23.892  -35.403  18.214 0.3000000119
40356  27.754  -38.327  18.769 0.5000000000
40355  28.612  -38.757  18.263 0.4000000060
42346  26.886  -36.815  18.368 0.3000000119
42347  25.698  -36.370  18.384 0.4000000060
43348  25.338  -35.742  18.059 0.3000000119
43349  24.563  -35.582  18.140 0.3000000119
43365  23.400  -34.930  18.045 0.3000000119
41299  27.603  -37.382  18.383 0.3000000119
41298  28.276  -37.945  18.255 0.4000000060
116772  29.014  -38.171  17.690 0.4000000060
40363  29.815  -38.884  16.994 0.4000000060
135295  30.043  -38.250  16.456 0.4000000060
42360  26.817  -36.141  17.923 0.3000000119
124782  26.327  -36.414  18.284 0.3000000119
43363  25.014  -35.111  17.673 0.3000000119
43364  24.199  -34.838  17.778 0.3000000119
44366  22.911  -34.365  17.815 0.3000000119
42359  27.570  -36.627  17.920 0.3000000119
44365  23.591  -34.401  17.675 0.3000000119
41312  28.300  -37.278  17.881 0.3000000119
41319  29.327  -36.956  16.900 0.3000000119
41326  30.472  -37.281  15.080 0.4000000060
40381  30.362  -38.052  15.039 0.4000000060
125026  29.888  -37.342  13.496 0.4000000060
45420  22.530  -33.660  17.569 0.3000000119
43361  27.481  -35.858  17.442 0.3000000119
42358  28.396  -36.487  17.350 0.3000000119
41327  30.335  -37.182  15.857 0.3000000119
42377  30.561  -36.350  14.769 0.3000000119
41339  30.456  -36.928  14.194 0.4000000060
42395  29.887  -36.691  12.972 0.4000000060
42404  29.430  -36.268  12.463 0.4000000060
42405  28.291  -36.448  12.256 0.4000000060
42384  30.577  -36.226  14.091 0.3000000119
43396  30.556  -35.700  13.636 0.3000000119
43423  28.144  -35.127  11.498 0.4000000060
43424  27.111  -35.219  11.541 0.4000000060
43389  30.599  -35.611  14.390 0.3000000119
43406  30.567  -34.970  12.998 0.3000000119
43397  30.240  -35.947  12.957 0.3000000119
43407  29.888  -35.412  12.307 0.4000000060
43422  29.331  -34.819  11.642 0.4000000060
135207  29.226  -34.126  11.274 0.3000000119
44419  27.319  -34.555  11.211 0.4000000060
122199  26.476  -34.661  11.325 0.3000000119
44420  25.497  -34.300  11.225 0.3000000119
43426  24.735  -34.608  11.537 0.4000000060
44438  26.224  -33.901  10.850 0.3000000119
120378  30.653  -34.908  13.903 0.3000000119
44416  30.626  -33.989  12.699 0.3000000119
44408  30.278  -34.536  12.210 0.3000000119
44417  30.000  -34.056  11.636 0.3000000119
45479  28.614  -33.750  10.791 0.3000000119
44437  27.472  -33.888  10.750 0.3000000119
45495  26.478  -33.151  10.320 0.3000000119
45494  27.728  -33.194  10.285 0.3000000119
45469  30.714  -33.259  13.060 0.3000000119
131056  30.462  -33.816  12.131 0.3000000119
45477  30.370  -33.308  11.680 0.3000000119
46546  30.177  -32.774  11.033 0.3000000119
46555  29.887  -32.298  10.335 0.3000000119
45493  29.072  -33.000  10.405 0.3000000119
46556  27.964  -32.545  9.825 0.3000000119
46557  26.699  -32.466  9.823 0.3000000119
47515  27.469  -31.408  8.842 0.3000000119
38522  25.680  -40.442  20.740 0.5000000000
39451  26.220  -39.677  20.332 0.5000000000
124012  21.272  -54.791  15.748 0.5000000000
26928  21.360  -55.350  15.863 0.5000000000
27756  22.631  -54.853  17.035 0.5000000000
26927  22.127  -55.550  16.557 0.5000000000
27727  25.194  -54.498  19.226 0.5000000000
26906  24.100  -55.196  18.457 0.5000000000
26916  23.331  -55.066  17.799 0.5000000000
26860  16.880  -55.360  22.398 0.6000000238
27687  16.390  -54.528  22.218 0.6000000238
123606  15.401  -54.738  21.895 0.5000000000
113728  15.640  -54.030  21.860 0.5000000000
132692  15.131  -54.211  21.709 0.5000000000
29208  15.053  -52.744  21.429 0.4000000060
29958  15.167  -51.885  21.282 0.4000000060
29971  15.269  -51.153  20.876 0.4000000060
30673  15.597  -50.384  20.667 0.4000000060
130863  16.466  -47.680  20.267 0.3000000119
34220  17.703  -45.591  20.252 0.4000000060
35964  18.231  -43.310  19.806 0.4000000060
34219  18.068  -44.921  20.224 0.4000000060
37686  19.019  -41.893  19.799 0.4000000060
131808  21.617  -39.962  20.446 0.4000000060
37685  19.645  -41.163  19.941 0.4000000060
39454  19.388  -39.599  19.446 0.4000000060
39447  21.538  -39.342  20.250 0.4000000060
39448  20.843  -39.901  20.204 0.4000000060
40338  22.245  -38.971  20.286 0.4000000060
39452  20.798  -39.038  19.895 0.4000000060
41292  23.317  -37.602  19.550 0.4000000060
42350  23.068  -36.331  18.793 0.4000000060
41304  22.794  -37.002  19.253 0.4000000060
43350  23.230  -35.617  18.408 0.3000000119
43366  22.522  -35.065  18.242 0.3000000119
27726  25.996  -54.571  19.506 0.5000000000
32071  16.198  -48.468  20.327 0.4000000060
36793  18.454  -42.511  19.666 0.4000000060
40349  21.567  -38.605  19.973 0.4000000060
28506  23.086  -53.279  17.028 0.5000000000
36770  22.519  -42.722  21.374 0.4000000060
123529  30.218  -37.742  14.345 0.4000000060
123580  27.743  -35.817  11.815 0.4000000060
128321  19.378  -43.572  20.442 0.4000000060
35957  18.759  -43.826  20.266 0.4000000060
38537  19.952  -40.234  19.817 0.4000000060
39450  27.017  -39.328  19.716 0.5000000000
41300  26.861  -37.552  18.830 0.4000000060
122026  28.920  -37.329  17.390 0.3000000119
41311  29.614  -37.866  17.012 0.4000000060
41318  30.020  -37.496  16.405 0.3000000119
42394  30.335  -36.478  13.547 0.4000000060
43408  28.851  -35.712  11.894 0.4000000060
119506  30.705  -34.145  13.430 0.3000000119
46573  27.021  -31.880  9.348 0.3000000119
132071  15.075  -60.640  19.494 0.4000000060
23388  15.071  -59.611  20.735 0.4000000060
23409  14.522  -60.173  19.943 0.4000000060
24247  14.672  -58.975  21.238 0.3000000119
24223  15.159  -58.384  21.664 0.4000000060
130497  14.745  -57.705  21.656 0.3000000119
25172  18.908  -58.298  14.395 0.5000000000
113369  15.627  -56.656  22.108 0.5000000000
25084  14.746  -56.947  21.743 0.3000000119
26088  19.659  -56.673  14.710 0.5000000000
125124  20.117  -57.344  14.650 0.5000000000
129386  16.049  -55.237  22.187 0.5000000000
26872  15.440  -55.627  22.004 0.4000000060
26087  20.895  -56.827  15.231 0.5000000000
26941  20.637  -55.939  15.221 0.4000000060
25146  21.864  -57.135  16.071 0.3000000119
26074  21.568  -56.209  15.992 0.3000000119
26073  22.389  -56.467  16.745 0.3000000119
26072  23.233  -56.737  17.385 0.3000000119
26905  24.704  -56.010  18.589 0.4000000060
26915  23.782  -56.093  18.029 0.4000000060
26061  22.877  -55.795  17.318 0.4000000060
29959  14.481  -52.247  21.312 0.3000000119
31336  15.639  -49.636  20.412 0.3000000119
34227  17.433  -44.763  19.871 0.3000000119
35041  17.991  -44.128  19.935 0.3000000119
35965  17.646  -43.480  19.522 0.3000000119
37687  18.379  -41.846  19.431 0.3000000119
38538  19.057  -40.431  19.471 0.3000000119
39453  20.172  -39.505  19.742 0.3000000119
40351  19.872  -38.719  19.466 0.3000000119
39463  18.940  -38.933  19.104 0.3000000119
39464  18.360  -39.078  18.747 0.3000000119
40348  22.336  -38.312  19.963 0.3000000119
41294  21.681  -37.848  19.661 0.3000000119
40350  20.807  -38.187  19.624 0.3000000119
41293  22.508  -37.668  19.608 0.3000000119
41305  21.932  -37.119  19.338 0.3000000119
41306  20.948  -37.252  19.294 0.3000000119
40357  20.022  -37.725  19.238 0.3000000119
128505  21.463  -36.615  19.016 0.3000000119
122376  20.143  -37.019  18.987 0.3000000119
42351  22.216  -36.452  18.940 0.3000000119
43352  21.578  -35.922  18.615 0.3000000119
24322  18.357  -58.908  14.509 0.5000000000
38546  18.599  -39.750  19.133 0.3000000119
26023  14.701  -56.027  21.786 0.3000000119
26873  14.638  -55.147  21.775 0.3000000119
28455  14.875  -53.659  21.590 0.3000000119
18730  17.821  -65.738  20.745 0.4000000060
122297  17.171  -65.460  20.998 0.4000000060
127413  17.176  -64.689  20.993 0.4000000060
128979  15.028  -65.951  21.334 0.4000000060
19439  15.251  -64.834  21.269 0.3000000119
20187  16.820  -63.997  20.766 0.4000000060
20188  15.829  -63.773  20.731 0.4000000060
22637  18.592  -60.837  15.578 0.3000000119
20201  16.518  -63.220  20.179 0.4000000060
20203  14.325  -63.147  20.219 0.3000000119
20986  14.589  -62.540  19.602 0.3000000119
20985  15.383  -62.495  19.503 0.4000000060
22618  14.177  -61.124  19.230 0.3000000119
20987  13.828  -62.608  19.801 0.3000000119
22606  13.845  -60.617  19.520 0.3000000119
21804  14.484  -61.586  19.144 0.3000000119
22605  14.515  -60.765  19.374 0.3000000119
18731  16.485  -66.007  21.047 0.4000000060
18732  15.781  -65.669  21.249 0.4000000060
23389  14.132  -59.466  20.630 0.3000000119
19436  18.590  -64.375  20.694 0.3000000119
129180  13.493  -60.981  19.300 0.3000000119
19434  20.581  -64.165  20.505 0.4000000060
19438  16.383  -64.898  21.201 0.4000000060
20183  21.469  -63.767  20.289 0.4000000060
20197  22.836  -63.963  19.479 0.3000000119
20202  15.129  -63.107  20.089 0.4000000060
20981  19.331  -61.960  19.812 0.5000000000
21001  14.866  -62.042  19.180 0.3000000119
21002  13.982  -62.019  19.300 0.3000000119
21015  22.060  -62.136  16.950 0.4000000060
21802  15.706  -61.527  19.168 0.5000000000
21803  15.127  -61.687  19.092 0.4000000060
21805  13.705  -61.429  19.262 0.3000000119
22603  16.808  -60.818  19.517 0.6000000238
22607  12.885  -61.113  19.327 0.3000000119
22615  22.230  -60.205  18.707 0.4000000060
22616  21.877  -59.653  18.738 0.5000000000
22648  18.117  -60.889  15.020 0.4000000060
23408  15.499  -60.192  20.042 0.4000000060
23431  21.402  -59.092  17.614 0.6000000238
23445  17.828  -59.343  15.193 0.4000000060
25135  18.836  -57.029  16.931 0.8000000119
25160  17.964  -58.118  15.302 0.6000000238
27769  16.861  -53.797  15.582 0.8000000119
28499  16.865  -53.270  16.742 0.8999999762
28510  16.774  -53.210  16.163 0.8000000119
29981  26.035  -51.190  19.558 0.6000000238
30708  24.253  -50.158  17.276 0.6999999881
30726  19.309  -50.732  15.438 0.8999999762
31378  19.642  -49.107  16.433 0.8999999762
31392  22.061  -49.758  15.375 0.8999999762
33488  27.214  -46.807  18.365 0.6000000238
33508  26.055  -46.106  17.964 0.6999999881
34256  27.281  -45.720  17.546 0.6999999881
35073  27.092  -44.973  17.161 0.6999999881
35127  26.431  -43.995  12.871 0.5000000000
35990  21.565  -43.106  16.782 1.0000000000
36047  25.798  -43.017  13.097 0.6999999881
36048  25.559  -42.705  13.082 0.6999999881
36052  25.899  -43.177  12.945 0.6999999881
36794  17.747  -42.822  19.388 0.3000000119
37772  23.707  -41.163  13.133 0.8000000119
37788  23.413  -41.093  12.933 0.8000000119
38601  20.940  -40.308  13.260 0.8000000119
39528  20.874  -40.140  12.766 0.8000000119
40410  21.924  -39.062  14.026 0.8000000119
40420  20.636  -39.330  12.624 0.8000000119
41377  20.910  -37.239  11.410 0.6000000238
42410  20.681  -36.091  12.640 0.6999999881
42411  20.333  -36.286  11.986 0.6999999881
42418  20.344  -36.415  11.358 0.6000000238
42438  20.479  -35.588  10.743 0.6000000238
42439  20.573  -34.922  11.150 0.6000000238
43427  22.665  -34.278  11.733 0.6000000238
44418  28.371  -34.405  11.186 0.3000000119
45478  29.649  -33.526  11.119 0.3000000119
45517  23.521  -32.459  8.938 0.4000000060
45553  29.273  -33.148  7.551 0.3000000119
45555  27.228  -32.791  7.538 0.4000000060
46572  28.279  -31.982  9.416 0.3000000119
47532  25.461  -31.220  7.924 0.4000000060
112742  17.915  -61.968  19.504 0.5000000000
119562  21.042  -58.420  18.611 0.6000000238
120819  26.623  -50.832  19.731 0.6000000238
120896  27.030  -47.422  18.714 0.6000000238
122880  21.261  -49.693  15.195 0.8999999762
123161  21.815  -33.967  10.548 0.6000000238
123601  22.139  -64.245  20.033 0.4000000060
124073  27.952  -46.309  16.461 0.6000000238
125154  25.454  -43.122  16.253 0.8999999762
126556  25.151  -31.581  8.102 0.4000000060
127074  27.197  -51.220  19.949 0.6000000238
128818  15.823  -62.994  19.951 0.5000000000
131404  26.515  -44.707  17.089 0.8000000119
133785  25.458  -48.952  18.947 0.6000000238
134703  16.381  -61.346  19.273 0.6000000238
134747  18.176  -60.775  19.608 0.6000000238
