#!ascii label  , from subject sub-v2s0x30147_ses-1 vox2ras=TkReg
850
11999  34.715  -74.493  9.795 0.3000000119
21044  32.483  -62.563  14.472 0.6000000238
24315  31.298  -58.783  14.221 0.6999999881
129820  30.778  -58.156  14.329 0.6999999881
12741  34.474  -73.921  9.736 0.4000000060
116375  33.329  -68.577  12.511 0.4000000060
13511  35.210  -72.783  10.705 0.5000000000
12732  35.356  -72.987  11.439 0.5000000000
20268  33.045  -62.916  14.154 0.6999999881
21055  32.164  -61.853  14.186 0.6999999881
21862  32.261  -61.553  13.521 0.5000000000
22668  31.875  -60.289  13.735 0.6000000238
23481  31.794  -59.410  13.495 0.6000000238
24329  31.659  -58.498  13.230 0.6999999881
25181  30.574  -57.131  13.047 0.6999999881
14309  34.467  -71.778  10.687 0.5000000000
16511  33.466  -69.091  12.051 0.4000000060
13512  34.772  -72.581  10.431 0.6000000238
18042  33.743  -66.639  13.959 0.4000000060
18778  34.113  -65.658  14.182 0.5000000000
14305  34.900  -71.266  11.118 0.6000000238
19493  33.618  -64.767  14.580 0.6000000238
20254  33.359  -63.775  14.509 0.6000000238
14304  35.260  -71.580  11.610 0.6000000238
21053  33.320  -62.493  13.342 0.6000000238
21876  32.122  -60.976  13.159 0.6000000238
22678  32.067  -60.210  12.704 0.6000000238
130375  32.043  -58.082  11.906 0.6999999881
24338  31.899  -58.461  12.420 0.6999999881
25180  31.511  -57.650  12.644 0.6999999881
25204  31.733  -57.195  11.772 0.6999999881
26119  31.058  -56.774  12.122 0.6999999881
113218  30.691  -56.144  11.560 0.6999999881
26131  31.366  -56.346  11.439 0.6999999881
14310  33.472  -71.532  10.562 0.5000000000
15011  33.861  -70.347  11.191 0.5000000000
15012  32.807  -70.213  11.290 0.5000000000
17274  33.288  -67.498  13.530 0.4000000060
15010  34.718  -70.536  11.316 0.5000000000
113665  33.982  -63.996  14.263 0.6000000238
15004  35.483  -70.129  12.288 0.6000000238
15766  35.166  -69.971  11.710 0.5000000000
16501  35.400  -68.737  12.506 0.5000000000
21071  32.913  -62.025  12.596 0.6999999881
21875  32.475  -61.566  12.790 0.6000000238
21054  32.648  -62.153  13.549 0.6999999881
22688  32.202  -59.997  11.793 0.6000000238
135474  32.195  -60.550  11.996 0.6000000238
23512  32.436  -58.609  11.446 0.6000000238
24348  32.146  -59.010  11.844 0.6000000238
24360  32.317  -57.666  11.479 0.6000000238
26132  30.055  -55.557  11.489 0.6999999881
25216  32.725  -57.161  11.263 0.6000000238
26987  30.911  -55.395  11.086 0.6999999881
26988  30.127  -54.613  11.136 0.6999999881
25217  32.070  -56.723  11.370 0.6999999881
17273  34.185  -67.300  13.323 0.4000000060
16503  34.050  -68.575  12.339 0.4000000060
18777  34.881  -65.435  13.805 0.5000000000
20266  34.519  -63.669  13.712 0.6000000238
16510  34.285  -69.182  11.887 0.4000000060
20267  33.755  -63.221  13.955 0.6000000238
15761  34.981  -69.311  11.968 0.4000000060
17283  34.561  -67.961  12.761 0.4000000060
17282  35.391  -67.901  12.886 0.4000000060
18053  35.835  -66.835  13.365 0.4000000060
21070  33.510  -62.304  12.435 0.6999999881
21887  32.592  -61.635  11.784 0.6000000238
117313  32.318  -60.902  11.416 0.6000000238
23511  32.864  -59.095  11.010 0.6000000238
22687  32.400  -60.330  11.145 0.6000000238
24359  32.853  -58.132  11.202 0.6000000238
27802  29.522  -54.051  11.488 0.6999999881
27005  30.937  -54.340  10.895 0.6999999881
131177  32.193  -55.367  10.857 0.6000000238
27004  31.601  -54.901  10.788 0.6000000238
18776  35.483  -65.150  13.539 0.4000000060
20278  34.103  -62.757  13.207 0.6999999881
18040  35.522  -66.056  13.534 0.4000000060
21082  33.442  -62.252  11.447 0.8000000119
118023  32.865  -62.040  11.200 0.6999999881
21886  32.639  -61.611  10.857 0.6000000238
120035  32.764  -60.065  10.799 0.5000000000
28544  29.067  -53.733  11.914 0.6999999881
129755  33.727  -56.012  10.971 0.6000000238
27801  30.370  -53.838  11.261 0.8000000119
28543  29.766  -53.560  11.778 0.8000000119
26143  33.217  -56.562  11.075 0.6000000238
26144  32.475  -56.171  11.095 0.6000000238
19503  35.058  -64.527  13.653 0.5000000000
19502  35.710  -64.441  13.299 0.5000000000
19514  37.030  -64.108  12.433 0.6999999881
18786  36.168  -65.184  13.298 0.4000000060
21897  32.986  -61.570  10.195 0.6999999881
23510  33.609  -59.608  10.642 0.6000000238
22698  33.164  -60.732  10.258 0.6000000238
119116  34.204  -58.793  10.798 0.6000000238
28534  29.020  -53.496  12.290 0.6000000238
25215  33.411  -57.582  11.092 0.6000000238
129553  31.100  -53.709  11.125 0.6999999881
28542  30.712  -53.448  11.561 0.6999999881
27002  32.955  -55.412  10.854 0.6999999881
27003  32.285  -54.572  10.760 0.6999999881
27812  31.662  -54.028  10.876 0.6999999881
116317  35.870  -63.732  12.941 0.5000000000
20276  35.453  -62.967  12.526 0.6000000238
20277  34.803  -63.032  13.074 0.6000000238
20288  36.568  -62.936  11.320 0.6999999881
20275  36.382  -63.384  12.313 0.6000000238
21069  34.383  -62.500  12.187 0.6999999881
20287  37.358  -63.328  10.960 0.6999999881
21081  34.068  -62.406  10.875 0.6999999881
21896  33.485  -62.014  9.877 0.6999999881
22697  34.100  -60.516  10.082 0.5000000000
124825  28.154  -53.745  13.254 0.5000000000
24357  34.888  -58.388  10.819 0.6000000238
28524  29.808  -53.604  12.715 0.6000000238
27789  29.021  -53.825  13.341 0.5000000000
113497  34.117  -56.983  11.033 0.6000000238
113128  34.138  -57.991  10.934 0.6000000238
28532  31.343  -53.530  11.582 0.6000000238
113238  30.722  -54.078  12.768 0.5000000000
26969  30.939  -55.103  13.680 0.5000000000
117415  34.550  -56.069  10.977 0.6999999881
116866  33.916  -55.023  10.853 0.6999999881
121677  33.065  -54.298  10.792 0.6999999881
28541  32.573  -53.562  11.109 0.6999999881
132444  32.328  -54.276  12.417 0.5000000000
27810  33.861  -53.961  10.870 0.6999999881
21068  35.065  -62.551  11.406 0.6000000238
20289  35.922  -62.734  11.740 0.6999999881
20294  36.402  -63.043  10.015 0.6999999881
21090  33.993  -62.285  9.982 0.6999999881
22707  34.532  -61.379  9.647 0.6999999881
21902  34.158  -62.047  9.600 0.6999999881
27777  29.233  -54.513  14.114 0.4000000060
23509  34.827  -59.418  10.521 0.5000000000
26955  31.537  -55.651  14.445 0.4000000060
114731  35.120  -56.942  10.958 0.6000000238
27795  31.511  -53.757  12.142 0.5000000000
27787  31.725  -54.728  12.922 0.5000000000
28531  32.406  -53.685  11.510 0.5000000000
28552  34.129  -53.581  11.141 0.6999999881
28553  33.170  -53.667  11.044 0.6000000238
28540  33.314  -53.615  11.193 0.5000000000
20295  35.999  -62.833  9.313 0.6000000238
21089  35.500  -62.652  9.704 0.6999999881
114496  34.782  -62.511  10.252 0.6999999881
20299  36.667  -63.234  9.116 0.6999999881
131735  36.106  -62.850  9.111 0.6999999881
21096  34.812  -62.377  9.602 0.6000000238
24356  35.698  -58.657  10.563 0.6000000238
23508  35.838  -59.551  10.221 0.5000000000
25214  35.523  -57.782  10.809 0.6000000238
26142  35.614  -56.047  10.890 0.6000000238
27786  32.655  -54.947  13.134 0.4000000060
26968  32.075  -55.440  13.737 0.5000000000
26954  32.454  -55.669  14.733 0.4000000060
27001  34.848  -55.306  10.947 0.6000000238
26967  32.991  -55.400  13.919 0.4000000060
27809  34.530  -53.735  10.959 0.6000000238
28539  34.347  -53.494  11.448 0.5000000000
21909  35.964  -62.575  9.075 0.6999999881
21901  35.143  -62.125  9.346 0.6000000238
21907  37.463  -61.884  8.403 0.6999999881
21900  36.068  -61.773  9.099 0.6000000238
22706  35.518  -61.169  9.521 0.6000000238
21100  37.222  -62.845  8.412 0.6999999881
23521  35.931  -60.299  9.814 0.5000000000
25213  36.346  -57.930  10.414 0.6000000238
23507  36.466  -58.812  10.109 0.6000000238
115566  36.087  -57.052  10.729 0.5000000000
27000  35.544  -54.939  10.845 0.6000000238
121233  34.636  -54.404  10.851 0.6000000238
29293  34.985  -53.379  11.340 0.5000000000
125422  37.687  -60.992  8.466 0.6999999881
22713  36.972  -61.180  8.832 0.6999999881
23520  36.605  -59.693  9.645 0.6000000238
123465  37.025  -58.875  9.537 0.5000000000
25226  36.988  -57.092  10.098 0.6000000238
24367  37.007  -58.103  9.759 0.6000000238
26141  36.515  -56.367  10.543 0.6000000238
27807  36.355  -54.513  10.699 0.6000000238
121744  34.961  -53.480  11.136 0.5000000000
16495  36.243  -68.215  13.498 0.5000000000
18052  36.611  -66.251  13.480 0.5000000000
17271  37.571  -67.077  14.248 0.5000000000
17280  37.063  -66.534  13.675 0.5000000000
115051  37.570  -64.831  12.661 0.6999999881
19525  38.733  -64.416  11.331 0.6999999881
132249  38.124  -65.165  12.772 0.5000000000
19513  38.608  -64.866  12.199 0.5000000000
19526  37.874  -64.014  11.786 0.6999999881
19531  38.258  -63.857  10.705 0.6999999881
20293  37.474  -63.482  9.875 0.6999999881
11998  35.021  -74.438  10.213 0.3000000119
24330  31.150  -57.895  13.657 0.6999999881
21863  31.937  -61.108  14.009 0.6000000238
26989  29.203  -54.897  11.509 0.6999999881
121191  36.233  -65.981  13.414 0.6000000238
24358  33.494  -58.542  10.949 0.6000000238
28533  29.826  -53.446  12.177 0.6000000238
27800  31.729  -53.557  11.187 0.6999999881
27796  30.630  -53.464  12.088 0.6000000238
27811  32.396  -53.790  10.942 0.6999999881
27788  29.931  -54.252  13.464 0.5000000000
27776  30.037  -55.010  14.164 0.5000000000
28530  33.643  -53.689  11.732 0.5000000000
22696  35.144  -60.381  9.983 0.5000000000
21908  36.630  -62.315  8.699 0.6999999881
112987  36.459  -55.502  10.599 0.6000000238
22705  36.372  -60.730  9.367 0.6000000238
22704  37.016  -60.246  9.149 0.5000000000
111809  39.904  -65.080  9.324 0.6000000238
20300  43.224  -64.592  8.137 0.6000000238
21098  43.571  -63.354  7.717 0.4000000060
19538  41.112  -65.302  8.057 0.5000000000
19535  39.077  -64.576  9.307 0.6000000238
18771  32.502  -65.550  15.147 0.5000000000
21092  43.415  -63.675  8.869 0.4000000060
19494  32.969  -64.304  14.936 0.5000000000
20244  32.240  -63.825  15.419 0.5000000000
19534  41.542  -65.591  8.749 0.5000000000
21898  43.254  -62.494  8.771 0.4000000060
20255  32.683  -63.484  14.860 0.5000000000
131700  32.056  -62.164  14.840 0.5000000000
20301  42.680  -64.750  7.567 0.6000000238
19539  40.114  -64.925  8.144 0.5000000000
20292  38.427  -64.002  9.692 0.6000000238
22710  42.584  -60.511  8.694 0.4000000060
22702  41.922  -60.733  9.361 0.4000000060
20305  43.204  -64.067  7.272 0.4000000060
21824  30.902  -61.962  16.708 0.5000000000
19541  41.728  -64.874  7.560 0.5000000000
130885  31.747  -62.068  15.416 0.5000000000
21839  30.558  -61.144  16.615 0.5000000000
19540  39.358  -64.669  8.617 0.6000000238
20297  38.524  -64.230  8.918 0.6000000238
20298  37.702  -63.738  9.002 0.6000000238
22643  30.814  -60.427  16.020 0.5000000000
22633  30.100  -60.408  16.518 0.4000000060
123750  40.530  -63.771  7.196 0.5000000000
134704  41.273  -64.285  7.202 0.5000000000
20308  39.578  -63.812  7.525 0.6000000238
20303  38.649  -63.569  7.948 0.6000000238
111939  38.333  -63.920  8.482 0.6000000238
21099  38.185  -62.542  8.017 0.6000000238
20304  37.304  -63.375  8.671 0.6000000238
21904  43.705  -62.174  7.779 0.4000000060
22709  43.539  -61.160  7.853 0.4000000060
23468  30.596  -58.662  14.914 0.5000000000
113244  30.310  -59.733  15.981 0.5000000000
23439  29.055  -59.886  16.141 0.4000000060
23451  31.075  -59.621  15.198 0.6000000238
23438  29.673  -59.913  16.257 0.4000000060
20309  42.325  -63.494  6.664 0.6000000238
21105  39.956  -63.136  7.246 0.6000000238
21912  39.985  -62.288  7.088 0.6000000238
21913  39.090  -61.604  7.526 0.6000000238
23526  42.343  -59.726  8.726 0.4000000060
24302  29.766  -58.614  15.182 0.5000000000
24303  29.000  -58.763  15.166 0.4000000060
22656  28.142  -59.872  15.048 0.4000000060
21101  43.570  -62.458  6.626 0.6000000238
21097  43.721  -62.462  7.018 0.4000000060
21915  42.263  -62.097  6.218 0.6000000238
21103  42.948  -63.631  6.793 0.6000000238
21104  40.749  -62.970  6.878 0.5000000000
21911  40.186  -61.183  6.827 0.6000000238
21916  41.014  -62.124  6.528 0.5000000000
21906  38.212  -61.334  8.083 0.6000000238
23517  41.669  -59.876  9.230 0.4000000060
25168  29.560  -57.590  14.134 0.6000000238
23482  27.902  -59.035  13.981 0.5000000000
22657  27.706  -60.371  14.365 0.5000000000
21910  43.766  -61.758  6.579 0.4000000060
21903  44.007  -61.749  7.230 0.4000000060
21914  43.408  -61.863  6.266 0.5000000000
116126  41.871  -60.618  6.093 0.5000000000
22721  40.815  -60.446  6.444 0.5000000000
22716  39.371  -60.474  7.314 0.6000000238
24371  43.486  -58.591  7.999 0.4000000060
23525  43.279  -60.192  8.082 0.4000000060
113438  42.818  -59.204  8.402 0.4000000060
24372  42.286  -58.116  8.667 0.4000000060
26121  29.323  -55.827  12.037 0.6000000238
24375  44.580  -59.101  7.078 0.4000000060
23531  43.915  -59.706  7.510 0.4000000060
25169  28.698  -57.712  14.035 0.6000000238
24331  27.878  -58.158  13.476 0.5000000000
23530  44.404  -60.033  6.482 0.4000000060
22720  42.657  -61.297  6.045 0.5000000000
134483  40.480  -59.542  6.579 0.5000000000
23532  39.600  -59.591  7.151 0.6000000238
22717  38.695  -60.679  7.759 0.6000000238
22711  38.165  -60.395  8.196 0.6000000238
25230  44.164  -57.972  7.590 0.4000000060
26976  28.612  -55.373  11.942 0.6000000238
26110  28.530  -56.726  13.032 0.6000000238
25191  27.614  -56.750  12.774 0.5000000000
125264  26.415  -58.766  12.455 0.5000000000
23529  44.811  -59.074  6.252 0.4000000060
112635  44.029  -60.568  6.155 0.4000000060
23534  43.575  -60.218  5.805 0.5000000000
23535  42.302  -60.044  5.913 0.5000000000
25231  42.981  -57.395  8.364 0.4000000060
26122  28.377  -56.072  12.432 0.6000000238
25192  26.788  -57.280  12.716 0.5000000000
120708  42.734  -59.410  5.711 0.5000000000
112290  41.505  -59.302  6.110 0.4000000060
131374  39.897  -58.899  6.961 0.4000000060
23527  38.763  -59.722  7.731 0.4000000060
24373  38.490  -58.740  8.049 0.6000000238
24366  37.512  -58.411  9.071 0.4000000060
26159  43.768  -56.655  8.010 0.4000000060
26990  28.399  -54.797  11.772 0.6000000238
117237  44.905  -58.507  6.772 0.4000000060
28535  28.438  -53.864  12.316 0.5000000000
126163  27.449  -55.995  12.453 0.5000000000
26123  26.785  -56.372  12.697 0.5000000000
25193  25.999  -56.917  12.927 0.4000000060
26978  26.932  -55.484  12.609 0.4000000060
24380  41.900  -58.419  5.914 0.5000000000
117063  41.095  -57.752  6.404 0.6000000238
118831  39.222  -58.802  7.474 0.4000000060
126124  38.929  -57.809  7.749 0.4000000060
24374  38.131  -57.892  8.460 0.4000000060
24376  39.760  -58.119  7.175 0.5000000000
28526  28.237  -53.662  12.762 0.5000000000
123178  27.148  -54.654  12.558 0.6000000238
27790  27.443  -53.920  13.199 0.4000000060
25233  38.572  -57.166  8.188 0.5000000000
26167  40.255  -56.625  7.110 0.5000000000
25237  40.356  -57.522  6.866 0.5000000000
25238  39.628  -57.200  7.386 0.5000000000
25239  39.064  -56.828  7.850 0.5000000000
25236  44.897  -57.565  7.029 0.4000000060
25225  37.577  -57.490  9.223 0.4000000060
25234  38.107  -56.907  8.663 0.5000000000
26168  39.591  -56.316  7.558 0.5000000000
27778  28.332  -54.157  13.948 0.4000000060
27014  37.291  -55.017  10.109 0.4000000060
135528  37.903  -54.919  9.431 0.4000000060
26155  37.159  -56.036  10.067 0.5000000000
26154  37.645  -56.525  9.362 0.5000000000
26161  38.632  -56.407  8.261 0.5000000000
26162  38.192  -56.005  8.768 0.5000000000
26169  39.096  -56.092  7.931 0.5000000000
27022  38.842  -55.500  8.325 0.5000000000
27829  38.853  -54.694  8.668 0.4000000060
23467  31.578  -59.668  14.299 0.5000000000
25167  30.401  -57.624  13.950 0.6000000238
21849  31.769  -61.378  14.930 0.6000000238
121511  32.997  -65.048  14.983 0.5000000000
28525  28.955  -53.508  12.716 0.5000000000
22712  37.562  -60.265  8.682 0.6000000238
123276  37.910  -58.774  8.568 0.4000000060
21838  31.293  -61.415  15.933 0.5000000000
22655  31.650  -60.431  14.624 0.5000000000
22642  31.359  -60.627  15.386 0.5000000000
23453  29.523  -59.321  15.727 0.4000000060
22644  28.421  -60.163  15.766 0.4000000060
21107  42.942  -62.857  6.488 0.6000000238
24317  29.257  -58.140  14.666 0.6000000238
23469  28.382  -59.146  14.820 0.4000000060
22715  44.051  -60.706  7.106 0.4000000060
26109  29.442  -56.584  12.888 0.6000000238
125459  29.045  -57.169  13.532 0.6000000238
24318  28.535  -58.434  14.420 0.5000000000
124167  27.501  -59.905  13.673 0.5000000000
21850  27.536  -61.226  14.453 0.5000000000
23491  27.247  -59.170  13.044 0.5000000000
24339  27.061  -58.170  12.692 0.5000000000
25184  27.504  -57.541  12.959 0.5000000000
24381  40.656  -58.498  6.545 0.5000000000
24340  26.137  -57.867  12.571 0.5000000000
24379  43.262  -58.774  5.591 0.5000000000
26991  27.969  -54.405  12.165 0.6000000238
27023  38.286  -55.177  8.904 0.4000000060
6599  27.729  -82.728  13.561 0.3000000119
6090  29.153  -83.078  12.732 0.3000000119
6598  28.516  -82.499  13.259 0.3000000119
6105  30.859  -83.104  12.084 0.3000000119
6617  29.973  -82.700  12.529 0.3000000119
6104  31.677  -83.858  11.582 0.3000000119
134099  31.711  -83.017  11.826 0.3000000119
7198  31.086  -80.723  12.718 0.3000000119
6616  30.591  -82.303  12.437 0.3000000119
6614  32.317  -82.480  11.825 0.3000000119
6103  32.572  -83.566  11.519 0.3000000119
7217  31.854  -81.425  12.261 0.3000000119
7802  33.119  -80.381  12.214 0.3000000119
115775  32.643  -80.971  12.141 0.3000000119
115731  32.871  -81.739  11.859 0.4000000060
6613  33.242  -82.617  11.643 0.4000000060
6101  34.396  -83.599  11.206 0.4000000060
6116  34.587  -83.909  10.704 0.3000000119
8463  35.783  -80.596  12.553 0.3000000119
7800  35.218  -81.198  12.107 0.4000000060
7214  34.988  -82.111  11.697 0.4000000060
6612  34.726  -82.913  11.470 0.4000000060
8438  35.772  -79.766  13.077 0.3000000119
6610  36.053  -82.364  11.388 0.4000000060
8422  36.823  -79.273  14.300 0.4000000060
116007  36.652  -79.745  13.500 0.4000000060
6642  36.296  -82.464  10.618 0.4000000060
7241  36.818  -81.770  10.608 0.3000000119
7777  36.400  -80.377  12.828 0.4000000060
7799  36.077  -81.106  12.271 0.3000000119
7798  36.643  -80.716  12.481 0.4000000060
8421  37.563  -79.178  14.621 0.4000000060
7823  37.309  -80.835  11.742 0.5000000000
7212  36.289  -81.546  11.854 0.4000000060
13509  35.257  -72.303  11.224 0.5000000000
9117  38.097  -78.917  15.049 0.4000000060
7229  36.653  -81.900  11.319 0.4000000060
111903  35.059  -75.278  10.348 0.3000000119
130498  35.314  -74.726  12.274 0.4000000060
9853  36.747  -78.729  10.559 0.3000000119
18030  33.229  -65.890  14.631 0.4000000060
18031  32.389  -66.423  14.815 0.4000000060
17281  36.109  -67.254  13.386 0.4000000060
16500  35.900  -68.100  13.005 0.4000000060
15760  35.458  -69.441  12.301 0.4000000060
8436  37.766  -79.488  13.937 0.4000000060
122760  37.011  -80.334  12.893 0.3000000119
7797  37.213  -80.502  12.439 0.5000000000
15754  35.720  -69.640  12.921 0.4000000060
14300  35.399  -70.936  12.442 0.4000000060
9116  38.808  -78.812  14.665 0.4000000060
11992  35.275  -73.947  11.922 0.4000000060
124999  37.560  -80.618  11.266 0.4000000060
12729  35.310  -73.274  12.692 0.5000000000
7837  37.434  -80.403  10.613 0.5000000000
11248  35.610  -75.033  12.877 0.4000000060
11257  35.228  -75.913  11.101 0.4000000060
9173  36.647  -79.264  10.181 0.3000000119
124840  35.386  -75.526  12.067 0.4000000060
19481  32.444  -64.649  15.323 0.4000000060
18785  36.855  -65.453  13.163 0.4000000060
9132  38.958  -79.026  13.868 0.4000000060
7774  38.271  -79.521  13.383 0.4000000060
15753  35.973  -69.579  13.834 0.4000000060
117261  35.311  -71.756  12.730 0.5000000000
9131  39.522  -78.508  13.379 0.4000000060
7796  37.881  -79.977  12.548 0.4000000060
14294  35.960  -70.966  14.166 0.5000000000
9807  40.179  -77.987  13.740 0.4000000060
9822  39.899  -77.842  13.031 0.4000000060
9150  38.933  -79.022  12.840 0.4000000060
132896  38.873  -78.702  12.294 0.5000000000
9834  38.532  -78.388  11.904 0.5000000000
14999  36.057  -70.198  14.199 0.4000000060
13498  35.993  -71.979  14.106 0.5000000000
10502  41.301  -76.714  13.688 0.4000000060
9835  37.555  -78.631  11.212 0.5000000000
12722  35.651  -73.508  13.463 0.4000000060
10520  36.796  -76.665  12.394 0.4000000060
11256  35.758  -76.429  11.850 0.4000000060
11233  36.340  -75.243  13.230 0.4000000060
16494  36.884  -67.994  14.255 0.4000000060
9823  39.272  -77.733  12.501 0.4000000060
14982  36.763  -70.506  14.434 0.4000000060
21841  27.714  -61.500  15.361 0.4000000060
11229  42.030  -75.439  13.715 0.4000000060
10516  41.002  -76.391  13.101 0.4000000060
9824  38.461  -77.639  12.113 0.5000000000
10519  38.115  -76.907  12.413 0.5000000000
14284  36.554  -71.324  14.324 0.5000000000
13484  37.038  -71.958  14.285 0.4000000060
11242  41.697  -75.289  13.145 0.4000000060
10535  37.396  -77.506  11.895 0.4000000060
12721  36.497  -73.677  13.851 0.4000000060
130614  36.774  -75.919  12.967 0.4000000060
11976  36.920  -74.652  13.596 0.4000000060
128280  38.701  -65.520  12.937 0.4000000060
16481  37.220  -68.817  14.511 0.3000000119
113918  40.444  -76.289  12.792 0.4000000060
114023  39.811  -76.504  12.667 0.4000000060
15739  37.505  -69.710  14.512 0.3000000119
11243  40.947  -75.668  12.836 0.4000000060
11985  40.346  -75.185  12.772 0.4000000060
11245  38.964  -76.231  12.765 0.4000000060
134993  38.287  -75.620  13.119 0.5000000000
11983  41.742  -74.401  13.109 0.4000000060
12728  41.299  -73.983  12.974 0.4000000060
11974  38.948  -74.278  13.268 0.4000000060
11975  37.755  -74.047  13.663 0.4000000060
111980  36.712  -72.742  14.111 0.4000000060
19530  39.342  -64.653  10.374 0.4000000060
11230  39.302  -75.232  12.986 0.4000000060
6152  30.942  -84.093  8.842 0.3000000119
8467  31.996  -79.519  12.773 0.3000000119
8439  34.595  -79.245  12.865 0.3000000119
128701  36.201  -79.269  13.818 0.4000000060
9761  39.810  -77.919  14.883 0.4000000060
9788  40.097  -78.002  14.376 0.4000000060
10474  40.928  -76.898  14.492 0.4000000060
11220  42.000  -75.525  14.084 0.4000000060
121858  38.122  -67.937  14.567 0.3000000119
11971  42.157  -74.692  13.534 0.4000000060
18784  39.663  -65.483  12.339 0.4000000060
17259  39.166  -67.651  14.319 0.4000000060
16480  38.324  -68.976  14.507 0.4000000060
13505  41.665  -72.826  13.269 0.4000000060
11972  40.668  -73.842  12.974 0.4000000060
12718  39.724  -73.617  13.203 0.4000000060
12719  38.565  -73.416  13.563 0.4000000060
14282  38.441  -71.280  14.101 0.3000000119
14283  37.409  -71.246  14.375 0.4000000060
13496  41.053  -72.426  13.214 0.4000000060
13507  35.307  -72.373  12.180 0.4000000060
19524  39.575  -64.998  11.502 0.4000000060
6107  28.974  -84.013  12.429 0.3000000119
130152  30.893  -84.014  11.694 0.3000000119
120555  30.378  -84.828  8.745 0.3000000119
133256  31.619  -84.330  8.842 0.3000000119
6615  31.338  -82.300  12.195 0.3000000119
7803  32.078  -80.332  12.485 0.3000000119
6102  33.520  -83.515  11.403 0.4000000060
7216  33.471  -81.169  11.952 0.3000000119
8464  34.904  -80.185  12.461 0.3000000119
123740  34.338  -81.442  11.890 0.4000000060
7213  35.748  -81.907  11.765 0.4000000060
9133  35.337  -78.850  13.630 0.3000000119
129914  37.515  -78.794  15.292 0.4000000060
8482  38.098  -79.694  11.692 0.4000000060
9172  37.329  -79.181  10.677 0.5000000000
9836  36.815  -78.082  11.168 0.3000000119
8488  37.699  -79.667  10.867 0.5000000000
10490  41.275  -76.889  14.129 0.4000000060
11232  37.321  -75.446  13.294 0.4000000060
13497  37.997  -72.569  13.943 0.4000000060
18792  42.023  -65.610  10.613 0.4000000060
18796  41.232  -65.590  10.246 0.4000000060
19532  42.870  -65.134  9.627 0.4000000060
20296  43.221  -64.595  9.210 0.3000000119
19533  42.361  -65.468  9.103 0.5000000000
18798  40.904  -65.572  9.356 0.4000000060
18799  40.366  -65.314  10.020 0.4000000060
18764  40.060  -65.206  15.677 0.3000000119
18023  40.587  -65.888  15.890 0.3000000119
21873  40.660  -61.644  12.433 0.3000000119
21884  41.601  -61.872  11.083 0.3000000119
21894  41.477  -61.345  10.395 0.3000000119
21905  42.888  -61.444  8.703 0.3000000119
19492  40.265  -64.099  14.857 0.3000000119
20251  40.603  -63.510  14.279 0.3000000119
21859  40.356  -61.957  13.134 0.3000000119
119208  39.250  -65.342  16.124 0.3000000119
20241  39.370  -64.000  15.218 0.3000000119
21895  41.039  -61.151  11.000 0.3000000119
22703  41.126  -60.181  9.886 0.3000000119
21042  39.864  -62.789  14.172 0.3000000119
21874  39.910  -61.179  12.820 0.3000000119
21885  40.891  -61.354  11.679 0.3000000119
21861  38.857  -61.049  13.868 0.3000000119
21860  39.573  -61.514  13.480 0.3000000119
131388  39.362  -59.620  12.436 0.3000000119
23479  39.034  -59.839  13.009 0.3000000119
20253  38.858  -63.386  15.073 0.3000000119
23505  40.314  -59.662  10.663 0.3000000119
24354  40.292  -58.651  10.264 0.3000000119
25223  41.360  -57.768  9.274 0.3000000119
22667  38.624  -60.121  13.664 0.3000000119
22686  39.823  -59.902  11.767 0.3000000119
122578  40.331  -57.915  10.158 0.3000000119
23480  38.589  -59.143  13.486 0.3000000119
23489  39.353  -59.000  12.014 0.3000000119
24347  39.509  -58.182  11.493 0.3000000119
25203  39.802  -57.183  11.257 0.3000000119
25232  41.900  -56.925  9.021 0.3000000119
24365  40.793  -58.327  9.668 0.3000000119
118079  41.190  -56.947  9.573 0.3000000119
26160  42.650  -56.314  8.735 0.3000000119
26166  44.881  -56.461  7.284 0.3000000119
27019  44.043  -55.682  8.187 0.3000000119
27026  45.080  -55.551  7.556 0.3000000119
116992  45.594  -56.254  6.528 0.3000000119
19529  42.416  -65.394  10.065 0.4000000060
21899  42.215  -61.606  9.627 0.3000000119
23518  40.893  -59.274  9.745 0.3000000119
116577  42.221  -65.635  11.595 0.5000000000
19480  39.888  -64.550  15.332 0.3000000119
22676  40.189  -60.851  12.092 0.3000000119
21079  41.437  -62.110  12.000 0.3000000119
122327  42.037  -61.983  10.295 0.3000000119
21093  42.745  -62.638  9.715 0.3000000119
21052  39.936  -62.228  13.681 0.3000000119
21043  39.043  -62.775  14.622 0.3000000119
22695  40.913  -60.647  10.500 0.3000000119
22666  39.256  -60.683  13.238 0.3000000119
122680  39.023  -58.988  12.772 0.3000000119
25190  39.439  -57.236  12.124 0.3000000119
23506  39.915  -58.716  10.885 0.3000000119
23465  38.007  -59.390  14.230 0.3000000119
24355  39.910  -57.967  10.703 0.3000000119
15738  38.654  -69.876  14.323 0.3000000119
14980  39.028  -70.672  13.955 0.4000000060
15752  41.281  -69.765  13.386 0.4000000060
133880  40.549  -70.135  13.488 0.4000000060
123067  39.220  -68.362  14.326 0.3000000119
16493  41.838  -67.985  13.427 0.4000000060
131760  42.585  -67.778  13.643 0.3000000119
119672  39.451  -69.228  14.135 0.4000000060
17257  40.942  -68.149  13.548 0.4000000060
17267  42.329  -67.339  13.230 0.3000000119
18038  40.364  -66.816  13.313 0.3000000119
17268  40.989  -67.502  13.343 0.4000000060
18048  42.276  -66.257  12.641 0.4000000060
18783  40.739  -66.054  12.414 0.3000000119
18782  41.769  -66.044  12.001 0.4000000060
19523  42.453  -65.332  11.097 0.4000000060
17269  39.787  -67.205  13.910 0.3000000119
18794  40.629  -65.606  11.724 0.3000000119
18797  40.446  -65.334  10.865 0.3000000119
18051  39.741  -66.120  13.119 0.3000000119
18049  41.671  -66.521  12.539 0.4000000060
16479  40.254  -68.641  13.795 0.4000000060
9119  36.036  -78.731  14.609 0.3000000119
14291  40.033  -71.962  13.400 0.3000000119
10491  32.886  -76.696  14.909 0.3000000119
9790  33.618  -77.145  14.541 0.3000000119
9120  35.007  -78.123  14.316 0.3000000119
9118  36.920  -78.877  15.144 0.3000000119
14997  40.112  -70.874  13.486 0.3000000119
111851  40.390  -72.993  13.199 0.3000000119
9766  34.650  -77.075  16.105 0.3000000119
9789  35.512  -78.106  15.157 0.3000000119
9765  35.550  -77.767  16.010 0.3000000119
9097  36.987  -78.465  15.828 0.3000000119
122439  39.273  -77.671  15.344 0.3000000119
128748  41.164  -70.556  13.337 0.3000000119
10442  34.558  -76.483  17.671 0.3000000119
9742  35.302  -77.296  16.732 0.3000000119
113594  35.126  -76.908  17.214 0.3000000119
9764  36.306  -78.080  16.196 0.3000000119
9741  35.927  -77.678  16.566 0.3000000119
10476  38.599  -77.262  15.740 0.3000000119
10440  36.068  -76.409  17.432 0.3000000119
10458  36.562  -76.932  16.862 0.3000000119
9739  37.321  -77.959  16.130 0.3000000119
10457  37.203  -77.320  16.411 0.3000000119
10475  40.090  -77.150  14.977 0.3000000119
10473  41.477  -76.299  14.279 0.3000000119
11964  42.363  -74.753  13.950 0.3000000119
10441  35.305  -76.611  17.593 0.3000000119
133105  39.287  -76.966  15.470 0.3000000119
11210  38.764  -76.371  15.743 0.3000000119
11208  40.655  -76.276  14.790 0.3000000119
113889  41.050  -71.462  13.301 0.3000000119
11197  36.771  -75.951  16.942 0.3000000119
11932  36.295  -75.250  17.447 0.3000000119
11196  37.552  -75.628  16.403 0.3000000119
11195  38.256  -75.803  15.994 0.3000000119
11957  40.145  -75.328  15.179 0.3000000119
11955  41.895  -74.527  14.396 0.3000000119
12726  42.141  -73.217  13.518 0.3000000119
14995  41.935  -70.980  13.398 0.3000000119
15751  42.143  -69.482  13.483 0.3000000119
14292  38.859  -71.944  13.732 0.3000000119
113131  38.174  -75.109  16.020 0.3000000119
11194  38.982  -75.321  15.668 0.3000000119
117857  41.231  -73.813  14.904 0.3000000119
12716  42.544  -73.296  13.909 0.3000000119
9098  36.258  -78.415  15.613 0.3000000119
10477  33.808  -76.741  15.384 0.3000000119
9767  34.658  -77.437  15.062 0.3000000119
5523  28.223  -83.432  13.021 0.3000000119
6100  35.101  -83.427  11.117 0.4000000060
6115  35.131  -83.551  10.582 0.3000000119
6611  35.474  -82.720  11.395 0.4000000060
6626  35.743  -83.098  10.980 0.4000000060
6664  31.656  -83.394  9.108 0.3000000119
7211  36.859  -81.197  11.896 0.4000000060
7215  33.937  -82.121  11.687 0.4000000060
7228  37.264  -81.257  11.094 0.4000000060
7240  37.008  -81.112  10.243 0.5000000000
7775  37.442  -79.913  13.210 0.4000000060
7776  36.916  -80.123  13.155 0.3000000119
7801  34.120  -80.655  12.121 0.3000000119
7822  37.692  -80.336  11.816 0.5000000000
7836  37.796  -80.155  11.185 0.4000000060
8420  38.268  -79.202  14.343 0.4000000060
8437  37.236  -79.602  13.810 0.4000000060
8462  38.421  -79.502  12.482 0.4000000060
8465  33.811  -79.789  12.399 0.3000000119
8489  37.121  -79.721  10.288 0.5000000000
9075  37.282  -78.260  15.941 0.3000000119
9094  39.340  -78.390  14.807 0.4000000060
9095  38.493  -78.505  15.262 0.3000000119
9096  37.708  -78.556  15.538 0.4000000060
9115  39.551  -78.530  14.201 0.4000000060
9160  38.589  -79.079  12.006 0.5000000000
9161  37.990  -79.068  11.345 0.5000000000
9740  36.631  -77.815  16.418 0.3000000119
9760  40.575  -77.446  14.454 0.4000000060
9762  38.537  -78.017  15.580 0.3000000119
9763  37.840  -78.242  15.743 0.3000000119
9806  40.810  -77.452  13.982 0.4000000060
9821  40.624  -77.248  13.414 0.4000000060
10456  37.871  -77.655  15.977 0.3000000119
10459  35.796  -77.190  17.024 0.3000000119
10501  41.784  -76.206  13.898 0.4000000060
10515  41.648  -76.002  13.414 0.4000000060
10517  40.090  -77.003  12.855 0.4000000060
10518  39.195  -77.032  12.485 0.5000000000
10536  36.330  -77.259  11.536 0.4000000060
11207  41.274  -75.452  14.597 0.3000000119
11209  39.656  -76.240  15.331 0.3000000119
11231  38.101  -74.895  13.382 0.4000000060
11244  40.045  -75.866  12.691 0.4000000060
11246  37.699  -76.181  12.892 0.4000000060
11247  36.017  -75.846  12.642 0.4000000060
11947  36.955  -74.884  16.702 0.3000000119
11973  40.051  -74.461  12.918 0.4000000060
11977  35.923  -74.410  13.433 0.4000000060
11984  41.047  -74.696  12.837 0.4000000060
11986  35.388  -74.188  12.923 0.4000000060
12696  41.934  -73.450  14.562 0.3000000119
12710  42.425  -73.894  14.086 0.3000000119
12717  42.141  -73.975  13.409 0.4000000060
12720  37.487  -73.303  13.904 0.4000000060
12727  41.689  -73.635  13.179 0.4000000060
12735  35.267  -73.663  10.761 0.5000000000
12736  34.932  -73.541  10.164 0.3000000119
13483  42.613  -72.394  14.071 0.3000000119
13495  41.726  -71.952  13.347 0.3000000119
13499  35.451  -72.483  13.401 0.5000000000
13506  41.164  -73.298  13.080 0.4000000060
13513  33.869  -72.291  10.245 0.5000000000
14293  37.961  -71.815  14.150 0.3000000119
14295  35.518  -71.430  13.545 0.5000000000
14299  42.134  -72.357  13.512 0.3000000119
14308  35.057  -72.026  10.907 0.6000000238
14979  39.713  -70.046  13.825 0.4000000060
14981  37.930  -70.556  14.405 0.4000000060
14996  41.823  -70.193  13.371 0.3000000119
14998  39.305  -71.344  13.680 0.3000000119
15000  35.639  -70.391  13.506 0.4000000060
15009  35.235  -70.711  11.622 0.6000000238
15015  34.154  -71.038  10.912 0.5000000000
15736  41.374  -68.830  13.488 0.4000000060
15737  40.452  -69.442  13.621 0.4000000060
15740  36.567  -69.597  14.364 0.3000000119
15759  35.896  -68.898  13.032 0.4000000060
15767  34.514  -69.830  11.530 0.4000000060
15768  33.632  -69.675  11.547 0.5000000000
16482  36.387  -68.826  14.061 0.4000000060
16502  34.801  -68.651  12.338 0.4000000060
17258  40.077  -67.888  13.940 0.4000000060
17270  38.751  -67.053  14.271 0.3000000119
17272  36.468  -67.489  13.643 0.5000000000
17284  33.698  -68.031  12.885 0.4000000060
18010  39.773  -65.738  16.135 0.3000000119
18036  42.383  -66.750  12.928 0.3000000119
18037  41.476  -66.999  12.886 0.4000000060
18039  39.412  -66.632  13.774 0.3000000119
18041  34.610  -66.396  13.687 0.5000000000
18050  40.808  -66.531  12.815 0.4000000060
18054  35.060  -67.145  13.259 0.4000000060
18793  41.474  -65.663  11.180 0.4000000060
18795  41.804  -65.659  9.614 0.5000000000
19504  34.408  -64.682  14.108 0.6000000238
19515  36.357  -64.272  12.922 0.6000000238
19527  37.083  -63.487  11.810 0.6999999881
19536  42.885  -65.151  8.785 0.4000000060
19537  42.331  -65.324  8.180 0.6000000238
19542  40.463  -64.586  7.617 0.5000000000
20252  39.649  -63.434  14.699 0.3000000119
20265  35.266  -63.699  13.264 0.6000000238
20302  39.325  -64.346  7.996 0.6000000238
20306  42.286  -64.213  7.013 0.6000000238
20307  41.472  -63.637  6.855 0.6000000238
21024  31.018  -62.673  16.774 0.5000000000
21080  35.729  -62.658  10.742 0.6999999881
21083  33.012  -62.075  11.839 0.6999999881
21088  42.376  -62.667  10.592 0.3000000119
21091  33.229  -62.133  10.507 0.6999999881
21094  36.534  -62.982  8.771 0.6999999881
21095  35.583  -62.566  9.335 0.6999999881
21102  43.481  -63.202  6.914 0.4000000060
21106  39.186  -62.850  7.550 0.6000000238
21108  41.790  -62.888  6.513 0.6000000238
21846  39.168  -61.997  14.123 0.3000000119
21888  32.255  -60.999  12.264 0.6000000238
22634  29.331  -60.445  16.578 0.4000000060
22635  28.726  -60.451  16.332 0.4000000060
22645  27.904  -60.661  15.185 0.4000000060
22677  39.594  -60.348  12.573 0.3000000119
22685  40.474  -60.606  11.274 0.3000000119
22694  41.435  -60.908  9.923 0.3000000119
22699  32.568  -60.925  10.673 0.6000000238
22708  33.639  -61.470  9.839 0.6999999881
22714  43.935  -60.972  6.494 0.4000000060
22718  43.774  -61.219  6.294 0.4000000060
22719  43.461  -60.878  5.857 0.5000000000
22722  40.031  -60.222  6.833 0.5000000000
23452  30.298  -59.124  15.486 0.5000000000
23454  28.720  -59.476  15.512 0.4000000060
23490  31.970  -59.251  12.550 0.6999999881
23498  39.747  -59.103  11.358 0.3000000119
23499  32.446  -59.552  11.316 0.6000000238
23519  37.403  -59.382  9.009 0.5000000000
23528  38.044  -59.523  8.364 0.6000000238
23533  44.381  -59.664  5.940 0.4000000060
23536  41.343  -59.968  6.242 0.5000000000
24316  30.092  -58.062  14.609 0.6000000238
24337  39.107  -58.123  12.417 0.3000000119
24364  41.654  -58.899  9.070 0.4000000060
25182  29.831  -57.204  13.545 0.6000000238
25183  28.226  -57.337  13.289 0.6000000238
25235  45.156  -58.274  6.250 0.4000000060
26120  30.210  -56.343  12.186 0.6999999881
26124  26.275  -55.886  13.012 0.5000000000
26145  31.761  -55.813  11.083 0.6000000238
26173  40.941  -56.058  6.856 0.5000000000
26956  30.674  -55.538  14.724 0.5000000000
26977  27.771  -55.282  12.109 0.6000000238
27013  37.751  -55.599  9.409 0.4000000060
27020  43.221  -55.799  8.624 0.3000000119
27775  33.734  -55.053  14.259 0.4000000060
27797  27.657  -54.076  12.736 0.5000000000
27803  28.727  -54.212  11.800 0.6999999881
112227  39.302  -72.740  13.485 0.4000000060
114260  37.629  -65.645  13.215 0.5000000000
114357  37.900  -76.660  16.151 0.3000000119
115397  40.489  -65.287  8.643 0.5000000000
115575  35.930  -72.890  13.899 0.4000000060
116170  42.889  -60.686  5.890 0.5000000000
117591  35.210  -74.782  11.173 0.3000000119
117864  39.116  -78.196  15.197 0.3000000119
118394  39.242  -78.378  12.598 0.4000000060
118637  41.421  -61.291  6.276 0.5000000000
120864  36.807  -64.789  12.904 0.6000000238
123924  38.419  -66.266  13.733 0.3000000119
125255  37.856  -63.322  8.322 0.6000000238
126486  33.984  -82.986  11.518 0.4000000060
128076  32.902  -83.018  11.611 0.3000000119
128690  32.617  -64.062  15.178 0.5000000000
129226  42.437  -74.089  13.798 0.4000000060
129899  37.184  -76.509  16.604 0.3000000119
132255  42.436  -72.647  13.797 0.3000000119
132389  41.388  -75.836  13.077 0.4000000060
133235  27.931  -59.654  14.366 0.5000000000
133342  29.844  -85.092  8.730 0.3000000119
134189  37.821  -78.080  11.623 0.5000000000
134819  43.812  -59.500  5.655 0.5000000000
135145  34.761  -57.627  10.953 0.6000000238
135431  42.368  -73.673  13.642 0.4000000060
