#!ascii label  , from subject sub-v2s0x29017_ses-1 vox2ras=TkReg
321
104013  -29.586  -65.939  6.412 0.5000000000
9719  -28.128  -66.167  5.565 0.8000000119
111099  -25.542  -65.048  6.170 0.8000000119
9718  -26.551  -65.586  5.604 0.8000000119
10338  -28.547  -65.662  5.382 0.8000000119
9721  -30.237  -66.667  5.365 0.5000000000
10965  -26.554  -63.655  6.629 0.6999999881
10336  -25.935  -64.540  6.810 0.6999999881
10349  -30.953  -66.728  4.517 0.6000000238
10340  -31.551  -65.628  4.818 0.6000000238
10961  -26.852  -63.381  7.576 0.6999999881
10339  -29.626  -65.949  5.409 0.6000000238
10333  -26.390  -64.053  7.436 0.6999999881
10337  -26.639  -64.759  5.245 0.6999999881
10969  -31.342  -64.590  3.746 0.6000000238
10967  -28.163  -64.554  4.748 0.8000000119
10968  -29.901  -64.698  4.669 0.6999999881
10350  -32.186  -66.935  3.995 0.4000000060
10966  -26.479  -63.886  5.302 0.6999999881
11625  -29.913  -63.471  3.870 0.5000000000
11623  -26.721  -63.690  5.001 0.6000000238
11624  -28.195  -63.559  4.281 0.6000000238
12267  -30.491  -61.967  3.764 0.5000000000
10351  -34.091  -67.272  3.243 0.4000000060
11618  -27.130  -63.395  9.061 0.6999999881
10341  -32.550  -65.774  3.226 0.6000000238
10962  -26.852  -63.135  6.689 0.6999999881
11620  -26.919  -62.888  6.205 0.6999999881
11626  -32.178  -63.138  3.754 0.6000000238
102702  -33.351  -62.079  4.023 0.5000000000
96395  -28.813  -62.705  5.234 0.5000000000
12259  -27.270  -63.311  10.327 0.6000000238
102970  -35.717  -67.697  4.244 0.5000000000
10352  -36.045  -65.601  4.079 0.5000000000
12262  -27.605  -62.791  9.456 0.6999999881
10342  -34.387  -65.372  3.288 0.5000000000
11619  -27.287  -62.886  7.884 0.6999999881
10971  -35.255  -63.904  3.868 0.5000000000
106584  -27.598  -62.369  7.534 0.6999999881
10970  -33.411  -64.210  3.381 0.5000000000
11621  -26.955  -62.238  5.060 0.6000000238
11627  -34.157  -63.039  4.277 0.5000000000
12266  -27.941  -61.284  4.676 0.5000000000
12268  -32.213  -61.124  3.849 0.5000000000
12269  -34.140  -60.816  4.629 0.3000000119
104516  -37.057  -64.778  5.567 0.3000000119
12254  -27.314  -63.202  11.427 0.6000000238
12260  -27.822  -62.534  10.725 0.6000000238
105661  -27.773  -62.411  8.718 0.6999999881
104751  -34.444  -61.960  5.567 0.4000000060
96058  -30.007  -60.785  4.113 0.5000000000
12876  -28.074  -61.992  9.622 0.6000000238
10978  -36.529  -63.722  5.364 0.3000000119
11628  -34.671  -63.265  5.979 0.4000000060
105052  -35.401  -62.259  6.632 0.3000000119
12270  -34.963  -61.352  6.180 0.3000000119
12264  -27.771  -61.686  6.915 0.5000000000
12883  -35.443  -60.641  6.400 0.3000000119
12882  -33.555  -60.647  5.900 0.3000000119
105652  -28.281  -60.215  5.123 0.5000000000
12881  -32.076  -60.314  4.140 0.4000000060
12868  -28.141  -62.042  11.476 0.5000000000
12873  -28.431  -61.643  10.689 0.6000000238
12877  -28.571  -61.204  9.105 0.5000000000
12887  -34.406  -61.167  7.790 0.3000000119
12263  -28.019  -61.868  8.447 0.6000000238
12878  -28.292  -61.327  7.997 0.6000000238
13506  -29.830  -60.208  5.168 0.4000000060
99737  -28.734  -61.002  10.126 0.5000000000
114677  -28.475  -61.477  9.912 0.5000000000
13515  -34.192  -60.960  8.550 0.3000000119
13505  -28.334  -59.981  5.873 0.5000000000
13507  -32.050  -59.691  4.289 0.4000000060
13502  -28.973  -60.473  9.528 0.5000000000
13511  -34.212  -61.608  8.971 0.4000000060
107844  -34.047  -60.607  8.993 0.4000000060
14172  -34.091  -59.769  8.358 0.4000000060
13504  -28.896  -60.381  8.654 0.4000000060
13509  -35.126  -59.797  6.808 0.3000000119
12879  -28.582  -60.729  8.013 0.5000000000
12886  -28.586  -60.341  7.200 0.4000000060
95791  -30.004  -59.218  4.572 0.4000000060
13499  -28.907  -60.767  11.054 0.5000000000
102140  -29.072  -60.436  10.301 0.5000000000
95468  -34.075  -60.233  9.422 0.4000000060
14169  -33.864  -59.127  9.030 0.4000000060
14163  -29.272  -59.852  9.003 0.4000000060
13512  -28.841  -60.182  7.973 0.4000000060
106523  -34.099  -58.362  7.916 0.4000000060
13514  -28.678  -59.253  5.561 0.4000000060
14166  -31.765  -58.031  4.774 0.4000000060
14157  -29.380  -60.016  10.769 0.5000000000
14160  -29.381  -59.906  9.908 0.4000000060
14162  -34.088  -59.400  9.870 0.4000000060
14170  -29.112  -59.765  8.191 0.4000000060
14791  -33.777  -58.055  8.655 0.4000000060
13513  -28.861  -59.716  7.171 0.4000000060
14167  -33.730  -58.102  5.794 0.3000000119
14158  -29.715  -59.311  10.393 0.4000000060
14161  -29.634  -59.199  9.411 0.4000000060
14785  -29.841  -58.440  8.852 0.4000000060
14164  -29.493  -59.183  8.483 0.4000000060
14792  -29.337  -59.126  7.723 0.4000000060
14171  -29.079  -58.893  6.717 0.4000000060
14165  -29.468  -58.022  5.390 0.4000000060
14789  -32.451  -56.709  5.982 0.4000000060
14783  -29.998  -58.444  9.968 0.4000000060
14787  -29.682  -58.535  8.075 0.4000000060
14788  -29.684  -58.013  7.161 0.4000000060
106804  -30.543  -56.779  5.868 0.4000000060
15407  -30.282  -57.671  9.350 0.4000000060
15410  -30.082  -57.556  8.366 0.4000000060
113674  -30.373  -56.931  8.411 0.4000000060
15411  -30.382  -56.593  7.601 0.4000000060
100131  -31.416  -55.934  6.727 0.4000000060
16020  -30.446  -57.056  8.979 0.4000000060
15416  -30.491  -56.807  8.812 0.4000000060
15417  -30.679  -56.244  8.468 0.4000000060
14790  -34.133  -57.043  6.861 0.4000000060
15413  -32.564  -56.415  7.700 0.4000000060
15412  -31.344  -55.421  7.724 0.5000000000
16021  -30.675  -56.661  9.547 0.4000000060
16023  -30.726  -56.189  9.119 0.4000000060
113914  -32.355  -55.719  7.949 0.5000000000
16649  -30.941  -55.309  9.018 0.4000000060
98376  -30.943  -55.260  8.823 0.4000000060
16024  -32.277  -55.048  7.922 0.5000000000
97018  -30.971  -54.570  8.284 0.4000000060
18685  -31.156  -52.859  7.281 0.4000000060
18061  -31.046  -53.980  8.083 0.4000000060
108316  -31.071  -53.289  7.493 0.4000000060
18065  -30.928  -53.504  7.295 0.5000000000
10335  -25.765  -64.848  7.181 0.6999999881
104342  -31.659  -67.510  4.523 0.5000000000
10332  -25.998  -64.671  8.248 0.6999999881
10960  -26.582  -64.078  8.890 0.6999999881
11611  -26.721  -63.912  11.043 0.6000000238
10353  -36.807  -66.265  5.030 0.4000000060
12255  -27.764  -62.581  11.824 0.6000000238
14772  -29.979  -58.735  10.951 0.4000000060
99295  -30.395  -57.761  10.146 0.4000000060
98060  -30.850  -55.885  9.408 0.4000000060
17311  -31.230  -54.498  9.080 0.4000000060
18682  -31.453  -53.021  8.201 0.4000000060
12880  -28.088  -60.770  6.270 0.5000000000
17318  -30.967  -54.127  7.991 0.4000000060
6320  -20.349  -71.419  3.362 0.4000000060
6314  -20.885  -70.922  3.972 0.4000000060
6315  -21.146  -70.029  2.805 0.4000000060
6856  -21.480  -69.756  3.140 0.4000000060
6855  -21.359  -70.419  4.244 0.4000000060
7425  -21.525  -69.367  2.845 0.5000000000
6854  -21.094  -70.919  4.926 0.4000000060
7424  -21.670  -69.804  4.042 0.5000000000
7965  -22.138  -68.339  2.639 0.6000000238
6853  -20.826  -71.343  5.554 0.4000000060
7423  -21.565  -70.368  5.064 0.4000000060
7953  -21.950  -69.740  5.177 0.4000000060
9731  -32.582  -68.395  4.174 0.3000000119
9732  -34.086  -68.888  4.379 0.4000000060
9733  -36.089  -67.655  4.737 0.3000000119
114467  -23.787  -68.929  1.589 0.5000000000
9729  -30.093  -67.052  6.134 0.5000000000
9730  -31.004  -67.062  5.530 0.4000000060
7945  -22.189  -69.664  6.361 0.4000000060
7964  -21.938  -69.143  4.029 0.5000000000
7413  -21.701  -70.323  6.137 0.4000000060
7956  -23.938  -68.174  3.178 0.6000000238
7948  -25.613  -68.616  3.394 0.6999999881
9115  -28.999  -67.331  5.862 0.5000000000
7957  -25.429  -67.687  2.616 0.6999999881
9134  -27.333  -68.376  4.909 0.6999999881
9125  -28.294  -67.857  5.603 0.6999999881
8516  -26.169  -68.471  4.257 0.6999999881
7955  -22.592  -68.523  4.613 0.5000000000
102540  -22.706  -67.591  3.573 0.6000000238
7947  -23.683  -66.691  3.497 0.6000000238
7954  -22.388  -69.209  5.415 0.5000000000
109288  -24.502  -66.741  3.232 0.6000000238
8513  -23.226  -68.177  6.785 0.6000000238
8505  -23.663  -67.270  5.614 0.6999999881
7946  -23.109  -67.879  5.159 0.6000000238
8514  -24.089  -66.281  4.143 0.6000000238
8515  -24.519  -67.439  4.065 0.6000000238
102410  -22.727  -68.860  6.324 0.5000000000
106668  -26.312  -67.702  5.004 0.6999999881
9124  -26.826  -67.501  4.712 0.6999999881
9720  -29.358  -66.787  5.515 0.6000000238
9110  -24.264  -66.688  6.206 0.6999999881
9114  -27.559  -66.867  4.877 0.5000000000
9123  -24.904  -67.390  4.807 0.6999999881
9111  -24.750  -65.893  5.937 0.6999999881
9112  -24.496  -66.378  5.636 0.6999999881
9122  -24.164  -66.386  4.962 0.6999999881
106581  -25.505  -67.289  5.673 0.6999999881
9717  -25.026  -65.528  6.026 0.6999999881
9113  -25.741  -66.472  5.049 0.6000000238
7412  -21.214  -70.887  5.872 0.4000000060
98890  -22.290  -69.519  7.430 0.4000000060
7937  -22.757  -68.828  7.658 0.5000000000
8504  -23.660  -67.673  7.304 0.6000000238
7936  -22.268  -69.370  8.431 0.5000000000
104318  -23.171  -68.291  7.883 0.5000000000
9109  -23.960  -67.251  8.137 0.5000000000
9715  -24.625  -66.451  7.755 0.5000000000
9716  -25.139  -65.556  6.652 0.5000000000
9712  -25.537  -65.199  7.517 0.6999999881
8503  -22.751  -68.702  8.766 0.5000000000
9108  -23.379  -67.981  8.573 0.5000000000
9710  -24.166  -66.952  8.993 0.5000000000
103130  -25.099  -65.823  8.367 0.6000000238
9106  -23.639  -67.578  9.478 0.5000000000
10331  -25.561  -65.365  8.996 0.5000000000
8502  -22.136  -69.283  9.327 0.5000000000
9105  -22.995  -68.258  9.567 0.5000000000
9103  -23.570  -67.471  10.555 0.5000000000
9707  -24.545  -66.437  10.377 0.6000000238
9706  -24.057  -66.953  9.975 0.4000000060
10327  -24.977  -65.841  10.742 0.4000000060
10330  -25.007  -65.898  9.687 0.5000000000
9711  -24.611  -66.469  9.259 0.4000000060
9701  -24.480  -66.333  11.376 0.4000000060
10328  -25.436  -65.487  10.078 0.5000000000
10952  -25.656  -64.974  11.838 0.4000000060
102690  -25.549  -65.277  10.917 0.5000000000
10953  -26.114  -64.637  11.001 0.5000000000
10958  -26.465  -64.297  10.191 0.6000000238
10957  -25.948  -64.828  9.794 0.6000000238
99559  -27.322  -63.037  12.337 0.3000000119
11607  -26.821  -63.670  12.142 0.4000000060
11606  -26.253  -64.350  11.977 0.4000000060
11615  -26.830  -63.815  9.964 0.6000000238
12869  -28.562  -61.443  11.714 0.3000000119
15408  -30.585  -57.206  10.000 0.3000000119
105370  -30.907  -55.943  9.861 0.3000000119
103712  -31.090  -55.258  9.745 0.3000000119
14151  -29.701  -59.465  11.264 0.3000000119
9138  -34.707  -69.973  4.904 0.3000000119
9128  -33.410  -69.059  5.287 0.3000000119
106396  -32.824  -68.651  5.645 0.3000000119
9127  -31.846  -67.637  5.900 0.3000000119
9135  -28.329  -68.153  5.730 0.6000000238
9129  -34.797  -68.664  4.660 0.3000000119
114564  -34.626  -68.385  5.210 0.3000000119
9126  -29.385  -67.463  6.374 0.4000000060
8534  -36.756  -69.885  4.449 0.3000000119
9139  -36.352  -69.772  4.999 0.3000000119
9739  -36.076  -69.128  4.685 0.3000000119
6316  -22.844  -69.980  2.053 0.5000000000
6866  -24.303  -71.261  1.540 0.5000000000
6321  -20.699  -70.506  2.225 0.4000000060
100443  -23.898  -71.192  1.500 0.5000000000
102608  -24.860  -69.985  1.409 0.5000000000
104967  -24.478  -71.108  1.408 0.5000000000
7416  -26.422  -68.799  2.806 0.6000000238
7415  -25.314  -68.783  1.707 0.5000000000
6857  -22.947  -70.518  2.567 0.4000000060
8527  -27.762  -68.389  5.109 0.6000000238
7414  -23.081  -69.788  1.576 0.4000000060
8526  -26.858  -68.801  4.056 0.6000000238
9137  -33.559  -69.322  5.372 0.3000000119
7958  -26.559  -68.635  3.329 0.6000000238
102214  -29.995  -67.504  7.129 0.3000000119
7959  -27.520  -69.035  5.114 0.5000000000
8528  -28.488  -68.442  6.414 0.4000000060
110572  -28.286  -68.471  6.019 0.5000000000
7417  -27.175  -69.551  4.764 0.5000000000
7960  -28.167  -69.016  6.364 0.4000000060
7426  -25.860  -69.887  2.996 0.5000000000
8529  -28.812  -68.022  6.456 0.4000000060
4375  -21.255  -76.326  0.998 0.3000000119
3916  -20.347  -77.337  1.662 0.3000000119
4355  -21.728  -76.775  2.654 0.3000000119
4868  -22.606  -76.315  2.280 0.3000000119
4869  -23.380  -76.248  2.478 0.4000000060
104998  -22.086  -76.235  1.911 0.3000000119
4870  -24.088  -76.203  2.800 0.4000000060
4855  -24.643  -76.141  1.891 0.4000000060
4853  -22.569  -75.906  0.813 0.3000000119
4857  -26.281  -75.274  2.465 0.4000000060
5344  -25.959  -74.411  2.114 0.4000000060
4854  -23.890  -76.102  1.745 0.4000000060
5343  -23.157  -74.656  0.521 0.4000000060
113698  -24.540  -75.212  1.022 0.4000000060
5820  -26.703  -73.688  3.326 0.3000000119
5345  -26.057  -74.175  1.612 0.4000000060
5333  -26.106  -73.780  2.601 0.4000000060
5331  -25.316  -73.480  2.030 0.4000000060
98850  -26.879  -72.951  4.054 0.3000000119
5819  -25.936  -73.055  3.264 0.4000000060
5332  -25.674  -73.600  2.224 0.4000000060
5818  -25.175  -72.664  2.326 0.4000000060
5817  -24.590  -72.251  1.720 0.4000000060
106735  -24.722  -73.176  1.436 0.4000000060
5330  -23.921  -73.430  0.744 0.4000000060
6325  -27.185  -72.153  4.617 0.4000000060
6324  -26.253  -72.231  3.848 0.4000000060
6323  -25.413  -72.120  2.907 0.4000000060
6322  -24.909  -71.858  2.199 0.4000000060
106700  -23.753  -72.061  1.081 0.4000000060
108967  -26.520  -71.391  4.251 0.4000000060
112673  -25.706  -71.613  3.340 0.4000000060
6867  -25.135  -71.456  2.399 0.4000000060
113077  -23.746  -71.461  1.344 0.4000000060
6858  -25.515  -70.900  2.894 0.4000000060
6859  -26.376  -70.673  4.137 0.4000000060
7427  -26.708  -70.150  4.427 0.4000000060
8518  -29.334  -68.096  7.473 0.3000000119
4856  -25.315  -75.935  1.590 0.4000000060
102074  -25.430  -74.614  1.412 0.4000000060
99380  -27.866  -72.845  4.801 0.3000000119
7433  -26.967  -70.850  4.777 0.4000000060
4872  -27.638  -75.569  1.472 0.3000000119
4358  -24.942  -76.313  2.464 0.3000000119
4357  -23.251  -76.539  3.501 0.3000000119
4858  -26.970  -74.774  1.718 0.3000000119
5346  -26.728  -74.302  2.243 0.3000000119
6860  -27.459  -71.408  5.063 0.3000000119
7428  -27.577  -70.582  5.361 0.3000000119
5347  -27.589  -74.367  2.918 0.3000000119
3917  -21.008  -77.000  2.219 0.3000000119
