#!ascii label  , from subject sub-v2s0x29017_ses-1 vox2ras=TkReg
738
1548  -15.437  -83.405  -5.758 0.5000000000
1547  -14.905  -82.972  -5.670 0.6000000238
1854  -22.132  -81.611  -2.382 0.3000000119
1280  -14.495  -83.012  -4.921 0.5000000000
2222  -21.397  -82.140  -4.210 0.4000000060
2208  -21.816  -81.631  -3.610 0.4000000060
2204  -22.600  -81.183  -2.227 0.4000000060
2203  -22.042  -81.691  -3.060 0.3000000119
2649  -21.610  -80.914  -3.581 0.4000000060
2656  -15.514  -80.928  -6.604 0.5000000000
2216  -15.073  -81.916  -6.810 0.5000000000
1874  -15.221  -82.870  -5.890 0.5000000000
2655  -14.918  -81.112  -7.653 0.6000000238
1546  -14.400  -82.311  -5.464 0.6000000238
1839  -22.813  -81.882  -0.987 0.3000000119
106902  -13.718  -81.786  -5.506 0.5000000000
2232  -19.762  -82.023  -4.853 0.5000000000
1861  -20.653  -82.640  -4.890 0.5000000000
1849  -22.705  -81.455  -1.525 0.3000000119
2227  -14.097  -81.835  -6.682 0.6000000238
1541  -13.623  -82.015  -4.500 0.5000000000
2648  -20.587  -80.882  -3.944 0.5000000000
2207  -21.328  -81.423  -4.036 0.4000000060
2209  -22.244  -81.129  -3.054 0.4000000060
2617  -23.233  -81.128  -1.125 0.3000000119
2201  -23.065  -81.245  -1.372 0.3000000119
3103  -19.976  -80.248  -3.289 0.4000000060
2631  -21.946  -80.406  -3.023 0.4000000060
3096  -22.548  -80.212  -1.960 0.4000000060
2630  -21.023  -80.251  -3.286 0.4000000060
3072  -17.624  -77.330  -5.432 0.6999999881
2629  -16.040  -79.126  -4.326 0.6999999881
2642  -15.736  -79.922  -5.169 0.6999999881
1553  -16.469  -83.458  -5.791 0.5000000000
3539  -16.580  -75.869  -5.451 0.6999999881
107090  -16.894  -76.606  -5.920 0.6999999881
2628  -16.515  -78.679  -5.990 0.8000000119
107802  -16.179  -79.941  -7.219 0.5000000000
2641  -15.267  -79.441  -8.334 0.6999999881
1555  -17.432  -83.380  -5.630 0.5000000000
103825  -16.300  -77.480  -5.117 0.6999999881
2234  -17.860  -82.477  -5.101 0.4000000060
2231  -18.799  -82.279  -5.003 0.5000000000
95094  -23.329  -82.027  -0.214 0.3000000119
3097  -14.609  -77.633  -7.659 0.6000000238
2220  -19.026  -81.573  -4.480 0.5000000000
97962  -19.866  -81.375  -4.361 0.5000000000
110467  -23.078  -81.613  -0.912 0.3000000119
106870  -14.111  -80.388  -8.185 0.5000000000
2647  -19.321  -80.864  -3.857 0.5000000000
100014  -19.450  -79.831  -2.608 0.4000000060
3095  -21.999  -79.941  -2.374 0.4000000060
3080  -22.705  -80.159  -1.306 0.4000000060
2616  -22.993  -80.780  -1.718 0.4000000060
3078  -20.940  -79.514  -1.898 0.3000000119
3926  -13.341  -72.352  -3.769 0.5000000000
3927  -15.549  -72.812  -4.517 0.6000000238
3938  -15.551  -74.065  -5.371 0.6000000238
3529  -17.349  -76.307  -5.906 0.6000000238
3540  -16.833  -76.798  -4.837 0.6000000238
4370  -14.818  -72.111  -0.925 0.5000000000
4381  -13.816  -71.596  -2.241 0.5000000000
3528  -15.760  -74.935  -5.192 0.6999999881
2217  -15.369  -81.565  -5.865 0.6000000238
1490  -23.147  -83.382  1.658 0.3000000119
4368  -13.362  -74.923  0.488 0.6999999881
4380  -12.928  -72.851  -1.228 0.6000000238
3937  -13.784  -73.140  -4.823 0.6999999881
111274  -15.752  -75.528  -5.333 0.6999999881
94937  -16.277  -80.817  -4.057 0.6000000238
2218  -16.165  -81.426  -4.695 0.6000000238
1876  -17.283  -82.875  -5.448 0.5000000000
4350  -14.118  -75.606  1.341 0.6999999881
4379  -12.244  -73.814  -0.290 0.6000000238
3925  -12.555  -72.779  -2.151 0.6000000238
3526  -12.722  -72.589  -3.701 0.6999999881
3070  -13.886  -74.640  -5.519 0.6999999881
2230  -17.370  -81.937  -4.757 0.5000000000
98211  -23.358  -82.544  0.466 0.3000000119
3936  -12.617  -72.678  -2.882 0.6000000238
106794  -16.938  -81.115  -4.068 0.5000000000
2645  -17.686  -80.771  -3.632 0.5000000000
3935  -11.281  -73.271  -1.412 0.6000000238
3069  -11.707  -74.022  -5.231 0.6000000238
3087  -13.329  -76.264  -5.837 0.6000000238
2626  -12.744  -77.274  -7.379 0.6000000238
3101  -18.166  -80.244  -3.028 0.5000000000
1840  -23.261  -81.536  -0.646 0.3000000119
4367  -12.179  -74.760  1.073 0.6999999881
4378  -11.311  -74.633  0.431 0.6000000238
3924  -11.619  -73.589  -0.844 0.6000000238
3525  -11.006  -73.248  -2.458 0.5000000000
2625  -10.767  -77.201  -7.062 0.5000000000
2640  -13.831  -78.877  -8.615 0.5000000000
114445  -18.664  -79.912  -2.611 0.5000000000
3053  -20.291  -78.982  0.375 0.3000000119
3060  -20.907  -79.352  -0.685 0.3000000119
3061  -22.016  -79.665  -0.563 0.4000000060
2639  -12.092  -78.667  -8.243 0.5000000000
3534  -19.786  -79.002  -0.332 0.3000000119
3544  -20.128  -79.282  -1.160 0.3000000119
3079  -21.908  -79.684  -1.518 0.4000000060
4352  -16.097  -73.710  0.409 0.5000000000
106201  -16.413  -71.389  -1.139 0.5000000000
4382  -16.013  -71.194  -3.279 0.5000000000
4864  -15.701  -75.274  1.983 0.5000000000
4351  -15.041  -74.943  0.837 0.5000000000
3939  -17.328  -75.172  -5.248 0.6000000238
102072  -17.720  -77.883  -4.851 0.6000000238
3098  -16.200  -79.346  -3.478 0.8000000119
1223  -23.195  -83.828  3.005 0.3000000119
4848  -15.156  -75.824  3.226 0.6000000238
4863  -14.722  -75.817  2.272 0.6000000238
3074  -16.919  -78.557  -2.657 0.4000000060
1480  -23.235  -83.598  2.317 0.3000000119
3092  -16.968  -79.339  -2.530 0.5000000000
2643  -15.908  -80.039  -3.851 0.6000000238
1502  -23.501  -82.815  1.178 0.3000000119
1817  -23.825  -82.558  1.355 0.3000000119
4862  -13.620  -75.953  2.699 0.6999999881
3075  -17.231  -78.911  -1.972 0.4000000060
1828  -23.645  -82.334  0.661 0.3000000119
4349  -13.071  -75.540  1.726 0.6999999881
3093  -17.849  -79.589  -2.336 0.4000000060
2613  -23.401  -81.289  -0.491 0.3000000119
4861  -12.622  -75.487  2.637 0.6000000238
4348  -11.959  -75.086  2.028 0.6999999881
3934  -10.621  -75.058  -0.884 0.5000000000
3536  -10.279  -74.608  -2.639 0.5000000000
3086  -11.202  -75.576  -6.103 0.6000000238
106627  -17.906  -78.950  -1.499 0.4000000060
106872  -18.763  -79.511  -2.047 0.4000000060
3515  -20.086  -78.143  1.686 0.3000000119
109055  -19.950  -78.531  1.035 0.3000000119
3516  -20.945  -78.655  2.007 0.3000000119
3521  -20.627  -78.885  1.199 0.3000000119
3054  -21.264  -79.336  0.368 0.4000000060
4377  -10.991  -75.932  0.617 0.6000000238
3933  -10.471  -76.815  -0.290 0.5000000000
3524  -10.332  -76.315  -1.071 0.5000000000
3068  -10.036  -75.308  -3.939 0.5000000000
3085  -9.451  -76.435  -5.350 0.6000000238
3076  -18.816  -79.209  -1.406 0.3000000119
3520  -19.433  -78.356  0.422 0.3000000119
106349  -10.778  -76.359  0.121 0.5000000000
3535  -9.711  -76.097  -2.195 0.5000000000
99668  -8.687  -76.405  -3.490 0.5000000000
101681  -17.046  -74.676  2.954 0.5000000000
4865  -16.733  -74.430  1.794 0.5000000000
4371  -17.593  -72.187  -0.778 0.5000000000
4383  -18.793  -72.485  -2.819 0.5000000000
4849  -16.113  -75.398  3.111 0.5000000000
3928  -18.096  -73.815  -4.554 0.4000000060
3929  -19.755  -75.345  -3.106 0.4000000060
1470  -23.777  -83.325  3.396 0.3000000119
3940  -19.456  -76.760  -4.103 0.4000000060
3530  -17.801  -77.626  -3.198 0.4000000060
100454  -14.509  -76.097  4.094 0.6000000238
111813  -14.332  -76.040  3.293 0.6000000238
1481  -23.799  -83.168  2.630 0.3000000119
1482  -24.172  -82.691  2.411 0.3000000119
3541  -17.504  -78.328  -1.841 0.4000000060
4847  -13.661  -76.138  3.845 0.6000000238
3532  -18.149  -77.987  -0.744 0.4000000060
111917  -17.861  -78.365  -1.145 0.4000000060
1829  -23.951  -82.204  1.062 0.3000000119
4846  -12.818  -75.709  3.504 0.6999999881
3533  -18.938  -78.458  -0.373 0.3000000119
3514  -19.580  -78.057  1.097 0.3000000119
4866  -17.935  -73.300  1.643 0.5000000000
4876  -17.510  -72.643  0.593 0.5000000000
109049  -18.280  -72.025  0.383 0.5000000000
4372  -18.767  -73.204  -0.859 0.4000000060
4384  -20.014  -74.757  -1.683 0.4000000060
1471  -24.383  -82.668  2.975 0.3000000119
1465  -24.295  -82.863  3.685 0.3000000119
3941  -18.481  -77.395  -1.354 0.4000000060
3531  -17.811  -77.820  -1.610 0.4000000060
3931  -19.284  -77.700  0.444 0.4000000060
3942  -18.781  -77.806  -0.219 0.3000000119
109834  -17.794  -73.972  2.835 0.5000000000
101576  -18.965  -72.196  1.244 0.4000000060
4877  -18.866  -73.833  0.552 0.4000000060
4843  -16.424  -75.388  4.249 0.6000000238
5337  -17.379  -74.676  3.816 0.6000000238
4842  -15.425  -75.828  4.178 0.6000000238
4373  -19.502  -75.123  -0.254 0.4000000060
3914  -19.761  -76.541  -0.172 0.4000000060
3930  -19.135  -76.912  -0.788 0.4000000060
4375  -21.255  -76.326  0.998 0.4000000060
1808  -24.442  -82.371  2.516 0.3000000119
96059  -14.670  -76.050  4.925 0.6000000238
3915  -19.701  -77.547  1.049 0.4000000060
2189  -24.241  -82.040  1.573 0.3000000119
1818  -24.168  -82.407  1.922 0.3000000119
4841  -13.804  -76.208  4.749 0.6000000238
4840  -12.973  -75.927  4.457 0.6000000238
4832  -13.997  -76.202  5.589 0.6999999881
4822  -14.442  -76.019  6.343 0.6999999881
4831  -13.083  -76.072  5.375 0.6000000238
4823  -15.243  -75.746  7.016 0.6999999881
4814  -16.102  -75.336  7.170 0.6000000238
96613  -13.243  -76.096  6.403 0.6999999881
4850  -18.761  -72.853  2.217 0.5000000000
5338  -18.171  -73.822  3.374 0.5000000000
4851  -19.238  -72.345  2.017 0.5000000000
5323  -17.043  -74.956  4.913 0.6000000238
5324  -17.840  -74.357  4.422 0.6000000238
5325  -18.548  -73.647  3.908 0.6000000238
96056  -19.983  -73.977  1.165 0.4000000060
5811  -18.341  -73.961  4.950 0.6000000238
4353  -20.269  -75.295  0.646 0.4000000060
4833  -15.529  -75.802  5.100 0.6000000238
4834  -16.254  -75.479  5.451 0.6000000238
5320  -17.640  -74.586  5.451 0.6000000238
5808  -18.139  -74.154  5.953 0.6000000238
5809  -18.852  -73.488  5.513 0.6000000238
4374  -20.906  -76.175  0.065 0.4000000060
4339  -22.322  -76.064  1.014 0.4000000060
5319  -16.870  -75.037  5.921 0.6000000238
5314  -17.476  -74.645  6.388 0.6000000238
103563  -18.505  -73.790  6.407 0.6000000238
6305  -18.991  -73.271  6.434 0.6000000238
114377  -14.808  -75.964  5.610 0.6000000238
4824  -16.118  -75.445  6.405 0.5000000000
5806  -17.970  -74.176  6.826 0.6000000238
99044  -19.061  -73.095  7.256 0.6999999881
101043  -15.422  -75.774  6.001 0.6000000238
5313  -16.743  -74.999  6.804 0.6000000238
6297  -19.596  -72.578  7.602 0.6000000238
6835  -20.644  -71.449  7.553 0.6000000238
5802  -17.865  -74.079  7.657 0.6000000238
109883  -18.743  -73.384  7.647 0.6000000238
6834  -20.016  -71.937  8.020 0.6000000238
5306  -17.337  -74.605  7.248 0.6000000238
5803  -18.408  -73.620  7.976 0.5000000000
6296  -18.920  -73.055  8.112 0.6000000238
6286  -19.486  -72.420  8.611 0.6000000238
4812  -13.998  -76.039  7.349 0.6999999881
5297  -15.695  -75.375  7.943 0.6999999881
5298  -17.208  -74.507  8.100 0.6000000238
96014  -17.788  -73.910  8.573 0.5000000000
5798  -18.420  -73.412  8.619 0.5000000000
6237  -12.255  -73.478  14.543 0.6000000238
5763  -12.834  -73.941  13.982 0.6000000238
94288  -12.823  -74.340  13.152 0.6000000238
5339  -18.868  -73.041  2.933 0.5000000000
5326  -18.978  -73.042  3.504 0.5000000000
5340  -19.176  -72.729  2.862 0.5000000000
4852  -20.058  -73.901  1.960 0.5000000000
5812  -18.970  -73.267  4.352 0.5000000000
6318  -19.478  -72.800  4.708 0.5000000000
97964  -21.517  -75.188  1.339 0.4000000060
6312  -19.944  -72.324  5.184 0.5000000000
4354  -21.184  -75.690  0.706 0.4000000060
4867  -21.106  -75.412  1.177 0.4000000060
4853  -22.569  -75.906  0.813 0.4000000060
6306  -19.678  -72.631  6.459 0.5000000000
6311  -19.393  -72.918  5.673 0.5000000000
6843  -20.165  -71.998  7.030 0.6000000238
7404  -21.219  -70.883  6.948 0.4000000060
6828  -19.951  -71.843  8.738 0.6000000238
6829  -20.458  -71.439  8.479 0.6000000238
7397  -21.098  -70.766  8.118 0.4000000060
7405  -21.729  -70.214  7.253 0.4000000060
7398  -21.732  -70.000  8.255 0.4000000060
4821  -12.360  -75.704  6.728 0.6999999881
100649  -20.696  -70.958  8.972 0.5000000000
95160  -16.426  -74.849  8.494 0.6000000238
6285  -18.774  -72.896  9.011 0.5000000000
6820  -20.182  -71.463  9.326 0.5000000000
7386  -21.237  -70.356  9.145 0.5000000000
95522  -21.781  -69.757  8.991 0.4000000060
6277  -19.222  -72.367  9.484 0.5000000000
6204  -12.626  -72.892  14.966 0.6999999881
6222  -12.393  -73.092  14.719 0.6000000238
5741  -13.387  -73.503  14.819 0.6999999881
5751  -13.193  -73.703  14.417 0.6000000238
6223  -14.805  -73.181  14.322 0.6000000238
5265  -13.378  -74.336  12.728 0.6000000238
5752  -14.098  -73.641  14.064 0.6000000238
6207  -15.453  -72.730  14.635 0.6000000238
96400  -16.290  -72.498  14.263 0.6000000238
107388  -12.982  -74.616  12.187 0.5000000000
5765  -14.576  -73.795  13.066 0.6000000238
5753  -14.941  -73.450  13.592 0.6000000238
6224  -15.682  -73.008  13.714 0.6000000238
5766  -15.520  -73.546  12.859 0.5000000000
5341  -19.983  -73.548  1.831 0.5000000000
93799  -13.799  -74.739  11.612 0.5000000000
5266  -14.231  -74.271  12.419 0.5000000000
6238  -16.212  -73.116  13.016 0.5000000000
5813  -19.458  -72.638  3.728 0.5000000000
5342  -21.178  -74.323  0.800 0.4000000060
5343  -23.157  -74.656  0.521 0.4000000060
5777  -15.001  -73.991  12.341 0.5000000000
5767  -16.374  -73.410  12.357 0.6000000238
98138  -14.481  -74.937  10.643 0.6000000238
5278  -14.963  -74.476  11.516 0.6000000238
5778  -15.758  -73.871  11.921 0.6999999881
6852  -20.349  -71.898  5.890 0.5000000000
5296  -11.977  -75.122  8.544 0.6000000238
6844  -20.758  -71.442  6.511 0.5000000000
4802  -12.301  -75.555  7.968 0.6000000238
4803  -13.235  -75.874  8.120 0.6000000238
4804  -14.187  -75.815  8.314 0.6000000238
5292  -15.546  -75.149  8.987 0.6000000238
4813  -14.826  -75.764  7.815 0.6999999881
5797  -17.047  -74.381  8.938 0.6000000238
102104  -17.465  -73.936  9.332 0.6000000238
5795  -18.085  -73.421  9.392 0.5000000000
6205  -13.044  -72.985  15.393 0.6999999881
6206  -13.952  -73.366  14.958 0.6999999881
95156  -14.673  -72.959  15.114 0.6000000238
6196  -15.991  -72.218  15.057 0.6000000238
6208  -16.807  -71.953  14.725 0.6999999881
6754  -17.597  -71.718  14.416 0.6000000238
5814  -19.712  -71.977  2.935 0.5000000000
5327  -19.221  -72.692  3.028 0.5000000000
5328  -19.933  -72.728  1.654 0.5000000000
6225  -16.600  -72.714  13.472 0.6000000238
6769  -17.091  -72.220  13.950 0.5000000000
6239  -16.870  -72.901  12.721 0.6000000238
6770  -17.799  -71.912  13.646 0.5000000000
6319  -19.948  -72.033  3.933 0.5000000000
94813  -12.531  -75.181  9.290 0.6000000238
111381  -13.279  -75.293  9.801 0.4000000060
6226  -17.374  -72.445  13.178 0.6000000238
6853  -20.826  -71.343  5.554 0.4000000060
6313  -20.568  -71.554  4.586 0.4000000060
99040  -13.498  -75.624  9.030 0.5000000000
4788  -14.071  -75.387  9.854 0.5000000000
5286  -15.415  -74.731  10.507 0.6000000238
5790  -15.987  -74.216  11.026 0.6999999881
5779  -16.710  -73.620  11.475 0.6000000238
6251  -17.017  -73.130  12.071 0.6000000238
5291  -14.986  -75.132  9.817 0.6000000238
5780  -17.469  -73.062  11.511 0.6000000238
6241  -18.442  -72.048  12.141 0.6000000238
7412  -21.214  -70.887  5.872 0.4000000060
4796  -14.558  -75.513  9.082 0.5000000000
5287  -16.218  -74.492  10.175 0.6000000238
5792  -17.401  -73.442  10.807 0.6000000238
6252  -18.144  -72.570  11.480 0.6000000238
5794  -16.892  -74.198  9.726 0.6000000238
5791  -16.772  -73.928  10.530 0.6000000238
6276  -18.610  -72.798  9.868 0.5000000000
6752  -12.513  -71.714  14.765 0.6999999881
7335  -12.395  -71.154  14.825 0.6999999881
6753  -12.898  -72.092  15.551 0.6999999881
6194  -14.592  -72.857  15.757 0.6999999881
6195  -15.233  -72.579  15.439 0.6000000238
6743  -16.526  -71.733  15.537 0.6000000238
7324  -17.832  -70.937  15.691 0.5000000000
6744  -17.349  -71.487  15.220 0.5000000000
7336  -18.110  -71.191  14.868 0.5000000000
5816  -22.224  -71.712  1.056 0.5000000000
5329  -21.762  -72.899  0.651 0.5000000000
5815  -20.307  -71.456  1.716 0.4000000060
110653  -18.374  -71.654  13.405 0.6000000238
6240  -17.648  -72.629  12.296 0.6000000238
6785  -18.063  -72.043  12.913 0.6000000238
6786  -18.735  -71.589  12.832 0.6000000238
6275  -17.970  -73.148  10.281 0.6000000238
6264  -17.869  -72.950  10.943 0.6000000238
96906  -17.459  -73.713  10.022 0.6000000238
6796  -18.893  -71.981  11.256 0.5000000000
6265  -18.453  -72.642  10.701 0.5000000000
7320  -12.031  -70.803  14.966 0.6999999881
7322  -12.763  -71.622  15.781 0.6999999881
6732  -13.476  -72.535  16.434 0.6999999881
6183  -14.228  -72.852  16.288 0.6999999881
6734  -15.366  -72.085  16.763 0.6000000238
6184  -14.914  -72.565  16.233 0.6999999881
6742  -15.698  -72.068  15.870 0.4000000060
7321  -12.508  -71.234  15.703 0.6999999881
6733  -14.434  -72.559  17.006 0.6000000238
7323  -17.046  -71.226  16.021 0.5000000000
7303  -10.442  -70.719  16.358 0.6999999881
7304  -11.737  -70.955  16.149 0.6999999881
7310  -18.326  -70.435  16.195 0.5000000000
110040  -11.065  -70.918  16.938 0.6999999881
7289  -11.081  -71.115  17.651 0.6000000238
7276  -11.766  -71.165  18.518 0.6000000238
6715  -11.042  -71.188  19.326 0.6000000238
6692  -11.351  -70.889  20.225 0.5000000000
7269  -12.672  -70.432  19.874 0.5000000000
95425  -19.152  -71.479  12.086 0.6000000238
6735  -16.211  -71.546  16.361 0.5000000000
94943  -13.023  -71.703  16.576 0.6000000238
7306  -13.688  -72.218  17.309 0.6000000238
6726  -15.063  -71.965  17.653 0.6000000238
7307  -15.885  -71.344  17.219 0.6000000238
7308  -16.721  -70.945  16.815 0.5000000000
7309  -17.552  -70.702  16.510 0.5000000000
7305  -12.569  -71.362  16.812 0.6000000238
111655  -14.340  -72.170  17.776 0.6000000238
7292  -15.600  -71.021  18.195 0.6000000238
7873  -18.779  -69.881  16.671 0.5000000000
96413  -11.895  -71.151  17.304 0.6999999881
100793  -13.174  -71.650  17.595 0.6000000238
7291  -13.860  -71.858  18.205 0.6000000238
95665  -14.655  -71.592  18.552 0.6000000238
7290  -12.653  -71.311  18.013 0.6000000238
7857  -13.350  -71.358  18.794 0.6000000238
7858  -14.018  -71.498  19.024 0.6000000238
7277  -12.690  -71.013  19.144 0.6000000238
7848  -14.407  -70.942  19.432 0.6000000238
7268  -12.013  -70.875  19.712 0.5000000000
7846  -13.200  -70.777  19.548 0.5000000000
7847  -13.741  -70.884  19.573 0.6000000238
100723  -22.586  -70.829  1.562 0.4000000060
7832  -11.953  -70.217  20.427 0.5000000000
7834  -14.064  -70.136  19.975 0.6000000238
101588  -12.550  -69.780  20.081 0.5000000000
7833  -13.333  -70.188  19.816 0.4000000060
7294  -17.251  -70.420  17.287 0.5000000000
7872  -18.022  -70.146  16.974 0.5000000000
7293  -16.446  -70.686  17.623 0.6000000238
7279  -15.831  -70.315  18.902 0.6999999881
7849  -16.582  -69.864  18.728 0.6999999881
7278  -15.140  -70.844  19.172 0.6000000238
7270  -15.390  -70.154  19.509 0.6000000238
98411  -14.783  -70.270  19.818 0.6000000238
7835  -15.245  -69.699  20.107 0.6999999881
110508  -14.530  -69.530  20.335 0.6000000238
8412  -12.122  -68.987  19.608 0.5000000000
8414  -13.993  -69.205  20.402 0.6000000238
8427  -13.062  -69.357  19.355 0.5000000000
8413  -13.511  -69.555  19.944 0.4000000060
7861  -18.514  -69.621  17.456 0.5000000000
7860  -17.722  -69.852  17.739 0.5000000000
7859  -16.943  -70.112  18.012 0.6000000238
98749  -17.400  -69.580  18.500 0.5000000000
8429  -18.782  -68.588  18.698 0.5000000000
7836  -16.079  -69.646  19.558 0.6999999881
112961  -15.003  -69.178  20.628 0.6999999881
7825  -15.765  -69.114  20.337 0.6000000238
8404  -14.344  -68.683  20.947 0.6000000238
109696  -13.325  -68.774  18.883 0.4000000060
111377  -13.680  -68.676  19.906 0.4000000060
8403  -13.813  -68.217  20.784 0.5000000000
7837  -17.005  -69.286  19.242 0.6000000238
8428  -17.842  -68.944  18.964 0.5000000000
8417  -18.248  -68.327  19.480 0.5000000000
8415  -16.611  -68.923  19.967 0.6000000238
8406  -17.072  -68.295  20.353 0.5000000000
8405  -16.248  -68.474  20.664 0.6000000238
110216  -15.315  -68.611  20.968 0.6999999881
9010  -13.582  -67.589  20.304 0.4000000060
10932  -13.041  -64.666  12.635 0.4000000060
10933  -14.133  -63.842  14.115 0.3000000119
10301  -13.693  -64.735  14.388 0.4000000060
9012  -18.426  -67.775  19.904 0.5000000000
95961  -13.121  -66.002  13.977 0.3000000119
9011  -17.796  -68.012  20.078 0.5000000000
9677  -13.213  -66.859  15.210 0.3000000119
105607  -13.654  -65.392  15.430 0.4000000060
9001  -16.727  -67.799  20.931 0.5000000000
9666  -13.382  -67.071  16.415 0.3000000119
9000  -15.816  -67.922  21.248 0.6000000238
8394  -13.911  -67.838  21.474 0.6999999881
8395  -14.760  -68.067  21.557 0.6000000238
8999  -13.613  -67.322  21.132 0.4000000060
9601  -13.800  -66.925  21.664 0.4000000060
10940  -14.132  -63.325  13.445 0.3000000119
104062  -14.423  -63.705  15.380 0.3000000119
9002  -17.448  -67.738  20.633 0.5000000000
10291  -13.573  -65.951  16.207 0.4000000060
10302  -14.312  -64.179  15.853 0.4000000060
10277  -13.751  -65.865  17.081 0.4000000060
10292  -14.109  -64.928  16.511 0.4000000060
9614  -17.338  -67.090  21.145 0.5000000000
8990  -15.314  -67.335  21.781 0.5000000000
8989  -14.387  -67.422  21.874 0.5000000000
9626  -13.528  -66.791  19.672 0.3000000119
114720  -13.552  -66.755  21.221 0.4000000060
9602  -14.708  -66.654  21.941 0.4000000060
11599  -14.108  -62.989  12.941 0.3000000119
105412  -14.624  -63.104  14.563 0.3000000119
103263  -14.866  -62.840  15.825 0.4000000060
101340  -14.391  -61.800  17.062 0.4000000060
9616  -19.959  -66.467  20.300 0.4000000060
95352  -14.742  -62.959  16.465 0.4000000060
9615  -18.996  -66.776  20.599 0.4000000060
10914  -14.535  -63.735  16.875 0.4000000060
109379  -18.159  -66.722  21.000 0.4000000060
10903  -14.548  -63.659  17.705 0.4000000060
8991  -16.307  -67.208  21.500 0.5000000000
10278  -14.226  -64.727  17.445 0.4000000060
10267  -13.932  -65.771  18.173 0.3000000119
9604  -16.710  -66.414  21.771 0.5000000000
10255  -13.471  -65.718  20.089 0.3000000119
11600  -14.304  -63.151  13.654 0.3000000119
12229  -15.060  -62.639  14.706 0.3000000119
11593  -14.795  -62.339  16.052 0.3000000119
11589  -14.163  -61.390  17.217 0.4000000060
12195  -13.843  -61.302  17.399 0.3000000119
11574  -14.110  -61.439  17.434 0.4000000060
9617  -20.806  -66.170  19.952 0.4000000060
11573  -14.578  -62.456  17.449 0.4000000060
9605  -17.689  -66.284  21.579 0.4000000060
10268  -14.233  -64.523  18.358 0.3000000119
10256  -13.886  -65.144  19.184 0.3000000119
106233  -14.115  -66.006  21.779 0.4000000060
12237  -15.374  -61.699  14.307 0.3000000119
12230  -15.161  -61.813  15.723 0.4000000060
12828  -14.548  -59.888  16.782 0.4000000060
12208  -13.923  -60.841  17.085 0.4000000060
10888  -22.074  -65.243  19.976 0.4000000060
10248  -21.292  -65.568  20.367 0.4000000060
11559  -14.320  -61.844  17.916 0.4000000060
10247  -20.429  -65.797  20.716 0.4000000060
11558  -14.717  -62.991  18.083 0.4000000060
10245  -18.596  -66.153  21.285 0.4000000060
10246  -19.490  -65.980  20.951 0.4000000060
10887  -14.153  -64.072  19.277 0.3000000119
10227  -17.074  -65.509  22.023 0.5000000000
10225  -13.766  -65.465  21.304 0.3000000119
105656  -15.051  -65.814  21.938 0.4000000060
10244  -13.457  -65.810  20.862 0.4000000060
12811  -14.312  -60.659  17.323 0.3000000119
12184  -14.822  -61.747  18.164 0.3000000119
102865  -22.381  -64.699  20.547 0.4000000060
109241  -14.630  -62.477  18.071 0.3000000119
10881  -21.688  -65.012  20.670 0.3000000119
10229  -19.040  -65.509  21.648 0.4000000060
10868  -20.918  -65.056  21.157 0.4000000060
108154  -14.298  -63.412  19.716 0.3000000119
10228  -18.112  -65.577  21.865 0.4000000060
10879  -13.685  -64.717  20.162 0.3000000119
10862  -13.961  -64.578  21.122 0.3000000119
98530  -14.434  -65.151  21.710 0.3000000119
10864  -16.273  -64.764  22.180 0.3000000119
13433  -15.338  -60.962  18.646 0.3000000119
11545  -14.850  -62.422  18.714 0.3000000119
10869  -21.771  -64.489  21.351 0.3000000119
10230  -19.957  -65.356  21.420 0.4000000060
11523  -14.480  -63.215  20.425 0.3000000119
103021  -20.281  -64.699  21.868 0.4000000060
10880  -14.079  -63.915  20.355 0.3000000119
10863  -15.328  -64.972  21.975 0.3000000119
12164  -14.889  -62.548  20.424 0.3000000119
10867  -19.419  -64.838  21.982 0.3000000119
11511  -20.534  -64.051  22.352 0.3000000119
11508  -14.520  -63.718  21.156 0.3000000119
10866  -18.526  -64.912  22.132 0.3000000119
102193  -14.807  -64.313  21.653 0.3000000119
112395  -16.977  -64.850  22.253 0.3000000119
12152  -15.318  -62.452  21.222 0.3000000119
12774  -15.746  -61.650  21.312 0.3000000119
110206  -14.859  -63.047  21.076 0.3000000119
11498  -19.733  -64.222  22.442 0.3000000119
12153  -16.013  -62.388  21.883 0.3000000119
97461  -16.273  -61.620  22.001 0.3000000119
107747  -13.546  -65.209  20.752 0.3000000119
2657  -15.651  -80.714  -4.829 0.6000000238
2228  -15.769  -82.002  -5.569 0.5000000000
1867  -15.123  -82.224  -6.081 0.5000000000
1866  -14.492  -82.010  -6.052 0.5000000000
1868  -15.742  -82.611  -5.867 0.5000000000
1870  -19.511  -82.907  -5.342 0.5000000000
3089  -16.952  -77.775  -5.614 0.6999999881
3091  -16.458  -78.955  -3.013 0.6999999881
3071  -15.610  -76.027  -5.565 0.6999999881
2627  -15.438  -78.395  -6.300 0.6999999881
1551  -18.131  -83.671  -5.712 0.4000000060
3088  -15.140  -76.554  -6.128 0.6999999881
2659  -18.367  -81.203  -4.043 0.5000000000
2188  -23.959  -81.895  0.832 0.3000000119
3102  -19.013  -80.289  -3.154 0.5000000000
4369  -14.161  -74.271  -0.131 0.6000000238
3527  -14.697  -74.037  -5.106 0.6999999881
1501  -23.026  -83.050  0.847 0.3000000119
3538  -14.456  -73.801  -5.501 0.6999999881
2644  -16.796  -80.521  -3.526 0.5000000000
2658  -17.588  -81.406  -4.260 0.6000000238
2229  -16.592  -81.952  -4.987 0.5000000000
3537  -12.158  -73.146  -4.479 0.6000000238
3923  -10.893  -74.992  -0.201 0.5000000000
2605  -23.975  -81.385  1.326 0.3000000119
2608  -23.646  -81.403  0.333 0.3000000119
5305  -16.593  -74.944  7.630 0.6000000238
4805  -14.983  -75.580  8.436 0.6999999881
5764  -13.721  -73.977  13.379 0.6000000238
99785  -19.683  -71.975  9.208 0.4000000060
4811  -12.817  -75.939  7.325 0.6000000238
5285  -13.563  -75.093  10.569 0.4000000060
5293  -16.342  -74.692  9.362 0.5000000000
6854  -21.094  -70.919  4.926 0.5000000000
99801  -15.724  -74.855  9.778 0.5000000000
7275  -10.532  -71.215  18.300 0.6000000238
7280  -16.279  -70.385  18.278 0.6000000238
8402  -11.726  -69.341  20.399 0.5000000000
7850  -18.219  -69.287  18.222 0.5000000000
111518  -13.060  -65.432  13.163 0.3000000119
8416  -17.448  -68.659  19.699 0.5000000000
9627  -18.830  -67.349  20.034 0.4000000060
9003  -18.166  -67.375  20.510 0.4000000060
9613  -13.461  -66.579  20.688 0.4000000060
9603  -15.712  -66.518  21.875 0.5000000000
10897  -14.457  -63.652  18.401 0.3000000119
11544  -14.530  -63.132  18.775 0.3000000119
10226  -16.030  -65.666  22.002 0.4000000060
107274  -15.149  -60.137  15.233 0.3000000119
11532  -14.593  -62.796  19.622 0.3000000119
3518  -7.953  -78.755  0.227 0.5000000000
3059  -8.496  -78.548  -0.807 0.5000000000
3067  -8.783  -77.848  -1.949 0.4000000060
3512  -7.553  -78.542  1.594 0.5000000000
105537  -7.914  -78.542  1.001 0.5000000000
3522  -8.820  -78.280  0.033 0.5000000000
3523  -9.233  -77.950  -0.809 0.5000000000
110786  -9.415  -77.279  -1.732 0.4000000060
3513  -8.283  -78.183  1.462 0.5000000000
3932  -9.533  -77.837  0.010 0.5000000000
102616  -9.953  -77.271  -0.778 0.4000000060
3920  -9.007  -77.873  1.187 0.5000000000
3519  -8.503  -78.262  0.751 0.5000000000
3912  -9.602  -77.435  1.610 0.5000000000
111603  -9.094  -77.947  0.560 0.5000000000
3921  -9.722  -77.552  0.761 0.5000000000
106530  -10.373  -77.053  0.458 0.5000000000
3506  -8.840  -77.801  1.975 0.5000000000
3913  -10.296  -76.942  1.219 0.5000000000
3922  -10.669  -76.604  0.726 0.5000000000
108579  -9.434  -76.369  4.468 0.5000000000
3907  -9.428  -77.270  2.438 0.5000000000
3898  -9.167  -77.014  3.236 0.5000000000
4345  -10.078  -76.624  2.936 0.5000000000
4364  -10.129  -76.860  2.038 0.5000000000
4346  -10.704  -76.189  2.371 0.5000000000
111267  -10.612  -76.441  1.716 0.5000000000
4365  -10.836  -76.240  1.214 0.5000000000
4336  -9.692  -76.546  3.750 0.5000000000
4836  -10.061  -76.129  4.220 0.5000000000
4828  -10.882  -75.268  5.270 0.5000000000
4337  -10.463  -76.074  3.653 0.5000000000
4837  -10.738  -75.624  4.351 0.5000000000
4838  -11.479  -75.233  4.523 0.5000000000
4860  -10.799  -75.890  3.035 0.5000000000
4845  -11.386  -75.285  3.625 0.5000000000
4347  -11.460  -75.270  2.670 0.5000000000
4366  -11.295  -75.287  1.260 0.5000000000
5312  -11.790  -75.254  6.724 0.5000000000
4829  -11.716  -75.195  5.290 0.5000000000
4839  -12.101  -75.187  4.189 0.5000000000
96658  -12.364  -75.634  5.015 0.5000000000
112649  -12.043  -75.019  2.643 0.5000000000
4338  -12.081  -75.069  3.183 0.5000000000
95319  -11.050  -75.613  1.855 0.5000000000
103857  -11.976  -75.406  7.914 0.5000000000
5304  -12.050  -75.451  7.250 0.5000000000
4830  -12.222  -75.566  5.957 0.6000000238
6235  -11.703  -73.221  14.110 0.5000000000
6236  -11.993  -73.099  14.163 0.6000000238
6221  -11.292  -72.635  13.339 0.5000000000
95951  -11.778  -72.086  13.043 0.5000000000
104232  -12.151  -72.635  14.200 0.6000000238
6784  -12.027  -71.745  12.986 0.6000000238
6783  -11.949  -71.792  12.974 0.5000000000
7367  -12.149  -71.117  12.973 0.6000000238
7906  -11.972  -70.762  13.972 0.5000000000
6768  -12.232  -72.052  13.985 0.6000000238
7355  -12.198  -70.999  13.810 0.6000000238
7354  -11.241  -71.322  15.086 0.5000000000
7894  -12.042  -70.816  14.071 0.6000000238
7880  -10.435  -70.606  15.265 0.5000000000
7333  -11.526  -70.666  14.579 0.5000000000
7302  -9.278  -70.628  16.693 0.5000000000
7288  -10.045  -70.909  17.263 0.6000000238
6714  -9.868  -71.445  18.942 0.6000000238
6724  -9.018  -71.422  17.952 0.5000000000
7319  -10.979  -70.676  15.475 0.6000000238
2604  -23.231  -80.540  0.860 0.3000000119
3504  -24.069  -78.914  3.721 0.3000000119
3055  -22.384  -79.853  0.420 0.3000000119
3891  -24.211  -77.395  4.642 0.3000000119
3049  -22.489  -79.723  1.531 0.3000000119
110419  -22.781  -80.175  -0.573 0.3000000119
2612  -23.222  -80.656  -0.157 0.3000000119
94380  -12.389  -74.032  14.059 0.5000000000
110313  -10.044  -77.396  0.068 0.5000000000
94903  -10.016  -75.829  4.869 0.5000000000
3050  -23.435  -80.334  1.815 0.3000000119
3509  -22.232  -78.674  2.947 0.3000000119
3510  -23.224  -78.979  3.241 0.3000000119
3043  -22.791  -79.431  2.404 0.3000000119
104761  -23.405  -78.307  3.882 0.3000000119
102991  -21.005  -64.496  21.797 0.3000000119
1222  -22.776  -84.099  2.693 0.3000000119
1491  -23.741  -82.965  1.934 0.3000000119
1542  -18.896  -83.533  -5.618 0.4000000060
1549  -16.028  -83.714  -5.830 0.5000000000
1552  -15.826  -83.235  -5.883 0.5000000000
1554  -16.975  -83.551  -5.682 0.5000000000
1869  -18.525  -82.995  -5.427 0.4000000060
1873  -14.815  -82.440  -5.852 0.6000000238
1875  -16.504  -82.890  -5.662 0.5000000000
1877  -17.900  -83.044  -5.436 0.4000000060
1878  -17.012  -83.013  -5.514 0.5000000000
2195  -23.628  -81.853  0.191 0.3000000119
2219  -18.155  -81.813  -4.596 0.5000000000
2221  -20.644  -81.698  -4.462 0.4000000060
2233  -16.989  -82.418  -5.209 0.5000000000
2606  -24.425  -81.754  2.031 0.3000000119
2632  -22.485  -80.654  -2.434 0.4000000060
2646  -18.505  -80.669  -3.551 0.5000000000
2662  -16.948  -81.583  -4.507 0.6000000238
3062  -23.188  -80.705  -1.006 0.4000000060
3073  -16.756  -78.345  -3.693 0.6000000238
3077  -19.718  -79.428  -1.853 0.4000000060
3090  -16.443  -78.655  -3.841 0.6999999881
3094  -20.414  -79.770  -2.648 0.4000000060
3099  -16.555  -79.777  -3.101 0.5000000000
3100  -17.324  -80.098  -2.973 0.5000000000
3542  -18.454  -78.685  -0.939 0.3000000119
3543  -19.265  -79.074  -0.944 0.3000000119
6193  -13.779  -73.109  15.769 0.6999999881
6725  -9.551  -71.182  17.922 0.5000000000
6805  -19.049  -72.193  10.307 0.5000000000
7318  -9.275  -70.718  16.017 0.5000000000
7334  -12.097  -70.777  14.056 0.6000000238
7366  -11.774  -71.704  13.829 0.5000000000
7368  -12.149  -71.135  13.017 0.6000000238
7892  -10.296  -70.628  15.353 0.5000000000
7893  -11.360  -70.685  14.714 0.5000000000
7907  -12.123  -71.067  13.562 0.6000000238
94249  -12.549  -74.500  12.955 0.6000000238
98021  -18.529  -73.671  7.191 0.6000000238
98674  -16.318  -82.359  -5.458 0.5000000000
102494  -17.371  -83.780  -5.686 0.5000000000
103204  -21.301  -79.877  -2.709 0.4000000060
107794  -13.605  -66.241  21.302 0.4000000060
107975  -14.209  -61.878  16.757 0.4000000060
108561  -12.633  -75.530  8.603 0.6000000238
112603  -15.223  -81.936  -6.255 0.5000000000
113770  -12.035  -71.455  12.799 0.6000000238
