#!ascii label  , from subject sub-v2s0x29033_ses-1 vox2ras=TkReg
2014
36141  -32.711  -35.623  8.009 0.5000000000
36153  -33.181  -35.613  7.340 0.5000000000
37045  -33.401  -34.747  6.879 0.4000000060
37053  -34.034  -34.275  5.840 0.5000000000
37964  -33.765  -33.424  5.681 0.5000000000
37970  -33.958  -33.044  5.216 0.5000000000
56509  -34.108  -12.163  4.577 0.5000000000
57364  -34.509  -11.120  4.400 0.4000000060
57363  -33.839  -11.445  4.803 0.4000000060
58257  -34.487  -10.045  4.273 0.6000000238
58253  -33.934  -10.500  4.671 0.5000000000
59118  -34.471  -9.073  4.061 0.5000000000
59115  -33.854  -9.474  4.602 0.5000000000
60713  -34.606  -7.516  3.737 0.4000000060
59908  -33.594  -8.941  4.863 0.5000000000
59916  -33.913  -8.257  4.351 0.5000000000
60711  -34.848  -6.672  3.525 0.4000000060
35184  -32.153  -37.003  8.303 0.5000000000
35185  -32.724  -36.571  7.654 0.4000000060
36154  -33.626  -35.642  6.757 0.5000000000
37054  -34.656  -34.785  5.473 0.5000000000
37066  -35.284  -33.822  4.403 0.5000000000
37977  -35.142  -33.208  4.348 0.5000000000
38850  -34.723  -32.692  4.520 0.5000000000
39726  -34.904  -32.059  4.454 0.5000000000
122676  -33.437  -14.158  4.536 0.5000000000
54844  -34.501  -13.824  4.321 0.5000000000
55662  -34.647  -12.856  4.412 0.5000000000
56522  -35.081  -11.976  4.329 0.5000000000
59119  -35.442  -9.606  3.756 0.6000000238
63196  -38.346  -3.926  5.200 0.3000000119
59919  -35.386  -7.983  3.381 0.4000000060
63195  -37.786  -3.766  4.820 0.3000000119
62418  -35.928  -5.106  3.679 0.4000000060
61578  -35.609  -6.039  2.848 0.3000000119
62419  -36.766  -4.569  3.377 0.4000000060
35172  -32.353  -36.270  8.387 0.5000000000
37060  -34.297  -33.813  5.293 0.5000000000
116200  -34.353  -32.173  4.701 0.5000000000
58258  -35.197  -10.475  4.085 0.6000000238
64013  -38.003  -3.184  5.417 0.3000000119
63194  -37.334  -4.129  4.247 0.3000000119
26264  -38.884  -45.756  6.827 0.3000000119
26249  -39.307  -45.283  7.421 0.3000000119
26250  -40.495  -45.781  7.136 0.4000000060
116461  -40.887  -45.546  7.455 0.4000000060
25279  -41.150  -45.980  7.085 0.4000000060
26251  -41.543  -45.532  7.514 0.4000000060
26252  -42.378  -45.486  7.468 0.4000000060
25297  -42.540  -46.492  6.606 0.4000000060
26253  -43.287  -45.405  7.302 0.4000000060
27187  -43.594  -44.647  7.319 0.4000000060
27182  -38.830  -44.784  7.852 0.3000000119
27168  -39.254  -44.295  8.348 0.3000000119
28100  -39.644  -43.718  8.642 0.4000000060
113646  -40.236  -45.293  7.561 0.4000000060
118031  -40.430  -44.776  8.002 0.4000000060
27171  -42.019  -44.156  7.877 0.4000000060
27186  -42.662  -44.825  7.618 0.4000000060
107208  -42.840  -44.223  7.509 0.4000000060
28128  -44.919  -43.579  6.627 0.4000000060
27188  -44.243  -44.090  7.003 0.4000000060
30043  -38.326  -41.868  9.672 0.3000000119
29023  -38.792  -42.558  9.309 0.3000000119
30044  -39.005  -41.947  9.219 0.3000000119
28101  -40.478  -43.583  8.366 0.4000000060
29028  -40.307  -42.730  8.398 0.4000000060
27170  -41.032  -44.382  8.113 0.4000000060
29029  -41.009  -43.025  7.976 0.4000000060
29041  -42.282  -42.752  7.194 0.4000000060
28116  -43.383  -43.816  7.202 0.4000000060
30073  -42.508  -41.335  6.554 0.4000000060
29051  -43.683  -42.395  6.557 0.4000000060
32174  -43.142  -39.352  6.043 0.4000000060
105596  -42.907  -40.847  6.303 0.4000000060
30074  -43.379  -41.448  6.328 0.4000000060
30041  -37.599  -41.506  10.144 0.3000000119
29013  -37.673  -42.117  9.961 0.3000000119
31105  -38.039  -41.002  9.733 0.3000000119
30049  -40.042  -41.906  8.259 0.3000000119
29039  -40.747  -42.204  7.815 0.3000000119
29040  -41.498  -42.480  7.470 0.4000000060
30062  -41.985  -41.919  6.935 0.4000000060
31148  -42.315  -40.571  6.423 0.4000000060
30072  -41.733  -41.083  6.748 0.4000000060
29050  -42.809  -42.145  6.731 0.4000000060
33177  -42.412  -38.729  6.313 0.4000000060
122728  -42.913  -37.945  6.284 0.4000000060
31104  -37.413  -40.759  10.295 0.3000000119
31115  -37.664  -40.091  9.700 0.3000000119
31116  -38.322  -40.464  9.146 0.3000000119
32123  -38.081  -39.661  8.957 0.3000000119
31126  -39.375  -40.291  7.869 0.4000000060
32155  -39.823  -39.638  7.393 0.4000000060
30061  -41.216  -41.640  7.239 0.4000000060
35186  -40.110  -36.722  7.598 0.3000000119
33164  -40.389  -38.297  7.140 0.4000000060
31139  -40.925  -40.781  7.001 0.4000000060
121797  -41.002  -36.623  7.282 0.3000000119
33176  -41.626  -38.532  6.591 0.4000000060
31147  -41.558  -40.218  6.597 0.4000000060
34161  -41.550  -37.097  6.936 0.4000000060
33096  -35.689  -38.581  12.965 0.3000000119
33097  -36.192  -38.767  11.896 0.3000000119
34088  -35.587  -37.504  13.201 0.3000000119
31092  -36.863  -40.611  10.859 0.3000000119
116325  -36.486  -39.269  11.280 0.3000000119
32111  -36.794  -39.297  10.665 0.3000000119
33121  -36.949  -38.620  10.267 0.3000000119
34118  -37.190  -37.937  9.850 0.3000000119
32122  -37.616  -39.309  9.393 0.3000000119
33132  -37.905  -38.755  8.870 0.3000000119
116549  -38.969  -37.980  7.968 0.3000000119
32135  -38.472  -39.216  8.353 0.3000000119
34145  -39.370  -37.214  7.847 0.3000000119
32136  -39.079  -39.464  7.848 0.3000000119
34159  -39.825  -37.723  7.512 0.3000000119
33163  -39.571  -38.709  7.515 0.4000000060
36142  -40.902  -35.733  7.597 0.3000000119
35187  -41.756  -36.142  7.083 0.4000000060
122769  -41.813  -35.182  7.198 0.4000000060
35188  -42.375  -35.786  6.700 0.4000000060
34089  -35.990  -37.750  12.314 0.3000000119
34101  -36.378  -37.842  11.426 0.3000000119
110416  -36.237  -36.993  11.789 0.3000000119
33107  -36.569  -38.608  11.015 0.3000000119
34117  -36.755  -37.868  10.603 0.3000000119
35161  -37.996  -36.409  9.181 0.3000000119
34130  -37.631  -37.248  9.368 0.3000000119
36127  -38.897  -35.588  8.796 0.3000000119
112470  -38.225  -36.987  8.804 0.3000000119
34131  -38.171  -37.810  8.646 0.3000000119
36128  -39.586  -35.327  8.525 0.3000000119
115669  -39.314  -36.531  8.081 0.3000000119
35174  -39.895  -35.873  8.007 0.3000000119
37024  -40.645  -34.236  8.466 0.3000000119
36130  -41.177  -34.685  7.865 0.3000000119
37037  -41.566  -34.330  7.376 0.3000000119
36143  -42.264  -35.299  6.618 0.4000000060
35097  -35.840  -35.923  12.955 0.3000000119
36044  -35.632  -35.692  13.880 0.3000000119
35110  -36.202  -36.157  12.129 0.3000000119
108326  -35.839  -34.835  14.285 0.3000000119
36929  -36.328  -34.021  14.720 0.3000000119
35127  -36.565  -36.328  11.364 0.3000000119
36978  -36.679  -34.767  11.957 0.3000000119
37839  -36.891  -33.714  15.319 0.3000000119
37000  -38.315  -34.174  10.312 0.3000000119
36102  -38.071  -34.966  9.995 0.3000000119
36101  -37.405  -35.560  10.427 0.3000000119
37010  -38.748  -34.512  9.647 0.3000000119
36113  -38.521  -35.255  9.353 0.3000000119
37011  -39.534  -34.074  9.338 0.3000000119
37023  -39.921  -34.581  8.738 0.3000000119
37025  -41.181  -33.846  8.029 0.3000000119
37038  -41.911  -34.751  6.860 0.4000000060
37047  -41.453  -34.128  6.576 0.4000000060
37056  -41.818  -35.023  5.091 0.5000000000
108221  -35.929  -35.058  13.313 0.3000000119
36961  -36.363  -34.493  12.793 0.3000000119
36947  -36.183  -34.239  13.710 0.3000000119
36081  -37.051  -35.084  11.205 0.3000000119
36979  -37.242  -34.256  11.505 0.3000000119
37840  -37.532  -33.304  15.430 0.3000000119
37841  -38.291  -33.708  15.875 0.3000000119
36980  -37.935  -33.684  11.064 0.3000000119
36999  -37.643  -34.612  10.731 0.3000000119
38715  -39.100  -32.513  15.423 0.3000000119
37001  -38.967  -33.765  9.957 0.3000000119
38716  -39.937  -32.980  15.534 0.3000000119
38804  -39.617  -32.009  9.373 0.3000000119
37926  -39.992  -33.490  9.201 0.3000000119
38728  -41.774  -32.407  14.790 0.3000000119
37935  -40.530  -33.306  8.656 0.3000000119
120497  -40.122  -32.517  8.807 0.3000000119
37948  -40.838  -33.167  7.836 0.3000000119
37949  -41.212  -33.627  7.324 0.3000000119
37965  -40.770  -33.646  5.684 0.4000000060
37055  -41.296  -34.352  5.459 0.5000000000
36962  -36.871  -33.969  12.328 0.3000000119
37864  -36.907  -33.010  13.698 0.3000000119
37851  -36.969  -33.169  14.660 0.3000000119
37896  -37.950  -32.999  11.605 0.3000000119
37882  -37.663  -32.723  12.328 0.3000000119
38738  -37.455  -32.496  13.253 0.3000000119
38724  -37.450  -32.470  14.198 0.3000000119
37913  -38.523  -32.821  11.011 0.3000000119
124831  -38.361  -32.295  15.178 0.3000000119
38794  -39.468  -32.545  9.937 0.3000000119
109393  -39.998  -31.859  15.246 0.3000000119
39608  -40.781  -31.252  14.888 0.3000000119
106898  -40.989  -31.902  15.138 0.3000000119
41393  -43.289  -30.129  13.515 0.3000000119
40501  -42.632  -30.625  14.139 0.3000000119
39682  -39.200  -31.209  8.897 0.3000000119
39683  -39.753  -31.917  8.429 0.3000000119
38820  -40.423  -32.706  7.448 0.3000000119
38821  -40.814  -33.380  6.573 0.3000000119
38754  -37.986  -32.008  12.762 0.3000000119
38739  -37.945  -31.885  13.746 0.3000000119
38784  -39.018  -32.385  10.551 0.3000000119
38767  -38.690  -31.818  11.325 0.3000000119
38766  -38.198  -32.309  11.830 0.3000000119
39645  -38.330  -31.628  12.235 0.3000000119
39619  -38.387  -31.228  13.218 0.3000000119
39620  -38.911  -30.680  13.978 0.3000000119
39606  -38.519  -31.375  14.266 0.3000000119
39672  -39.107  -31.691  10.360 0.3000000119
39662  -38.712  -30.891  11.338 0.3000000119
39646  -38.548  -30.997  12.245 0.3000000119
106357  -39.056  -29.650  13.005 0.3000000119
39607  -39.345  -31.173  14.670 0.3000000119
124029  -39.156  -31.228  9.742 0.3000000119
41391  -41.683  -29.450  13.677 0.3000000119
113537  -41.111  -29.955  14.147 0.3000000119
41407  -41.303  -28.788  13.168 0.3000000119
41392  -42.532  -29.768  13.667 0.3000000119
113604  -41.927  -30.072  14.098 0.3000000119
41409  -43.210  -29.147  12.646 0.3000000119
41408  -42.400  -29.009  13.073 0.3000000119
39694  -39.195  -31.220  7.891 0.4000000060
39703  -39.651  -31.845  6.295 0.4000000060
41434  -45.237  -29.859  10.629 0.3000000119
38835  -40.047  -32.375  5.646 0.3000000119
38836  -40.462  -32.916  5.123 0.4000000060
40550  -45.860  -29.992  9.226 0.3000000119
37972  -40.985  -33.546  4.660 0.5000000000
37973  -41.654  -33.721  3.959 0.5000000000
40540  -38.836  -30.690  10.479 0.3000000119
107005  -38.870  -29.416  12.331 0.3000000119
41405  -39.400  -28.969  12.776 0.3000000119
41406  -40.277  -28.763  13.089 0.3000000119
42288  -41.853  -28.289  12.565 0.3000000119
42289  -42.850  -28.489  12.195 0.3000000119
39702  -39.235  -31.179  6.896 0.4000000060
39710  -39.442  -30.965  5.995 0.5000000000
41419  -43.778  -29.108  11.856 0.3000000119
41433  -44.706  -29.266  10.226 0.4000000060
41443  -44.920  -29.113  9.523 0.4000000060
39711  -39.913  -31.463  5.440 0.5000000000
38843  -40.551  -31.872  4.827 0.6000000238
41444  -45.309  -29.624  9.758 0.3000000119
38845  -41.607  -32.740  3.995 0.6000000238
108865  -42.592  -32.986  3.529 0.6000000238
114485  -38.581  -29.822  10.441 0.3000000119
41432  -38.522  -28.960  10.901 0.3000000119
42318  -38.922  -28.054  11.118 0.3000000119
40549  -38.769  -30.341  9.531 0.3000000119
113530  -38.934  -28.712  11.924 0.3000000119
42300  -40.291  -27.768  12.045 0.3000000119
42287  -40.809  -28.221  12.622 0.3000000119
42301  -41.282  -27.697  12.103 0.4000000060
40558  -38.783  -30.402  8.423 0.4000000060
119555  -42.815  -28.054  11.674 0.4000000060
42319  -42.766  -27.592  11.235 0.4000000060
40574  -39.092  -30.324  6.513 0.5000000000
42302  -43.333  -28.321  11.343 0.4000000060
42320  -43.616  -27.956  10.419 0.4000000060
43209  -44.684  -27.966  9.295 0.4000000060
40579  -39.524  -30.197  5.854 0.5000000000
40580  -39.975  -30.572  5.393 0.6000000238
42321  -44.039  -28.810  10.750 0.4000000060
42331  -44.390  -28.556  9.797 0.4000000060
41451  -45.028  -28.665  9.110 0.4000000060
106084  -46.232  -28.122  8.453 0.4000000060
39720  -41.185  -30.907  4.538 0.6000000238
41452  -45.416  -29.343  9.033 0.3000000119
42340  -46.438  -28.938  8.127 0.4000000060
126118  -41.721  -31.060  4.222 0.6000000238
39731  -42.393  -31.927  3.741 0.6000000238
39732  -43.468  -31.990  3.382 0.6999999881
41442  -38.470  -29.178  9.828 0.3000000119
42317  -38.572  -28.434  10.398 0.3000000119
43178  -39.720  -27.479  11.401 0.3000000119
114144  -38.569  -29.640  8.923 0.3000000119
41450  -38.511  -28.780  8.912 0.3000000119
43179  -40.688  -27.246  11.531 0.3000000119
43196  -41.144  -26.693  10.985 0.4000000060
105742  -38.593  -29.439  7.995 0.5000000000
43180  -41.728  -27.264  11.519 0.4000000060
43198  -42.959  -27.111  10.620 0.4000000060
124724  -38.731  -28.842  7.395 0.5000000000
125697  -44.102  -27.850  9.740 0.4000000060
42356  -39.108  -28.773  6.709 0.5000000000
41469  -40.132  -29.600  5.526 0.6000000238
43218  -45.418  -28.030  8.842 0.4000000060
43219  -46.846  -27.400  8.344 0.4000000060
40591  -41.501  -29.993  4.578 0.6000000238
43230  -47.003  -28.229  8.027 0.4000000060
43231  -47.623  -27.489  7.899 0.4000000060
40593  -42.666  -30.408  3.907 0.6999999881
121812  -44.294  -31.636  3.182 0.6999999881
38856  -44.415  -32.281  3.025 0.6999999881
43208  -38.869  -27.403  9.832 0.4000000060
43194  -39.248  -27.334  10.644 0.4000000060
43195  -40.076  -26.894  10.892 0.4000000060
44090  -41.091  -26.088  10.417 0.4000000060
106914  -38.653  -28.368  8.114 0.4000000060
117627  -39.033  -26.919  9.104 0.4000000060
44091  -42.065  -26.481  10.687 0.4000000060
43217  -38.991  -27.316  8.166 0.4000000060
44092  -42.972  -26.512  10.315 0.4000000060
42330  -43.636  -27.265  9.995 0.4000000060
44108  -44.764  -26.525  9.473 0.4000000060
119529  -45.130  -27.269  9.174 0.4000000060
44116  -45.578  -26.512  9.164 0.4000000060
42362  -40.656  -28.658  5.522 0.6000000238
112309  -46.023  -27.211  8.765 0.4000000060
114770  -46.693  -26.741  8.562 0.4000000060
41470  -41.062  -29.364  5.030 0.6000000238
41481  -41.840  -29.186  4.602 0.6999999881
40592  -42.258  -29.788  4.237 0.6999999881
44126  -48.191  -26.736  7.681 0.4000000060
41483  -43.116  -29.536  3.902 0.6999999881
39740  -45.136  -31.744  2.886 0.6999999881
44104  -40.240  -25.944  9.864 0.4000000060
42349  -39.024  -28.075  7.355 0.4000000060
124049  -39.611  -26.143  9.005 0.4000000060
44106  -41.992  -25.835  10.349 0.4000000060
43236  -39.576  -27.995  6.630 0.6000000238
43228  -39.431  -27.248  7.237 0.5000000000
44107  -43.831  -26.455  9.841 0.4000000060
116410  -40.305  -27.904  6.047 0.6999999881
43242  -41.099  -27.817  5.506 0.6999999881
45079  -45.919  -25.879  9.173 0.4000000060
42364  -41.778  -27.852  5.049 0.6999999881
120270  -47.399  -26.579  8.229 0.4000000060
45081  -47.319  -25.656  8.377 0.4000000060
41482  -43.040  -28.632  4.128 0.6999999881
110648  -48.634  -26.038  7.316 0.4000000060
115640  -43.518  -30.377  3.625 0.6999999881
39734  -45.764  -31.035  2.825 0.6999999881
45099  -49.419  -25.218  6.285 0.4000000060
45104  -50.054  -25.270  5.564 0.4000000060
44115  -40.067  -25.583  8.315 0.4000000060
45062  -40.352  -25.415  9.180 0.4000000060
44105  -41.020  -25.463  9.892 0.4000000060
106610  -39.974  -27.321  6.578 0.6999999881
44125  -40.175  -25.855  7.414 0.5000000000
45065  -42.946  -25.772  10.121 0.4000000060
43237  -40.717  -26.914  6.144 0.6999999881
45066  -44.414  -25.736  9.665 0.4000000060
45067  -45.249  -25.807  9.419 0.4000000060
43243  -41.709  -27.051  5.409 0.6999999881
116724  -44.926  -25.018  9.598 0.4000000060
117061  -45.778  -25.188  9.291 0.4000000060
112069  -42.987  -27.819  4.368 0.6999999881
45080  -46.534  -25.518  8.846 0.4000000060
125345  -42.498  -29.100  4.278 0.6999999881
117469  -47.798  -24.992  7.995 0.4000000060
45089  -48.025  -25.868  7.909 0.4000000060
45090  -48.415  -25.210  7.411 0.4000000060
41492  -44.276  -29.572  3.500 0.6999999881
45098  -48.897  -25.446  6.900 0.4000000060
40606  -45.059  -30.312  3.128 0.6999999881
121005  -49.696  -24.644  5.704 0.4000000060
46060  -50.138  -24.390  5.070 0.4000000060
45063  -41.074  -24.857  9.364 0.4000000060
45064  -41.976  -25.066  9.910 0.4000000060
45087  -40.558  -25.116  7.730 0.6000000238
45078  -40.664  -24.888  8.589 0.5000000000
46026  -41.734  -24.424  9.492 0.5000000000
113710  -43.084  -24.999  9.963 0.4000000060
40590  -36.108  -30.225  4.469 0.4000000060
41489  -37.620  -29.699  4.179 0.5000000000
45096  -40.811  -25.490  6.811 0.6000000238
115470  -44.012  -24.956  9.808 0.4000000060
44138  -42.014  -26.151  5.493 0.6000000238
46030  -45.496  -24.330  9.424 0.4000000060
44151  -42.530  -26.688  4.989 0.6000000238
46038  -46.342  -24.577  8.993 0.4000000060
43257  -42.941  -27.138  4.585 0.6999999881
46039  -47.097  -24.821  8.520 0.4000000060
43258  -43.565  -27.207  4.209 0.6999999881
46046  -48.156  -24.236  7.390 0.4000000060
41493  -45.065  -28.751  3.350 0.6999999881
47043  -49.242  -23.291  5.602 0.4000000060
47060  -49.852  -23.454  4.929 0.4000000060
47061  -50.217  -22.776  4.307 0.4000000060
46037  -41.276  -24.251  8.921 0.5000000000
45088  -40.970  -24.794  7.197 0.6000000238
112096  -42.923  -23.624  9.692 0.5000000000
41478  -35.421  -29.625  4.551 0.3000000119
41479  -36.284  -29.409  4.510 0.4000000060
41480  -37.135  -29.073  4.436 0.5000000000
45103  -42.180  -25.246  5.642 0.6000000238
46051  -41.282  -24.332  7.112 0.6000000238
46028  -43.446  -24.271  9.810 0.4000000060
44139  -42.821  -25.785  5.062 0.6000000238
46029  -44.444  -24.129  9.693 0.5000000000
45114  -43.673  -25.683  4.527 0.6999999881
44152  -43.281  -26.491  4.579 0.6000000238
47009  -46.111  -23.608  9.083 0.4000000060
122369  -44.852  -26.123  3.670 0.8000000119
44153  -44.145  -26.441  4.085 0.6999999881
120591  -46.714  -23.329  8.536 0.4000000060
46040  -47.497  -24.183  8.094 0.4000000060
47021  -48.105  -23.418  7.096 0.4000000060
47031  -48.635  -23.668  6.519 0.4000000060
47905  -49.599  -22.510  4.810 0.4000000060
111075  -50.112  -21.810  4.329 0.4000000060
46052  -41.739  -24.081  6.607 0.6000000238
47018  -41.502  -23.741  7.474 0.6000000238
47007  -41.547  -23.596  8.465 0.5000000000
111835  -42.008  -23.667  9.353 0.5000000000
120672  -36.388  -28.729  4.544 0.4000000060
42375  -37.721  -28.344  4.346 0.4000000060
126917  -42.741  -25.156  5.242 0.6000000238
46058  -42.089  -24.503  5.986 0.6000000238
47000  -43.412  -23.030  9.668 0.5000000000
43256  -38.323  -27.714  4.210 0.5000000000
46076  -44.001  -24.758  4.363 0.6999999881
46075  -43.221  -25.028  4.899 0.6999999881
116406  -43.692  -23.649  9.742 0.5000000000
109782  -39.036  -27.913  3.682 0.5000000000
46082  -44.847  -24.644  3.632 0.6999999881
45120  -44.468  -25.538  3.981 0.6999999881
47001  -44.256  -23.238  9.680 0.5000000000
45126  -40.200  -25.621  3.171 0.6999999881
124399  -39.768  -26.030  3.486 0.6000000238
46083  -45.855  -24.768  2.824 0.6999999881
45121  -45.288  -25.512  3.350 0.6999999881
115575  -45.587  -22.929  9.248 0.5000000000
110800  -41.294  -24.540  2.551 0.6999999881
45127  -40.724  -25.126  2.826 0.6999999881
45129  -46.187  -25.577  2.630 0.6999999881
116517  -46.674  -24.880  2.085 0.6999999881
44166  -46.628  -26.320  2.377 0.8000000119
108947  -47.056  -22.803  7.984 0.4000000060
47020  -47.635  -23.491  7.660 0.4000000060
114794  -48.256  -22.960  6.641 0.4000000060
47042  -48.652  -22.705  5.995 0.4000000060
119447  -49.061  -22.346  5.303 0.4000000060
48744  -50.463  -21.361  4.526 0.4000000060
47030  -41.871  -23.323  6.839 0.6000000238
47019  -41.831  -22.905  7.850 0.6000000238
47008  -42.034  -22.872  8.899 0.6000000238
46999  -42.640  -22.939  9.427 0.5000000000
43254  -36.380  -27.415  4.627 0.4000000060
43255  -37.405  -27.400  4.559 0.4000000060
125740  -38.167  -26.998  4.447 0.6999999881
47041  -42.913  -23.776  5.302 0.6999999881
47040  -42.331  -23.751  5.965 0.6000000238
47867  -42.204  -22.170  8.451 0.5000000000
43264  -38.921  -27.031  3.993 0.6999999881
47066  -44.628  -23.691  3.718 0.6999999881
47059  -44.044  -23.080  4.115 0.6999999881
47058  -43.401  -23.256  4.837 0.6999999881
47856  -43.154  -22.346  9.500 0.5000000000
47857  -43.954  -22.480  9.623 0.5000000000
111359  -39.687  -25.301  3.832 0.6999999881
113947  -43.970  -23.886  4.345 0.6999999881
47869  -45.393  -22.226  9.133 0.5000000000
46089  -40.243  -24.939  3.294 0.6999999881
47074  -46.169  -23.137  2.362 0.6999999881
113948  -45.518  -23.905  2.969 0.6999999881
46090  -40.590  -24.236  3.016 0.6999999881
47075  -46.779  -23.157  1.454 0.6999999881
126966  -46.881  -24.467  1.659 0.6999999881
48765  -46.721  -21.559  1.163 0.6000000238
47930  -46.850  -22.310  1.094 0.6000000238
47084  -46.910  -23.096  1.098 0.6999999881
47870  -46.236  -22.646  8.735 0.4000000060
47882  -47.207  -21.919  7.428 0.4000000060
47936  -42.035  -22.304  2.232 0.6999999881
48775  -46.795  -21.659  0.995 0.6000000238
47883  -47.742  -22.685  7.161 0.4000000060
47945  -46.448  -22.322  0.769 0.6000000238
47894  -47.693  -21.863  6.794 0.4000000060
47904  -48.642  -21.638  5.509 0.4000000060
49543  -49.748  -21.023  4.678 0.4000000060
48732  -50.972  -21.247  5.145 0.4000000060
44148  -36.730  -26.630  4.740 0.6000000238
44149  -37.625  -26.489  4.760 0.6000000238
44150  -38.477  -26.302  4.544 0.6999999881
47915  -43.671  -22.332  4.483 0.6000000238
47903  -43.089  -22.351  5.217 0.6999999881
47902  -42.568  -22.270  5.908 0.6999999881
115690  -42.288  -22.887  6.315 0.6000000238
115466  -44.593  -22.910  3.608 0.6000000238
44157  -39.250  -26.140  4.044 0.6999999881
48752  -45.480  -21.744  2.693 0.6000000238
47868  -44.529  -21.922  9.403 0.5000000000
120577  -40.033  -24.409  3.751 0.6999999881
48764  -46.290  -21.544  1.930 0.6000000238
47921  -45.778  -22.357  2.529 0.6000000238
48703  -45.118  -21.425  9.048 0.4000000060
47073  -41.196  -23.692  2.628 0.6999999881
47072  -40.726  -23.413  3.008 0.6999999881
47929  -46.536  -22.324  1.665 0.6999999881
47928  -41.153  -22.751  2.724 0.6999999881
48715  -46.172  -21.256  8.205 0.4000000060
47881  -46.566  -21.923  8.120 0.4000000060
48774  -46.559  -21.194  0.872 0.6000000238
48716  -46.676  -21.159  7.598 0.4000000060
48771  -42.648  -21.578  1.849 0.6999999881
106785  -43.418  -21.662  1.434 0.6999999881
47938  -43.939  -22.320  1.192 0.6999999881
48779  -45.132  -21.830  0.765 0.6000000238
48725  -48.008  -21.337  6.146 0.4000000060
48731  -49.069  -20.797  4.995 0.4000000060
49525  -49.465  -20.433  5.164 0.4000000060
49526  -50.200  -20.789  5.038 0.4000000060
49516  -51.090  -20.609  6.477 0.3000000119
123181  -42.039  -22.677  7.045 0.6000000238
105396  -36.160  -25.952  4.789 0.5000000000
49541  -43.633  -20.613  4.369 0.6000000238
117664  -43.283  -21.435  4.897 0.6000000238
48728  -42.809  -21.670  5.572 0.6000000238
47893  -42.259  -22.138  6.692 0.6000000238
47880  -42.140  -22.115  7.553 0.6000000238
48713  -42.341  -21.422  8.063 0.6000000238
45111  -37.006  -25.844  4.946 0.6000000238
45112  -37.903  -25.693  5.021 0.5000000000
49542  -44.747  -20.466  3.295 0.6000000238
48751  -44.815  -21.551  3.259 0.6000000238
48743  -44.010  -21.468  4.008 0.6000000238
49499  -42.729  -20.819  8.528 0.5000000000
48700  -42.616  -21.567  8.846 0.4000000060
48689  -42.965  -21.777  9.312 0.5000000000
45119  -38.831  -25.378  4.685 0.6999999881
48701  -43.168  -21.163  9.150 0.4000000060
48702  -44.154  -21.056  9.168 0.4000000060
47065  -39.827  -23.787  4.325 0.8000000119
49550  -45.759  -20.923  2.436 0.6000000238
49502  -44.909  -20.766  8.890 0.4000000060
48714  -45.581  -20.985  8.575 0.4000000060
47927  -40.540  -22.824  3.340 0.6999999881
49558  -46.468  -20.616  1.338 0.6000000238
49557  -46.514  -19.452  1.178 0.6000000238
48770  -41.979  -21.489  2.311 0.6999999881
49568  -46.406  -20.257  0.995 0.6000000238
48724  -47.356  -21.024  6.738 0.4000000060
49564  -42.364  -20.853  2.064 0.6999999881
49567  -45.744  -19.747  0.784 0.6999999881
48729  -47.825  -20.540  5.920 0.4000000060
48730  -48.422  -20.609  5.455 0.4000000060
111242  -43.768  -20.026  1.298 0.6999999881
49523  -48.123  -19.801  5.506 0.4000000060
50360  -49.169  -19.712  5.674 0.3000000119
49524  -48.795  -20.040  5.241 0.4000000060
124491  -49.785  -19.930  6.620 0.4000000060
117811  -50.092  -20.399  5.914 0.3000000119
124723  -43.146  -20.701  4.989 0.6000000238
117622  -42.726  -20.792  5.613 0.6000000238
113596  -42.404  -20.508  6.675 0.6000000238
49505  -42.536  -19.843  7.379 0.5000000000
105980  -37.178  -24.973  5.149 0.6000000238
45113  -38.091  -24.986  5.174 0.6000000238
50374  -43.960  -19.593  4.009 0.6000000238
109628  -43.308  -18.782  4.767 0.6000000238
49506  -42.857  -20.008  8.198 0.5000000000
47057  -39.207  -23.858  5.018 0.6999999881
50333  -43.679  -19.615  8.286 0.5000000000
49500  -43.434  -20.430  8.766 0.4000000060
49501  -44.330  -20.253  8.743 0.4000000060
47071  -40.327  -23.601  3.585 0.6999999881
126421  -39.609  -23.281  4.825 0.6999999881
50385  -46.312  -18.832  1.655 0.6000000238
50379  -45.234  -19.204  2.850 0.6000000238
49507  -44.669  -19.665  8.328 0.5000000000
49508  -45.207  -20.291  8.510 0.5000000000
109331  -40.715  -22.028  3.150 0.8000000119
47919  -40.105  -22.926  4.184 0.8000000119
117366  -45.453  -19.801  8.087 0.4000000060
113704  -46.020  -20.462  7.974 0.4000000060
50386  -46.562  -18.686  1.070 0.6000000238
113699  -41.551  -20.933  2.558 0.6999999881
50395  -46.381  -19.105  0.931 0.6999999881
53030  -47.848  -16.999  6.490 0.5000000000
126593  -47.966  -17.394  6.241 0.5000000000
51233  -48.160  -18.047  6.155 0.5000000000
50347  -46.823  -19.355  6.565 0.4000000060
49509  -46.737  -20.248  7.099 0.4000000060
49556  -41.923  -20.155  2.334 0.6999999881
114418  -42.797  -20.120  1.703 0.6999999881
50393  -44.630  -19.466  0.990 0.6999999881
50394  -45.641  -18.821  0.834 0.6999999881
53021  -47.784  -17.111  7.400 0.5000000000
51227  -47.733  -18.413  5.921 0.4000000060
50348  -47.484  -19.120  5.879 0.4000000060
125407  -47.767  -19.464  5.673 0.4000000060
52065  -47.829  -17.261  8.481 0.4000000060
114805  -48.148  -17.816  6.924 0.5000000000
105905  -48.550  -18.465  7.655 0.4000000060
51228  -48.590  -18.677  6.778 0.4000000060
50349  -49.209  -19.348  6.704 0.4000000060
108879  -48.538  -19.499  5.528 0.4000000060
52066  -48.310  -17.694  8.897 0.4000000060
52074  -48.143  -17.906  8.042 0.4000000060
51214  -49.265  -18.981  7.823 0.4000000060
49522  -43.024  -19.901  5.047 0.6000000238
49521  -42.505  -19.826  6.010 0.6000000238
47055  -37.401  -23.477  5.345 0.5000000000
116671  -44.346  -18.481  3.681 0.6000000238
50357  -42.546  -19.199  6.423 0.5000000000
50346  -43.046  -18.776  7.276 0.5000000000
47056  -38.369  -23.698  5.359 0.6000000238
116512  -39.006  -23.130  5.334 0.6999999881
51223  -43.485  -18.253  7.142 0.5000000000
51210  -43.597  -18.895  7.691 0.5000000000
47913  -38.835  -22.316  5.425 0.6000000238
51251  -45.676  -18.042  2.282 0.6000000238
51211  -44.411  -18.460  7.559 0.5000000000
120911  -44.259  -19.121  8.006 0.5000000000
117509  -40.004  -22.081  4.405 0.8000000119
52084  -46.987  -17.770  6.087 0.5000000000
51224  -45.010  -17.818  7.093 0.5000000000
51212  -45.543  -18.609  7.345 0.5000000000
50338  -45.098  -19.159  7.877 0.5000000000
48761  -40.351  -21.452  3.817 0.8000000119
52115  -46.264  -17.779  1.055 0.6000000238
53977  -47.817  -16.264  6.590 0.5000000000
53039  -47.566  -16.427  5.874 0.5000000000
53040  -47.672  -16.945  6.087 0.5000000000
51225  -46.138  -18.017  6.696 0.5000000000
51213  -46.328  -18.808  6.902 0.4000000060
48762  -40.886  -21.148  3.071 0.8000000119
51266  -46.291  -18.201  0.986 0.6999999881
53986  -47.877  -16.518  6.093 0.5000000000
51226  -46.947  -18.551  6.221 0.5000000000
51264  -44.332  -18.579  1.127 0.6999999881
51265  -45.500  -18.076  0.937 0.6999999881
53976  -47.684  -15.618  7.211 0.5000000000
53969  -47.673  -16.399  7.463 0.4000000060
50392  -43.409  -19.393  1.415 0.6999999881
53020  -47.612  -16.770  8.100 0.4000000060
50358  -42.712  -18.990  5.738 0.5000000000
47054  -36.399  -23.332  5.056 0.5000000000
51245  -43.649  -17.768  4.546 0.6000000238
51222  -42.877  -18.500  6.562 0.5000000000
47911  -37.077  -22.597  5.322 0.5000000000
52080  -43.500  -17.588  6.370 0.5000000000
121250  -44.093  -17.783  7.043 0.5000000000
47910  -36.099  -22.376  4.919 0.5000000000
47912  -38.084  -22.852  5.474 0.5000000000
51246  -44.636  -17.432  3.396 0.6000000238
53028  -45.030  -16.597  6.018 0.5000000000
52082  -45.508  -17.303  6.516 0.5000000000
51259  -46.335  -18.142  1.240 0.6000000238
117281  -45.611  -17.047  2.176 0.6000000238
106568  -47.383  -15.728  5.608 0.5000000000
117200  -45.862  -16.320  5.730 0.5000000000
53029  -46.086  -16.830  6.075 0.5000000000
52083  -46.367  -17.399  6.272 0.5000000000
49549  -40.092  -20.712  4.498 0.6999999881
52090  -47.053  -17.003  5.967 0.5000000000
49554  -40.537  -20.535  3.622 0.6999999881
53985  -47.900  -15.905  5.912 0.5000000000
121816  -40.638  -19.818  3.511 0.6999999881
49555  -41.065  -20.186  2.908 0.8000000119
51263  -42.918  -18.679  1.612 0.6999999881
53968  -47.424  -16.156  8.172 0.5000000000
54822  -47.134  -15.171  8.147 0.5000000000
50391  -42.359  -19.421  1.969 0.8000000119
53013  -47.496  -16.682  8.800 0.4000000060
53003  -47.556  -16.436  9.362 0.5000000000
54802  -48.733  -14.910  10.490 0.4000000060
54803  -49.600  -14.080  10.272 0.5000000000
55604  -49.163  -13.292  10.587 0.5000000000
53964  -50.250  -15.397  9.648 0.5000000000
117997  -49.664  -14.911  10.108 0.5000000000
55613  -49.994  -13.168  10.063 0.5000000000
52088  -43.578  -17.208  5.380 0.6000000238
110581  -43.075  -18.050  5.601 0.5000000000
52100  -44.064  -16.868  4.396 0.6000000238
121297  -44.042  -16.606  5.141 0.6000000238
52089  -44.036  -16.813  5.873 0.5000000000
52081  -44.457  -17.241  6.569 0.5000000000
48741  -36.764  -21.690  5.211 0.5000000000
119638  -37.871  -21.863  5.523 0.5000000000
123966  -38.798  -21.573  5.460 0.6999999881
116326  -44.835  -16.470  3.214 0.6000000238
53049  -44.598  -16.082  4.402 0.6000000238
53984  -46.340  -15.749  5.400 0.5000000000
49537  -36.578  -20.812  5.088 0.5000000000
125050  -38.955  -20.412  5.467 0.6000000238
52114  -46.024  -17.553  1.383 0.6000000238
53037  -45.338  -16.028  5.375 0.5000000000
49540  -39.384  -20.973  5.263 0.6999999881
53054  -45.556  -16.213  2.044 0.6000000238
117510  -40.274  -19.885  4.254 0.6999999881
116236  -45.745  -16.986  1.500 0.6000000238
108341  -47.816  -15.261  6.230 0.5000000000
54832  -47.606  -14.630  6.834 0.4000000060
114775  -44.682  -17.624  1.138 0.6999999881
115849  -43.524  -17.989  1.386 0.6999999881
54791  -46.820  -14.097  10.456 0.4000000060
56451  -47.632  -12.906  11.097 0.4000000060
55603  -48.246  -13.510  10.913 0.4000000060
115320  -41.577  -18.098  2.498 0.6999999881
54794  -48.739  -14.048  10.661 0.4000000060
50383  -40.893  -19.301  3.135 0.6999999881
54804  -50.319  -14.441  9.747 0.5000000000
109036  -50.893  -13.876  9.326 0.5000000000
114814  -50.332  -13.733  9.794 0.5000000000
53036  -44.587  -16.319  5.333 0.5000000000
49538  -37.375  -20.322  5.392 0.6000000238
54002  -45.148  -15.631  3.184 0.6000000238
118198  -45.799  -15.441  4.759 0.5000000000
49539  -38.389  -19.834  5.516 0.6000000238
54003  -45.561  -14.882  3.071 0.5000000000
117730  -47.734  -15.012  5.568 0.5000000000
126408  -39.550  -19.977  5.179 0.6999999881
121597  -45.394  -15.937  1.676 0.6000000238
54839  -47.805  -14.168  5.691 0.6000000238
50378  -39.927  -19.101  4.739 0.6999999881
52120  -44.954  -16.747  1.195 0.6999999881
109851  -46.351  -13.917  8.102 0.5000000000
122969  -45.855  -13.297  9.802 0.4000000060
52119  -43.507  -17.131  1.473 0.6999999881
55635  -46.989  -14.206  7.486 0.5000000000
55625  -46.545  -14.439  8.731 0.5000000000
55624  -46.029  -13.744  9.197 0.4000000060
55612  -46.244  -13.601  10.159 0.4000000060
56450  -46.724  -13.131  10.761 0.4000000060
52118  -42.445  -17.889  1.964 0.6999999881
106781  -47.094  -12.202  11.118 0.4000000060
122498  -47.883  -12.106  11.198 0.4000000060
52110  -40.352  -17.856  3.677 0.6999999881
52112  -41.617  -17.385  2.443 0.6999999881
57311  -48.463  -11.523  11.048 0.4000000060
52111  -40.897  -17.773  3.004 0.6999999881
56452  -48.646  -12.488  10.936 0.4000000060
57312  -49.269  -11.611  10.599 0.4000000060
55614  -50.689  -13.119  9.456 0.5000000000
56466  -50.334  -12.381  9.691 0.5000000000
53995  -45.300  -15.377  4.098 0.5000000000
54847  -46.187  -14.651  3.864 0.5000000000
53997  -47.798  -14.200  4.858 0.5000000000
50371  -37.327  -19.459  5.319 0.6000000238
50372  -38.045  -18.857  5.441 0.6000000238
126727  -46.037  -14.298  2.875 0.5000000000
53996  -47.069  -14.912  4.903 0.5000000000
50373  -39.080  -19.009  5.356 0.6999999881
54013  -45.464  -15.243  2.135 0.5000000000
54849  -47.825  -13.452  4.786 0.6000000238
55645  -47.419  -13.764  6.351 0.5000000000
54017  -45.058  -15.345  1.592 0.6999999881
56478  -45.538  -13.070  9.410 0.4000000060
51244  -39.505  -18.251  4.929 0.6999999881
54016  -44.379  -15.561  1.468 0.8000000119
55623  -45.819  -13.598  8.286 0.5000000000
56465  -45.899  -12.777  10.263 0.4000000060
107913  -46.385  -12.260  10.792 0.4000000060
57309  -46.567  -11.318  11.003 0.4000000060
51250  -40.159  -18.405  4.184 0.6999999881
122550  -42.986  -14.699  1.833 0.6000000238
57310  -47.597  -11.379  11.210 0.4000000060
52113  -42.374  -17.088  2.012 0.6999999881
54012  -42.267  -15.872  2.098 0.6000000238
54869  -43.314  -13.725  1.778 0.6000000238
58199  -48.267  -10.673  11.029 0.4000000060
53060  -40.955  -16.829  2.831 0.6000000238
54011  -41.533  -15.644  2.376 0.6999999881
113910  -42.231  -15.136  2.086 0.6000000238
58200  -48.956  -10.926  10.754 0.4000000060
54867  -41.342  -14.664  2.271 0.6000000238
114330  -42.462  -13.313  1.957 0.6000000238
57328  -49.968  -11.628  9.944 0.5000000000
114298  -41.670  -13.579  2.090 0.6000000238
55684  -42.096  -12.631  2.035 0.6000000238
56479  -50.981  -12.358  8.985 0.5000000000
54848  -47.334  -14.040  4.038 0.6000000238
119339  -36.722  -19.255  5.038 0.5000000000
124548  -47.753  -13.752  4.415 0.6000000238
51243  -38.599  -18.148  5.296 0.6000000238
54872  -46.067  -13.780  2.451 0.6000000238
54859  -46.555  -13.876  3.208 0.6000000238
55657  -47.694  -13.226  5.508 0.5000000000
55656  -47.186  -13.187  6.021 0.5000000000
52098  -37.991  -17.348  5.089 0.6000000238
114417  -38.532  -16.632  4.732 0.6000000238
54014  -45.743  -14.443  2.200 0.6000000238
55688  -45.832  -13.128  2.344 0.6000000238
55644  -46.368  -13.051  6.078 0.5000000000
55633  -45.816  -13.664  7.143 0.5000000000
56464  -45.293  -12.176  9.748 0.4000000060
52104  -39.806  -17.593  4.320 0.6999999881
52099  -39.029  -17.412  4.928 0.6000000238
54875  -45.198  -14.552  1.678 0.6999999881
54871  -45.506  -13.735  1.886 0.6000000238
55634  -46.629  -13.638  6.987 0.5000000000
57327  -45.799  -11.784  10.439 0.4000000060
54015  -43.228  -15.538  1.745 0.6999999881
54874  -44.125  -14.748  1.565 0.6999999881
55686  -43.962  -12.845  1.960 0.6999999881
58198  -47.338  -10.488  11.085 0.4000000060
53053  -39.730  -16.042  3.739 0.6000000238
56539  -43.389  -12.377  2.445 0.6000000238
56530  -43.771  -12.151  2.932 0.6999999881
52105  -40.217  -16.994  3.563 0.6999999881
54010  -40.764  -15.432  2.663 0.6000000238
110712  -41.074  -16.117  2.683 0.6000000238
55685  -42.970  -12.697  2.002 0.6000000238
56512  -43.057  -12.410  3.528 0.6000000238
58217  -48.945  -10.174  10.597 0.4000000060
56538  -42.449  -12.218  2.356 0.6000000238
56511  -42.006  -12.124  3.506 0.6000000238
56537  -41.689  -11.948  2.163 0.6000000238
56528  -41.904  -11.804  2.595 0.6000000238
58219  -50.214  -11.023  9.512 0.5000000000
58218  -49.618  -10.756  10.145 0.4000000060
57329  -50.576  -11.624  9.252 0.5000000000
58229  -50.692  -10.832  8.829 0.5000000000
54860  -47.038  -13.461  3.489 0.6000000238
54873  -46.446  -13.279  2.957 0.6000000238
55666  -47.371  -12.710  4.112 0.6000000238
56502  -47.156  -12.732  5.374 0.5000000000
52097  -37.094  -17.748  4.953 0.6000000238
55677  -46.199  -12.734  3.012 0.6000000238
56501  -46.298  -12.543  5.116 0.5000000000
55622  -45.145  -13.619  8.261 0.5000000000
53048  -38.126  -15.948  4.572 0.6000000238
53052  -38.913  -15.927  4.308 0.6000000238
56541  -45.346  -12.540  2.625 0.6000000238
56531  -44.723  -12.218  3.126 0.6000000238
56500  -45.353  -12.589  4.825 0.5000000000
55642  -44.126  -13.825  6.146 0.5000000000
54831  -44.403  -14.051  6.813 0.5000000000
54821  -44.898  -13.954  7.340 0.5000000000
57308  -45.762  -10.830  10.436 0.4000000060
55687  -45.013  -12.950  1.971 0.6999999881
56513  -44.049  -12.424  3.731 0.5000000000
55643  -45.175  -13.528  6.314 0.5000000000
110623  -47.141  -9.736  10.839 0.4000000060
54001  -39.227  -15.216  3.701 0.6000000238
55651  -41.665  -13.589  5.514 0.6000000238
59063  -47.405  -9.021  10.520 0.4000000060
54009  -40.012  -15.328  3.132 0.6000000238
55682  -40.069  -13.570  2.400 0.6000000238
56499  -41.364  -12.781  4.783 0.6000000238
59064  -48.072  -9.729  10.765 0.4000000060
55683  -41.104  -12.808  2.052 0.6000000238
59079  -49.498  -9.784  9.895 0.4000000060
119579  -48.845  -9.436  10.305 0.4000000060
58228  -50.138  -10.276  9.316 0.4000000060
59090  -50.694  -9.890  8.335 0.5000000000
125659  -51.183  -9.947  7.460 0.4000000060
56533  -46.623  -12.440  3.722 0.6000000238
56515  -46.028  -12.325  4.245 0.5000000000
55621  -44.074  -14.025  8.263 0.5000000000
56476  -44.288  -12.833  8.936 0.5000000000
57339  -44.607  -11.907  9.292 0.4000000060
54000  -38.251  -15.131  4.231 0.6000000238
54857  -38.811  -14.388  3.582 0.6000000238
56532  -45.684  -12.367  3.397 0.6000000238
55641  -43.159  -14.111  6.138 0.5000000000
121266  -44.094  -14.257  7.429 0.5000000000
57326  -45.170  -11.333  9.826 0.4000000060
58216  -45.083  -10.471  9.726 0.4000000060
58196  -45.709  -9.896  10.224 0.4000000060
55653  -43.705  -13.487  5.340 0.5000000000
58197  -46.459  -10.250  10.793 0.4000000060
54858  -39.606  -14.490  3.054 0.6000000238
109115  -40.315  -12.517  2.079 0.6000000238
55650  -40.854  -13.323  5.827 0.6000000238
59078  -48.314  -8.849  10.258 0.4000000060
57379  -41.378  -11.318  2.309 0.6000000238
108505  -40.551  -12.445  5.254 0.6000000238
59874  -49.250  -8.789  9.649 0.4000000060
56527  -41.509  -11.343  3.024 0.6000000238
56510  -41.152  -11.900  4.086 0.6000000238
59089  -50.033  -9.372  9.059 0.4000000060
116453  -49.907  -7.850  8.231 0.3000000119
59095  -50.396  -9.063  8.195 0.4000000060
59904  -50.402  -8.068  7.027 0.3000000119
108898  -43.276  -13.433  8.840 0.5000000000
126510  -44.060  -12.089  9.101 0.5000000000
57325  -44.461  -11.006  9.283 0.5000000000
58215  -44.315  -10.210  9.054 0.5000000000
54820  -43.362  -14.402  7.687 0.5000000000
55620  -42.330  -13.786  8.865 0.6000000238
55676  -39.258  -13.752  2.976 0.6000000238
55675  -39.322  -12.709  2.484 0.6000000238
54828  -41.802  -14.425  7.392 0.6000000238
59062  -46.486  -9.353  10.462 0.4000000060
56535  -40.174  -11.725  1.962 0.6000000238
107929  -41.223  -13.992  6.521 0.6999999881
60667  -47.506  -7.698  9.777 0.3000000119
57378  -40.768  -11.044  2.030 0.6000000238
55640  -40.591  -13.582  6.737 0.6000000238
124236  -48.079  -7.374  9.539 0.3000000119
57374  -40.943  -10.806  2.658 0.6000000238
56491  -40.200  -12.849  6.385 0.6000000238
121729  -40.968  -11.200  3.540 0.6000000238
56490  -39.781  -12.077  6.335 0.6000000238
59889  -49.363  -7.838  9.043 0.3000000119
59890  -49.959  -8.518  8.675 0.3000000119
60693  -49.996  -7.537  7.473 0.3000000119
60699  -50.074  -7.203  6.933 0.3000000119
56474  -42.486  -12.985  9.285 0.6000000238
56475  -43.398  -12.302  9.126 0.5000000000
58227  -43.664  -10.720  8.928 0.5000000000
54809  -42.103  -14.311  8.302 0.6000000238
59076  -44.980  -9.658  9.408 0.4000000060
59077  -45.691  -9.014  9.822 0.4000000060
56534  -39.475  -11.628  2.138 0.6000000238
55632  -41.406  -14.233  8.158 0.6000000238
59871  -46.675  -8.378  10.030 0.3000000119
57377  -40.071  -10.909  1.947 0.6000000238
58264  -39.954  -10.245  2.168 0.6000000238
58262  -40.373  -10.264  2.683 0.6000000238
58254  -40.023  -10.086  3.489 0.6000000238
57365  -40.527  -10.702  3.563 0.6000000238
59873  -48.445  -7.954  9.732 0.3000000119
57357  -40.505  -11.523  4.450 0.6000000238
56498  -40.030  -11.801  5.435 0.6000000238
61563  -49.587  -6.616  7.482 0.3000000119
61567  -49.726  -6.428  6.894 0.3000000119
57336  -42.550  -12.111  9.356 0.6000000238
57337  -43.016  -11.304  9.075 0.5000000000
56462  -40.909  -12.493  9.613 0.6000000238
56463  -41.756  -12.408  9.603 0.6000000238
59075  -44.169  -9.520  8.602 0.4000000060
59888  -44.843  -8.920  8.874 0.4000000060
56473  -40.580  -13.125  8.992 0.6000000238
59870  -45.640  -8.187  9.215 0.4000000060
57376  -39.177  -10.867  2.198 0.6000000238
56472  -39.987  -12.790  8.305 0.6000000238
60666  -46.551  -7.499  9.379 0.3000000119
56485  -39.734  -12.435  7.311 0.6000000238
61544  -47.068  -6.187  8.722 0.3000000119
57344  -39.420  -11.530  7.005 0.6000000238
110961  -39.362  -10.430  5.556 0.6000000238
57350  -39.562  -11.288  5.933 0.6000000238
61562  -48.994  -5.822  7.982 0.3000000119
61566  -49.341  -5.851  7.142 0.3000000119
111848  -42.049  -11.448  9.679 0.6000000238
58214  -42.605  -10.729  9.255 0.5000000000
58226  -43.045  -10.505  8.848 0.5000000000
59088  -43.448  -9.950  8.614 0.4000000060
57324  -41.185  -11.768  10.026 0.6000000238
59887  -43.965  -8.893  8.092 0.4000000060
107476  -44.629  -8.224  8.218 0.4000000060
61543  -46.085  -6.510  8.237 0.3000000119
58261  -39.796  -9.792  2.677 0.6000000238
57335  -40.107  -12.287  9.220 0.6000000238
59117  -39.538  -9.472  3.352 0.6000000238
57334  -39.493  -11.743  8.294 0.6000000238
62378  -46.576  -5.794  8.093 0.3000000119
58245  -39.533  -9.938  4.416 0.6000000238
58239  -39.289  -10.797  6.506 0.6000000238
58213  -42.031  -10.534  9.904 0.6000000238
59074  -42.648  -9.935  9.076 0.4000000060
113003  -43.095  -9.397  8.469 0.4000000060
112998  -43.530  -9.303  8.289 0.4000000060
57307  -40.739  -11.223  10.242 0.5000000000
58195  -41.326  -10.966  10.236 0.5000000000
60692  -44.355  -7.576  7.524 0.4000000060
58212  -40.144  -10.977  10.131 0.5000000000
61560  -45.087  -6.860  7.488 0.3000000119
57322  -39.762  -11.379  9.443 0.5000000000
59116  -39.134  -8.825  3.406 0.6000000238
58225  -39.310  -10.694  8.767 0.5000000000
122863  -39.282  -9.261  4.144 0.6000000238
59108  -39.109  -9.499  5.275 0.6000000238
58233  -39.182  -10.618  7.506 0.6000000238
59099  -38.913  -9.231  6.248 0.6000000238
59100  -39.079  -10.047  6.400 0.6000000238
112103  -38.874  -8.771  5.473 0.5000000000
59093  -38.876  -8.903  6.849 0.5000000000
108103  -41.912  -9.297  10.689 0.4000000060
59061  -42.378  -9.288  9.761 0.3000000119
59886  -43.258  -8.751  8.140 0.4000000060
58194  -40.674  -10.552  10.474 0.5000000000
59060  -41.396  -10.025  10.534 0.4000000060
60678  -43.172  -8.067  7.823 0.3000000119
61558  -43.473  -7.391  7.424 0.3000000119
58211  -39.588  -10.509  9.677 0.5000000000
62393  -43.444  -6.550  6.961 0.3000000119
121125  -39.254  -9.926  9.095 0.5000000000
59087  -39.116  -9.783  8.202 0.5000000000
62396  -46.013  -5.441  7.353 0.3000000119
59094  -38.977  -9.595  7.163 0.5000000000
59860  -42.360  -8.685  10.434 0.3000000119
59869  -42.598  -8.731  9.396 0.3000000119
60677  -42.816  -8.318  8.565 0.3000000119
59859  -41.284  -9.176  11.061 0.3000000119
60665  -42.989  -7.547  8.095 0.3000000119
59858  -40.468  -8.908  10.994 0.3000000119
59073  -39.471  -9.655  9.761 0.4000000060
61559  -44.103  -6.907  6.970 0.3000000119
62394  -43.889  -6.341  6.601 0.3000000119
59884  -39.115  -8.915  8.893 0.5000000000
63188  -44.367  -5.196  6.063 0.3000000119
59897  -39.004  -8.912  7.668 0.5000000000
63189  -45.288  -4.636  6.162 0.3000000119
59896  -38.900  -8.230  6.938 0.4000000060
60656  -42.506  -7.975  10.966 0.3000000119
105671  -42.652  -8.108  9.876 0.3000000119
59844  -41.080  -8.365  11.419 0.3000000119
115557  -42.843  -7.516  9.234 0.3000000119
122860  -43.023  -6.926  8.795 0.3000000119
62377  -43.115  -6.652  7.838 0.3000000119
113553  -43.247  -5.871  7.261 0.3000000119
123168  -39.628  -7.846  10.210 0.3000000119
60655  -40.226  -7.917  10.971 0.3000000119
62406  -43.466  -5.860  6.558 0.3000000119
60664  -39.420  -7.394  9.514 0.3000000119
110870  -39.381  -8.240  9.622 0.4000000060
110226  -43.358  -4.533  6.056 0.3000000119
63187  -43.636  -5.094  6.115 0.3000000119
60676  -39.192  -7.789  8.790 0.4000000060
63198  -44.151  -4.679  5.633 0.3000000119
60691  -39.037  -8.032  7.878 0.4000000060
64016  -45.007  -4.085  5.477 0.3000000119
106381  -45.824  -3.329  5.470 0.3000000119
60647  -42.142  -7.627  11.581 0.3000000119
59845  -41.863  -8.456  11.229 0.3000000119
61517  -42.692  -7.324  11.322 0.3000000119
61530  -42.884  -7.386  10.485 0.3000000119
61531  -43.150  -6.758  9.925 0.3000000119
61502  -41.608  -7.215  12.007 0.3000000119
62363  -43.257  -6.047  9.257 0.3000000119
120474  -43.237  -5.741  8.247 0.3000000119
60654  -39.690  -7.104  10.338 0.3000000119
63197  -43.482  -4.336  5.580 0.3000000119
107818  -39.130  -7.088  7.977 0.4000000060
64015  -43.913  -4.082  5.106 0.3000000119
124603  -43.546  -2.917  4.226 0.3000000119
64025  -44.772  -3.520  4.884 0.3000000119
108294  -45.599  -2.324  4.377 0.3000000119
61503  -42.428  -6.907  11.893 0.3000000119
61504  -43.157  -6.617  11.177 0.3000000119
62348  -43.411  -6.038  10.444 0.3000000119
111281  -43.724  -5.295  10.282 0.3000000119
63147  -43.610  -5.092  9.164 0.3000000119
61516  -40.207  -6.905  11.208 0.3000000119
61501  -40.817  -6.618  11.929 0.3000000119
63163  -43.392  -4.939  7.977 0.3000000119
63993  -43.256  -4.205  6.568 0.3000000119
63994  -43.630  -3.582  7.506 0.3000000119
64799  -43.369  -3.347  6.634 0.3000000119
109583  -39.295  -6.987  8.776 0.4000000060
64816  -43.186  -3.101  5.928 0.3000000119
61541  -39.264  -6.209  8.239 0.4000000060
64006  -43.237  -3.846  5.726 0.3000000119
64014  -43.254  -3.730  5.052 0.3000000119
125498  -44.588  -2.840  4.307 0.3000000119
61557  -39.045  -6.157  7.216 0.4000000060
65635  -45.030  -2.076  3.833 0.3000000119
65642  -44.390  -1.615  3.228 0.3000000119
62337  -43.532  -5.546  11.344 0.3000000119
62336  -42.762  -5.945  12.127 0.3000000119
63962  -44.418  -3.679  9.298 0.3000000119
115429  -41.693  -6.319  12.242 0.3000000119
63976  -43.825  -3.961  8.309 0.3000000119
62347  -40.166  -5.936  11.365 0.3000000119
64824  -43.062  -3.110  5.108 0.3000000119
116318  -43.034  -2.635  4.538 0.3000000119
64830  -43.116  -2.401  4.015 0.3000000119
64834  -43.884  -2.362  3.740 0.3000000119
62391  -38.998  -5.078  6.535 0.3000000119
66446  -45.082  -0.736  2.768 0.3000000119
124799  -45.993  -0.093  2.763 0.3000000119
62323  -42.539  -5.123  12.365 0.3000000119
63136  -43.972  -4.825  11.027 0.3000000119
123794  -43.910  -4.375  8.987 0.3000000119
63127  -41.155  -4.866  12.333 0.3000000119
62335  -41.782  -5.427  12.423 0.3000000119
63977  -44.526  -3.037  8.537 0.3000000119
64800  -44.113  -2.729  7.501 0.3000000119
105860  -44.642  -1.981  7.279 0.3000000119
64817  -43.704  -2.529  6.621 0.3000000119
65618  -43.329  -2.408  5.777 0.3000000119
65630  -42.944  -2.253  4.933 0.3000000119
65640  -42.822  -1.650  3.510 0.3000000119
65645  -42.871  -1.186  2.799 0.3000000119
66444  -42.530  -0.602  2.375 0.3000000119
113884  -43.644  -1.079  2.538 0.3000000119
66449  -44.180  -0.322  2.030 0.3000000119
66448  -43.270  -0.468  1.997 0.3000000119
67240  -45.681  0.975  1.956 0.3000000119
68094  -46.429  1.495  2.484 0.3000000119
119712  -42.874  -4.389  12.326 0.3000000119
107392  -43.585  -3.951  12.013 0.3000000119
63951  -44.542  -3.499  10.921 0.3000000119
119727  -44.692  -3.474  10.133 0.3000000119
63113  -41.881  -4.622  12.482 0.3000000119
63938  -44.003  -3.193  11.800 0.3000000119
104960  -44.884  -2.856  10.565 0.3000000119
64775  -45.363  -2.293  9.205 0.3000000119
63126  -40.552  -4.533  11.937 0.3000000119
65619  -44.151  -1.787  6.473 0.3000000119
63125  -39.921  -4.077  11.260 0.3000000119
66436  -43.109  -1.316  4.679 0.3000000119
65634  -42.867  -1.995  4.201 0.3000000119
66441  -42.599  -0.964  3.077 0.3000000119
67232  -42.183  0.142  1.881 0.3000000119
68098  -43.867  1.092  1.043 0.3000000119
64750  -43.420  -2.366  12.124 0.3000000119
64739  -41.945  -2.980  12.494 0.3000000119
63923  -41.150  -3.242  12.402 0.3000000119
63936  -41.107  -4.106  12.335 0.3000000119
63924  -41.973  -3.776  12.492 0.3000000119
63935  -40.307  -3.481  11.919 0.3000000119
55655  -45.598  -12.921  5.563 0.5000000000
55654  -44.718  -13.206  5.452 0.5000000000
55663  -42.272  -12.968  4.493 0.6000000238
52103  -39.389  -16.751  4.321 0.6000000238
51258  -41.954  -18.707  2.242 0.6999999881
26263  -37.980  -45.790  6.716 0.3000000119
25293  -38.476  -46.290  6.282 0.3000000119
25294  -39.396  -46.277  6.393 0.3000000119
26265  -39.789  -45.768  6.972 0.3000000119
25295  -40.433  -46.292  6.564 0.4000000060
24367  -41.635  -47.005  5.914 0.4000000060
24353  -43.023  -46.978  6.078 0.4000000060
25298  -43.503  -46.497  6.526 0.4000000060
26254  -44.219  -45.327  7.025 0.4000000060
126932  -44.461  -44.750  7.007 0.4000000060
122399  -45.129  -44.420  6.720 0.4000000060
30075  -44.321  -41.811  6.166 0.4000000060
28129  -45.953  -43.956  6.415 0.4000000060
31149  -43.433  -40.685  6.110 0.4000000060
35200  -42.878  -36.100  6.382 0.4000000060
36031  -35.544  -35.502  14.821 0.3000000119
36915  -36.566  -34.322  15.608 0.3000000119
36916  -37.410  -34.100  15.933 0.3000000119
36155  -42.560  -35.462  6.159 0.5000000000
37843  -40.670  -33.666  15.312 0.3000000119
37852  -41.397  -33.412  14.928 0.3000000119
36168  -42.235  -35.279  4.282 0.5000000000
37064  -41.821  -34.576  4.074 0.5000000000
40570  -47.126  -30.516  7.594 0.3000000119
40559  -46.117  -29.665  8.453 0.3000000119
124294  -47.217  -29.991  7.447 0.3000000119
113119  -47.804  -28.440  7.554 0.4000000060
38855  -43.733  -32.930  3.126 0.6000000238
43232  -48.390  -27.559  7.442 0.4000000060
43238  -49.426  -27.583  6.715 0.4000000060
116693  -49.214  -26.078  6.729 0.4000000060
44140  -49.892  -26.156  6.113 0.4000000060
45105  -50.583  -25.171  4.806 0.4000000060
39719  -35.047  -31.296  4.455 0.4000000060
40598  -35.923  -31.069  4.371 0.5000000000
40600  -37.610  -30.417  4.021 0.5000000000
40615  -46.147  -30.197  2.788 0.6999999881
110594  -50.396  -23.696  4.378 0.4000000060
41501  -46.539  -29.408  2.724 0.6999999881
47068  -50.757  -23.092  3.740 0.4000000060
42381  -38.503  -28.520  3.911 0.5000000000
44163  -40.161  -26.389  3.061 0.6000000238
43265  -39.477  -27.385  3.465 0.6000000238
109429  -40.746  -25.966  2.733 0.8000000119
43267  -46.277  -27.134  2.792 0.8000000119
42383  -44.712  -28.008  3.565 0.6999999881
43275  -47.121  -27.046  2.077 0.8000000119
112844  -47.001  -28.762  2.535 0.6999999881
48753  -50.878  -21.845  3.939 0.4000000060
45141  -47.027  -25.624  1.386 0.8000000119
44167  -47.071  -26.299  1.684 0.8000000119
115173  -41.791  -23.998  2.354 0.6999999881
107646  -46.859  -24.922  1.154 0.8000000119
47082  -42.478  -22.958  1.970 0.6999999881
46097  -43.303  -23.973  1.528 0.6999999881
46105  -45.894  -24.566  0.743 0.8000000119
47089  -43.987  -23.332  1.172 0.6999999881
47944  -45.707  -22.310  0.687 0.6000000238
51202  -48.795  -18.339  8.482 0.4000000060
50340  -50.006  -19.618  7.461 0.4000000060
50350  -50.572  -20.155  7.003 0.4000000060
53014  -47.882  -17.033  9.186 0.4000000060
52059  -49.596  -17.067  9.474 0.4000000060
53006  -49.681  -16.211  9.716 0.5000000000
54793  -47.969  -14.356  10.735 0.4000000060
53960  -49.238  -15.668  10.082 0.5000000000
53015  -50.463  -16.305  9.334 0.5000000000
53965  -51.120  -15.519  9.046 0.4000000060
54813  -50.987  -14.677  9.240 0.5000000000
54812  -46.853  -15.190  9.441 0.5000000000
54811  -46.504  -14.377  9.844 0.5000000000
54792  -47.325  -14.504  10.569 0.4000000060
116540  -51.429  -14.087  8.854 0.5000000000
55626  -51.395  -13.225  8.730 0.5000000000
56480  -51.629  -12.277  8.219 0.5000000000
57346  -51.816  -11.362  7.529 0.5000000000
51240  -36.068  -19.040  4.717 0.5000000000
57345  -51.252  -10.649  7.977 0.5000000000
59096  -50.825  -9.195  7.326 0.4000000060
107415  -36.337  -17.220  4.646 0.6000000238
110287  -37.156  -17.042  4.839 0.6000000238
53047  -37.626  -16.497  4.759 0.6000000238
59905  -50.739  -8.381  6.711 0.3000000119
54846  -37.376  -14.757  4.329 0.6000000238
60700  -50.468  -7.802  6.821 0.3000000119
60707  -50.392  -7.243  6.752 0.3000000119
107702  -38.551  -13.525  3.353 0.6000000238
56526  -38.698  -11.961  2.646 0.6000000238
120331  -39.169  -9.903  2.403 0.6000000238
59121  -39.166  -9.195  2.794 0.6000000238
59107  -38.984  -8.703  4.494 0.6000000238
111975  -38.763  -8.495  2.908 0.6000000238
59910  -38.703  -7.855  4.989 0.5000000000
126782  -38.752  -7.778  6.136 0.5000000000
60690  -38.921  -7.197  6.850 0.4000000060
61556  -38.779  -5.922  6.008 0.4000000060
118303  -42.556  -0.534  3.473 0.3000000119
66440  -42.358  -0.279  2.691 0.3000000119
68102  -43.246  1.884  0.718 0.3000000119
68941  -44.374  2.036  1.058 0.3000000119
68100  -45.853  1.880  1.938 0.3000000119
64737  -40.494  -2.605  12.198 0.3000000119
64747  -39.789  -2.530  11.611 0.3000000119
46077  -50.604  -24.451  4.430 0.4000000060
54814  -51.667  -14.771  8.669 0.5000000000
25281  -42.943  -46.022  7.065 0.4000000060
28093  -38.415  -43.207  9.184 0.3000000119
28094  -39.216  -43.156  8.989 0.3000000119
29027  -39.552  -42.436  8.864 0.3000000119
28114  -41.773  -43.306  7.693 0.4000000060
106943  -39.081  -40.835  8.471 0.3000000119
30048  -39.355  -41.591  8.670 0.3000000119
34162  -42.497  -36.650  6.627 0.4000000060
32083  -35.921  -39.574  12.512 0.3000000119
106807  -40.256  -39.055  7.106 0.4000000060
35149  -36.952  -36.378  10.620 0.3000000119
37048  -41.994  -34.927  6.176 0.4000000060
38727  -40.807  -32.677  15.259 0.3000000119
38726  -38.872  -31.794  15.012 0.3000000119
40489  -40.571  -30.530  14.509 0.3000000119
40512  -43.788  -29.764  12.776 0.3000000119
41420  -44.577  -29.501  11.173 0.3000000119
39633  -38.746  -30.396  13.117 0.3000000119
40524  -38.687  -30.160  12.283 0.3000000119
40499  -39.354  -30.015  13.715 0.3000000119
41389  -39.798  -29.377  13.431 0.3000000119
39696  -46.958  -30.805  8.253 0.3000000119
110349  -38.608  -29.808  11.434 0.3000000119
42286  -39.826  -28.342  12.447 0.3000000119
40581  -40.700  -30.228  4.955 0.6000000238
42350  -47.062  -28.957  7.748 0.4000000060
112856  -41.929  -30.536  4.224 0.6000000238
113262  -43.858  -31.115  3.401 0.6999999881
41441  -38.572  -28.231  9.717 0.3000000119
44132  -48.916  -26.896  7.117 0.4000000060
40605  -44.256  -30.490  3.375 0.6999999881
44103  -39.539  -26.629  10.020 0.4000000060
44124  -39.519  -26.406  7.929 0.4000000060
44117  -46.286  -26.343  8.870 0.4000000060
44130  -40.505  -26.184  6.730 0.6000000238
43244  -42.370  -27.488  4.821 0.6999999881
114371  -43.667  -28.894  3.788 0.6999999881
41494  -45.491  -29.502  3.107 0.6999999881
124418  -43.660  -25.617  9.886 0.4000000060
122216  -41.383  -26.401  5.881 0.6000000238
46053  -48.799  -24.679  6.769 0.4000000060
42382  -44.264  -28.664  3.618 0.6999999881
113531  -49.645  -24.018  5.496 0.4000000060
40589  -35.210  -30.468  4.510 0.3000000119
45097  -41.472  -24.869  6.445 0.6000000238
47002  -45.151  -23.485  9.491 0.5000000000
43259  -44.347  -27.284  3.791 0.6999999881
109035  -43.369  -24.215  4.849 0.6999999881
44159  -45.618  -26.375  3.155 0.6999999881
43266  -45.253  -27.251  3.408 0.8000000119
46091  -46.580  -24.052  2.101 0.6999999881
47895  -48.163  -22.218  6.392 0.4000000060
115599  -42.759  -23.064  5.571 0.6999999881
47067  -45.233  -23.069  3.097 0.6000000238
126922  -47.029  -24.440  1.225 0.6999999881
114908  -46.098  -19.847  2.057 0.6000000238
47092  -46.701  -23.076  0.886 0.6999999881
46106  -46.609  -24.512  0.833 0.6999999881
114089  -45.585  -23.931  0.710 0.8000000119
48780  -46.154  -21.659  0.711 0.6000000238
118327  -50.748  -20.876  5.721 0.3000000119
48727  -42.471  -21.461  6.253 0.6999999881
47083  -43.150  -23.116  1.572 0.6999999881
49566  -44.653  -20.333  0.941 0.6999999881
47090  -44.839  -23.634  0.836 0.8000000119
48773  -45.726  -20.842  0.722 0.6999999881
48723  -42.312  -21.374  7.152 0.4000000060
49515  -47.407  -19.924  6.096 0.3000000119
49514  -42.454  -19.687  6.707 0.5000000000
50337  -42.998  -19.324  7.710 0.5000000000
47914  -39.597  -22.607  4.987 0.6999999881
50339  -46.055  -19.485  7.475 0.4000000060
120662  -48.524  -18.933  5.876 0.4000000060
50359  -48.060  -19.202  5.660 0.4000000060
48742  -39.482  -21.832  5.118 0.6999999881
50384  -41.511  -19.410  2.551 0.8000000119
119326  -38.300  -20.870  5.529 0.5000000000
53063  -45.540  -16.574  1.425 0.6999999881
53963  -47.159  -16.005  9.054 0.5000000000
51257  -41.209  -18.650  2.799 0.6999999881
56453  -49.617  -12.422  10.358 0.5000000000
119535  -35.865  -20.491  4.726 0.5000000000
53983  -44.993  -15.774  4.889 0.5000000000
54801  -47.012  -14.917  10.220 0.4000000060
55602  -47.387  -13.797  10.827 0.4000000060
53064  -44.025  -16.219  1.450 0.8000000119
53062  -42.804  -16.406  1.821 0.6000000238
51241  -37.039  -18.654  5.079 0.5000000000
53059  -40.467  -16.120  3.131 0.6000000238
114646  -40.876  -13.863  2.242 0.6000000238
57340  -51.180  -11.517  8.487 0.5000000000
52096  -36.205  -18.105  4.678 0.5000000000
56503  -47.640  -12.797  4.782 0.6000000238
56477  -45.070  -12.889  9.116 0.4000000060
54870  -44.564  -13.712  1.647 0.6999999881
56540  -44.382  -12.424  2.480 0.6999999881
56529  -42.781  -12.118  2.774 0.6000000238
54866  -40.402  -14.583  2.590 0.6000000238
56514  -45.046  -12.368  3.954 0.5000000000
54830  -43.654  -14.314  6.873 0.5000000000
55665  -44.360  -12.824  4.614 0.5000000000
55664  -43.322  -12.994  4.467 0.6000000238
55652  -42.659  -13.667  5.331 0.6999999881
59872  -47.688  -8.335  10.158 0.4000000060
56536  -40.974  -11.774  1.991 0.6000000238
110200  -42.155  -14.201  6.275 0.6999999881
54829  -42.773  -14.480  7.023 0.6000000238
59898  -50.338  -8.383  7.613 0.3000000119
57338  -43.870  -11.526  9.070 0.5000000000
55631  -40.816  -14.019  7.591 0.6000000238
60681  -47.539  -6.899  9.272 0.3000000119
56486  -40.214  -13.263  7.435 0.6000000238
60683  -49.545  -7.153  8.337 0.3000000119
61572  -50.000  -6.555  6.738 0.3000000119
55619  -41.640  -13.971  8.691 0.6000000238
55618  -40.991  -13.808  8.562 0.6000000238
57356  -39.923  -10.845  4.708 0.6000000238
60682  -48.699  -7.031  9.134 0.3000000119
61546  -49.103  -6.464  8.401 0.3000000119
61542  -45.546  -7.372  8.438 0.4000000060
60680  -46.538  -6.839  8.895 0.3000000119
62379  -47.525  -5.563  8.331 0.3000000119
61545  -48.245  -6.117  8.686 0.3000000119
60679  -43.704  -8.206  7.685 0.4000000060
125062  -42.069  -9.848  10.080 0.4000000060
59885  -42.769  -9.097  8.746 0.4000000060
62408  -45.084  -5.394  6.541 0.3000000119
62395  -44.818  -6.186  6.888 0.3000000119
59059  -40.602  -9.747  10.769 0.4000000060
58193  -39.976  -10.189  10.347 0.4000000060
59058  -39.893  -9.364  10.458 0.4000000060
59857  -39.780  -8.552  10.415 0.3000000119
59868  -39.453  -8.946  9.859 0.3000000119
62407  -44.102  -5.785  6.327 0.3000000119
64825  -45.669  -2.807  4.861 0.3000000119
60645  -40.878  -7.527  11.676 0.3000000119
63176  -43.326  -5.052  6.728 0.3000000119
64024  -43.721  -3.468  4.611 0.3000000119
109653  -43.371  -4.378  7.371 0.3000000119
64023  -43.143  -3.126  4.554 0.3000000119
65643  -45.619  -1.293  3.523 0.3000000119
63137  -44.224  -4.318  10.144 0.3000000119
62334  -40.816  -5.553  12.066 0.3000000119
119909  -43.148  -5.167  12.050 0.3000000119
67239  -44.581  0.525  1.637 0.3000000119
63950  -44.133  -4.118  11.360 0.3000000119
63963  -45.011  -2.965  9.666 0.3000000119
65604  -45.101  -2.164  8.219 0.3000000119
65631  -43.655  -1.585  5.634 0.3000000119
122695  -42.861  -0.701  4.137 0.3000000119
66445  -42.935  -0.740  2.278 0.3000000119
67238  -43.299  0.185  1.410 0.3000000119
68099  -44.984  1.427  1.483 0.3000000119
68938  -46.529  2.423  2.484 0.3000000119
63937  -42.924  -3.267  12.361 0.3000000119
64762  -44.779  -2.205  11.034 0.3000000119
63934  -39.557  -3.107  10.999 0.3000000119
68097  -42.146  1.082  0.962 0.3000000119
27201  -46.085  -44.858  6.395 0.4000000060
112750  -46.119  -28.720  2.942 0.6999999881
45147  -46.829  -25.812  1.126 0.8000000119
46104  -44.950  -24.446  0.870 0.8000000119
59917  -38.775  -8.047  3.580 0.5000000000
53004  -47.997  -16.518  9.699 0.4000000060
54840  -53.441  -14.138  5.731 0.3000000119
115084  -52.626  -14.232  7.330 0.4000000060
115366  -53.392  -13.160  5.588 0.3000000119
54823  -52.270  -14.864  8.031 0.4000000060
55627  -52.016  -13.899  8.141 0.4000000060
55636  -52.540  -13.158  7.186 0.4000000060
56493  -52.975  -12.872  6.301 0.3000000119
53947  -47.691  -15.133  10.472 0.3000000119
113759  -51.976  -12.964  7.962 0.4000000060
57351  -52.160  -10.890  6.612 0.3000000119
56487  -52.209  -12.257  7.412 0.4000000060
57358  -52.333  -10.654  6.153 0.3000000119
119585  -51.724  -9.399  6.209 0.3000000119
59102  -51.523  -9.501  6.356 0.3000000119
124091  -51.346  -9.664  6.723 0.3000000119
53994  -37.215  -15.587  4.536 0.5000000000
59101  -51.022  -8.994  6.618 0.3000000119
53045  -35.485  -16.500  4.449 0.5000000000
53992  -35.199  -14.731  4.294 0.5000000000
54845  -36.437  -14.800  4.365 0.5000000000
59109  -51.208  -8.767  6.490 0.3000000119
55674  -37.599  -13.248  3.832 0.5000000000
57373  -38.152  -11.390  2.850 0.5000000000
109396  -36.229  -11.859  4.046 0.5000000000
57371  -36.662  -11.045  3.639 0.5000000000
105214  -37.238  -11.683  3.525 0.5000000000
57372  -37.626  -10.820  3.043 0.4000000060
56523  -35.786  -12.659  4.255 0.5000000000
58263  -38.169  -9.926  2.669 0.5000000000
58260  -37.126  -10.183  3.223 0.4000000060
58259  -36.096  -10.380  3.713 0.4000000060
114003  -36.520  -9.638  3.339 0.4000000060
104831  -38.353  -8.500  2.716 0.5000000000
59120  -37.578  -9.154  2.828 0.4000000060
109808  -35.213  -8.751  3.652 0.4000000060
105581  -37.424  -8.078  2.647 0.5000000000
110443  -36.289  -8.710  3.164 0.4000000060
59922  -38.200  -7.489  2.841 0.4000000060
59921  -37.263  -7.081  2.570 0.5000000000
59920  -36.356  -7.583  2.799 0.3000000119
60716  -37.662  -6.556  2.686 0.4000000060
60706  -38.591  -6.778  4.608 0.4000000060
60717  -38.032  -6.297  2.972 0.3000000119
60714  -35.452  -7.007  3.108 0.3000000119
61580  -37.431  -5.771  2.661 0.3000000119
61577  -38.309  -5.888  3.773 0.3000000119
62423  -37.055  -4.974  2.784 0.3000000119
60698  -38.676  -6.964  5.623 0.3000000119
62421  -37.991  -4.906  3.592 0.3000000119
114826  -38.303  -5.152  4.223 0.3000000119
61571  -38.551  -5.979  4.895 0.3000000119
62420  -37.477  -4.597  3.417 0.3000000119
62415  -37.982  -4.317  4.204 0.3000000119
105650  -38.470  -4.984  5.017 0.3000000119
62405  -38.724  -4.793  5.724 0.3000000119
110719  -34.484  -15.555  4.300 0.5000000000
53987  -53.671  -15.448  5.456 0.3000000119
124051  -34.095  -14.617  4.277 0.4000000060
55672  -35.414  -13.342  4.313 0.5000000000
57370  -35.612  -11.160  4.080 0.5000000000
53958  -47.390  -15.808  9.887 0.3000000119
53970  -51.831  -15.601  8.451 0.4000000060
58234  -51.647  -10.416  7.070 0.3000000119
53046  -36.643  -16.407  4.637 0.5000000000
54856  -37.937  -14.190  3.978 0.5000000000
125795  -38.406  -12.762  3.168 0.5000000000
57375  -38.473  -10.554  2.513 0.5000000000
59122  -38.648  -9.190  2.662 0.5000000000
54841  -53.722  -14.635  5.142 0.3000000119
54833  -53.054  -14.745  6.595 0.4000000060
55646  -53.038  -13.699  6.440 0.3000000119
56492  -52.686  -12.231  6.608 0.3000000119
56505  -53.074  -12.245  5.981 0.3000000119
108899  -52.353  -11.607  6.842 0.4000000060
58240  -51.848  -10.166  6.357 0.3000000119
53993  -35.929  -15.598  4.435 0.5000000000
54854  -35.826  -14.017  4.268 0.5000000000
54855  -36.959  -14.057  4.251 0.5000000000
55673  -36.440  -13.318  4.232 0.5000000000
56524  -36.890  -12.522  3.981 0.5000000000
56525  -37.844  -12.281  3.390 0.5000000000
60712  -38.548  -7.045  3.679 0.3000000119
60715  -36.359  -6.581  2.607 0.3000000119
53971  -52.406  -15.669  7.822 0.4000000060
43280  -42.200  -27.373  2.127 0.6999999881
45146  -46.378  -25.235  0.864 0.6999999881
45145  -45.190  -25.374  0.939 0.6999999881
45140  -44.000  -25.631  1.318 0.6999999881
44176  -43.375  -26.435  1.593 0.6999999881
44175  -42.679  -25.943  1.897 0.6999999881
44174  -42.054  -26.146  2.231 0.6999999881
46103  -44.107  -24.197  1.198 0.6999999881
105490  -43.225  -25.624  1.623 0.6999999881
45137  -42.236  -25.508  2.165 0.6999999881
45128  -41.502  -25.490  2.454 0.6999999881
51215  -50.369  -19.003  8.203 0.3000000119
51216  -51.454  -18.715  8.127 0.3000000119
51204  -50.804  -18.060  8.637 0.3000000119
117803  -51.741  -17.903  8.265 0.3000000119
52069  -51.505  -17.205  8.545 0.3000000119
46096  -42.822  -24.517  1.826 0.6999999881
51203  -49.705  -18.415  8.652 0.3000000119
52068  -50.640  -17.156  9.039 0.3000000119
53023  -52.629  -16.436  7.558 0.3000000119
52076  -52.941  -17.235  7.296 0.3000000119
46095  -42.141  -24.724  2.214 0.6999999881
52067  -49.087  -17.857  9.117 0.3000000119
118288  -49.973  -17.760  9.056 0.3000000119
53022  -52.025  -16.423  8.223 0.3000000119
53016  -51.288  -16.370  8.787 0.3000000119
53978  -52.867  -15.645  7.093 0.3000000119
52058  -48.548  -17.185  9.437 0.3000000119
54824  -52.643  -15.038  7.394 0.3000000119
53005  -48.815  -16.484  9.827 0.3000000119
44183  -46.934  -26.619  1.155 0.6999999881
43290  -46.591  -27.219  0.963 0.6999999881
42391  -41.549  -28.726  2.301 0.6999999881
44182  -46.121  -26.274  0.931 0.6999999881
43289  -45.539  -27.268  1.029 0.6999999881
44181  -44.635  -26.529  1.202 0.6999999881
109219  -42.531  -26.690  1.984 0.6999999881
116122  -41.127  -28.057  2.503 0.6999999881
44165  -41.386  -26.414  2.458 0.6999999881
50341  -51.014  -19.547  7.695 0.3000000119
51217  -52.449  -18.201  7.706 0.3000000119
52085  -53.503  -17.124  6.467 0.3000000119
53031  -53.176  -16.380  6.808 0.3000000119
53032  -53.611  -16.267  5.955 0.3000000119
53979  -53.322  -15.565  6.308 0.3000000119
52075  -52.259  -17.241  7.978 0.3000000119
34191  -45.448  -37.934  4.742 0.4000000060
34205  -44.858  -37.427  3.322 0.4000000060
35214  -44.098  -36.996  3.764 0.4000000060
35209  -44.323  -37.189  5.385 0.4000000060
34206  -45.594  -37.827  2.700 0.4000000060
37981  -42.287  -33.940  3.606 0.5000000000
37071  -43.461  -34.653  3.090 0.4000000060
35213  -43.402  -36.469  4.093 0.4000000060
35220  -43.852  -36.325  3.070 0.4000000060
113736  -44.022  -36.787  4.904 0.4000000060
36178  -44.289  -35.244  2.710 0.5000000000
35221  -44.626  -36.815  2.807 0.4000000060
34209  -45.483  -37.159  2.357 0.4000000060
37070  -42.528  -34.599  3.549 0.4000000060
37982  -43.132  -33.778  3.257 0.5000000000
115377  -44.706  -36.051  2.528 0.5000000000
125799  -46.146  -36.847  1.855 0.5000000000
37983  -44.257  -33.743  2.829 0.5000000000
37077  -45.335  -34.358  2.476 0.5000000000
35226  -46.752  -36.462  1.394 0.5000000000
34221  -46.618  -37.350  0.312 0.5000000000
34220  -45.941  -37.665  0.256 0.5000000000
108359  -46.655  -34.762  1.959 0.5000000000
37990  -45.455  -33.348  2.584 0.6000000238
35231  -47.014  -36.644  0.595 0.5000000000
37078  -47.414  -34.358  1.470 0.5000000000
109598  -47.533  -35.123  0.752 0.5000000000
36195  -45.689  -35.653  0.127 0.6000000238
35235  -46.626  -36.300  0.107 0.5000000000
112116  -44.735  -35.229  0.375 0.5000000000
38865  -45.388  -32.515  2.713 0.6000000238
123214  -46.817  -33.754  2.111 0.6000000238
38866  -46.390  -32.870  2.419 0.6000000238
37084  -47.733  -34.529  0.957 0.5000000000
37089  -47.437  -34.714  0.516 0.6000000238
37087  -45.365  -34.820  0.281 0.6000000238
107117  -44.833  -34.029  0.495 0.5000000000
123007  -41.890  -33.629  1.551 0.5000000000
37083  -42.580  -34.145  1.329 0.5000000000
38000  -43.334  -33.577  1.102 0.5000000000
37998  -42.462  -33.076  1.402 0.5000000000
38861  -37.759  -32.775  3.337 0.4000000060
40611  -38.988  -30.924  3.148 0.5000000000
105191  -47.494  -32.750  1.847 0.6000000238
124117  -47.797  -33.691  1.261 0.5000000000
39738  -39.230  -31.679  2.896 0.5000000000
124456  -48.030  -32.876  1.182 0.6000000238
38882  -47.786  -33.353  0.904 0.6000000238
39739  -40.013  -31.704  2.526 0.5000000000
38003  -46.608  -33.608  0.400 0.6000000238
38002  -45.414  -33.388  0.474 0.6000000238
106254  -46.011  -34.242  0.279 0.5000000000
110556  -40.535  -33.747  2.079 0.5000000000
38001  -44.228  -33.215  0.780 0.5000000000
38877  -43.325  -32.696  1.154 0.5000000000
111280  -37.082  -32.927  3.550 0.4000000060
39730  -38.439  -31.538  3.301 0.5000000000
37978  -35.871  -33.466  4.043 0.4000000060
40612  -39.414  -30.292  3.011 0.5000000000
39741  -46.484  -31.961  2.497 0.6000000238
114979  -39.698  -30.997  2.749 0.5000000000
110503  -47.572  -31.816  1.957 0.6000000238
40614  -40.961  -30.017  2.336 0.5000000000
39760  -47.849  -32.351  0.890 0.6000000238
39759  -47.189  -32.056  0.554 0.6000000238
38880  -46.111  -32.600  0.454 0.6000000238
37997  -41.576  -32.989  1.682 0.5000000000
38879  -44.927  -32.666  0.631 0.6000000238
121395  -42.664  -32.260  1.386 0.5000000000
39750  -42.391  -31.472  1.558 0.5000000000
39729  -37.564  -31.359  3.767 0.4000000060
40601  -38.293  -30.738  3.557 0.5000000000
38852  -36.365  -32.631  3.923 0.4000000060
41498  -39.745  -29.552  2.953 0.5000000000
42390  -40.803  -28.745  2.534 0.5000000000
40613  -40.240  -30.316  2.593 0.5000000000
41500  -41.241  -29.403  2.313 0.5000000000
40617  -47.879  -30.054  1.872 0.6000000238
126168  -47.975  -30.713  1.778 0.6000000238
40623  -41.720  -30.100  2.057 0.5000000000
40622  -41.078  -30.809  2.218 0.5000000000
113279  -48.164  -29.762  1.250 0.6000000238
39758  -46.133  -31.583  0.496 0.6000000238
38873  -41.954  -32.273  1.615 0.5000000000
39757  -45.052  -31.911  0.651 0.5000000000
39749  -41.536  -31.569  1.887 0.5000000000
38874  -43.274  -31.812  1.233 0.5000000000
41491  -39.030  -29.674  3.359 0.5000000000
116231  -41.861  -28.036  2.265 0.6000000238
42399  -42.316  -28.727  1.990 0.5000000000
42393  -47.601  -28.538  2.011 0.6000000238
111366  -47.150  -31.200  0.524 0.6000000238
114892  -42.518  -29.640  1.748 0.5000000000
113723  -41.833  -30.903  1.875 0.5000000000
41509  -47.580  -29.142  0.780 0.6000000238
40624  -42.430  -30.547  1.669 0.5000000000
112158  -45.207  -31.139  0.695 0.5000000000
39751  -43.150  -30.944  1.358 0.5000000000
40632  -43.765  -30.350  1.222 0.5000000000
39728  -36.609  -31.680  4.083 0.4000000060
42389  -40.072  -28.772  2.899 0.4000000060
43281  -42.974  -27.415  1.765 0.6000000238
42400  -42.951  -28.294  1.708 0.6000000238
106566  -46.943  -28.696  0.742 0.6000000238
125137  -42.923  -28.987  1.645 0.5000000000
40625  -43.036  -30.210  1.480 0.5000000000
42407  -46.077  -28.099  0.858 0.6000000238
42401  -44.211  -29.092  1.230 0.5000000000
41490  -38.299  -29.884  3.762 0.5000000000
115521  -39.720  -28.026  3.196 0.4000000060
44164  -40.728  -26.795  2.694 0.5000000000
115723  -39.248  -28.807  3.380 0.4000000060
113203  -38.620  -29.201  3.693 0.4000000060
121127  -43.789  -27.172  1.466 0.6000000238
43282  -43.637  -27.915  1.493 0.6000000238
123028  -43.543  -28.702  1.469 0.5000000000
117202  -45.084  -27.986  1.104 0.5000000000
38863  -39.595  -32.454  2.619 0.5000000000
39748  -40.779  -31.645  2.217 0.5000000000
38872  -41.184  -32.312  1.925 0.5000000000
39727  -35.719  -31.915  4.299 0.4000000060
35208  -43.341  -36.234  5.192 0.4000000060
122827  -44.616  -32.942  2.839 0.6000000238
42392  -46.900  -27.957  2.500 0.6000000238
43276  -47.499  -27.771  1.715 0.6000000238
43284  -47.452  -27.812  1.239 0.6000000238
42408  -47.103  -27.897  0.918 0.6000000238
42403  -47.617  -28.494  0.973 0.6000000238
43283  -44.477  -27.539  1.270 0.6000000238
115899  -40.409  -28.052  2.783 0.5000000000
36185  -45.584  -35.378  2.282 0.5000000000
36187  -47.404  -35.048  1.256 0.5000000000
115194  -45.963  -36.983  0.123 0.5000000000
109595  -46.974  -34.378  0.290 0.6000000238
37999  -47.674  -34.095  0.856 0.6000000238
38867  -47.917  -32.101  1.325 0.6000000238
38878  -44.115  -32.255  0.912 0.5000000000
123444  -47.759  -31.583  0.710 0.6000000238
39752  -48.055  -31.459  0.996 0.6000000238
39756  -44.158  -31.254  1.006 0.5000000000
41510  -47.959  -29.128  1.047 0.6000000238
40634  -46.129  -30.596  0.550 0.6000000238
116628  -45.661  -29.824  0.687 0.6000000238
40633  -44.813  -30.344  0.863 0.6000000238
42406  -45.054  -28.678  1.004 0.5000000000
42358  -48.780  -28.233  7.114 0.3000000119
42352  -48.252  -29.186  7.113 0.3000000119
110029  -49.129  -28.973  6.714 0.3000000119
43245  -50.155  -27.600  6.134 0.3000000119
117351  -49.736  -29.177  6.338 0.3000000119
107821  -50.427  -28.222  5.882 0.3000000119
43260  -51.204  -27.659  4.735 0.3000000119
44133  -49.481  -26.732  6.607 0.3000000119
114247  -49.902  -26.977  6.299 0.3000000119
43246  -50.686  -27.612  5.472 0.3000000119
44154  -51.441  -26.890  4.193 0.3000000119
44141  -50.524  -26.026  5.299 0.3000000119
113017  -50.914  -26.823  4.989 0.3000000119
47923  -52.153  -22.474  3.095 0.3000000119
47922  -51.317  -22.514  3.382 0.3000000119
48755  -52.718  -22.122  3.729 0.3000000119
48745  -51.286  -21.622  4.425 0.3000000119
48734  -52.854  -21.368  5.284 0.3000000119
48754  -51.707  -22.024  3.753 0.3000000119
48733  -51.892  -21.439  5.250 0.3000000119
34216  -46.739  -37.509  0.728 0.4000000060
112886  -48.632  -29.870  6.733 0.3000000119
41471  -49.924  -29.884  6.018 0.3000000119
108870  -46.595  -38.039  0.726 0.4000000060
41484  -51.268  -29.327  4.626 0.3000000119
42377  -51.477  -28.432  4.346 0.3000000119
119431  -51.132  -25.910  4.397 0.3000000119
45115  -51.050  -24.936  4.023 0.3000000119
47069  -51.359  -23.550  3.169 0.3000000119
120596  -51.902  -23.712  2.559 0.3000000119
47076  -51.908  -22.987  2.693 0.3000000119
48747  -53.493  -21.626  4.523 0.3000000119
42366  -50.907  -28.540  5.231 0.3000000119
43261  -51.618  -27.688  4.059 0.3000000119
29060  -28.132  -42.341  4.920 0.4000000060
30083  -28.534  -41.690  5.223 0.3000000119
31156  -29.593  -40.817  4.145 0.3000000119
111789  -29.958  -40.359  5.218 0.3000000119
36188  -40.307  -35.935  2.089 0.4000000060
36189  -40.946  -35.839  1.784 0.4000000060
35227  -39.913  -36.525  2.248 0.4000000060
34213  -40.919  -37.370  1.732 0.4000000060
37080  -40.289  -34.359  2.143 0.4000000060
37081  -40.900  -34.373  1.872 0.4000000060
115317  -40.439  -35.119  2.054 0.4000000060
37082  -41.661  -34.310  1.592 0.4000000060
115903  -42.168  -35.020  1.421 0.4000000060
36191  -42.655  -35.802  1.251 0.4000000060
114782  -43.922  -35.175  0.670 0.4000000060
35230  -42.217  -36.571  1.393 0.4000000060
35232  -43.136  -36.596  1.045 0.4000000060
36166  -35.165  -35.737  5.373 0.3000000119
37995  -39.835  -33.906  2.332 0.4000000060
37085  -43.523  -34.412  0.960 0.4000000060
116189  -35.926  -34.355  4.121 0.3000000119
125861  -35.453  -34.440  4.545 0.3000000119
36193  -43.552  -35.857  0.792 0.4000000060
116232  -43.063  -35.060  1.098 0.4000000060
34212  -40.157  -37.317  2.059 0.4000000060
36184  -39.607  -35.639  2.429 0.4000000060
35228  -40.598  -36.587  1.912 0.4000000060
36190  -41.766  -35.802  1.528 0.4000000060
26267  -44.915  -45.883  6.565 0.3000000119
26268  -46.081  -45.748  6.238 0.3000000119
29054  -46.631  -43.436  6.061 0.3000000119
30076  -45.333  -42.123  6.037 0.3000000119
30086  -46.000  -41.506  5.647 0.3000000119
31166  -47.499  -40.740  4.445 0.3000000119
30115  -47.697  -41.237  4.011 0.3000000119
29098  -46.549  -41.835  3.137 0.3000000119
32194  -47.363  -40.191  4.030 0.3000000119
31168  -47.137  -40.162  3.300 0.3000000119
31182  -46.769  -40.567  2.656 0.3000000119
33198  -46.029  -38.355  4.323 0.3000000119
33204  -46.535  -38.907  3.606 0.3000000119
116034  -46.691  -39.470  2.914 0.3000000119
34200  -45.422  -37.896  3.892 0.3000000119
33210  -46.348  -38.747  2.266 0.3000000119
30085  -45.003  -41.263  5.839 0.3000000119
33209  -46.237  -38.122  2.162 0.3000000119
33203  -45.933  -38.382  3.142 0.3000000119
29062  -46.557  -42.490  5.778 0.3000000119
25280  -42.019  -46.053  7.121 0.4000000060
25296  -41.541  -46.517  6.498 0.4000000060
26266  -43.894  -45.949  6.844 0.4000000060
27169  -40.107  -44.284  8.317 0.4000000060
27183  -39.704  -44.787  7.938 0.3000000119
27184  -41.002  -45.111  7.851 0.4000000060
27185  -41.795  -44.938  7.853 0.4000000060
27200  -45.150  -45.191  6.695 0.4000000060
28102  -41.264  -43.719  8.040 0.4000000060
28115  -42.566  -43.564  7.430 0.4000000060
28127  -43.980  -43.270  6.809 0.4000000060
28130  -47.033  -44.366  5.914 0.3000000119
29022  -38.033  -42.616  9.610 0.3000000119
29042  -43.095  -43.015  6.948 0.4000000060
29052  -44.629  -42.693  6.423 0.4000000060
29053  -45.671  -43.037  6.277 0.3000000119
30047  -38.711  -41.213  9.135 0.3000000119
30059  -39.696  -41.111  7.988 0.3000000119
30060  -40.443  -41.370  7.588 0.4000000060
30101  -47.681  -41.614  4.645 0.3000000119
30114  -47.262  -41.581  3.517 0.3000000119
30131  -46.681  -41.200  2.859 0.3000000119
30132  -47.267  -40.881  3.333 0.3000000119
31125  -38.692  -40.098  8.448 0.3000000119
31138  -40.131  -40.505  7.404 0.4000000060
31150  -44.113  -40.939  5.963 0.4000000060
31169  -47.489  -40.624  3.848 0.3000000119
32095  -36.647  -39.925  11.081 0.3000000119
32096  -37.080  -40.016  10.428 0.3000000119
32112  -37.214  -39.339  9.987 0.3000000119
32156  -40.693  -39.771  6.887 0.4000000060
32171  -40.916  -38.833  6.786 0.4000000060
32172  -41.551  -39.311  6.532 0.4000000060
32173  -42.296  -39.738  6.300 0.4000000060
32193  -47.005  -39.588  3.899 0.3000000119
32200  -46.391  -39.259  1.929 0.3000000119
33122  -37.384  -38.673  9.578 0.3000000119
33145  -38.452  -38.508  8.329 0.3000000119
33165  -41.199  -37.996  6.848 0.4000000060
33192  -46.537  -39.061  4.670 0.3000000119
34144  -38.761  -37.141  8.298 0.3000000119
34160  -40.668  -37.417  7.210 0.3000000119
34175  -42.159  -37.753  6.566 0.4000000060
34211  -39.554  -37.158  2.347 0.4000000060
34215  -46.477  -37.385  1.559 0.5000000000
35096  -35.554  -36.578  13.513 0.3000000119
35128  -36.899  -35.783  11.050 0.3000000119
35148  -36.602  -37.085  10.969 0.3000000119
35160  -37.445  -36.401  9.867 0.3000000119
35173  -38.651  -36.334  8.614 0.3000000119
35189  -42.653  -35.721  6.381 0.4000000060
35201  -43.160  -35.987  6.023 0.5000000000
35225  -45.736  -36.341  2.130 0.4000000060
35229  -41.353  -36.578  1.623 0.4000000060
36032  -35.948  -34.797  15.214 0.3000000119
36062  -36.228  -35.320  12.445 0.3000000119
36080  -36.586  -35.570  11.676 0.3000000119
36112  -37.931  -35.727  9.618 0.3000000119
36114  -39.196  -34.892  9.059 0.3000000119
36129  -40.395  -35.074  8.232 0.3000000119
36161  -42.602  -35.618  5.324 0.5000000000
36169  -42.795  -35.886  4.301 0.5000000000
36176  -42.719  -35.287  3.608 0.4000000060
36177  -43.256  -35.710  3.344 0.4000000060
36186  -46.698  -35.633  1.681 0.5000000000
36192  -47.331  -35.771  0.908 0.5000000000
36196  -47.200  -35.603  0.447 0.5000000000
37012  -40.190  -33.945  8.934 0.3000000119
37046  -33.830  -34.851  6.358 0.5000000000
37052  -33.520  -33.895  6.324 0.5000000000
37061  -34.911  -34.173  4.880 0.5000000000
37062  -35.843  -34.983  4.467 0.3000000119
37063  -41.382  -34.324  4.592 0.5000000000
37076  -39.710  -34.670  2.374 0.4000000060
37086  -44.337  -34.597  0.580 0.5000000000
37088  -46.695  -35.157  0.079 0.6000000238
37842  -39.116  -33.376  15.729 0.3000000119
37863  -36.521  -33.567  14.019 0.3000000119
37880  -36.606  -33.715  13.202 0.3000000119
37881  -37.099  -33.191  12.762 0.3000000119
37895  -37.433  -33.460  11.905 0.3000000119
37914  -39.076  -33.053  10.291 0.3000000119
37925  -39.551  -33.300  9.697 0.3000000119
37959  -40.354  -33.066  5.896 0.3000000119
37971  -34.596  -33.334  4.753 0.5000000000
37996  -40.844  -33.036  2.005 0.5000000000
38004  -47.419  -33.915  0.565 0.6000000238
38713  -37.680  -32.586  14.995 0.3000000119
38714  -38.313  -32.917  15.500 0.3000000119
38725  -38.075  -32.001  14.610 0.3000000119
38795  -39.966  -32.847  9.308 0.3000000119
38805  -40.332  -32.573  8.122 0.3000000119
38831  -40.206  -32.684  6.628 0.3000000119
38842  -34.146  -32.596  4.908 0.5000000000
38844  -40.967  -32.580  4.525 0.5000000000
38851  -35.434  -32.680  4.257 0.5000000000
38853  -37.208  -32.238  3.660 0.4000000060
38854  -37.914  -32.071  3.409 0.5000000000
38862  -38.631  -32.471  3.041 0.5000000000
38864  -40.424  -32.381  2.281 0.5000000000
38881  -47.326  -33.011  0.576 0.6000000238
39695  -39.808  -32.024  7.379 0.3000000119
39712  -40.423  -31.001  4.953 0.6000000238
39721  -41.510  -31.729  4.221 0.6000000238
39733  -44.692  -31.056  3.134 0.6999999881
39742  -47.212  -30.896  2.319 0.6999999881
39743  -47.999  -31.271  1.585 0.6000000238
40488  -39.720  -30.508  14.339 0.3000000119
40500  -40.185  -29.887  14.035 0.3000000119
40560  -46.458  -30.373  8.750 0.3000000119
40569  -38.837  -30.382  7.417 0.4000000060
40599  -36.812  -30.800  4.251 0.5000000000
40602  -38.813  -30.303  3.365 0.5000000000
40603  -42.204  -31.117  3.959 0.6000000238
40604  -43.014  -31.146  3.658 0.6999999881
40616  -47.064  -29.975  2.441 0.6999999881
40626  -48.182  -30.578  1.230 0.6000000238
40635  -47.237  -30.452  0.569 0.6000000238
40636  -47.857  -30.879  0.753 0.6000000238
41390  -40.713  -29.325  13.638 0.3000000119
41460  -38.785  -29.559  6.974 0.5000000000
41461  -46.795  -29.710  7.787 0.3000000119
41464  -39.334  -29.518  6.201 0.5000000000
41472  -50.677  -29.578  5.380 0.3000000119
41488  -36.941  -29.948  4.367 0.5000000000
41499  -40.504  -29.464  2.577 0.5000000000
41502  -47.466  -29.297  2.258 0.6000000238
41503  -47.918  -29.191  1.586 0.6000000238
41507  -41.883  -29.332  2.107 0.5000000000
41508  -43.428  -29.543  1.421 0.5000000000
41515  -44.197  -29.769  1.149 0.5000000000
41516  -44.924  -29.466  0.921 0.6000000238
41517  -45.884  -29.066  0.753 0.6000000238
41518  -47.861  -29.923  0.813 0.6000000238
42299  -39.469  -28.002  11.843 0.3000000119
42338  -38.672  -27.810  8.968 0.4000000060
42339  -45.708  -28.820  8.601 0.4000000060
42351  -47.449  -29.424  7.440 0.3000000119
42357  -39.825  -28.729  6.060 0.6000000238
42359  -49.822  -28.400  6.394 0.3000000119
42363  -41.458  -28.540  5.038 0.6999999881
42365  -50.329  -28.976  5.956 0.3000000119
42374  -36.843  -28.186  4.554 0.4000000060
42376  -42.278  -28.372  4.599 0.6999999881
42380  -38.018  -29.132  4.121 0.5000000000
42384  -45.724  -27.969  3.134 0.6999999881
42394  -47.835  -28.449  1.363 0.6000000238
42402  -44.304  -28.329  1.284 0.5000000000
43197  -42.162  -26.961  11.044 0.4000000060
43229  -39.971  -26.603  6.960 0.5000000000
43272  -40.096  -27.256  3.021 0.6000000238
43273  -40.735  -27.487  2.665 0.6999999881
43274  -41.418  -27.285  2.424 0.6999999881
43291  -47.149  -27.282  1.155 0.6999999881
44089  -40.385  -26.417  10.455 0.4000000060
44118  -46.860  -26.166  8.582 0.4000000060
44131  -40.988  -26.149  6.340 0.6000000238
44137  -41.461  -25.716  6.071 0.6000000238
44158  -44.826  -26.703  3.647 0.8000000119
44177  -47.270  -26.992  1.433 0.6000000238
45130  -46.876  -25.593  1.886 0.6999999881
45138  -42.752  -25.205  1.873 0.6999999881
45139  -43.466  -24.871  1.494 0.6999999881
46027  -42.504  -24.331  9.744 0.5000000000
46045  -41.053  -24.351  7.949 0.6000000238
46054  -49.261  -24.256  6.090 0.4000000060
46059  -42.702  -24.534  5.396 0.6000000238
46072  -37.756  -24.292  5.312 0.6000000238
46073  -38.647  -24.485  5.106 0.6000000238
46074  -39.409  -24.556  4.491 0.6999999881
46098  -46.884  -23.981  1.054 0.6999999881
47010  -46.854  -24.014  8.593 0.4000000060
47011  -47.184  -23.564  8.194 0.4000000060
47081  -41.843  -23.248  2.314 0.6999999881
47091  -45.835  -23.118  0.687 0.8000000119
47855  -42.550  -22.246  9.156 0.5000000000
47858  -44.835  -22.707  9.492 0.5000000000
47916  -44.301  -22.297  3.792 0.6000000238
47917  -50.658  -22.310  3.872 0.4000000060
47920  -44.957  -22.337  3.181 0.6000000238
47937  -42.914  -22.323  1.701 0.6999999881
47939  -46.835  -22.296  1.004 0.6000000238
48690  -43.622  -21.766  9.434 0.5000000000
48704  -45.874  -21.743  8.655 0.4000000060
48746  -52.302  -21.742  4.477 0.3000000119
48763  -41.334  -21.773  2.656 0.6999999881
48772  -44.379  -21.280  1.035 0.6999999881
48781  -46.680  -21.763  0.872 0.6000000238
49527  -51.534  -21.043  5.931 0.4000000060
49559  -46.669  -21.079  0.993 0.6000000238
49565  -43.389  -20.831  1.427 0.6999999881
50345  -42.663  -19.165  7.046 0.5000000000
50370  -36.472  -19.878  5.000 0.5000000000
50382  -40.435  -19.173  3.845 0.6999999881
51242  -37.765  -18.137  5.264 0.6000000238
51256  -40.646  -18.531  3.402 0.6999999881
52121  -45.849  -17.386  1.153 0.6999999881
53038  -46.761  -16.356  5.769 0.5000000000
53061  -41.757  -16.502  2.331 0.6999999881
53065  -45.075  -16.022  1.328 0.6999999881
53959  -48.229  -15.839  10.189 0.4000000060
54810  -42.965  -14.188  8.377 0.5000000000
54819  -42.592  -14.485  7.806 0.6000000238
54834  -53.452  -14.900  5.839 0.3000000119
54861  -47.584  -13.295  4.043 0.6000000238
54868  -42.292  -14.208  2.000 0.6000000238
55678  -46.953  -12.916  3.496 0.6000000238
56516  -46.946  -12.452  4.541 0.5000000000
57323  -40.471  -11.709  9.869 0.6000000238
58265  -40.512  -10.528  2.182 0.6000000238
59899  -50.671  -8.578  6.898 0.3000000119
59903  -38.808  -8.483  6.136 0.5000000000
59918  -34.603  -8.290  3.852 0.5000000000
60646  -41.543  -7.850  11.636 0.3000000119
60718  -37.108  -6.307  2.513 0.3000000119
61579  -36.587  -5.710  2.580 0.3000000119
62422  -36.142  -5.232  2.959 0.3000000119
62424  -37.766  -5.277  3.046 0.3000000119
63128  -43.620  -4.689  11.733 0.3000000119
63939  -44.546  -2.818  11.241 0.3000000119
65641  -43.339  -1.720  3.315 0.3000000119
66447  -42.680  -0.229  1.821 0.3000000119
67228  -42.474  0.235  3.162 0.3000000119
67233  -45.329  0.136  2.276 0.3000000119
67234  -46.241  0.620  2.577 0.3000000119
67237  -42.379  0.413  1.272 0.3000000119
67241  -42.737  1.016  0.889 0.3000000119
104852  -42.973  -40.203  6.143 0.4000000060
105000  -42.712  -1.258  3.813 0.3000000119
106374  -34.242  -35.045  5.985 0.5000000000
106524  -50.373  -26.860  5.744 0.3000000119
107131  -46.379  -23.863  0.741 0.6999999881
107170  -38.779  -27.858  10.369 0.4000000060
107397  -41.223  -33.672  1.770 0.4000000060
107649  -35.323  -34.946  4.954 0.3000000119
107701  -38.351  -35.840  9.059 0.3000000119
110636  -46.788  -29.656  0.595 0.6000000238
111168  -42.468  -20.638  7.687 0.4000000060
111251  -47.035  -26.267  1.349 0.6999999881
111805  -43.378  -36.658  6.186 0.4000000060
112409  -40.441  -13.477  8.221 0.6000000238
113048  -46.950  -24.030  1.307 0.6999999881
113271  -39.608  -26.706  3.492 0.6000000238
113360  -36.397  -34.071  3.764 0.3000000119
114239  -38.862  -38.777  7.940 0.3000000119
114289  -41.300  -35.068  1.693 0.4000000060
114421  -42.507  -23.791  1.996 0.6999999881
114614  -46.927  -24.855  1.433 0.8000000119
114783  -42.469  -27.980  2.002 0.6000000238
115729  -40.361  -31.094  2.459 0.5000000000
115766  -44.864  -22.751  0.802 0.6000000238
115971  -37.349  -21.110  5.407 0.5000000000
115988  -37.024  -37.143  10.170 0.3000000119
116712  -35.882  -36.816  12.636 0.3000000119
116992  -40.355  -22.258  3.728 0.8000000119
117120  -42.253  -27.843  11.926 0.4000000060
117343  -37.604  -38.083  9.222 0.3000000119
117374  -47.619  -17.530  6.020 0.5000000000
117438  -44.352  -27.270  9.566 0.4000000060
118108  -49.355  -21.609  4.835 0.4000000060
119290  -46.615  -30.261  8.108 0.3000000119
119294  -41.917  -26.787  2.240 0.6999999881
120340  -39.245  -35.926  8.370 0.3000000119
120460  -43.078  -29.525  13.181 0.3000000119
120730  -39.925  -21.415  4.647 0.6999999881
121349  -44.308  -24.911  1.155 0.8000000119
122540  -40.089  -31.047  14.778 0.3000000119
122567  -39.735  -4.501  10.690 0.3000000119
122828  -38.702  -40.659  8.799 0.3000000119
123078  -44.004  -33.958  0.784 0.4000000060
123632  -40.755  -33.104  7.192 0.3000000119
123650  -45.624  -40.782  5.569 0.3000000119
123700  -41.499  -13.321  9.221 0.6000000238
123715  -42.297  -35.261  5.774 0.5000000000
123779  -39.248  -26.669  8.554 0.4000000060
124362  -40.112  -12.334  5.867 0.6000000238
124384  -38.570  -33.498  10.521 0.3000000119
124469  -48.898  -27.566  7.123 0.4000000060
124948  -49.306  -28.294  6.756 0.3000000119
125128  -38.795  -8.817  2.750 0.5000000000
125156  -44.360  -24.253  4.052 0.6999999881
125409  -44.308  -34.457  2.756 0.5000000000
125618  -43.770  -28.073  3.903 0.6999999881
126833  -47.702  -13.001  4.412 0.6000000238
126959  -39.879  -43.128  8.734 0.3000000119
126994  -45.675  -36.332  0.085 0.5000000000
