#!ascii label  , from subject sub-v2s0x29046_ses-1 vox2ras=TkReg
1408
58755  -40.270  -24.962  68.378 0.0000000000
67770  -52.731  -13.394  64.929 0.0000000000
62367  -45.894  -19.825  66.063 0.0000000000
36999  -6.568  -48.802  81.758 0.0000000000
54364  -38.033  -29.644  71.817 0.0000000000
127472  -21.004  -39.556  82.003 0.0000000000
133275  -31.067  -39.930  82.121 0.0000000000
49773  -34.940  -34.185  78.644 0.0000000000
143689  -38.800  -32.061  77.854 0.0000000000
42410  -15.281  -42.295  77.351 0.0000000000
45165  -16.436  -39.574  82.718 0.0000000000
46161  -18.048  -38.782  76.047 0.0000000000
127324  -27.372  -37.941  76.391 0.0000000000
49791  -29.804  -33.963  77.838 0.0000000000
58649  -41.580  -24.321  74.389 0.0000000000
57819  -45.336  -25.313  72.203 0.0000000000
64932  -50.059  -17.773  65.349 0.0000000000
60560  -43.358  -22.786  67.134 0.0000000000
68756  -51.201  -14.024  59.444 0.0000000000
33354  -4.085  -52.726  81.990 0.0000000000
54310  -41.226  -28.946  75.886 0.0000000000
57841  -38.291  -25.304  70.578 0.0000000000
133361  -22.999  -39.643  75.882 0.0000000000
44242  -25.989  -40.766  81.305 0.0000000000
60532  -48.316  -23.360  70.666 0.0000000000
125080  -58.757  -9.816  57.468 0.0000000000
120088  -32.762  -33.617  75.476 0.0000000000
50774  -35.233  -33.299  75.299 0.0000000000
44312  -16.194  -39.916  76.473 0.0000000000
50786  -27.995  -33.071  74.784 0.0000000000
139926  -30.300  -33.369  74.940 0.0000000000
50724  -32.044  -33.886  78.139 0.0000000000
58702  -40.705  -24.653  71.632 0.0000000000
58667  -42.936  -23.991  73.384 0.0000000000
57843  -42.448  -25.389  70.449 0.0000000000
66776  -52.125  -15.667  65.119 0.0000000000
65815  -52.440  -16.435  67.722 0.0000000000
126556  -54.865  -12.123  64.734 0.0000000000
36109  -5.942  -49.411  78.419 0.0000000000
140710  -5.389  -50.506  81.590 0.0000000000
52568  -38.350  -31.234  74.512 0.0000000000
144202  -40.198  -30.829  77.027 0.0000000000
55237  -39.097  -29.196  73.074 0.0000000000
56062  -39.588  -26.778  73.314 0.0000000000
56081  -38.156  -27.168  70.913 0.0000000000
135624  -18.658  -39.218  82.189 0.0000000000
45121  -18.065  -39.397  85.377 0.0000000000
120124  -20.240  -39.558  84.963 0.0000000000
119434  -23.117  -39.938  84.654 0.0000000000
125329  -21.825  -39.101  72.620 0.0000000000
119400  -24.098  -38.659  72.762 0.0000000000
46143  -29.055  -38.408  78.642 0.0000000000
122971  -27.077  -40.820  78.849 0.0000000000
44245  -28.763  -40.915  81.561 0.0000000000
43319  -27.639  -41.496  83.587 0.0000000000
40623  -10.758  -44.672  78.907 0.0000000000
41465  -10.862  -43.565  82.551 0.0000000000
41443  -9.590  -43.827  84.781 0.0000000000
61473  -44.955  -20.989  66.913 0.0000000000
59650  -45.863  -23.215  69.085 0.0000000000
61455  -47.070  -21.176  68.992 0.0000000000
72275  -59.635  -9.130  55.885 0.0000000000
36051  -5.666  -49.910  85.434 0.0000000000
49679  -36.562  -34.213  82.125 0.0000000000
50701  -38.045  -33.355  81.480 0.0000000000
120454  -36.609  -33.414  78.005 0.0000000000
51688  -37.429  -32.211  75.349 0.0000000000
42380  -14.497  -42.412  80.196 0.0000000000
43316  -14.407  -41.289  83.224 0.0000000000
126726  -15.866  -40.228  79.941 0.0000000000
45217  -17.280  -39.182  79.533 0.0000000000
120328  -19.827  -39.491  78.929 0.0000000000
46967  -26.337  -37.189  73.372 0.0000000000
49842  -26.877  -34.791  73.555 0.0000000000
48714  -28.430  -35.520  77.211 0.0000000000
47757  -29.878  -36.211  79.614 0.0000000000
49720  -31.239  -34.892  80.484 0.0000000000
49700  -33.312  -34.538  81.208 0.0000000000
120894  -13.810  -43.579  76.682 0.0000000000
56919  -42.782  -25.799  77.907 0.0000000000
57738  -45.239  -25.402  79.929 0.0000000000
133272  -44.116  -23.321  77.069 0.0000000000
60483  -45.849  -22.618  75.641 0.0000000000
64041  -48.549  -18.555  65.443 0.0000000000
63177  -48.423  -19.626  68.609 0.0000000000
137245  -50.300  -17.954  67.744 0.0000000000
30301  -0.480  -55.094  84.329 0.0000000000
59669  -41.893  -23.975  66.788 0.0000000000
61496  -42.255  -21.064  64.959 0.0000000000
64063  -45.793  -18.896  62.866 0.0000000000
64959  -47.820  -17.962  63.006 0.0000000000
65867  -49.101  -15.842  62.866 0.0000000000
67787  -50.642  -14.416  62.617 0.0000000000
68718  -52.310  -14.561  62.243 0.0000000000
68743  -49.833  -13.943  60.430 0.0000000000
34232  -5.191  -51.849  85.590 0.0000000000
33305  -3.251  -53.102  86.226 0.0000000000
31337  -0.925  -54.027  85.996 0.0000000000
55102  -42.698  -28.548  82.020 0.0000000000
52527  -39.557  -31.771  80.273 0.0000000000
142873  -41.251  -29.883  79.385 0.0000000000
56004  -42.521  -27.825  78.967 0.0000000000
56949  -41.079  -26.455  75.604 0.0000000000
57818  -39.966  -24.997  72.727 0.0000000000
122063  -38.684  -24.692  69.075 0.0000000000
140904  -15.591  -39.912  85.604 0.0000000000
138663  -20.997  -39.537  76.451 0.0000000000
45222  -21.933  -39.983  79.260 0.0000000000
45280  -25.327  -39.393  76.210 0.0000000000
44283  -24.496  -40.512  78.544 0.0000000000
129941  -23.343  -39.909  81.494 0.0000000000
119925  -24.932  -40.930  84.215 0.0000000000
126257  -7.758  -47.634  78.251 0.0000000000
142150  -9.002  -46.395  78.498 0.0000000000
38789  -7.967  -47.005  82.049 0.0000000000
58739  -44.652  -24.823  69.491 0.0000000000
58704  -46.752  -24.963  71.086 0.0000000000
120252  -50.070  -24.594  72.838 0.0000000000
61416  -49.323  -21.003  71.388 0.0000000000
68731  -54.696  -14.398  61.595 0.0000000000
68733  -56.046  -13.607  60.781 0.0000000000
135102  -58.313  -11.165  59.838 0.0000000000
69709  -57.076  -11.990  57.877 0.0000000000
71398  -59.876  -10.449  59.269 0.0000000000
120087  -32.446  -33.608  74.576 0.0000000000
120085  -32.895  -33.635  73.885 0.0000000000
50820  -32.548  -33.617  73.058 0.0000000000
135505  -30.125  -33.263  73.799 0.0000000000
50788  -30.962  -33.456  74.436 0.0000000000
142381  -32.037  -33.579  75.105 0.0000000000
58735  -40.378  -25.028  69.246 0.0000000000
58715  -41.773  -25.135  70.908 0.0000000000
57865  -41.761  -25.323  69.040 0.0000000000
66787  -52.265  -14.798  64.997 0.0000000000
66769  -53.337  -15.156  66.725 0.0000000000
134130  -53.265  -14.205  66.238 0.0000000000
68691  -53.970  -12.455  66.134 0.0000000000
69639  -53.628  -12.473  65.275 0.0000000000
36093  -6.242  -49.305  80.211 0.0000000000
125233  -5.745  -49.869  80.556 0.0000000000
128275  -6.058  -49.454  81.809 0.0000000000
53407  -38.515  -30.035  72.994 0.0000000000
53391  -38.818  -30.448  74.054 0.0000000000
54354  -38.703  -28.983  72.395 0.0000000000
55256  -38.872  -27.967  72.139 0.0000000000
54365  -38.368  -28.549  71.580 0.0000000000
43293  -11.786  -41.934  85.047 0.0000000000
45185  -20.114  -39.427  81.901 0.0000000000
45151  -19.178  -39.372  83.485 0.0000000000
45152  -20.582  -39.557  83.586 0.0000000000
120123  -21.159  -39.610  84.902 0.0000000000
142147  -22.030  -39.686  83.686 0.0000000000
45225  -30.175  -39.198  79.846 0.0000000000
44273  -29.376  -40.488  79.670 0.0000000000
44247  -30.475  -40.420  81.889 0.0000000000
44232  -29.458  -40.750  82.368 0.0000000000
41479  -12.306  -42.928  81.703 0.0000000000
41466  -11.651  -43.100  82.302 0.0000000000
42338  -10.873  -42.916  83.934 0.0000000000
55104  -43.839  -28.334  82.088 0.0000000000
62356  -45.404  -20.395  66.499 0.0000000000
61465  -46.011  -21.093  67.941 0.0000000000
62346  -46.375  -20.466  67.572 0.0000000000
49725  -36.026  -34.388  80.153 0.0000000000
49751  -36.818  -33.961  79.671 0.0000000000
119413  -35.920  -33.701  78.021 0.0000000000
50775  -36.037  -33.044  75.565 0.0000000000
51720  -36.115  -32.589  73.287 0.0000000000
52576  -36.867  -32.116  73.550 0.0000000000
42400  -14.778  -42.542  78.692 0.0000000000
43349  -14.987  -41.770  80.613 0.0000000000
43361  -15.523  -41.484  79.150 0.0000000000
46160  -17.311  -38.956  76.261 0.0000000000
121578  -16.747  -39.358  78.006 0.0000000000
138891  -17.442  -39.082  78.045 0.0000000000
45218  -18.229  -39.130  79.696 0.0000000000
121351  -18.848  -39.096  77.493 0.0000000000
49857  -26.603  -34.813  72.750 0.0000000000
50752  -28.727  -33.547  76.005 0.0000000000
49815  -27.973  -34.417  75.702 0.0000000000
48715  -28.942  -34.911  77.735 0.0000000000
47770  -28.830  -36.390  78.283 0.0000000000
48689  -29.815  -35.492  79.196 0.0000000000
48690  -30.283  -35.479  79.790 0.0000000000
49744  -30.592  -34.631  79.178 0.0000000000
49772  -33.601  -34.123  78.444 0.0000000000
49771  -32.672  -34.132  78.766 0.0000000000
49748  -34.273  -34.518  79.826 0.0000000000
49701  -34.978  -34.623  81.197 0.0000000000
138602  -14.824  -42.811  77.175 0.0000000000
130378  -41.811  -25.068  76.084 0.0000000000
58608  -42.934  -24.664  77.015 0.0000000000
128255  -42.494  -24.000  75.715 0.0000000000
141060  -44.371  -24.080  73.476 0.0000000000
59594  -44.299  -23.175  74.790 0.0000000000
59609  -45.618  -23.659  74.011 0.0000000000
59596  -46.809  -23.225  74.672 0.0000000000
58670  -46.006  -24.458  73.459 0.0000000000
64042  -49.301  -18.243  65.856 0.0000000000
64031  -49.330  -18.366  66.726 0.0000000000
64910  -50.505  -17.734  66.920 0.0000000000
65806  -53.967  -15.507  69.893 0.0000000000
64082  -47.040  -18.190  62.733 0.0000000000
64972  -46.569  -17.668  62.233 0.0000000000
66806  -47.752  -15.660  62.143 0.0000000000
66807  -48.562  -15.127  62.319 0.0000000000
66808  -49.467  -14.978  62.644 0.0000000000
67786  -49.174  -14.422  62.099 0.0000000000
67797  -50.597  -14.299  62.024 0.0000000000
34270  -4.412  -51.793  80.753 0.0000000000
123154  -2.953  -53.318  82.980 0.0000000000
122022  -5.651  -49.828  87.509 0.0000000000
35158  -5.417  -50.934  85.444 0.0000000000
35154  -5.221  -51.382  87.201 0.0000000000
133653  -3.767  -52.933  87.548 0.0000000000
32346  -2.477  -53.946  87.791 0.0000000000
144075  -1.703  -53.531  86.408 0.0000000000
31332  -1.875  -54.089  87.280 0.0000000000
30282  -1.564  -55.001  86.442 0.0000000000
51642  -38.678  -32.537  79.168 0.0000000000
51634  -39.151  -32.218  81.014 0.0000000000
51643  -39.331  -31.966  79.368 0.0000000000
54297  -41.009  -29.679  76.210 0.0000000000
133182  -40.708  -30.581  78.241 0.0000000000
54284  -41.640  -29.314  77.571 0.0000000000
55162  -42.096  -28.627  79.420 0.0000000000
55190  -41.862  -28.403  77.255 0.0000000000
56039  -41.788  -27.524  76.755 0.0000000000
55216  -41.096  -28.151  75.619 0.0000000000
56972  -38.882  -25.885  71.904 0.0000000000
56965  -39.658  -25.741  73.139 0.0000000000
57827  -39.132  -25.300  71.625 0.0000000000
58700  -39.321  -24.975  71.269 0.0000000000
57864  -38.163  -24.927  69.847 0.0000000000
44212  -15.338  -40.298  83.166 0.0000000000
44199  -14.698  -40.565  84.399 0.0000000000
45133  -16.030  -39.759  84.279 0.0000000000
45319  -22.300  -39.501  74.617 0.0000000000
45318  -21.460  -39.416  74.474 0.0000000000
131560  -22.080  -39.611  75.931 0.0000000000
45253  -21.356  -39.826  77.821 0.0000000000
45254  -22.289  -39.997  77.558 0.0000000000
46960  -26.645  -37.167  74.296 0.0000000000
46959  -25.950  -37.846  73.977 0.0000000000
46173  -26.512  -38.166  75.538 0.0000000000
120130  -26.787  -40.995  79.517 0.0000000000
44271  -26.195  -40.766  78.769 0.0000000000
141255  -25.633  -40.824  80.493 0.0000000000
122227  -24.041  -40.387  80.242 0.0000000000
138069  -24.675  -40.240  81.745 0.0000000000
44227  -24.544  -40.303  83.006 0.0000000000
44228  -25.348  -40.752  83.005 0.0000000000
48638  -31.919  -35.702  83.832 0.0000000000
39723  -9.600  -45.640  79.535 0.0000000000
38801  -9.158  -45.983  80.393 0.0000000000
38800  -8.584  -46.652  80.409 0.0000000000
40496  -8.799  -43.951  86.496 0.0000000000
59679  -42.602  -23.412  66.952 0.0000000000
58772  -42.970  -24.491  67.996 0.0000000000
59659  -43.925  -23.277  67.834 0.0000000000
59651  -46.728  -23.006  69.521 0.0000000000
58741  -46.197  -24.031  69.630 0.0000000000
59637  -47.709  -23.898  70.502 0.0000000000
121484  -48.021  -24.933  72.018 0.0000000000
58707  -49.578  -24.308  72.124 0.0000000000
63167  -49.477  -19.463  70.187 0.0000000000
62322  -48.491  -20.491  69.916 0.0000000000
63150  -49.613  -19.695  71.163 0.0000000000
68729  -52.131  -14.555  61.402 0.0000000000
68719  -53.508  -14.414  62.641 0.0000000000
119743  -52.773  -14.556  60.755 0.0000000000
68746  -55.327  -13.765  59.785 0.0000000000
68760  -56.078  -13.213  59.360 0.0000000000
69678  -57.306  -12.265  59.935 0.0000000000
69686  -56.722  -12.616  59.068 0.0000000000
71419  -57.767  -10.787  55.751 0.0000000000
70557  -56.230  -11.611  56.060 0.0000000000
70548  -58.279  -10.628  57.911 0.0000000000
70537  -58.472  -10.507  58.884 0.0000000000
72247  -59.514  -9.481  58.614 0.0000000000
72259  -59.650  -9.251  57.932 0.0000000000
71422  -61.147  -10.511  56.220 0.0000000000
121083  -33.848  -33.683  76.922 0.0000000000
50759  -34.805  -33.538  76.671 0.0000000000
50772  -33.761  -33.565  75.500 0.0000000000
50805  -34.280  -33.484  73.827 0.0000000000
43385  -15.852  -41.140  76.407 0.0000000000
51701  -28.192  -32.741  74.201 0.0000000000
50769  -29.017  -33.243  75.508 0.0000000000
50754  -30.306  -33.533  76.672 0.0000000000
50739  -30.469  -33.751  77.612 0.0000000000
50771  -31.139  -33.506  76.194 0.0000000000
50756  -32.581  -33.645  76.411 0.0000000000
58684  -41.151  -24.411  72.283 0.0000000000
58666  -42.133  -24.015  73.661 0.0000000000
58685  -42.089  -24.438  72.276 0.0000000000
120983  -42.890  -24.843  71.994 0.0000000000
125813  -44.039  -25.384  71.414 0.0000000000
65835  -51.272  -16.915  64.896 0.0000000000
64922  -51.293  -17.236  66.677 0.0000000000
65825  -52.437  -16.330  66.680 0.0000000000
65816  -53.498  -15.631  68.483 0.0000000000
69648  -55.597  -12.396  64.024 0.0000000000
35187  -4.811  -51.040  80.335 0.0000000000
34257  -4.644  -51.962  81.847 0.0000000000
52560  -38.560  -31.605  75.974 0.0000000000
53353  -39.592  -31.276  77.083 0.0000000000
52561  -39.161  -31.074  75.695 0.0000000000
138709  -40.122  -29.732  75.024 0.0000000000
54324  -40.426  -28.944  74.830 0.0000000000
55215  -40.606  -28.134  74.947 0.0000000000
138862  -39.617  -27.826  73.412 0.0000000000
56071  -38.829  -26.872  72.047 0.0000000000
56987  -37.936  -26.448  70.585 0.0000000000
135455  -17.728  -39.272  83.045 0.0000000000
45134  -16.857  -39.484  84.458 0.0000000000
120122  -18.323  -39.339  83.806 0.0000000000
45122  -18.900  -39.430  85.559 0.0000000000
45112  -22.498  -39.947  86.424 0.0000000000
46199  -23.281  -39.081  72.970 0.0000000000
45320  -23.871  -39.231  74.484 0.0000000000
46151  -27.978  -38.514  77.494 0.0000000000
45259  -27.329  -39.347  77.344 0.0000000000
45238  -28.375  -39.931  78.364 0.0000000000
142753  -28.182  -41.022  79.944 0.0000000000
44244  -27.729  -40.906  81.759 0.0000000000
44229  -26.328  -40.965  82.751 0.0000000000
44216  -27.891  -41.118  83.143 0.0000000000
119872  -12.062  -44.174  77.971 0.0000000000
40603  -11.377  -44.209  79.102 0.0000000000
40566  -9.997  -44.629  81.900 0.0000000000
39652  -9.561  -44.592  83.357 0.0000000000
40543  -9.839  -43.999  83.785 0.0000000000
60569  -43.792  -21.916  66.928 0.0000000000
60551  -44.680  -22.912  68.160 0.0000000000
60562  -44.939  -22.084  67.943 0.0000000000
60553  -46.150  -22.348  68.880 0.0000000000
127497  -47.354  -22.374  69.747 0.0000000000
68765  -50.596  -13.612  58.733 0.0000000000
68757  -52.148  -14.125  59.249 0.0000000000
68767  -52.556  -13.715  58.362 0.0000000000
71430  -58.483  -10.090  55.487 0.0000000000
72266  -59.666  -9.126  57.097 0.0000000000
71435  -58.450  -9.758  54.562 0.0000000000
120967  -59.237  -9.167  54.715 0.0000000000
36990  -7.030  -48.150  83.092 0.0000000000
36054  -6.299  -49.018  84.115 0.0000000000
123849  -37.798  -33.256  83.255 0.0000000000
49703  -37.242  -33.929  81.169 0.0000000000
50716  -37.621  -33.547  79.717 0.0000000000
51651  -37.767  -32.782  77.975 0.0000000000
143048  -35.601  -33.391  76.752 0.0000000000
51664  -36.923  -32.833  76.759 0.0000000000
51675  -37.504  -32.391  76.282 0.0000000000
52567  -37.749  -31.790  74.672 0.0000000000
53406  -37.862  -30.934  72.997 0.0000000000
42356  -13.391  -42.319  82.254 0.0000000000
43315  -13.690  -41.617  83.571 0.0000000000
43338  -14.152  -42.052  81.908 0.0000000000
138070  -15.194  -40.997  81.731 0.0000000000
45180  -16.013  -39.878  81.062 0.0000000000
45232  -16.035  -40.014  78.788 0.0000000000
45196  -16.259  -39.741  80.259 0.0000000000
45181  -16.623  -39.488  81.117 0.0000000000
45183  -18.223  -39.122  81.459 0.0000000000
45200  -18.984  -39.187  80.900 0.0000000000
45201  -20.472  -39.532  80.405 0.0000000000
48767  -26.797  -35.675  73.144 0.0000000000
47807  -27.387  -36.221  75.108 0.0000000000
50785  -27.437  -33.564  74.506 0.0000000000
48741  -27.676  -35.367  75.445 0.0000000000
138280  -27.956  -37.052  77.010 0.0000000000
46931  -28.590  -37.140  78.006 0.0000000000
129094  -29.482  -37.954  79.107 0.0000000000
46917  -30.524  -37.521  80.460 0.0000000000
46120  -31.252  -38.184  81.992 0.0000000000
46910  -30.792  -36.879  80.969 0.0000000000
47737  -31.304  -36.122  82.271 0.0000000000
48667  -32.047  -34.934  82.165 0.0000000000
49770  -31.674  -34.133  78.995 0.0000000000
49721  -32.437  -34.492  80.810 0.0000000000
139870  -33.334  -34.605  82.855 0.0000000000
49676  -34.083  -34.533  82.481 0.0000000000
120172  -12.860  -43.533  78.704 0.0000000000
56899  -43.139  -26.533  79.311 0.0000000000
58597  -43.661  -25.075  78.737 0.0000000000
58598  -44.402  -24.595  78.892 0.0000000000
59544  -45.425  -23.889  78.335 0.0000000000
59593  -43.459  -23.480  74.602 0.0000000000
59566  -44.690  -22.788  76.575 0.0000000000
63205  -47.233  -19.168  65.742 0.0000000000
63187  -47.446  -19.563  67.292 0.0000000000
63197  -48.102  -19.023  66.875 0.0000000000
64009  -49.510  -18.713  68.440 0.0000000000
63980  -50.365  -18.379  70.373 0.0000000000
64900  -51.660  -16.964  68.498 0.0000000000
64891  -51.227  -17.413  69.488 0.0000000000
58801  -40.418  -24.463  66.227 0.0000000000
119632  -41.045  -24.943  67.770 0.0000000000
59688  -40.397  -23.829  65.420 0.0000000000
143916  -41.468  -22.986  65.882 0.0000000000
60578  -41.707  -22.321  65.707 0.0000000000
137132  -42.844  -21.690  66.078 0.0000000000
61481  -43.882  -20.899  65.868 0.0000000000
62365  -44.362  -20.365  65.401 0.0000000000
62378  -44.851  -19.871  64.860 0.0000000000
63214  -46.272  -19.334  64.554 0.0000000000
64048  -46.898  -19.078  63.916 0.0000000000
64050  -48.419  -18.499  64.517 0.0000000000
64943  -48.960  -18.032  64.002 0.0000000000
65865  -47.550  -16.561  62.333 0.0000000000
65858  -48.841  -16.803  63.079 0.0000000000
65844  -50.210  -17.025  63.833 0.0000000000
65860  -50.496  -16.130  63.578 0.0000000000
66801  -51.403  -14.748  63.627 0.0000000000
136554  -51.798  -14.315  63.750 0.0000000000
68711  -52.691  -14.000  63.444 0.0000000000
67788  -51.307  -14.375  62.643 0.0000000000
68728  -50.880  -14.289  61.387 0.0000000000
122544  -50.797  -14.182  60.473 0.0000000000
68764  -49.579  -13.432  58.967 0.0000000000
136848  -5.590  -50.377  83.841 0.0000000000
34245  -5.319  -51.333  83.843 0.0000000000
34244  -5.057  -52.218  84.294 0.0000000000
34227  -4.923  -52.079  87.604 0.0000000000
33306  -4.146  -52.802  86.523 0.0000000000
33319  -3.903  -53.046  84.557 0.0000000000
135130  -2.364  -53.213  85.201 0.0000000000
137071  -1.186  -53.300  84.773 0.0000000000
137416  -0.393  -53.623  84.688 0.0000000000
31347  -0.959  -54.447  85.971 0.0000000000
134659  -43.224  -28.129  81.723 0.0000000000
52509  -40.276  -30.839  82.055 0.0000000000
52538  -40.321  -30.976  78.753 0.0000000000
53328  -40.672  -30.585  79.555 0.0000000000
54250  -41.609  -29.272  80.759 0.0000000000
120757  -42.088  -28.616  80.415 0.0000000000
56005  -42.921  -27.211  79.618 0.0000000000
56918  -42.557  -26.590  77.895 0.0000000000
57773  -41.960  -25.656  76.639 0.0000000000
56958  -40.955  -25.592  75.150 0.0000000000
56055  -40.342  -27.296  74.515 0.0000000000
57800  -40.552  -25.452  74.388 0.0000000000
57810  -40.870  -24.684  73.950 0.0000000000
58683  -40.375  -24.691  72.196 0.0000000000
129042  -39.789  -24.818  69.835 0.0000000000
58754  -39.385  -24.815  68.226 0.0000000000
55300  -36.927  -28.427  69.543 0.0000000000
56108  -37.288  -27.615  69.845 0.0000000000
124313  -37.290  -26.555  69.846 0.0000000000
57862  -36.881  -25.404  69.086 0.0000000000
57878  -37.106  -24.950  68.775 0.0000000000
58752  -37.621  -24.712  68.130 0.0000000000
58768  -38.284  -24.715  67.302 0.0000000000
58786  -38.903  -24.771  66.456 0.0000000000
121098  -16.844  -39.550  86.103 0.0000000000
46180  -18.436  -38.636  74.450 0.0000000000
45316  -19.953  -39.049  74.696 0.0000000000
45274  -19.669  -39.169  76.329 0.0000000000
45252  -20.432  -39.544  77.534 0.0000000000
45221  -21.087  -39.750  79.648 0.0000000000
138557  -21.341  -39.695  80.526 0.0000000000
46201  -25.626  -37.783  73.110 0.0000000000
46184  -24.628  -38.761  74.132 0.0000000000
45279  -24.638  -39.393  75.793 0.0000000000
45258  -26.154  -39.845  77.211 0.0000000000
45257  -25.217  -39.821  76.965 0.0000000000
140664  -23.775  -40.145  77.493 0.0000000000
44282  -23.642  -40.393  78.798 0.0000000000
44254  -23.167  -40.052  80.598 0.0000000000
135715  -22.227  -39.698  81.749 0.0000000000
45170  -23.289  -39.827  82.954 0.0000000000
137246  -23.824  -40.221  84.806 0.0000000000
37028  -6.779  -48.651  79.059 0.0000000000
37020  -7.182  -48.178  80.374 0.0000000000
39745  -9.856  -45.657  77.549 0.0000000000
38825  -8.544  -46.881  77.296 0.0000000000
37929  -8.253  -47.162  78.599 0.0000000000
37919  -7.692  -47.637  79.964 0.0000000000
125385  -7.606  -47.561  81.729 0.0000000000
37893  -7.441  -47.607  83.817 0.0000000000
39635  -8.663  -45.004  85.008 0.0000000000
58757  -42.581  -25.079  68.600 0.0000000000
58738  -43.859  -25.055  69.361 0.0000000000
57845  -44.553  -25.403  70.849 0.0000000000
142715  -45.542  -23.907  69.166 0.0000000000
58717  -45.889  -24.716  70.073 0.0000000000
57820  -46.073  -25.323  72.079 0.0000000000
58690  -47.429  -25.011  72.671 0.0000000000
62334  -47.411  -20.504  68.625 0.0000000000
61446  -48.046  -21.232  69.991 0.0000000000
139292  -48.948  -21.728  70.912 0.0000000000
68712  -53.415  -13.775  63.483 0.0000000000
68714  -54.971  -13.581  63.052 0.0000000000
69663  -55.768  -13.597  62.136 0.0000000000
67798  -54.202  -14.534  60.867 0.0000000000
68732  -55.401  -14.028  61.199 0.0000000000
69664  -56.163  -13.480  61.667 0.0000000000
71373  -57.189  -12.935  61.110 0.0000000000
71382  -58.066  -12.136  60.602 0.0000000000
69695  -56.549  -12.497  58.352 0.0000000000
70536  -57.878  -11.299  59.187 0.0000000000
71387  -58.771  -10.904  59.734 0.0000000000
71421  -60.664  -9.815  56.971 0.0000000000
120086  -32.086  -33.660  73.797 0.0000000000
50818  -30.901  -33.511  73.009 0.0000000000
50803  -31.266  -33.520  73.748 0.0000000000
50789  -31.700  -33.569  74.485 0.0000000000
58736  -41.056  -25.190  69.413 0.0000000000
121394  -41.061  -25.140  68.646 0.0000000000
67769  -52.237  -14.065  64.420 0.0000000000
67758  -52.661  -14.069  65.350 0.0000000000
68690  -53.189  -13.113  65.679 0.0000000000
67751  -53.879  -13.355  66.607 0.0000000000
68704  -53.026  -12.886  64.942 0.0000000000
37009  -6.685  -48.765  80.770 0.0000000000
36083  -6.188  -49.367  81.087 0.0000000000
120786  -37.788  -28.960  70.927 0.0000000000
42324  -12.133  -42.199  84.204 0.0000000000
43314  -12.905  -41.882  83.891 0.0000000000
45167  -20.504  -39.507  82.724 0.0000000000
129089  -21.400  -39.620  83.109 0.0000000000
45188  -30.988  -39.833  81.372 0.0000000000
44260  -30.399  -40.374  80.838 0.0000000000
45172  -30.771  -40.159  82.723 0.0000000000
42339  -11.640  -42.652  83.684 0.0000000000
62357  -46.113  -20.114  66.864 0.0000000000
49749  -35.207  -34.386  79.401 0.0000000000
49774  -35.637  -34.084  78.686 0.0000000000
50727  -35.112  -33.915  78.041 0.0000000000
50823  -35.309  -33.047  72.991 0.0000000000
51703  -35.615  -33.003  73.869 0.0000000000
42391  -15.187  -42.151  79.071 0.0000000000
42401  -15.419  -42.016  78.309 0.0000000000
45249  -17.125  -39.046  77.157 0.0000000000
45250  -18.020  -38.952  77.374 0.0000000000
45234  -18.393  -39.112  78.120 0.0000000000
45273  -18.686  -38.950  76.711 0.0000000000
49805  -28.957  -33.811  76.726 0.0000000000
136530  -29.240  -34.164  77.457 0.0000000000
49767  -29.560  -34.473  78.182 0.0000000000
48701  -29.929  -34.798  78.857 0.0000000000
49768  -30.299  -34.162  78.474 0.0000000000
50726  -34.378  -34.052  78.176 0.0000000000
136547  -34.322  -34.309  78.958 0.0000000000
49724  -35.079  -34.573  80.345 0.0000000000
42409  -14.811  -42.670  77.910 0.0000000000
58637  -41.486  -24.824  75.349 0.0000000000
57790  -42.099  -24.504  75.893 0.0000000000
132778  -42.081  -24.159  75.141 0.0000000000
58687  -44.635  -24.838  72.759 0.0000000000
58669  -45.126  -24.252  73.469 0.0000000000
58688  -45.607  -24.998  72.833 0.0000000000
64920  -49.946  -17.952  66.357 0.0000000000
64921  -50.676  -17.567  66.042 0.0000000000
65798  -54.238  -15.697  71.148 0.0000000000
64971  -45.844  -17.901  61.941 0.0000000000
67795  -48.466  -14.359  61.758 0.0000000000
68726  -48.992  -14.059  61.447 0.0000000000
34269  -3.934  -52.484  81.192 0.0000000000
33353  -3.359  -52.973  81.665 0.0000000000
33341  -3.589  -53.087  82.527 0.0000000000
35155  -5.423  -50.532  86.917 0.0000000000
138870  -5.459  -50.661  87.880 0.0000000000
30276  -2.730  -55.042  87.596 0.0000000000
51652  -38.424  -32.477  78.317 0.0000000000
51653  -39.047  -32.049  78.518 0.0000000000
53369  -41.262  -29.913  77.020 0.0000000000
54298  -41.522  -29.145  76.669 0.0000000000
55203  -41.536  -28.273  76.345 0.0000000000
57826  -38.634  -25.571  71.221 0.0000000000
58699  -38.828  -25.187  71.084 0.0000000000
124863  -15.789  -39.949  82.685 0.0000000000
45148  -15.900  -39.843  83.400 0.0000000000
132363  -23.089  -39.499  74.931 0.0000000000
45298  -22.442  -39.555  75.322 0.0000000000
45277  -22.421  -39.804  76.697 0.0000000000
45255  -23.061  -39.992  77.231 0.0000000000
46953  -26.808  -37.459  75.139 0.0000000000
46164  -26.850  -38.402  76.222 0.0000000000
44256  -26.457  -41.006  80.364 0.0000000000
44255  -25.849  -40.911  79.713 0.0000000000
121263  -25.011  -40.513  81.034 0.0000000000
135562  -25.275  -40.467  81.787 0.0000000000
44241  -24.937  -40.364  82.384 0.0000000000
126878  -25.757  -40.663  82.260 0.0000000000
39668  -9.022  -45.594  82.585 0.0000000000
123305  -42.695  -22.706  66.622 0.0000000000
59671  -43.189  -23.734  67.544 0.0000000000
60544  -47.536  -23.111  70.142 0.0000000000
59629  -48.105  -24.337  71.200 0.0000000000
59630  -49.143  -23.766  71.351 0.0000000000
63979  -49.969  -18.944  70.882 0.0000000000
120281  -51.870  -14.381  60.297 0.0000000000
69677  -56.742  -12.767  59.719 0.0000000000
136543  -56.086  -12.944  58.739 0.0000000000
71420  -58.505  -10.195  56.406 0.0000000000
70559  -58.074  -10.788  56.843 0.0000000000
71414  -58.749  -9.905  58.343 0.0000000000
72258  -59.159  -9.459  58.189 0.0000000000
131717  -59.314  -9.319  57.525 0.0000000000
50757  -33.362  -33.631  76.280 0.0000000000
50758  -34.090  -33.580  76.351 0.0000000000
50804  -33.631  -33.562  73.063 0.0000000000
120560  -33.571  -33.590  74.032 0.0000000000
51719  -28.598  -32.651  73.444 0.0000000000
50787  -29.446  -33.158  74.834 0.0000000000
134267  -29.671  -33.293  75.497 0.0000000000
50770  -30.344  -33.385  75.808 0.0000000000
120089  -31.945  -33.604  75.837 0.0000000000
50742  -33.155  -33.717  77.052 0.0000000000
121954  -41.629  -24.223  72.959 0.0000000000
133789  -41.497  -24.698  71.596 0.0000000000
57828  -42.435  -25.100  71.377 0.0000000000
137932  -43.074  -25.405  70.792 0.0000000000
57829  -43.329  -25.270  71.430 0.0000000000
65836  -51.805  -16.469  65.358 0.0000000000
65837  -52.380  -16.118  65.862 0.0000000000
66760  -53.913  -15.066  67.798 0.0000000000
66752  -54.718  -14.943  69.109 0.0000000000
126265  -5.322  -50.473  80.865 0.0000000000
129846  -5.312  -50.402  80.022 0.0000000000
35180  -4.941  -51.103  81.267 0.0000000000
35171  -5.191  -50.965  82.149 0.0000000000
138176  -38.648  -31.287  75.269 0.0000000000
53380  -39.021  -30.767  74.904 0.0000000000
54322  -39.239  -29.648  73.736 0.0000000000
53392  -39.480  -30.079  74.540 0.0000000000
54323  -39.862  -29.268  74.279 0.0000000000
55227  -40.116  -28.252  74.158 0.0000000000
54338  -39.569  -28.787  73.555 0.0000000000
55273  -38.478  -27.516  71.466 0.0000000000
56988  -38.434  -26.410  71.296 0.0000000000
45166  -17.930  -39.174  82.282 0.0000000000
135453  -18.541  -39.270  82.900 0.0000000000
121373  -19.834  -39.484  84.093 0.0000000000
120125  -19.393  -39.453  84.858 0.0000000000
119831  -22.151  -39.746  84.577 0.0000000000
45125  -21.832  -39.726  85.662 0.0000000000
45126  -22.700  -39.904  85.421 0.0000000000
46183  -23.933  -38.974  73.598 0.0000000000
46142  -28.522  -38.947  78.166 0.0000000000
45239  -29.043  -39.375  78.773 0.0000000000
122299  -29.065  -40.943  80.802 0.0000000000
44258  -28.876  -40.883  80.130 0.0000000000
121232  -28.173  -41.011  80.754 0.0000000000
44231  -28.317  -40.908  82.475 0.0000000000
44217  -28.820  -40.923  83.250 0.0000000000
40604  -12.085  -43.877  78.768 0.0000000000
41502  -11.674  -43.794  79.726 0.0000000000
41477  -11.175  -43.557  81.877 0.0000000000
40554  -10.112  -44.168  82.778 0.0000000000
41452  -10.532  -43.542  83.408 0.0000000000
42322  -10.625  -42.811  84.854 0.0000000000
61472  -44.214  -21.252  66.581 0.0000000000
61463  -44.554  -21.650  67.273 0.0000000000
61454  -46.404  -21.521  68.602 0.0000000000
61444  -46.830  -21.972  69.267 0.0000000000
68766  -51.535  -13.752  58.529 0.0000000000
71429  -57.460  -10.450  54.673 0.0000000000
36978  -6.852  -48.339  83.916 0.0000000000
36045  -5.933  -49.275  88.104 0.0000000000
120424  -37.506  -33.697  82.229 0.0000000000
50715  -36.508  -33.776  78.733 0.0000000000
50708  -37.298  -33.844  80.301 0.0000000000
131429  -37.236  -33.553  79.078 0.0000000000
50729  -37.972  -33.133  78.898 0.0000000000
50728  -37.204  -33.287  78.382 0.0000000000
120561  -34.598  -33.472  75.860 0.0000000000
125238  -35.406  -33.316  76.095 0.0000000000
51687  -36.600  -32.602  75.021 0.0000000000
51674  -36.772  -32.654  75.905 0.0000000000
52559  -37.984  -32.019  75.901 0.0000000000
52566  -37.124  -32.157  74.425 0.0000000000
122766  -37.240  -31.572  72.920 0.0000000000
42368  -14.286  -42.239  81.041 0.0000000000
43350  -15.572  -41.093  80.082 0.0000000000
43340  -15.352  -41.048  81.011 0.0000000000
44239  -15.607  -40.389  81.445 0.0000000000
44253  -15.749  -40.333  80.639 0.0000000000
44295  -15.952  -40.384  77.341 0.0000000000
45247  -16.204  -39.833  78.084 0.0000000000
139840  -16.993  -39.239  78.778 0.0000000000
45233  -16.475  -39.598  78.758 0.0000000000
45216  -16.657  -39.480  79.481 0.0000000000
45197  -16.915  -39.329  80.231 0.0000000000
45198  -17.413  -39.160  80.870 0.0000000000
121231  -17.555  -39.156  80.182 0.0000000000
45219  -19.267  -39.306  79.606 0.0000000000
143531  -18.851  -39.189  80.222 0.0000000000
135788  -19.608  -39.340  80.309 0.0000000000
120194  -19.854  -39.361  81.085 0.0000000000
45220  -20.155  -39.526  79.649 0.0000000000
48753  -27.053  -35.602  73.924 0.0000000000
47806  -27.093  -36.316  74.393 0.0000000000
48754  -27.340  -35.482  74.680 0.0000000000
51700  -27.580  -32.788  74.116 0.0000000000
50767  -27.926  -33.704  75.232 0.0000000000
48728  -28.100  -35.213  76.324 0.0000000000
47792  -27.710  -36.226  75.877 0.0000000000
47793  -28.027  -36.294  76.710 0.0000000000
47782  -28.373  -36.520  77.525 0.0000000000
47771  -29.357  -36.300  78.960 0.0000000000
46922  -29.637  -37.129  79.352 0.0000000000
46136  -30.009  -38.035  79.787 0.0000000000
124950  -30.932  -37.876  81.112 0.0000000000
134390  -30.475  -36.739  80.489 0.0000000000
49719  -30.719  -34.954  79.843 0.0000000000
48679  -30.802  -35.481  80.482 0.0000000000
48680  -31.241  -35.218  81.096 0.0000000000
48666  -31.514  -35.331  81.833 0.0000000000
49698  -31.754  -34.814  81.245 0.0000000000
50740  -31.473  -33.703  77.514 0.0000000000
50723  -31.110  -33.922  78.340 0.0000000000
49722  -33.318  -34.477  80.292 0.0000000000
49746  -32.316  -34.332  79.803 0.0000000000
49699  -32.536  -34.639  81.679 0.0000000000
134141  -33.329  -34.591  82.058 0.0000000000
123685  -34.149  -34.587  81.618 0.0000000000
122571  -35.715  -34.518  81.631 0.0000000000
49678  -35.619  -34.402  82.544 0.0000000000
49655  -36.177  -34.141  83.190 0.0000000000
41525  -13.297  -43.679  77.382 0.0000000000
42379  -13.591  -42.755  80.541 0.0000000000
128376  -42.922  -26.218  78.606 0.0000000000
57735  -43.210  -26.025  79.101 0.0000000000
57747  -43.165  -25.639  78.595 0.0000000000
58623  -43.397  -23.886  76.850 0.0000000000
59542  -43.856  -24.497  78.183 0.0000000000
59551  -44.033  -23.876  77.664 0.0000000000
59543  -44.653  -24.050  78.377 0.0000000000
59552  -44.906  -23.278  77.728 0.0000000000
59592  -42.888  -23.749  74.138 0.0000000000
59595  -45.404  -23.025  74.733 0.0000000000
60471  -45.481  -22.549  76.301 0.0000000000
59567  -45.652  -22.695  77.139 0.0000000000
60472  -46.248  -22.551  76.489 0.0000000000
60484  -46.689  -22.628  75.828 0.0000000000
59597  -47.747  -23.193  75.127 0.0000000000
63206  -47.950  -18.898  66.003 0.0000000000
63196  -47.471  -19.228  66.487 0.0000000000
122297  -49.704  -18.428  67.837 0.0000000000
64021  -49.368  -18.502  67.360 0.0000000000
64010  -50.058  -18.287  68.542 0.0000000000
129852  -50.450  -18.040  69.409 0.0000000000
65814  -51.632  -16.969  67.461 0.0000000000
65796  -52.071  -16.672  69.914 0.0000000000
31354  -0.029  -54.274  84.625 0.0000000000
31360  0.106  -54.773  83.980 0.0000000000
60577  -40.982  -22.884  65.399 0.0000000000
60567  -41.989  -23.039  66.325 0.0000000000
61479  -42.315  -21.648  65.634 0.0000000000
61480  -43.055  -21.172  65.532 0.0000000000
61497  -42.954  -20.745  64.815 0.0000000000
62377  -44.056  -20.094  64.622 0.0000000000
63212  -44.484  -19.634  63.929 0.0000000000
63213  -45.427  -19.498  64.256 0.0000000000
63231  -46.056  -19.177  63.655 0.0000000000
63215  -47.077  -19.156  64.827 0.0000000000
64065  -47.408  -18.578  63.403 0.0000000000
64066  -48.208  -18.363  63.671 0.0000000000
64960  -48.565  -17.665  63.328 0.0000000000
65866  -48.308  -16.199  62.587 0.0000000000
64961  -49.355  -17.337  63.618 0.0000000000
65859  -49.655  -16.480  63.334 0.0000000000
66809  -50.267  -14.786  62.920 0.0000000000
66800  -50.733  -15.211  63.392 0.0000000000
67779  -51.037  -14.500  63.125 0.0000000000
67780  -51.717  -14.318  63.214 0.0000000000
68727  -50.192  -14.158  61.197 0.0000000000
33340  -1.804  -53.331  82.041 0.0000000000
36060  -5.890  -49.660  83.351 0.0000000000
129128  -5.827  -49.753  84.392 0.0000000000
35160  -5.525  -50.622  84.608 0.0000000000
34237  -5.328  -51.576  84.780 0.0000000000
34236  -5.072  -52.264  84.993 0.0000000000
34223  -5.033  -52.096  88.344 0.0000000000
124371  -3.270  -53.100  87.029 0.0000000000
33310  -4.047  -52.931  85.473 0.0000000000
121765  -3.176  -53.138  85.314 0.0000000000
33318  -2.964  -53.247  84.479 0.0000000000
136325  -2.306  -53.233  85.997 0.0000000000
32350  -1.456  -53.893  86.615 0.0000000000
33309  -1.519  -53.355  85.501 0.0000000000
33304  -1.077  -53.706  85.866 0.0000000000
123401  -0.819  -53.508  85.112 0.0000000000
32355  -0.495  -53.800  85.218 0.0000000000
31346  -0.491  -54.120  85.342 0.0000000000
30283  -2.525  -55.566  86.707 0.0000000000
54221  -42.652  -28.976  82.621 0.0000000000
55103  -43.226  -28.416  82.151 0.0000000000
50696  -38.124  -33.135  82.334 0.0000000000
51617  -38.545  -32.655  83.017 0.0000000000
51626  -38.693  -32.614  81.861 0.0000000000
51627  -39.294  -31.951  81.833 0.0000000000
52517  -39.753  -31.445  81.288 0.0000000000
52508  -39.727  -31.406  82.401 0.0000000000
52547  -40.095  -31.068  77.838 0.0000000000
53341  -41.040  -30.186  78.754 0.0000000000
140740  -40.690  -30.597  78.816 0.0000000000
53316  -40.670  -30.421  80.662 0.0000000000
53329  -41.149  -29.882  80.196 0.0000000000
53317  -41.128  -29.828  81.074 0.0000000000
122250  -42.072  -28.579  78.635 0.0000000000
55163  -42.582  -27.947  79.987 0.0000000000
56909  -42.816  -26.917  78.756 0.0000000000
137368  -42.510  -27.336  78.233 0.0000000000
141272  -41.672  -26.987  76.507 0.0000000000
56934  -41.992  -26.632  76.989 0.0000000000
125883  -41.566  -26.448  76.282 0.0000000000
123578  -41.433  -25.654  75.878 0.0000000000
56063  -39.946  -27.302  73.875 0.0000000000
57817  -39.404  -25.467  72.340 0.0000000000
57809  -40.214  -25.159  73.579 0.0000000000
58682  -39.689  -24.995  71.946 0.0000000000
132892  -39.050  -24.760  69.899 0.0000000000
58712  -39.638  -24.797  70.658 0.0000000000
58734  -39.579  -24.816  69.109 0.0000000000
56107  -36.791  -27.331  69.263 0.0000000000
137124  -36.798  -25.972  69.306 0.0000000000
57001  -37.273  -25.615  69.686 0.0000000000
58751  -36.802  -24.756  67.993 0.0000000000
58733  -37.816  -24.773  68.983 0.0000000000
58769  -39.147  -24.795  67.333 0.0000000000
43296  -14.194  -41.077  83.995 0.0000000000
44188  -15.307  -40.046  84.946 0.0000000000
45135  -17.739  -39.364  84.562 0.0000000000
119832  -17.220  -39.454  85.275 0.0000000000
45296  -20.786  -39.336  75.154 0.0000000000
45317  -20.654  -39.238  74.270 0.0000000000
45275  -20.513  -39.364  76.017 0.0000000000
45251  -19.608  -39.261  77.156 0.0000000000
121296  -20.408  -39.424  76.759 0.0000000000
45237  -22.108  -40.062  78.407 0.0000000000
45236  -21.260  -39.883  78.754 0.0000000000
119411  -21.829  -39.836  79.961 0.0000000000
46975  -26.092  -37.197  72.664 0.0000000000
122032  -25.916  -38.500  75.294 0.0000000000
46185  -25.434  -38.514  74.619 0.0000000000
46172  -25.358  -38.996  75.472 0.0000000000
45300  -24.649  -39.096  74.970 0.0000000000
44300  -27.538  -39.980  77.964 0.0000000000
141842  -26.744  -39.600  77.226 0.0000000000
44299  -26.832  -40.002  77.603 0.0000000000
44270  -25.168  -40.724  79.108 0.0000000000
44284  -25.366  -40.522  78.247 0.0000000000
44297  -24.652  -40.264  77.688 0.0000000000
140416  -23.921  -40.355  78.113 0.0000000000
44240  -24.109  -40.175  81.148 0.0000000000
45187  -22.574  -39.796  81.305 0.0000000000
45169  -22.812  -39.746  82.139 0.0000000000
44213  -24.752  -40.629  83.599 0.0000000000
45155  -24.166  -40.239  83.588 0.0000000000
45138  -24.294  -40.452  84.215 0.0000000000
44215  -26.959  -41.292  83.138 0.0000000000
130980  -26.035  -41.162  83.327 0.0000000000
43318  -26.699  -41.584  83.577 0.0000000000
46114  -31.300  -38.076  82.985 0.0000000000
130231  -7.224  -48.175  79.470 0.0000000000
40659  -10.668  -45.071  77.429 0.0000000000
39746  -10.350  -45.157  78.271 0.0000000000
38811  -9.241  -46.142  78.886 0.0000000000
39735  -9.743  -45.638  78.574 0.0000000000
38819  -9.281  -46.139  78.136 0.0000000000
38826  -9.118  -46.381  77.231 0.0000000000
38818  -8.729  -46.692  78.054 0.0000000000
38810  -8.749  -46.627  78.882 0.0000000000
37911  -8.156  -46.979  81.224 0.0000000000
37920  -8.089  -47.198  80.412 0.0000000000
129133  -7.645  -47.624  80.842 0.0000000000
37902  -7.628  -47.435  82.727 0.0000000000
39636  -9.230  -44.647  84.249 0.0000000000
40516  -9.026  -44.270  85.367 0.0000000000
57724  -45.482  -26.052  80.324 0.0000000000
58770  -41.777  -24.618  67.455 0.0000000000
58756  -41.774  -25.042  68.199 0.0000000000
58771  -42.325  -24.752  67.891 0.0000000000
58759  -44.203  -24.498  68.804 0.0000000000
58758  -43.442  -24.817  68.638 0.0000000000
57868  -44.249  -25.285  70.082 0.0000000000
59661  -45.180  -23.451  68.682 0.0000000000
58718  -46.524  -24.570  70.400 0.0000000000
57846  -45.946  -25.084  70.783 0.0000000000
57832  -46.274  -25.242  71.478 0.0000000000
58689  -46.509  -25.103  72.726 0.0000000000
57821  -46.942  -25.209  71.885 0.0000000000
58691  -49.011  -24.797  72.610 0.0000000000
142680  -48.233  -24.895  72.810 0.0000000000
121040  -49.689  -24.751  73.492 0.0000000000
63176  -47.773  -19.841  68.232 0.0000000000
62307  -49.118  -20.418  70.842 0.0000000000
129609  -48.649  -21.168  70.549 0.0000000000
122120  -52.847  -14.376  62.838 0.0000000000
121269  -53.895  -14.647  61.837 0.0000000000
68720  -54.276  -14.095  62.699 0.0000000000
68721  -55.033  -14.072  62.042 0.0000000000
68745  -53.522  -14.396  60.113 0.0000000000
121131  -54.455  -14.159  59.965 0.0000000000
137417  -55.595  -13.841  60.518 0.0000000000
122027  -54.968  -14.177  60.663 0.0000000000
68722  -55.802  -13.753  61.435 0.0000000000
123460  -56.310  -13.273  60.733 0.0000000000
70504  -56.800  -13.077  61.444 0.0000000000
69665  -56.860  -12.900  61.122 0.0000000000
70518  -57.831  -11.877  60.235 0.0000000000
70511  -57.959  -12.019  60.482 0.0000000000
70512  -58.323  -11.936  60.380 0.0000000000
70519  -58.358  -11.518  60.090 0.0000000000
70546  -56.711  -11.887  56.974 0.0000000000
69708  -56.215  -12.355  57.565 0.0000000000
69696  -57.270  -12.006  58.724 0.0000000000
126872  -57.774  -11.310  58.360 0.0000000000
71396  -58.855  -10.273  59.373 0.0000000000
71397  -59.229  -10.445  59.499 0.0000000000
70529  -59.373  -11.068  59.696 0.0000000000
72267  -60.171  -9.165  56.593 0.0000000000
50790  -33.216  -33.599  74.685 0.0000000000
140818  -29.324  -32.936  73.618 0.0000000000
122901  -31.238  -33.506  75.246 0.0000000000
58713  -40.511  -24.944  70.172 0.0000000000
58714  -41.008  -24.880  70.941 0.0000000000
57842  -41.559  -25.320  70.070 0.0000000000
66777  -52.717  -15.185  65.788 0.0000000000
68679  -54.622  -12.854  66.825 0.0000000000
69628  -54.875  -11.974  66.271 0.0000000000
69629  -55.790  -11.859  66.191 0.0000000000
69640  -54.438  -12.009  65.448 0.0000000000
69647  -54.184  -12.375  64.737 0.0000000000
36101  -6.243  -49.241  79.213 0.0000000000
36092  -5.757  -49.809  79.716 0.0000000000
36082  -5.726  -49.941  81.371 0.0000000000
36071  -5.687  -50.037  82.269 0.0000000000
52578  -38.273  -30.874  73.664 0.0000000000
55272  -38.074  -28.015  70.887 0.0000000000
42305  -11.035  -42.295  85.412 0.0000000000
122040  -19.433  -39.353  82.608 0.0000000000
133012  -19.891  -39.458  83.303 0.0000000000
45136  -20.617  -39.557  84.306 0.0000000000
141249  -21.319  -39.624  84.019 0.0000000000
46135  -29.623  -38.826  79.193 0.0000000000
45224  -29.611  -39.782  79.368 0.0000000000
45204  -30.103  -40.137  80.020 0.0000000000
44259  -29.625  -40.651  80.415 0.0000000000
44246  -29.684  -40.754  81.278 0.0000000000
44233  -30.218  -40.474  82.737 0.0000000000
41453  -11.221  -43.083  83.129 0.0000000000
42323  -11.364  -42.495  84.509 0.0000000000
62355  -44.650  -20.650  66.179 0.0000000000
62345  -45.676  -20.715  67.248 0.0000000000
62333  -46.710  -20.808  68.274 0.0000000000
49702  -36.377  -34.385  81.073 0.0000000000
49726  -36.781  -34.152  80.472 0.0000000000
50792  -34.949  -33.338  74.439 0.0000000000
51686  -35.825  -33.002  74.720 0.0000000000
51704  -36.372  -32.590  74.147 0.0000000000
42390  -14.657  -42.466  79.410 0.0000000000
43360  -15.148  -41.964  79.765 0.0000000000
45272  -16.712  -39.274  76.459 0.0000000000
45248  -16.444  -39.531  77.250 0.0000000000
120488  -17.790  -39.072  78.848 0.0000000000
120467  -18.844  -39.229  78.876 0.0000000000
45235  -19.509  -39.360  78.068 0.0000000000
50768  -28.439  -33.384  75.350 0.0000000000
49816  -28.281  -33.777  75.744 0.0000000000
49804  -28.378  -34.131  76.301 0.0000000000
125219  -28.628  -34.555  76.994 0.0000000000
48699  -28.710  -35.730  77.883 0.0000000000
48700  -29.245  -35.391  78.490 0.0000000000
47758  -30.325  -36.130  80.205 0.0000000000
140437  -30.266  -35.032  79.384 0.0000000000
50725  -32.949  -33.928  77.867 0.0000000000
49747  -33.426  -34.336  79.341 0.0000000000
49723  -34.197  -34.595  80.739 0.0000000000
123152  -35.661  -34.541  80.867 0.0000000000
41526  -14.141  -43.195  77.484 0.0000000000
41516  -14.148  -42.963  78.393 0.0000000000
41504  -14.210  -42.792  79.039 0.0000000000
57759  -42.613  -25.352  77.182 0.0000000000
57774  -42.313  -24.883  76.544 0.0000000000
58622  -42.683  -24.255  76.342 0.0000000000
59564  -43.048  -23.640  75.971 0.0000000000
58668  -43.695  -24.261  73.077 0.0000000000
59608  -43.766  -23.722  73.900 0.0000000000
127133  -44.751  -23.589  74.039 0.0000000000
60491  -46.308  -22.838  75.073 0.0000000000
130168  -46.096  -23.249  74.478 0.0000000000
59610  -46.436  -23.791  74.012 0.0000000000
59611  -47.367  -23.925  74.168 0.0000000000
64030  -48.661  -18.594  66.372 0.0000000000
64909  -49.853  -18.159  67.156 0.0000000000
65805  -52.786  -16.201  69.146 0.0000000000
65797  -53.145  -16.012  70.636 0.0000000000
133101  -57.464  -13.106  61.750 0.0000000000
64080  -45.461  -18.456  62.242 0.0000000000
64064  -46.615  -18.782  63.125 0.0000000000
64081  -46.248  -18.358  62.485 0.0000000000
64973  -47.326  -17.423  62.508 0.0000000000
66799  -49.928  -15.538  63.133 0.0000000000
123337  -49.946  -14.440  62.374 0.0000000000
67796  -49.708  -14.201  61.737 0.0000000000
120707  -49.493  -14.006  61.091 0.0000000000
135618  -2.742  -53.260  82.236 0.0000000000
135755  -2.106  -53.331  82.944 0.0000000000
36049  -5.670  -49.762  86.528 0.0000000000
120740  -5.484  -50.453  86.098 0.0000000000
35157  -5.297  -51.239  86.283 0.0000000000
33296  -3.713  -53.232  88.209 0.0000000000
33300  -2.907  -53.492  87.624 0.0000000000
135875  -2.457  -53.337  86.837 0.0000000000
32345  -2.036  -53.720  87.165 0.0000000000
31338  -1.400  -54.269  86.652 0.0000000000
31339  -1.947  -54.657  87.211 0.0000000000
123984  -38.317  -33.066  79.863 0.0000000000
51633  -38.544  -32.910  80.806 0.0000000000
130476  -38.953  -32.439  80.086 0.0000000000
134991  -40.606  -30.338  76.600 0.0000000000
53354  -40.713  -30.484  77.423 0.0000000000
53355  -41.218  -30.009  77.925 0.0000000000
122288  -41.686  -29.381  78.668 0.0000000000
54260  -41.667  -29.296  79.798 0.0000000000
55177  -41.928  -28.805  78.017 0.0000000000
56017  -42.158  -28.062  78.101 0.0000000000
56028  -42.152  -27.420  77.535 0.0000000000
56047  -41.384  -27.317  76.053 0.0000000000
56973  -39.199  -26.275  72.624 0.0000000000
58711  -38.828  -24.972  70.608 0.0000000000
44211  -14.928  -40.839  82.951 0.0000000000
125440  -14.802  -40.702  83.622 0.0000000000
44200  -15.344  -40.192  83.974 0.0000000000
120128  -18.352  -39.470  86.326 0.0000000000
138163  -17.604  -39.462  85.945 0.0000000000
45336  -22.036  -39.406  73.853 0.0000000000
130837  -21.733  -39.275  73.268 0.0000000000
45297  -21.729  -39.508  75.232 0.0000000000
126436  -21.292  -39.514  75.889 0.0000000000
123101  -21.107  -39.635  77.040 0.0000000000
122712  -21.757  -39.805  77.127 0.0000000000
46186  -26.239  -37.973  74.793 0.0000000000
46163  -26.079  -38.868  76.019 0.0000000000
44285  -26.938  -40.510  78.215 0.0000000000
44269  -24.260  -40.537  79.396 0.0000000000
120131  -24.900  -40.696  80.081 0.0000000000
140714  -24.508  -40.447  80.626 0.0000000000
45171  -23.989  -39.975  82.255 0.0000000000
44214  -25.323  -40.993  83.593 0.0000000000
39724  -10.252  -44.899  79.774 0.0000000000
39736  -10.137  -45.188  79.018 0.0000000000
39711  -9.719  -45.329  80.430 0.0000000000
129762  -8.946  -46.349  79.624 0.0000000000
38790  -8.775  -46.292  81.169 0.0000000000
122208  -8.465  -46.527  81.915 0.0000000000
38781  -8.209  -46.683  82.661 0.0000000000
41429  -9.372  -43.584  85.886 0.0000000000
59670  -42.468  -24.202  67.396 0.0000000000
130624  -43.717  -24.122  68.163 0.0000000000
59636  -47.000  -23.875  70.150 0.0000000000
58719  -47.272  -24.484  70.767 0.0000000000
58705  -47.429  -24.794  71.375 0.0000000000
58706  -48.787  -24.579  71.831 0.0000000000
63166  -48.863  -19.666  69.426 0.0000000000
63149  -49.097  -19.962  70.277 0.0000000000
120320  -52.983  -14.671  61.863 0.0000000000
68730  -53.479  -14.653  61.075 0.0000000000
68747  -56.104  -13.420  60.082 0.0000000000
69668  -56.658  -12.970  60.371 0.0000000000
69687  -57.348  -12.066  59.428 0.0000000000
70568  -56.774  -11.070  55.353 0.0000000000
70558  -57.228  -11.384  56.341 0.0000000000
70547  -57.562  -11.399  57.376 0.0000000000
71404  -58.976  -9.747  58.870 0.0000000000
72239  -59.362  -9.916  59.151 0.0000000000
72240  -59.856  -9.769  58.879 0.0000000000
72276  -60.309  -9.117  55.455 0.0000000000
71431  -60.707  -9.553  56.146 0.0000000000
50743  -34.492  -33.745  77.378 0.0000000000
142475  -34.292  -33.620  76.834 0.0000000000
50773  -34.479  -33.469  75.157 0.0000000000
50791  -34.012  -33.531  74.619 0.0000000000
50806  -34.978  -33.291  73.649 0.0000000000
43376  -15.675  -41.492  77.434 0.0000000000
137135  -16.502  -39.531  75.871 0.0000000000
46169  -17.507  -38.845  75.483 0.0000000000
51718  -27.738  -32.492  73.514 0.0000000000
51702  -29.033  -32.877  74.176 0.0000000000
51685  -28.633  -33.054  74.839 0.0000000000
50753  -29.474  -33.449  76.217 0.0000000000
50738  -29.661  -33.757  77.105 0.0000000000
121429  -31.044  -33.575  76.947 0.0000000000
50755  -31.789  -33.615  76.675 0.0000000000
50741  -32.359  -33.723  77.258 0.0000000000
126854  -33.744  -33.863  77.630 0.0000000000
58665  -41.387  -24.299  73.577 0.0000000000
142097  -42.319  -24.161  72.993 0.0000000000
58686  -42.909  -24.415  72.693 0.0000000000
58703  -43.737  -25.014  72.193 0.0000000000
57830  -44.734  -25.395  71.768 0.0000000000
64933  -50.814  -17.380  65.301 0.0000000000
64934  -51.305  -17.082  65.723 0.0000000000
65824  -51.835  -16.666  66.183 0.0000000000
66768  -52.788  -15.784  66.424 0.0000000000
65826  -53.067  -15.796  67.250 0.0000000000
66746  -54.952  -15.230  70.364 0.0000000000
69630  -56.611  -11.698  65.425 0.0000000000
69649  -56.264  -12.649  63.361 0.0000000000
69659  -55.947  -13.040  63.031 0.0000000000
35196  -5.309  -50.236  79.326 0.0000000000
35195  -4.723  -50.852  79.301 0.0000000000
142933  -38.689  -31.708  76.553 0.0000000000
125670  -38.857  -31.767  77.135 0.0000000000
52554  -39.125  -31.392  76.447 0.0000000000
53368  -39.828  -30.790  76.280 0.0000000000
53381  -39.673  -30.437  75.363 0.0000000000
53382  -40.405  -30.140  75.775 0.0000000000
54309  -40.694  -29.380  75.497 0.0000000000
139965  -40.828  -28.733  75.337 0.0000000000
138473  -39.211  -28.373  72.866 0.0000000000
56072  -39.212  -27.346  72.740 0.0000000000
137041  -38.199  -25.794  70.803 0.0000000000
122699  -17.044  -39.350  83.113 0.0000000000
45149  -16.602  -39.543  83.618 0.0000000000
45150  -17.377  -39.362  83.762 0.0000000000
120675  -19.052  -39.393  84.186 0.0000000000
120126  -18.578  -39.399  84.708 0.0000000000
46198  -22.433  -39.261  73.152 0.0000000000
45337  -23.010  -39.371  73.924 0.0000000000
45299  -23.867  -39.445  75.387 0.0000000000
46939  -27.763  -37.799  76.904 0.0000000000
45282  -27.335  -38.540  76.839 0.0000000000
45260  -27.946  -39.352  77.871 0.0000000000
44286  -27.695  -40.529  78.547 0.0000000000
45223  -28.944  -40.200  79.038 0.0000000000
44287  -28.313  -40.539  78.895 0.0000000000
120299  -27.736  -40.898  79.323 0.0000000000
44257  -27.410  -41.104  80.146 0.0000000000
121233  -27.079  -40.999  81.061 0.0000000000
44243  -26.705  -40.806  82.010 0.0000000000
44230  -27.310  -40.972  82.584 0.0000000000
43320  -28.407  -41.265  83.684 0.0000000000
40624  -11.457  -44.379  78.388 0.0000000000
40602  -10.930  -44.321  79.701 0.0000000000
40585  -11.061  -44.014  80.423 0.0000000000
40584  -10.573  -44.482  80.298 0.0000000000
39669  -9.530  -44.915  82.641 0.0000000000
138986  -10.253  -43.405  84.330 0.0000000000
41430  -9.954  -43.175  85.309 0.0000000000
61471  -43.084  -22.106  66.557 0.0000000000
60561  -44.192  -22.410  67.567 0.0000000000
60552  -45.433  -22.634  68.486 0.0000000000
61464  -45.298  -21.373  67.606 0.0000000000
61453  -45.698  -21.819  68.253 0.0000000000
72265  -59.128  -9.440  56.568 0.0000000000
72274  -59.117  -9.424  55.485 0.0000000000
72283  -58.443  -9.190  53.870 0.0000000000
127707  -6.686  -48.620  82.577 0.0000000000
36061  -6.500  -48.833  83.267 0.0000000000
50709  -37.884  -33.492  80.554 0.0000000000
51666  -38.285  -32.284  77.509 0.0000000000
50744  -35.342  -33.611  77.361 0.0000000000
50745  -36.267  -33.315  77.266 0.0000000000
50760  -36.193  -33.100  76.387 0.0000000000
50746  -37.086  -33.039  77.585 0.0000000000
51665  -37.633  -32.552  77.130 0.0000000000
51676  -38.224  -32.061  76.641 0.0000000000
119631  -38.137  -31.718  75.272 0.0000000000
52577  -37.651  -31.546  73.820 0.0000000000
53418  -37.870  -30.419  72.359 0.0000000000
42341  -13.165  -42.152  83.066 0.0000000000
43329  -13.934  -41.831  82.743 0.0000000000
43330  -14.705  -41.347  82.355 0.0000000000
43339  -14.789  -41.606  81.456 0.0000000000
136280  -15.369  -40.493  82.324 0.0000000000
45164  -16.012  -39.796  81.887 0.0000000000
43369  -15.834  -40.835  78.358 0.0000000000
44266  -15.818  -40.566  79.297 0.0000000000
45215  -16.148  -39.845  79.420 0.0000000000
130813  -16.690  -39.456  81.954 0.0000000000
45182  -17.311  -39.219  81.683 0.0000000000
45199  -18.186  -39.109  80.564 0.0000000000
45184  -19.202  -39.258  81.701 0.0000000000
45202  -20.742  -39.541  81.224 0.0000000000
48785  -26.405  -35.145  71.898 0.0000000000
48777  -26.565  -35.673  72.459 0.0000000000
47814  -26.783  -36.430  73.620 0.0000000000
135619  -27.058  -36.829  74.878 0.0000000000
47800  -27.324  -36.952  75.496 0.0000000000
50802  -27.086  -33.117  73.810 0.0000000000
49827  -27.180  -34.671  74.284 0.0000000000
49828  -27.562  -34.511  75.009 0.0000000000
46946  -27.629  -37.155  76.303 0.0000000000
125499  -28.574  -37.976  78.058 0.0000000000
46932  -29.052  -37.326  78.637 0.0000000000
46126  -30.658  -38.549  80.444 0.0000000000
46119  -31.124  -38.920  81.186 0.0000000000
45189  -31.310  -39.260  81.959 0.0000000000
46911  -31.035  -37.003  81.722 0.0000000000
47747  -30.683  -36.201  80.699 0.0000000000
47736  -31.048  -35.957  81.311 0.0000000000
48652  -31.827  -35.428  82.823 0.0000000000
48653  -32.301  -34.984  82.852 0.0000000000
49769  -30.954  -34.260  78.948 0.0000000000
49745  -31.268  -34.518  79.700 0.0000000000
131131  -31.739  -34.570  80.449 0.0000000000
49675  -32.681  -34.736  82.484 0.0000000000
141661  -33.317  -34.673  83.523 0.0000000000
49677  -34.912  -34.558  82.063 0.0000000000
49653  -34.784  -34.420  82.966 0.0000000000
40643  -12.494  -44.160  77.187 0.0000000000
41514  -12.715  -43.817  78.036 0.0000000000
41515  -13.445  -43.394  78.176 0.0000000000
41503  -13.498  -43.157  79.047 0.0000000000
139389  -12.942  -42.663  81.816 0.0000000000
56900  -43.485  -26.192  79.731 0.0000000000
58596  -43.168  -25.069  77.864 0.0000000000
58587  -44.881  -24.865  79.437 0.0000000000
58599  -45.150  -24.433  78.772 0.0000000000
58650  -42.284  -23.934  74.450 0.0000000000
59579  -42.803  -23.680  75.048 0.0000000000
59565  -43.795  -23.234  76.270 0.0000000000
140071  -44.223  -22.935  75.689 0.0000000000
59553  -45.913  -23.233  77.904 0.0000000000
60485  -47.496  -22.799  75.892 0.0000000000
63204  -46.472  -19.435  65.487 0.0000000000
63195  -46.739  -19.576  66.472 0.0000000000
63188  -48.380  -19.253  67.812 0.0000000000
64020  -48.808  -18.694  67.200 0.0000000000
63189  -49.113  -18.774  67.877 0.0000000000
63178  -48.975  -19.128  68.598 0.0000000000
63999  -49.701  -18.850  69.447 0.0000000000
140720  -50.400  -18.507  71.103 0.0000000000
64911  -51.042  -17.478  67.608 0.0000000000
64899  -50.781  -17.710  68.507 0.0000000000
64890  -50.876  -17.735  70.356 0.0000000000
32361  0.332  -53.683  84.024 0.0000000000
58787  -40.161  -24.835  67.318 0.0000000000
124336  -41.141  -24.530  66.857 0.0000000000
59678  -41.212  -23.730  66.081 0.0000000000
60568  -42.422  -22.224  66.178 0.0000000000
61478  -41.697  -21.583  65.174 0.0000000000
120582  -43.471  -21.489  66.274 0.0000000000
62364  -43.603  -20.591  65.112 0.0000000000
62366  -45.134  -20.112  65.706 0.0000000000
63203  -45.673  -19.666  65.166 0.0000000000
64040  -47.818  -18.863  65.112 0.0000000000
64049  -47.674  -18.819  64.200 0.0000000000
64051  -49.204  -18.162  64.896 0.0000000000
64944  -49.765  -17.654  64.359 0.0000000000
65864  -46.794  -16.847  62.090 0.0000000000
64974  -48.091  -17.146  62.768 0.0000000000
64945  -50.574  -17.308  64.608 0.0000000000
65845  -50.944  -16.570  64.199 0.0000000000
65846  -51.623  -16.121  64.574 0.0000000000
66785  -51.222  -15.658  63.898 0.0000000000
66786  -51.781  -15.022  64.324 0.0000000000
68703  -52.800  -13.482  64.186 0.0000000000
67781  -52.208  -14.032  63.588 0.0000000000
68710  -52.123  -14.352  62.869 0.0000000000
68717  -51.525  -14.427  62.001 0.0000000000
136026  -51.415  -14.404  61.109 0.0000000000
68755  -50.241  -13.857  59.597 0.0000000000
36072  -6.210  -49.214  82.513 0.0000000000
35166  -5.432  -50.637  83.052 0.0000000000
138470  -5.049  -51.627  82.865 0.0000000000
135796  -4.961  -52.184  83.541 0.0000000000
33342  -4.479  -52.638  82.856 0.0000000000
34228  -5.189  -51.462  87.865 0.0000000000
33307  -4.940  -52.163  86.566 0.0000000000
131048  -4.396  -52.650  88.032 0.0000000000
33301  -4.484  -52.574  87.278 0.0000000000
33311  -4.717  -52.502  85.615 0.0000000000
33320  -4.623  -52.694  84.783 0.0000000000
33330  -4.530  -52.760  83.913 0.0000000000
33329  -3.628  -53.154  83.555 0.0000000000
119939  -2.524  -53.301  83.730 0.0000000000
33317  -1.964  -53.251  84.616 0.0000000000
31345  -0.122  -54.022  84.844 0.0000000000
30292  -0.688  -54.675  85.137 0.0000000000
30293  -1.364  -55.249  85.527 0.0000000000
55122  -43.689  -27.872  81.674 0.0000000000
50688  -38.313  -32.768  84.045 0.0000000000
52546  -39.355  -31.648  77.829 0.0000000000
121065  -39.697  -31.536  78.618 0.0000000000
52528  -39.967  -31.347  79.494 0.0000000000
52518  -40.141  -31.080  80.401 0.0000000000
129678  -40.297  -30.817  81.190 0.0000000000
53310  -40.786  -30.239  81.648 0.0000000000
54236  -41.542  -29.392  81.601 0.0000000000
55143  -42.163  -28.670  81.452 0.0000000000
55144  -42.669  -28.040  80.904 0.0000000000
55990  -43.074  -27.417  80.491 0.0000000000
57758  -42.397  -25.975  77.312 0.0000000000
57801  -41.014  -24.904  74.665 0.0000000000
56046  -40.821  -27.310  75.273 0.0000000000
56957  -40.579  -26.397  74.841 0.0000000000
56966  -40.066  -26.276  73.982 0.0000000000
58664  -40.741  -24.490  73.045 0.0000000000
58701  -39.996  -24.795  71.480 0.0000000000
141750  -40.322  -24.731  71.018 0.0000000000
54397  -37.199  -29.163  70.206 0.0000000000
55285  -37.530  -28.288  70.288 0.0000000000
56091  -37.737  -27.365  70.383 0.0000000000
141073  -36.820  -26.572  69.337 0.0000000000
57840  -37.751  -25.734  70.275 0.0000000000
136932  -37.753  -25.272  69.975 0.0000000000
57877  -36.450  -25.155  68.463 0.0000000000
57863  -37.409  -25.116  69.445 0.0000000000
58767  -37.432  -24.659  67.224 0.0000000000
58753  -38.478  -24.724  68.175 0.0000000000
43295  -13.476  -41.354  84.480 0.0000000000
44198  -14.103  -40.885  84.667 0.0000000000
119459  -16.240  -39.685  85.271 0.0000000000
46170  -18.241  -38.704  75.241 0.0000000000
123059  -20.512  -39.643  78.358 0.0000000000
121135  -20.576  -39.698  79.060 0.0000000000
45186  -21.703  -39.662  81.365 0.0000000000
46217  -24.929  -38.154  72.601 0.0000000000
128595  -25.252  -38.291  73.728 0.0000000000
46200  -24.668  -38.521  73.339 0.0000000000
45278  -23.906  -39.684  76.288 0.0000000000
45281  -26.642  -39.162  76.769 0.0000000000
130065  -25.908  -39.453  76.608 0.0000000000
44298  -26.170  -40.381  77.907 0.0000000000
135083  -25.509  -40.213  77.588 0.0000000000
140415  -24.679  -39.644  76.451 0.0000000000
45256  -24.311  -39.912  76.973 0.0000000000
139325  -23.649  -39.920  76.920 0.0000000000
44296  -23.071  -40.212  78.086 0.0000000000
44281  -22.768  -40.228  79.004 0.0000000000
44268  -23.394  -40.294  79.640 0.0000000000
44267  -22.548  -40.028  79.834 0.0000000000
45203  -22.193  -39.838  80.587 0.0000000000
45168  -21.816  -39.651  82.264 0.0000000000
45153  -22.379  -39.700  82.982 0.0000000000
121758  -22.911  -39.798  83.776 0.0000000000
140920  -23.938  -40.022  83.067 0.0000000000
45137  -23.683  -40.055  84.096 0.0000000000
37038  -6.463  -48.883  78.255 0.0000000000
37019  -6.707  -48.699  79.859 0.0000000000
126256  -8.159  -47.278  77.725 0.0000000000
37928  -7.747  -47.649  79.059 0.0000000000
131225  -8.305  -47.046  79.574 0.0000000000
37010  -7.141  -48.182  81.289 0.0000000000
37000  -7.092  -48.110  82.203 0.0000000000
40515  -8.579  -44.676  85.962 0.0000000000
57866  -42.492  -25.377  69.539 0.0000000000
58737  -43.164  -25.213  69.211 0.0000000000
57867  -43.329  -25.432  69.997 0.0000000000
57844  -43.784  -25.424  70.742 0.0000000000
59660  -44.471  -23.774  68.390 0.0000000000
59649  -44.937  -24.194  68.980 0.0000000000
58740  -45.427  -24.503  69.559 0.0000000000
58716  -45.157  -25.069  70.230 0.0000000000
57831  -45.629  -25.351  71.545 0.0000000000
126968  -46.920  -24.618  73.433 0.0000000000
58671  -47.868  -24.722  73.480 0.0000000000
63186  -46.725  -19.946  67.224 0.0000000000
62347  -47.065  -20.176  67.869 0.0000000000
62335  -48.102  -20.159  69.031 0.0000000000
62321  -47.755  -20.854  69.362 0.0000000000
61445  -47.512  -21.613  69.616 0.0000000000
60531  -48.132  -22.149  70.332 0.0000000000
60523  -49.024  -22.598  70.976 0.0000000000
68705  -53.571  -12.903  64.423 0.0000000000
126819  -54.132  -12.734  64.269 0.0000000000
68713  -54.173  -13.279  63.715 0.0000000000
69657  -54.754  -12.731  64.015 0.0000000000
69658  -55.509  -13.156  63.206 0.0000000000
68744  -52.676  -14.363  59.889 0.0000000000
122601  -55.909  -13.391  62.457 0.0000000000
70503  -56.176  -13.459  62.088 0.0000000000
70498  -56.865  -13.271  62.106 0.0000000000
70505  -57.484  -12.826  61.056 0.0000000000
70510  -57.405  -12.591  60.777 0.0000000000
71378  -57.668  -12.522  60.667 0.0000000000
70506  -58.114  -12.467  60.833 0.0000000000
69671  -58.682  -12.430  60.456 0.0000000000
69694  -55.745  -12.835  58.130 0.0000000000
70527  -57.898  -11.478  59.750 0.0000000000
70528  -58.407  -10.840  59.522 0.0000000000
70520  -58.884  -11.628  60.077 0.0000000000
72260  -60.145  -9.345  57.544 0.0000000000
32354  -0.052  -53.721  84.559 0.0000000000
36970  -6.694  -48.471  84.720 0.0000000000
44272  -28.602  -40.728  79.473 0.0000000000
45154  -23.613  -39.952  83.496 0.0000000000
45205  -30.687  -39.569  80.547 0.0000000000
45276  -21.614  -39.650  76.530 0.0000000000
46174  -27.100  -37.692  75.832 0.0000000000
46923  -30.099  -36.960  80.012 0.0000000000
46947  -28.220  -37.502  77.480 0.0000000000
48639  -32.362  -35.178  83.546 0.0000000000
49750  -36.056  -34.201  79.315 0.0000000000
55121  -42.833  -28.182  81.516 0.0000000000
57748  -43.557  -25.631  79.294 0.0000000000
58609  -43.474  -24.428  77.484 0.0000000000
59580  -43.572  -23.275  75.370 0.0000000000
59581  -44.963  -22.741  75.586 0.0000000000
60473  -47.062  -22.770  76.513 0.0000000000
60492  -47.023  -22.844  75.324 0.0000000000
69669  -57.009  -12.662  60.607 0.0000000000
125832  -12.581  -43.437  79.500 0.0000000000
134311  -23.202  -39.814  76.607 0.0000000000
135774  -21.177  -39.581  82.527 0.0000000000
135852  -17.174  -39.300  82.454 0.0000000000
137514  -45.236  -25.383  70.996 0.0000000000
138760  -17.811  -38.884  76.714 0.0000000000
140535  -51.901  -16.736  66.919 0.0000000000
141451  -25.132  -38.210  73.195 0.0000000000
143767  -26.501  -34.077  72.729 0.0000000000
