#!ascii label  , from subject sub-v2s0x29055_ses-1 vox2ras=TkReg
241
60771  23.813  -9.656  7.209 0.0000000000
54342  23.678  -17.018  8.604 0.0000000000
64051  23.099  -5.184  5.676 0.0000000000
70405  21.122  2.408  3.624 0.0000000000
52728  22.075  -18.808  8.774 0.0000000000
66525  24.868  -2.866  7.266 0.0000000000
68154  24.367  -0.941  5.621 0.0000000000
59245  22.383  -11.528  6.561 0.0000000000
102996  23.532  -13.090  7.593 0.0000000000
59214  24.722  -11.412  9.172 0.0000000000
62349  24.739  -6.865  9.869 0.0000000000
60734  26.456  -9.288  10.406 0.0000000000
62386  23.850  -7.491  6.004 0.0000000000
64023  24.534  -4.952  8.317 0.0000000000
68172  21.652  0.136  4.129 0.0000000000
69645  24.431  1.275  5.274 0.0000000000
56002  24.889  -15.390  9.070 0.0000000000
66538  23.105  -2.299  5.145 0.0000000000
67334  23.062  -1.415  4.739 0.0000000000
60002  23.131  -10.588  6.550 0.0000000000
59228  23.704  -11.207  7.633 0.0000000000
59982  23.954  -10.706  8.072 0.0000000000
54331  23.229  -17.623  8.656 0.0000000000
103147  23.966  -5.941  6.289 0.0000000000
63199  24.187  -6.323  7.129 0.0000000000
105106  24.027  -5.118  6.662 0.0000000000
67311  25.989  -1.384  7.883 0.0000000000
66509  25.897  -2.278  8.237 0.0000000000
69646  19.416  1.488  5.480 0.0000000000
68896  19.086  -0.462  4.605 0.0000000000
69659  21.513  1.610  3.799 0.0000000000
71666  26.010  5.063  6.432 0.0000000000
71087  26.054  4.127  6.418 0.0000000000
69650  24.090  2.015  4.954 0.0000000000
71073  26.153  3.181  6.515 0.0000000000
69639  25.985  1.760  6.761 0.0000000000
57678  24.661  -13.730  8.947 0.0000000000
56864  24.200  -14.264  8.398 0.0000000000
52729  21.432  -18.912  8.748 0.0000000000
64920  23.732  -4.272  6.415 0.0000000000
65778  23.771  -3.303  6.186 0.0000000000
67319  24.347  -1.819  6.027 0.0000000000
68147  25.308  -0.500  6.881 0.0000000000
56888  22.370  -13.439  6.804 0.0000000000
58473  23.211  -12.397  7.126 0.0000000000
58461  23.897  -12.622  8.164 0.0000000000
58448  25.944  -12.340  9.912 0.0000000000
104924  24.162  -8.221  8.449 0.0000000000
60746  24.423  -9.118  8.827 0.0000000000
61539  25.013  -7.886  9.802 0.0000000000
60785  23.302  -9.812  6.417 0.0000000000
61575  22.678  -8.456  5.729 0.0000000000
62378  23.877  -8.122  6.340 0.0000000000
100968  24.143  -7.065  7.092 0.0000000000
64009  24.310  -5.715  8.662 0.0000000000
64885  25.401  -4.600  9.512 0.0000000000
113455  24.505  -3.986  7.479 0.0000000000
111927  25.323  -3.838  8.475 0.0000000000
68163  21.481  -0.756  4.271 0.0000000000
70404  22.644  2.674  3.910 0.0000000000
69657  22.777  1.904  3.961 0.0000000000
68902  23.218  1.101  4.256 0.0000000000
68161  23.006  -0.495  4.453 0.0000000000
68884  24.654  0.553  5.591 0.0000000000
68875  25.377  0.341  6.724 0.0000000000
55182  22.832  -16.046  7.846 0.0000000000
56876  22.920  -14.345  7.129 0.0000000000
59971  25.276  -10.681  9.599 0.0000000000
59200  26.511  -11.598  10.206 0.0000000000
60001  23.511  -10.197  6.799 0.0000000000
59991  23.737  -10.473  7.397 0.0000000000
60758  24.052  -9.908  8.150 0.0000000000
51113  20.891  -20.403  9.298 0.0000000000
51889  21.234  -20.038  9.156 0.0000000000
54330  23.947  -17.565  9.057 0.0000000000
63219  23.503  -5.949  5.819 0.0000000000
64050  23.648  -5.199  6.105 0.0000000000
68140  26.230  -0.481  7.900 0.0000000000
69653  19.779  1.555  4.924 0.0000000000
108467  18.999  0.583  5.525 0.0000000000
68895  19.772  0.512  4.728 0.0000000000
69660  20.804  1.608  3.972 0.0000000000
117848  25.726  3.484  6.188 0.0000000000
71055  26.859  3.274  7.105 0.0000000000
57669  25.360  -13.179  9.522 0.0000000000
112580  25.251  -14.031  9.413 0.0000000000
54350  21.794  -17.015  8.057 0.0000000000
117209  23.363  -3.814  5.911 0.0000000000
65779  23.190  -3.114  5.649 0.0000000000
112853  23.785  -1.629  5.263 0.0000000000
68148  24.859  -1.131  6.420 0.0000000000
70391  19.381  2.502  4.910 0.0000000000
58484  22.218  -12.537  6.683 0.0000000000
58483  22.817  -12.031  6.763 0.0000000000
59215  24.092  -11.321  8.400 0.0000000000
107917  23.770  -11.891  7.951 0.0000000000
108978  24.282  -12.078  8.675 0.0000000000
108976  25.028  -12.247  9.362 0.0000000000
52722  22.339  -19.666  9.195 0.0000000000
62350  24.347  -7.529  9.103 0.0000000000
61540  24.556  -8.314  9.201 0.0000000000
60016  22.746  -10.169  6.305 0.0000000000
62387  23.293  -7.621  5.670 0.0000000000
61574  23.508  -8.352  5.955 0.0000000000
62366  24.067  -7.831  6.851 0.0000000000
64035  24.279  -5.676  7.658 0.0000000000
64008  24.768  -5.063  9.253 0.0000000000
64897  25.124  -4.420  8.779 0.0000000000
65772  24.246  -3.544  6.925 0.0000000000
117457  24.663  -3.464  7.399 0.0000000000
65751  25.749  -3.148  8.535 0.0000000000
65750  26.334  -3.125  9.366 0.0000000000
98426  19.791  -0.378  4.363 0.0000000000
68165  19.340  -1.092  4.253 0.0000000000
68173  20.720  -0.317  4.281 0.0000000000
68164  20.030  -1.109  4.208 0.0000000000
71088  24.500  3.643  5.277 0.0000000000
71682  24.633  4.462  5.415 0.0000000000
70403  23.143  2.642  4.176 0.0000000000
70397  23.697  2.724  4.625 0.0000000000
109898  24.811  2.177  5.537 0.0000000000
68892  23.854  1.173  4.727 0.0000000000
108113  23.612  0.260  4.575 0.0000000000
68891  24.195  0.502  5.010 0.0000000000
116831  24.050  -0.025  4.871 0.0000000000
69640  25.472  1.141  6.465 0.0000000000
69626  26.592  1.683  7.455 0.0000000000
69627  26.005  0.919  7.200 0.0000000000
55183  22.137  -16.336  7.704 0.0000000000
114167  23.149  -13.140  7.115 0.0000000000
57689  22.879  -13.617  6.936 0.0000000000
101587  23.262  -13.768  7.280 0.0000000000
56857  24.786  -14.557  9.020 0.0000000000
56010  24.288  -15.087  8.499 0.0000000000
56003  24.344  -15.748  8.636 0.0000000000
60735  25.611  -9.258  9.991 0.0000000000
60745  24.994  -9.751  9.445 0.0000000000
60744  25.825  -10.001  10.080 0.0000000000
60003  22.726  -10.888  6.483 0.0000000000
59244  22.961  -11.290  6.667 0.0000000000
59229  23.395  -11.036  6.962 0.0000000000
53526  22.710  -18.204  8.683 0.0000000000
52721  23.707  -18.953  9.511 0.0000000000
53517  23.426  -18.251  9.055 0.0000000000
53503  24.845  -18.243  10.226 0.0000000000
62348  25.396  -6.139  10.333 0.0000000000
108387  23.155  -6.736  5.572 0.0000000000
63218  23.851  -6.732  5.993 0.0000000000
63208  24.090  -6.628  6.528 0.0000000000
64041  24.176  -5.793  6.896 0.0000000000
64034  24.328  -4.876  7.435 0.0000000000
103686  25.436  -2.122  7.504 0.0000000000
68894  20.428  0.634  4.393 0.0000000000
68905  21.194  0.780  4.119 0.0000000000
106054  25.234  3.783  5.818 0.0000000000
70396  24.308  2.851  5.115 0.0000000000
69644  24.989  1.279  5.842 0.0000000000
70383  25.899  2.440  6.464 0.0000000000
70382  26.436  2.469  6.947 0.0000000000
57679  24.057  -13.428  8.290 0.0000000000
56875  23.683  -13.958  7.802 0.0000000000
52730  21.097  -19.321  8.925 0.0000000000
53529  20.971  -18.579  8.651 0.0000000000
53527  22.116  -18.007  8.457 0.0000000000
54344  21.604  -17.673  8.315 0.0000000000
99212  22.614  -17.541  8.417 0.0000000000
114674  23.053  -17.114  8.399 0.0000000000
64921  23.265  -4.497  5.840 0.0000000000
66531  24.304  -2.663  6.496 0.0000000000
66537  23.776  -2.480  5.739 0.0000000000
66530  24.849  -1.986  6.819 0.0000000000
67318  25.379  -1.324  7.138 0.0000000000
68141  25.736  -0.741  7.433 0.0000000000
68869  25.783  0.010  7.394 0.0000000000
70392  19.069  2.421  5.597 0.0000000000
70399  19.804  2.495  4.305 0.0000000000
70398  20.400  2.450  3.854 0.0000000000
57688  22.805  -12.844  6.854 0.0000000000
101917  23.424  -11.751  7.324 0.0000000000
58472  23.530  -12.344  7.605 0.0000000000
58460  24.513  -12.890  8.849 0.0000000000
57668  26.292  -13.103  10.120 0.0000000000
61549  23.982  -8.960  7.847 0.0000000000
104581  25.059  -8.799  9.612 0.0000000000
61528  25.757  -8.473  10.249 0.0000000000
62331  25.810  -7.323  10.445 0.0000000000
60004  22.280  -10.795  6.417 0.0000000000
60784  23.624  -9.495  6.669 0.0000000000
60798  23.076  -9.231  6.113 0.0000000000
61566  23.582  -8.981  6.355 0.0000000000
61559  23.905  -8.756  6.876 0.0000000000
99498  24.041  -8.120  7.559 0.0000000000
62358  24.034  -7.350  8.059 0.0000000000
63185  24.215  -6.599  8.943 0.0000000000
63194  24.151  -6.435  7.872 0.0000000000
63184  24.594  -5.867  9.685 0.0000000000
64007  25.280  -5.205  10.050 0.0000000000
64912  24.160  -4.372  6.988 0.0000000000
64907  24.777  -4.236  8.076 0.0000000000
66510  25.432  -2.793  7.857 0.0000000000
65766  25.039  -3.472  7.878 0.0000000000
65734  25.796  -3.905  9.212 0.0000000000
71103  21.561  3.204  3.626 0.0000000000
71101  22.852  3.179  4.060 0.0000000000
109456  22.019  2.370  3.696 0.0000000000
69658  22.157  1.562  3.807 0.0000000000
68904  21.886  0.919  3.922 0.0000000000
69651  23.485  1.926  4.409 0.0000000000
68171  22.242  0.429  4.046 0.0000000000
68893  22.833  0.337  4.212 0.0000000000
68162  22.261  -0.251  4.213 0.0000000000
67335  22.230  -1.114  4.456 0.0000000000
67333  23.799  -0.651  4.894 0.0000000000
68153  24.865  -0.177  6.079 0.0000000000
68883  25.072  0.622  6.129 0.0000000000
55172  23.296  -16.518  8.268 0.0000000000
108262  22.315  -14.917  7.159 0.0000000000
111838  23.330  -14.410  7.481 0.0000000000
56020  23.707  -14.768  7.946 0.0000000000
105570  23.039  -15.140  7.524 0.0000000000
56011  23.653  -15.677  8.162 0.0000000000
55171  24.041  -16.343  8.580 0.0000000000
117383  24.455  -9.837  8.842 0.0000000000
59981  24.444  -10.531  8.852 0.0000000000
59970  26.141  -10.823  10.137 0.0000000000
59201  25.596  -11.523  9.753 0.0000000000
54343  22.135  -17.428  8.264 0.0000000000
56856  25.882  -13.883  9.899 0.0000000000
60017  22.070  -10.164  6.256 0.0000000000
68903  22.538  1.035  3.981 0.0000000000
70389  25.459  2.863  6.014 0.0000000000
71102  22.332  3.225  3.859 0.0000000000
71681  25.329  4.883  5.945 0.0000000000
102258  20.675  -19.026  9.026 0.0000000000
102428  24.356  -0.138  5.289 0.0000000000
106733  23.157  -11.683  6.933 0.0000000000
109257  25.445  1.939  6.161 0.0000000000
112077  24.054  -7.353  6.437 0.0000000000
116740  23.611  -7.157  5.779 0.0000000000
116819  24.075  -7.587  7.353 0.0000000000
116883  24.006  -7.061  6.218 0.0000000000
