#!ascii label  , from subject sub-v2s0x29031_ses-1 vox2ras=TkReg
1485
63022  -32.431  -21.173  54.499 0.0000000000
149168  -47.158  -11.803  50.536 0.0000000000
68738  -38.672  -15.635  52.160 0.0000000000
47085  -3.883  -37.499  74.165 0.0000000000
61287  -31.166  -23.513  58.385 0.0000000000
50991  -17.930  -33.457  73.564 0.0000000000
55230  -23.230  -29.376  73.081 0.0000000000
58420  -29.799  -27.182  66.688 0.0000000000
58443  -33.709  -26.449  65.476 0.0000000000
52062  -10.482  -31.969  68.643 0.0000000000
127087  -13.792  -32.584  73.835 0.0000000000
53111  -14.612  -32.045  68.072 0.0000000000
54204  -21.179  -30.331  66.582 0.0000000000
126966  -25.028  -28.240  66.086 0.0000000000
65847  -34.778  -19.373  60.760 0.0000000000
62940  -38.213  -21.352  59.792 0.0000000000
70699  -42.132  -13.035  51.298 0.0000000000
65910  -35.349  -18.405  53.347 0.0000000000
145472  -46.575  -13.189  44.654 0.0000000000
45135  -0.583  -40.028  74.951 0.0000000000
62083  -35.216  -22.702  63.668 0.0000000000
64835  -30.857  -19.687  57.110 0.0000000000
52108  -18.504  -32.671  66.208 0.0000000000
152125  -22.107  -34.390  72.852 0.0000000000
66781  -39.793  -17.916  58.288 0.0000000000
131002  -51.104  -5.558  41.619 0.0000000000
57340  -28.090  -27.650  63.728 0.0000000000
58491  -29.764  -27.007  62.580 0.0000000000
53095  -12.517  -31.822  69.078 0.0000000000
57335  -23.022  -27.982  63.255 0.0000000000
57338  -25.550  -28.040  63.121 0.0000000000
127074  -26.804  -28.081  66.501 0.0000000000
151143  -33.321  -20.060  57.469 0.0000000000
64811  -36.119  -20.148  59.874 0.0000000000
62999  -35.177  -21.327  56.736 0.0000000000
71664  -44.640  -12.152  51.179 0.0000000000
70655  -45.294  -13.212  54.299 0.0000000000
72625  -49.456  -11.609  50.210 0.0000000000
48087  -2.305  -36.821  71.037 0.0000000000
46098  -2.340  -38.706  74.448 0.0000000000
60314  -33.001  -24.830  62.092 0.0000000000
59422  -35.402  -25.174  64.976 0.0000000000
62102  -33.158  -23.049  60.888 0.0000000000
62955  -32.476  -20.823  59.595 0.0000000000
62982  -30.635  -21.190  57.407 0.0000000000
51956  -15.963  -32.627  74.644 0.0000000000
51916  -16.124  -32.412  77.656 0.0000000000
50957  -18.343  -33.033  77.003 0.0000000000
50958  -19.571  -33.845  76.333 0.0000000000
131891  -16.855  -31.790  63.994 0.0000000000
135002  -18.456  -31.523  63.072 0.0000000000
54189  -21.968  -29.947  69.029 0.0000000000
53097  -21.469  -31.671  69.138 0.0000000000
53038  -22.641  -31.860  73.016 0.0000000000
136392  -23.757  -34.439  75.177 0.0000000000
50075  -7.338  -34.851  71.133 0.0000000000
50051  -8.740  -34.348  73.648 0.0000000000
50015  -8.486  -35.040  76.785 0.0000000000
66839  -37.092  -16.966  53.199 0.0000000000
65893  -37.148  -18.090  55.611 0.0000000000
126591  -38.874  -16.422  55.247 0.0000000000
79313  -52.054  -4.604  40.108 0.0000000000
133579  -3.077  -38.750  76.645 0.0000000000
58361  -31.035  -26.508  69.796 0.0000000000
149117  -33.071  -26.725  69.596 0.0000000000
58422  -31.584  -26.776  66.349 0.0000000000
130165  -31.451  -26.358  62.640 0.0000000000
51012  -10.041  -32.883  71.772 0.0000000000
51953  -12.049  -32.734  74.365 0.0000000000
51990  -12.399  -32.370  71.609 0.0000000000
51992  -14.260  -32.546  71.191 0.0000000000
51995  -16.623  -32.974  71.390 0.0000000000
55300  -19.740  -29.598  63.093 0.0000000000
56302  -20.769  -28.422  63.513 0.0000000000
56279  -22.244  -28.707  66.168 0.0000000000
131216  -23.838  -28.425  69.045 0.0000000000
57230  -26.295  -27.991  69.500 0.0000000000
143838  -28.476  -27.470  70.061 0.0000000000
51048  -8.891  -33.096  68.633 0.0000000000
64739  -35.764  -19.118  65.108 0.0000000000
63790  -38.755  -20.513  68.384 0.0000000000
66720  -37.700  -18.251  64.695 0.0000000000
65837  -39.094  -18.889  62.605 0.0000000000
68740  -39.992  -14.703  52.154 0.0000000000
68684  -40.420  -15.116  55.229 0.0000000000
70672  -42.937  -13.685  54.338 0.0000000000
41313  4.261  -43.885  76.682 0.0000000000
63939  -34.142  -20.631  54.007 0.0000000000
67788  -34.625  -17.028  50.500 0.0000000000
68769  -38.188  -14.778  50.092 0.0000000000
70716  -39.704  -13.365  49.370 0.0000000000
71681  -41.636  -12.354  49.035 0.0000000000
148050  -44.753  -12.781  48.440 0.0000000000
71715  -46.515  -12.948  47.506 0.0000000000
129975  -43.893  -13.737  45.523 0.0000000000
44159  -1.355  -40.431  77.514 0.0000000000
43183  0.774  -41.745  77.941 0.0000000000
42229  2.517  -43.267  78.559 0.0000000000
144678  -37.630  -24.544  70.904 0.0000000000
58384  -35.365  -26.641  69.082 0.0000000000
150049  -36.289  -24.546  67.687 0.0000000000
62058  -36.486  -22.048  67.576 0.0000000000
63826  -34.139  -20.377  62.733 0.0000000000
64807  -32.772  -19.711  58.867 0.0000000000
64880  -31.038  -19.986  55.076 0.0000000000
147603  -13.996  -32.474  76.679 0.0000000000
140111  -16.433  -32.481  67.587 0.0000000000
51024  -17.951  -33.514  70.599 0.0000000000
52119  -20.112  -32.166  65.995 0.0000000000
51027  -20.509  -33.805  70.151 0.0000000000
50039  -20.024  -34.414  73.785 0.0000000000
50029  -21.526  -34.965  75.822 0.0000000000
48089  -4.287  -36.403  71.595 0.0000000000
49121  -5.733  -35.738  71.584 0.0000000000
48056  -5.518  -36.363  73.951 0.0000000000
64855  -36.626  -19.988  56.235 0.0000000000
64826  -39.528  -19.837  58.494 0.0000000000
141566  -42.385  -19.065  60.649 0.0000000000
133017  -41.262  -15.373  57.910 0.0000000000
71730  -49.345  -12.244  46.641 0.0000000000
73591  -51.737  -11.324  45.611 0.0000000000
74556  -52.850  -9.354  44.358 0.0000000000
75589  -50.701  -8.282  41.731 0.0000000000
76510  -53.595  -6.764  44.377 0.0000000000
134828  -27.141  -27.790  62.712 0.0000000000
57362  -27.787  -27.589  62.141 0.0000000000
57401  -27.479  -27.562  60.533 0.0000000000
57360  -24.823  -28.017  62.450 0.0000000000
57361  -26.301  -27.902  62.481 0.0000000000
57339  -26.520  -27.950  63.338 0.0000000000
63925  -33.005  -20.929  55.937 0.0000000000
63899  -34.530  -20.855  57.789 0.0000000000
63009  -33.569  -21.255  55.364 0.0000000000
72611  -45.999  -11.918  50.559 0.0000000000
71645  -46.492  -12.081  52.471 0.0000000000
72598  -47.692  -11.241  51.450 0.0000000000
127590  -48.205  -11.169  51.278 0.0000000000
72624  -48.426  -11.819  50.154 0.0000000000
47101  -3.214  -37.419  72.753 0.0000000000
47082  -2.004  -38.098  72.964 0.0000000000
47071  -3.019  -38.088  74.143 0.0000000000
60363  -32.016  -23.925  59.784 0.0000000000
61250  -32.969  -23.764  61.064 0.0000000000
148234  -32.091  -23.148  59.439 0.0000000000
62125  -32.064  -22.333  59.245 0.0000000000
144411  -31.076  -22.846  58.057 0.0000000000
50966  -10.149  -33.687  75.587 0.0000000000
150702  -17.140  -32.918  74.475 0.0000000000
51944  -16.938  -32.514  75.989 0.0000000000
50968  -18.267  -33.109  75.934 0.0000000000
129762  -18.857  -33.381  76.449 0.0000000000
50969  -18.910  -33.638  75.405 0.0000000000
55246  -22.472  -29.680  70.505 0.0000000000
127788  -22.109  -30.992  71.865 0.0000000000
54132  -22.472  -30.907  72.788 0.0000000000
51957  -23.588  -32.540  74.583 0.0000000000
139245  -9.669  -33.493  72.991 0.0000000000
50989  -9.535  -33.771  73.762 0.0000000000
50026  -9.417  -34.191  75.413 0.0000000000
60236  -39.137  -24.648  70.735 0.0000000000
67753  -37.469  -16.526  52.596 0.0000000000
67730  -37.919  -16.737  54.154 0.0000000000
67731  -38.407  -16.290  53.590 0.0000000000
58380  -30.205  -26.904  68.598 0.0000000000
58381  -31.120  -26.694  68.472 0.0000000000
58421  -30.582  -26.963  66.340 0.0000000000
58492  -30.595  -26.652  62.383 0.0000000000
58510  -30.312  -26.307  60.749 0.0000000000
59451  -30.696  -25.790  60.163 0.0000000000
52007  -10.649  -32.352  70.579 0.0000000000
148443  -11.199  -32.270  70.984 0.0000000000
137170  -11.357  -32.076  70.262 0.0000000000
53110  -13.114  -31.756  68.333 0.0000000000
53096  -13.289  -31.968  69.174 0.0000000000
150136  -14.493  -32.356  69.624 0.0000000000
51993  -15.096  -32.664  71.354 0.0000000000
52037  -15.062  -32.406  69.217 0.0000000000
56315  -20.284  -28.169  62.773 0.0000000000
57312  -23.783  -28.215  64.800 0.0000000000
57293  -22.900  -28.284  64.927 0.0000000000
136838  -23.417  -28.306  65.567 0.0000000000
56271  -23.002  -28.600  67.504 0.0000000000
57261  -24.677  -28.289  67.597 0.0000000000
146665  -24.665  -28.287  68.765 0.0000000000
151211  -25.365  -28.237  67.627 0.0000000000
57264  -28.452  -27.633  67.078 0.0000000000
57232  -27.976  -27.722  68.540 0.0000000000
57249  -29.371  -27.227  68.252 0.0000000000
57217  -29.453  -27.104  70.119 0.0000000000
52061  -9.707  -32.514  68.776 0.0000000000
65810  -34.872  -18.840  62.957 0.0000000000
65792  -36.383  -18.568  64.514 0.0000000000
130696  -35.985  -18.826  61.979 0.0000000000
63855  -36.967  -20.659  60.057 0.0000000000
64778  -37.972  -19.436  61.499 0.0000000000
63857  -38.572  -20.349  61.074 0.0000000000
64759  -40.432  -19.058  62.815 0.0000000000
63858  -39.768  -20.959  60.644 0.0000000000
70698  -41.447  -13.521  51.558 0.0000000000
69700  -41.326  -14.235  53.402 0.0000000000
126602  -42.956  -13.671  53.429 0.0000000000
71601  -46.953  -12.435  55.486 0.0000000000
152975  -39.238  -13.848  49.684 0.0000000000
70729  -38.721  -13.359  48.413 0.0000000000
71693  -40.751  -12.476  48.100 0.0000000000
71711  -42.160  -12.783  47.534 0.0000000000
71696  -43.126  -12.437  48.688 0.0000000000
70744  -42.764  -13.235  46.877 0.0000000000
70746  -44.529  -13.323  47.069 0.0000000000
46111  -0.402  -38.743  72.981 0.0000000000
44187  0.774  -40.807  75.222 0.0000000000
146325  -2.699  -39.174  78.695 0.0000000000
45111  -2.186  -39.652  77.500 0.0000000000
45102  -1.622  -40.081  79.249 0.0000000000
43173  0.220  -42.093  79.639 0.0000000000
42224  1.023  -43.027  79.588 0.0000000000
43177  1.317  -42.133  78.617 0.0000000000
131681  1.733  -43.616  79.300 0.0000000000
40444  2.541  -45.198  78.056 0.0000000000
58404  -33.531  -26.839  67.498 0.0000000000
58363  -34.707  -26.890  69.583 0.0000000000
58425  -34.690  -26.601  66.736 0.0000000000
60300  -35.208  -23.744  63.674 0.0000000000
60263  -35.833  -24.953  65.608 0.0000000000
61204  -35.981  -23.600  65.305 0.0000000000
140564  -36.362  -23.051  67.280 0.0000000000
62075  -35.460  -22.325  64.398 0.0000000000
62907  -35.338  -21.359  64.667 0.0000000000
62922  -34.297  -21.440  62.613 0.0000000000
63883  -31.695  -20.024  58.311 0.0000000000
63869  -32.635  -19.998  59.396 0.0000000000
64820  -31.907  -19.645  58.093 0.0000000000
64853  -31.962  -19.533  57.030 0.0000000000
64852  -31.217  -19.585  56.714 0.0000000000
127088  -13.146  -32.600  74.091 0.0000000000
51940  -12.899  -32.649  75.366 0.0000000000
51942  -14.240  -32.476  75.859 0.0000000000
52116  -17.192  -32.216  65.456 0.0000000000
52106  -16.665  -32.205  66.014 0.0000000000
128884  -17.142  -32.711  67.727 0.0000000000
52066  -17.311  -32.916  68.655 0.0000000000
52067  -18.155  -33.206  68.660 0.0000000000
55293  -20.569  -29.778  64.559 0.0000000000
53203  -20.111  -31.201  64.767 0.0000000000
152650  -20.852  -30.963  66.293 0.0000000000
51996  -21.770  -32.923  70.796 0.0000000000
151832  -21.191  -32.919  69.283 0.0000000000
50080  -21.407  -34.196  71.568 0.0000000000
152049  -20.251  -34.342  71.849 0.0000000000
50053  -20.737  -34.548  72.948 0.0000000000
50028  -20.902  -34.708  75.199 0.0000000000
50040  -21.811  -34.974  74.770 0.0000000000
141504  -26.548  -27.751  72.912 0.0000000000
49122  -6.431  -35.356  71.169 0.0000000000
130080  -6.418  -35.715  72.878 0.0000000000
49106  -5.782  -35.920  72.389 0.0000000000
49020  -7.893  -35.543  78.095 0.0000000000
64893  -34.457  -19.687  53.461 0.0000000000
143996  -35.432  -20.112  55.024 0.0000000000
64882  -35.865  -18.986  54.804 0.0000000000
66788  -38.771  -17.685  57.188 0.0000000000
64857  -37.921  -18.969  56.982 0.0000000000
65874  -39.663  -18.822  58.367 0.0000000000
136306  -40.692  -20.141  59.571 0.0000000000
65863  -41.015  -18.200  59.243 0.0000000000
69635  -41.519  -14.363  55.980 0.0000000000
68661  -41.090  -15.166  57.085 0.0000000000
153126  -42.045  -14.391  57.944 0.0000000000
70758  -46.419  -13.185  46.075 0.0000000000
132669  -48.041  -12.577  47.528 0.0000000000
147722  -47.968  -12.609  46.011 0.0000000000
126407  -49.835  -11.908  45.101 0.0000000000
72676  -50.777  -11.306  44.371 0.0000000000
144950  -52.367  -10.819  45.342 0.0000000000
73613  -51.379  -10.162  43.276 0.0000000000
77386  -48.971  -6.397  40.805 0.0000000000
75597  -49.101  -7.717  40.928 0.0000000000
134683  -50.578  -7.288  41.557 0.0000000000
75583  -51.997  -7.965  42.394 0.0000000000
77364  -52.591  -5.855  42.481 0.0000000000
78288  -52.631  -5.128  42.188 0.0000000000
78321  -54.145  -5.593  39.974 0.0000000000
57297  -28.959  -27.478  65.693 0.0000000000
58440  -29.676  -27.247  65.085 0.0000000000
57341  -28.685  -27.424  63.187 0.0000000000
57364  -29.205  -27.141  62.062 0.0000000000
53094  -11.792  -31.755  68.996 0.0000000000
57359  -23.805  -27.981  62.624 0.0000000000
57337  -24.545  -28.079  63.269 0.0000000000
57314  -25.479  -28.162  64.706 0.0000000000
127073  -25.981  -28.179  66.274 0.0000000000
57315  -26.322  -28.093  64.820 0.0000000000
57295  -27.287  -27.908  64.960 0.0000000000
65873  -33.942  -19.717  59.233 0.0000000000
65848  -35.404  -19.254  60.830 0.0000000000
64824  -34.918  -20.060  58.965 0.0000000000
63885  -35.245  -21.035  58.359 0.0000000000
127191  -36.677  -21.483  58.106 0.0000000000
70700  -43.423  -12.723  51.518 0.0000000000
128113  -43.713  -13.469  52.944 0.0000000000
70689  -45.141  -12.920  52.735 0.0000000000
71610  -47.037  -12.621  54.125 0.0000000000
72626  -50.887  -11.703  49.689 0.0000000000
46112  -1.322  -38.536  73.145 0.0000000000
45151  -1.084  -39.482  74.448 0.0000000000
59429  -33.597  -25.506  63.508 0.0000000000
58467  -34.253  -26.005  64.934 0.0000000000
60298  -34.033  -24.856  63.161 0.0000000000
148839  -33.914  -23.866  62.162 0.0000000000
62096  -33.986  -22.673  61.876 0.0000000000
62927  -33.974  -21.856  61.907 0.0000000000
62101  -32.910  -22.345  60.408 0.0000000000
62969  -31.657  -20.982  58.506 0.0000000000
63897  -30.634  -20.113  57.326 0.0000000000
51955  -15.254  -32.520  74.874 0.0000000000
51943  -15.068  -32.377  75.824 0.0000000000
129542  -16.010  -32.408  75.680 0.0000000000
150831  -17.159  -32.503  76.827 0.0000000000
50003  -19.544  -34.135  78.216 0.0000000000
52135  -17.622  -31.939  64.015 0.0000000000
52117  -18.527  -32.383  65.261 0.0000000000
55271  -21.792  -29.562  67.379 0.0000000000
53131  -21.224  -31.203  67.629 0.0000000000
54181  -21.758  -30.713  69.482 0.0000000000
53060  -22.032  -31.800  71.519 0.0000000000
51007  -22.438  -33.236  72.410 0.0000000000
145089  -23.080  -34.338  73.818 0.0000000000
51970  -23.245  -33.040  73.746 0.0000000000
134292  -8.225  -34.004  70.048 0.0000000000
50086  -8.157  -34.229  70.971 0.0000000000
132548  -7.626  -35.189  74.218 0.0000000000
49061  -7.579  -35.498  75.640 0.0000000000
50025  -8.681  -34.685  75.196 0.0000000000
65911  -35.968  -17.928  53.614 0.0000000000
65900  -36.240  -18.179  54.447 0.0000000000
65901  -36.882  -17.798  54.864 0.0000000000
66795  -37.861  -17.563  55.968 0.0000000000
67670  -39.142  -16.870  56.817 0.0000000000
70778  -45.748  -13.138  43.358 0.0000000000
71746  -47.304  -12.831  44.329 0.0000000000
71745  -47.063  -12.710  43.364 0.0000000000
78316  -49.209  -4.973  40.078 0.0000000000
79303  -50.611  -4.734  40.522 0.0000000000
77394  -49.550  -5.477  39.565 0.0000000000
77411  -50.101  -6.727  38.695 0.0000000000
47073  -4.354  -37.375  74.968 0.0000000000
47072  -3.614  -37.914  74.990 0.0000000000
58323  -32.682  -26.305  71.436 0.0000000000
127067  -31.844  -26.417  70.032 0.0000000000
58403  -32.604  -26.765  67.803 0.0000000000
58423  -33.025  -26.683  65.982 0.0000000000
58463  -30.589  -26.981  64.755 0.0000000000
58464  -31.485  -26.762  64.449 0.0000000000
58484  -32.433  -26.203  63.550 0.0000000000
59443  -31.925  -25.835  62.147 0.0000000000
60344  -31.780  -24.677  60.147 0.0000000000
51003  -10.126  -33.048  72.623 0.0000000000
51952  -10.798  -33.026  73.948 0.0000000000
51975  -10.758  -32.655  72.217 0.0000000000
51977  -12.287  -32.542  73.033 0.0000000000
127082  -12.995  -32.498  72.397 0.0000000000
52034  -11.948  -31.900  69.661 0.0000000000
51991  -13.303  -32.438  71.442 0.0000000000
127081  -13.971  -32.552  72.092 0.0000000000
51966  -15.530  -32.756  72.742 0.0000000000
51979  -16.034  -32.826  72.212 0.0000000000
51004  -17.395  -33.295  72.945 0.0000000000
55301  -20.199  -28.862  63.303 0.0000000000
55294  -20.974  -29.054  64.718 0.0000000000
146980  -22.175  -27.864  63.162 0.0000000000
56294  -21.635  -28.599  64.712 0.0000000000
131721  -21.760  -28.983  65.974 0.0000000000
55272  -22.353  -29.046  67.683 0.0000000000
56252  -23.014  -28.768  69.285 0.0000000000
131997  -23.481  -28.722  70.519 0.0000000000
148649  -23.939  -28.662  72.709 0.0000000000
150911  -24.293  -28.372  71.233 0.0000000000
57199  -25.737  -27.975  71.601 0.0000000000
57200  -26.606  -27.860  71.156 0.0000000000
57246  -26.670  -28.029  68.120 0.0000000000
57216  -27.565  -27.719  70.201 0.0000000000
57202  -28.098  -27.565  71.011 0.0000000000
58298  -29.591  -26.913  72.241 0.0000000000
130369  -8.891  -33.458  69.999 0.0000000000
138329  -37.339  -20.381  68.028 0.0000000000
65759  -37.703  -19.247  67.311 0.0000000000
66690  -38.097  -18.368  66.270 0.0000000000
66691  -38.791  -18.109  66.028 0.0000000000
142015  -36.729  -18.825  61.989 0.0000000000
66747  -38.434  -18.442  63.609 0.0000000000
68739  -39.406  -15.281  52.517 0.0000000000
68710  -39.673  -15.520  54.134 0.0000000000
68726  -40.553  -14.735  53.506 0.0000000000
69655  -41.506  -14.273  55.183 0.0000000000
70639  -42.697  -13.546  56.100 0.0000000000
70654  -44.516  -13.343  54.573 0.0000000000
70633  -44.085  -12.899  56.289 0.0000000000
63035  -32.146  -21.112  53.272 0.0000000000
63030  -33.369  -20.955  53.669 0.0000000000
63958  -33.044  -20.445  52.571 0.0000000000
64901  -33.457  -19.764  52.300 0.0000000000
65922  -34.539  -18.534  52.334 0.0000000000
65936  -35.095  -17.716  51.965 0.0000000000
66855  -35.835  -17.067  51.614 0.0000000000
67770  -36.524  -16.500  51.309 0.0000000000
67771  -37.246  -16.149  51.372 0.0000000000
68755  -38.405  -15.433  51.355 0.0000000000
139808  -39.505  -14.392  50.866 0.0000000000
69726  -40.253  -13.918  50.941 0.0000000000
70707  -40.694  -13.261  50.338 0.0000000000
70731  -40.317  -12.787  48.899 0.0000000000
70718  -40.986  -12.708  49.541 0.0000000000
70708  -42.165  -12.680  50.608 0.0000000000
71674  -43.505  -12.162  50.300 0.0000000000
71684  -44.146  -12.116  49.772 0.0000000000
71685  -45.586  -12.277  49.683 0.0000000000
153220  -47.243  -12.543  48.906 0.0000000000
127423  -46.017  -12.896  48.184 0.0000000000
141368  -45.035  -13.444  46.591 0.0000000000
70766  -45.155  -13.645  45.085 0.0000000000
70772  -44.613  -13.643  44.372 0.0000000000
46086  -2.693  -38.890  75.791 0.0000000000
45137  -2.054  -39.365  75.606 0.0000000000
45121  -0.904  -40.261  75.822 0.0000000000
44148  -0.710  -41.230  79.929 0.0000000000
44158  -0.680  -40.878  77.630 0.0000000000
44188  -0.099  -40.567  75.518 0.0000000000
43192  1.016  -41.532  76.869 0.0000000000
43191  1.942  -41.687  76.645 0.0000000000
43180  3.479  -42.142  77.204 0.0000000000
41314  3.711  -43.815  77.375 0.0000000000
61133  -37.813  -23.206  70.330 0.0000000000
59368  -35.959  -25.846  70.565 0.0000000000
58426  -35.390  -26.076  66.465 0.0000000000
59399  -36.109  -25.458  67.867 0.0000000000
61147  -36.893  -23.625  70.143 0.0000000000
149141  -36.938  -22.888  69.831 0.0000000000
62045  -37.333  -21.665  69.106 0.0000000000
63806  -36.317  -20.452  66.384 0.0000000000
63813  -34.775  -20.023  63.943 0.0000000000
64776  -34.227  -19.417  61.912 0.0000000000
133398  -33.154  -20.719  60.786 0.0000000000
64793  -33.510  -19.756  60.269 0.0000000000
137712  -33.714  -19.737  59.755 0.0000000000
64838  -33.102  -19.580  57.899 0.0000000000
63911  -32.428  -20.156  56.515 0.0000000000
63938  -32.122  -20.843  55.073 0.0000000000
62146  -30.159  -22.791  56.714 0.0000000000
62995  -29.459  -21.264  56.279 0.0000000000
63910  -29.522  -20.153  56.440 0.0000000000
64850  -29.714  -19.581  56.257 0.0000000000
64878  -29.656  -19.439  55.148 0.0000000000
64879  -30.369  -19.677  55.115 0.0000000000
63936  -30.820  -20.328  54.365 0.0000000000
63946  -31.430  -20.935  53.707 0.0000000000
51930  -14.733  -32.354  76.742 0.0000000000
53153  -14.749  -31.773  66.673 0.0000000000
53154  -15.424  -31.907  66.537 0.0000000000
53128  -15.275  -32.192  67.827 0.0000000000
52039  -16.480  -32.719  68.977 0.0000000000
52014  -17.185  -33.145  70.537 0.0000000000
51005  -18.158  -33.662  72.683 0.0000000000
54261  -19.484  -30.614  63.260 0.0000000000
53202  -19.504  -31.646  64.406 0.0000000000
52109  -19.546  -32.699  66.518 0.0000000000
53130  -20.896  -31.859  67.237 0.0000000000
149184  -20.244  -32.989  67.924 0.0000000000
51050  -19.517  -33.444  68.809 0.0000000000
51038  -19.438  -33.708  69.759 0.0000000000
145671  -18.697  -33.878  72.062 0.0000000000
50993  -19.176  -34.075  73.606 0.0000000000
50027  -20.201  -34.326  75.716 0.0000000000
143335  -20.807  -34.601  76.205 0.0000000000
48088  -3.322  -36.662  71.281 0.0000000000
48070  -3.740  -36.892  72.216 0.0000000000
49139  -6.094  -35.307  70.283 0.0000000000
49138  -5.282  -35.523  70.210 0.0000000000
49120  -4.943  -35.901  71.011 0.0000000000
48071  -4.594  -36.558  72.496 0.0000000000
48038  -4.752  -36.910  74.182 0.0000000000
48026  -4.989  -36.910  75.077 0.0000000000
49019  -7.319  -35.843  77.326 0.0000000000
63926  -34.864  -20.987  55.287 0.0000000000
63912  -35.626  -21.143  56.370 0.0000000000
62986  -37.479  -21.385  58.070 0.0000000000
64868  -36.850  -18.946  55.937 0.0000000000
63902  -38.246  -20.561  57.758 0.0000000000
62974  -38.834  -21.229  58.910 0.0000000000
63872  -40.276  -20.802  59.857 0.0000000000
68683  -39.834  -15.536  54.923 0.0000000000
67677  -39.876  -16.131  56.699 0.0000000000
141699  -40.496  -16.533  58.186 0.0000000000
71687  -47.986  -12.337  49.225 0.0000000000
146165  -49.365  -12.198  48.406 0.0000000000
72646  -50.844  -11.864  47.688 0.0000000000
71738  -48.449  -12.454  45.472 0.0000000000
72665  -50.175  -11.929  46.063 0.0000000000
72647  -51.831  -11.576  47.506 0.0000000000
72667  -52.698  -10.887  46.292 0.0000000000
73593  -53.541  -9.119  46.488 0.0000000000
74565  -49.952  -9.899  41.989 0.0000000000
74561  -51.994  -9.359  43.092 0.0000000000
75578  -53.555  -7.268  44.910 0.0000000000
78297  -53.690  -4.685  41.309 0.0000000000
128292  -26.952  -27.748  61.887 0.0000000000
57380  -25.139  -27.971  61.680 0.0000000000
128293  -26.035  -27.871  61.583 0.0000000000
63008  -32.766  -21.141  55.180 0.0000000000
62997  -33.776  -21.239  56.130 0.0000000000
72612  -46.651  -11.724  50.764 0.0000000000
72597  -46.876  -11.485  51.219 0.0000000000
72613  -47.403  -11.422  51.020 0.0000000000
72614  -48.733  -11.189  50.960 0.0000000000
135158  -47.897  -11.527  50.799 0.0000000000
47084  -3.401  -37.612  73.502 0.0000000000
47083  -2.712  -37.897  73.248 0.0000000000
61277  -31.581  -23.675  59.055 0.0000000000
132950  -31.585  -22.787  58.693 0.0000000000
145181  -10.876  -33.300  75.842 0.0000000000
50978  -10.650  -33.281  74.859 0.0000000000
50980  -17.750  -33.224  74.396 0.0000000000
51945  -17.517  -32.906  75.316 0.0000000000
50967  -18.180  -33.320  75.058 0.0000000000
50981  -18.533  -33.671  74.270 0.0000000000
55239  -22.725  -29.616  71.468 0.0000000000
54144  -22.493  -30.206  72.119 0.0000000000
54145  -22.807  -30.020  72.933 0.0000000000
55216  -23.141  -29.804  73.753 0.0000000000
50977  -9.825  -33.750  74.702 0.0000000000
67754  -38.174  -16.161  52.745 0.0000000000
68724  -38.888  -15.813  53.013 0.0000000000
58400  -29.952  -27.004  67.851 0.0000000000
128327  -30.238  -27.000  67.203 0.0000000000
58509  -29.578  -26.664  60.505 0.0000000000
144401  -29.925  -26.639  61.186 0.0000000000
52033  -10.684  -32.190  69.919 0.0000000000
52063  -11.106  -31.893  69.351 0.0000000000
128558  -13.973  -31.824  67.816 0.0000000000
138967  -14.167  -32.101  68.807 0.0000000000
128739  -15.069  -32.548  70.048 0.0000000000
144313  -14.967  -32.248  68.506 0.0000000000
144197  -24.323  -28.233  65.461 0.0000000000
126508  -23.974  -28.299  66.315 0.0000000000
57277  -24.078  -28.330  67.056 0.0000000000
57278  -24.643  -28.279  66.810 0.0000000000
57279  -25.428  -28.224  67.005 0.0000000000
57282  -29.088  -27.423  66.512 0.0000000000
57248  -28.616  -27.538  67.917 0.0000000000
57265  -29.354  -27.287  67.361 0.0000000000
127536  -10.309  -32.256  69.361 0.0000000000
127558  -34.699  -19.019  62.155 0.0000000000
65800  -35.652  -18.697  63.235 0.0000000000
65834  -35.257  -19.028  61.539 0.0000000000
62957  -37.381  -21.348  59.459 0.0000000000
63856  -37.707  -21.081  60.159 0.0000000000
131335  -38.411  -21.054  60.433 0.0000000000
149878  -39.099  -20.995  60.705 0.0000000000
62941  -39.098  -21.278  60.096 0.0000000000
69712  -42.137  -13.790  52.965 0.0000000000
70686  -42.121  -13.463  52.102 0.0000000000
71592  -46.792  -12.013  56.447 0.0000000000
69757  -38.318  -13.899  48.874 0.0000000000
45150  -0.141  -39.700  74.048 0.0000000000
45149  0.698  -40.004  74.030 0.0000000000
44204  0.270  -40.297  74.671 0.0000000000
45103  -2.284  -39.473  79.455 0.0000000000
139267  -1.824  -39.814  80.279 0.0000000000
41308  1.049  -43.917  79.764 0.0000000000
132839  1.542  -44.469  79.360 0.0000000000
137796  -33.935  -26.801  66.983 0.0000000000
58405  -34.477  -26.849  67.664 0.0000000000
58424  -33.864  -26.665  66.275 0.0000000000
61228  -34.824  -23.088  62.934 0.0000000000
61215  -35.695  -23.754  64.512 0.0000000000
151681  -35.551  -23.110  64.179 0.0000000000
132556  -35.795  -22.920  64.848 0.0000000000
62915  -35.051  -21.746  63.915 0.0000000000
62082  -34.777  -22.085  63.140 0.0000000000
63882  -31.308  -19.824  57.721 0.0000000000
64836  -31.615  -19.645  57.447 0.0000000000
64851  -30.435  -19.586  56.414 0.0000000000
127090  -13.661  -32.573  74.882 0.0000000000
144114  -17.902  -32.423  65.604 0.0000000000
52107  -17.471  -32.486  66.196 0.0000000000
127566  -17.810  -32.773  67.033 0.0000000000
127403  -18.034  -32.999  67.943 0.0000000000
55286  -20.954  -29.679  65.295 0.0000000000
54223  -20.555  -30.484  65.089 0.0000000000
54203  -20.897  -30.383  65.836 0.0000000000
50081  -22.066  -33.818  71.883 0.0000000000
51016  -21.672  -33.643  71.136 0.0000000000
50068  -21.671  -34.375  72.393 0.0000000000
50067  -20.834  -34.432  72.068 0.0000000000
50054  -21.673  -34.610  73.208 0.0000000000
126688  -21.889  -34.793  73.883 0.0000000000
133587  -7.017  -35.566  74.203 0.0000000000
64894  -35.054  -19.105  53.778 0.0000000000
64881  -35.381  -19.336  54.370 0.0000000000
65899  -35.632  -18.623  54.072 0.0000000000
65882  -39.158  -18.203  57.839 0.0000000000
65875  -40.333  -18.532  58.795 0.0000000000
69616  -42.057  -14.146  57.259 0.0000000000
71728  -47.279  -12.838  46.178 0.0000000000
70759  -46.846  -13.045  45.404 0.0000000000
73612  -50.539  -10.701  43.150 0.0000000000
73601  -51.043  -10.859  43.853 0.0000000000
77373  -49.640  -5.758  41.071 0.0000000000
76525  -49.758  -6.896  41.203 0.0000000000
77374  -50.440  -6.188  41.438 0.0000000000
77375  -51.230  -6.537  41.856 0.0000000000
77363  -51.885  -5.729  42.080 0.0000000000
141729  -51.720  -4.887  41.592 0.0000000000
57316  -28.135  -27.678  64.544 0.0000000000
57317  -28.911  -27.404  64.042 0.0000000000
150608  -28.113  -27.385  60.857 0.0000000000
57382  -28.493  -27.329  61.549 0.0000000000
128294  -24.285  -27.971  61.741 0.0000000000
134787  -25.074  -28.153  63.968 0.0000000000
134786  -25.962  -28.061  64.015 0.0000000000
144665  -27.336  -27.816  63.516 0.0000000000
134785  -26.822  -27.953  64.143 0.0000000000
149881  -27.533  -27.819  64.191 0.0000000000
57296  -28.156  -27.717  65.387 0.0000000000
64823  -34.184  -19.815  58.791 0.0000000000
63884  -34.496  -20.354  58.405 0.0000000000
62984  -34.559  -21.235  57.066 0.0000000000
62985  -35.254  -21.325  57.503 0.0000000000
62956  -36.146  -21.347  58.619 0.0000000000
62971  -35.887  -21.462  57.941 0.0000000000
71663  -43.807  -12.286  51.021 0.0000000000
70701  -44.101  -12.624  51.705 0.0000000000
71643  -44.889  -12.498  51.944 0.0000000000
71624  -46.762  -12.480  53.317 0.0000000000
71625  -47.656  -12.271  53.492 0.0000000000
72615  -50.432  -11.309  50.516 0.0000000000
72616  -51.361  -11.224  50.546 0.0000000000
152115  -50.168  -11.709  49.892 0.0000000000
46113  -2.203  -38.423  73.641 0.0000000000
46097  -1.618  -38.940  74.013 0.0000000000
59436  -33.319  -25.168  62.802 0.0000000000
60331  -33.361  -24.155  61.745 0.0000000000
61251  -33.642  -23.333  61.574 0.0000000000
61238  -34.255  -23.271  62.272 0.0000000000
62095  -33.537  -22.341  61.232 0.0000000000
61299  -31.223  -21.843  58.089 0.0000000000
62124  -31.718  -21.904  58.726 0.0000000000
62983  -31.171  -20.549  57.904 0.0000000000
128013  -15.393  -32.672  73.710 0.0000000000
51933  -17.671  -32.735  76.413 0.0000000000
50956  -17.663  -32.772  77.398 0.0000000000
50943  -19.090  -33.553  77.525 0.0000000000
50016  -19.965  -34.026  77.358 0.0000000000
126887  -17.809  -31.707  63.117 0.0000000000
52125  -18.430  -32.111  64.466 0.0000000000
55264  -21.867  -29.769  68.121 0.0000000000
54188  -21.533  -30.781  68.427 0.0000000000
53078  -21.886  -31.156  71.001 0.0000000000
136731  -22.216  -32.481  71.939 0.0000000000
51981  -22.506  -32.423  72.541 0.0000000000
50994  -22.898  -33.713  73.313 0.0000000000
51022  -8.817  -33.643  70.709 0.0000000000
133087  -8.771  -33.857  71.562 0.0000000000
128035  -8.346  -34.743  74.343 0.0000000000
50037  -7.947  -35.094  75.015 0.0000000000
50953  -9.784  -34.079  76.470 0.0000000000
137144  -8.984  -34.634  76.133 0.0000000000
66838  -36.368  -17.334  52.933 0.0000000000
66806  -36.738  -17.467  53.946 0.0000000000
150383  -38.080  -16.944  55.093 0.0000000000
67684  -38.587  -16.883  55.965 0.0000000000
66796  -38.484  -17.388  56.544 0.0000000000
71756  -46.351  -12.869  43.154 0.0000000000
78304  -48.380  -5.328  40.026 0.0000000000
131782  -47.804  -5.659  39.791 0.0000000000
148732  -49.191  -4.978  39.908 0.0000000000
77393  -48.643  -5.289  39.811 0.0000000000
133588  -4.153  -37.767  75.829 0.0000000000
46036  -3.174  -38.796  80.421 0.0000000000
58342  -31.340  -26.423  70.608 0.0000000000
127069  -32.054  -26.328  70.749 0.0000000000
58402  -31.551  -26.729  67.775 0.0000000000
144757  -31.902  -26.659  68.399 0.0000000000
134784  -32.024  -26.716  67.049 0.0000000000
146410  -32.372  -26.729  66.392 0.0000000000
58462  -29.877  -27.173  64.113 0.0000000000
145235  -30.373  -27.042  65.534 0.0000000000
58482  -30.985  -26.711  63.111 0.0000000000
58483  -31.687  -26.533  63.516 0.0000000000
58465  -32.285  -26.476  64.171 0.0000000000
58493  -32.193  -26.077  62.900 0.0000000000
59452  -31.413  -25.356  60.557 0.0000000000
51963  -10.821  -32.847  73.088 0.0000000000
52008  -11.867  -32.217  70.958 0.0000000000
142696  -11.493  -32.395  71.736 0.0000000000
143839  -12.123  -32.449  72.294 0.0000000000
52010  -13.537  -32.344  70.564 0.0000000000
127083  -14.743  -32.660  72.699 0.0000000000
127080  -14.676  -32.641  71.873 0.0000000000
52012  -15.687  -32.737  70.736 0.0000000000
51994  -15.753  -32.786  71.552 0.0000000000
51980  -16.765  -33.020  72.469 0.0000000000
131344  -20.541  -29.104  63.962 0.0000000000
56293  -21.077  -28.616  64.150 0.0000000000
129899  -22.416  -28.022  63.757 0.0000000000
148481  -22.593  -28.468  65.589 0.0000000000
56295  -22.251  -28.455  65.037 0.0000000000
56288  -21.953  -28.684  65.498 0.0000000000
55280  -21.921  -29.139  66.736 0.0000000000
56280  -22.605  -28.703  66.894 0.0000000000
56262  -23.169  -28.621  68.308 0.0000000000
55256  -22.956  -28.946  70.124 0.0000000000
56253  -23.663  -28.573  69.875 0.0000000000
56241  -23.671  -28.672  71.144 0.0000000000
56242  -24.114  -28.423  70.543 0.0000000000
57244  -25.430  -28.153  69.125 0.0000000000
57229  -25.571  -28.083  69.979 0.0000000000
151365  -26.134  -27.990  70.099 0.0000000000
57215  -26.699  -27.882  70.290 0.0000000000
127075  -26.234  -28.147  66.971 0.0000000000
127076  -26.915  -28.024  67.401 0.0000000000
57233  -28.549  -27.486  69.241 0.0000000000
128154  -27.779  -27.717  69.417 0.0000000000
57203  -28.907  -27.252  71.605 0.0000000000
131243  -28.947  -27.276  70.801 0.0000000000
58341  -30.454  -26.717  70.429 0.0000000000
58321  -30.886  -26.515  71.315 0.0000000000
51036  -9.347  -32.974  69.514 0.0000000000
63801  -36.819  -19.643  66.959 0.0000000000
64720  -37.716  -19.911  67.875 0.0000000000
64732  -36.902  -19.010  66.591 0.0000000000
66719  -37.014  -18.456  64.242 0.0000000000
66689  -37.475  -18.418  66.003 0.0000000000
66704  -37.906  -18.174  65.544 0.0000000000
66721  -38.451  -18.034  64.966 0.0000000000
64794  -35.723  -19.438  60.412 0.0000000000
65849  -36.103  -19.035  61.198 0.0000000000
64795  -36.587  -19.678  60.580 0.0000000000
65836  -38.278  -18.954  62.138 0.0000000000
65814  -38.143  -18.675  62.802 0.0000000000
131304  -38.884  -18.513  63.206 0.0000000000
66735  -39.097  -18.081  64.417 0.0000000000
66736  -40.083  -18.040  64.214 0.0000000000
65802  -40.500  -18.308  63.609 0.0000000000
65816  -41.343  -18.553  63.430 0.0000000000
144976  -40.053  -14.994  52.956 0.0000000000
69710  -40.674  -14.457  52.684 0.0000000000
69701  -42.163  -13.925  53.867 0.0000000000
69681  -41.486  -14.253  54.347 0.0000000000
69682  -42.140  -13.887  54.765 0.0000000000
69656  -42.096  -13.889  55.617 0.0000000000
70653  -42.820  -13.592  55.234 0.0000000000
70674  -44.548  -13.353  53.235 0.0000000000
70673  -43.895  -13.596  53.893 0.0000000000
135162  -44.738  -13.420  53.901 0.0000000000
71599  -44.962  -12.687  55.971 0.0000000000
42232  4.250  -43.272  76.911 0.0000000000
41321  4.744  -43.348  76.448 0.0000000000
147969  4.731  -43.929  76.230 0.0000000000
64910  -33.214  -19.339  51.576 0.0000000000
64911  -33.892  -18.962  51.957 0.0000000000
65935  -34.287  -18.242  51.601 0.0000000000
66867  -35.218  -17.127  51.092 0.0000000000
66868  -35.824  -16.689  50.978 0.0000000000
67791  -37.013  -15.922  50.758 0.0000000000
147217  -38.135  -15.252  50.728 0.0000000000
68770  -38.749  -14.860  50.811 0.0000000000
69739  -39.807  -13.741  50.170 0.0000000000
69727  -40.893  -13.548  51.072 0.0000000000
71694  -41.513  -12.476  48.197 0.0000000000
70732  -41.020  -12.462  48.772 0.0000000000
70719  -41.765  -12.552  49.928 0.0000000000
71673  -42.646  -12.307  50.107 0.0000000000
71682  -42.432  -12.282  49.286 0.0000000000
142529  -43.836  -12.799  48.133 0.0000000000
138407  -43.986  -12.349  48.978 0.0000000000
129373  -44.808  -12.349  49.336 0.0000000000
71697  -45.506  -12.645  48.875 0.0000000000
150108  -45.403  -12.889  48.282 0.0000000000
70756  -44.200  -13.561  46.378 0.0000000000
130094  -44.704  -13.655  45.747 0.0000000000
70757  -45.549  -13.475  45.926 0.0000000000
44203  1.160  -40.459  74.406 0.0000000000
46087  -3.406  -38.378  75.800 0.0000000000
46099  -2.915  -38.495  75.041 0.0000000000
45110  -1.740  -39.970  77.040 0.0000000000
45123  -2.338  -39.412  76.595 0.0000000000
45122  -1.629  -39.897  76.145 0.0000000000
44172  -1.156  -40.407  76.727 0.0000000000
44144  -0.992  -41.058  80.461 0.0000000000
43178  0.560  -41.914  79.030 0.0000000000
43179  -0.138  -41.656  79.418 0.0000000000
43184  0.009  -41.452  78.379 0.0000000000
44171  -0.404  -40.765  76.473 0.0000000000
44157  0.175  -41.247  77.208 0.0000000000
44170  0.448  -41.032  76.164 0.0000000000
42235  2.152  -42.367  78.251 0.0000000000
43182  1.638  -41.888  77.644 0.0000000000
43181  2.564  -42.045  77.438 0.0000000000
42234  2.979  -42.624  77.822 0.0000000000
42233  3.820  -42.798  77.308 0.0000000000
41315  3.276  -43.289  77.933 0.0000000000
39529  1.950  -45.613  78.149 0.0000000000
60229  -37.962  -24.634  71.050 0.0000000000
61122  -37.887  -23.918  70.648 0.0000000000
127068  -32.754  -26.511  70.357 0.0000000000
58343  -33.609  -26.516  71.016 0.0000000000
128137  -33.857  -26.821  70.133 0.0000000000
134245  -34.768  -26.684  70.479 0.0000000000
58364  -35.431  -26.479  70.022 0.0000000000
58345  -35.438  -26.284  71.025 0.0000000000
59379  -35.869  -26.044  69.533 0.0000000000
59421  -34.733  -25.351  64.396 0.0000000000
59416  -35.381  -25.647  65.680 0.0000000000
59408  -36.183  -25.009  66.998 0.0000000000
59389  -36.172  -25.392  69.020 0.0000000000
60254  -36.342  -24.509  68.563 0.0000000000
60249  -36.481  -24.455  69.628 0.0000000000
62064  -36.268  -22.391  66.623 0.0000000000
150190  -36.515  -23.030  68.659 0.0000000000
62053  -36.514  -22.645  68.211 0.0000000000
129818  -36.799  -22.462  69.128 0.0000000000
144901  -36.846  -21.769  68.510 0.0000000000
62892  -36.870  -21.122  67.900 0.0000000000
62896  -36.458  -21.359  66.968 0.0000000000
62914  -34.558  -20.954  63.442 0.0000000000
63820  -34.942  -20.878  64.180 0.0000000000
131389  -34.398  -19.958  63.309 0.0000000000
64758  -34.339  -19.450  62.690 0.0000000000
63825  -33.896  -19.907  62.029 0.0000000000
62939  -33.204  -21.617  60.804 0.0000000000
62926  -33.541  -21.277  61.356 0.0000000000
64792  -33.007  -19.876  60.045 0.0000000000
64808  -33.139  -19.761  59.544 0.0000000000
65872  -33.286  -19.701  59.044 0.0000000000
65871  -32.891  -19.596  58.416 0.0000000000
64866  -31.661  -19.830  56.249 0.0000000000
64854  -32.683  -19.773  57.291 0.0000000000
63924  -32.242  -20.549  55.724 0.0000000000
63923  -31.572  -20.240  55.429 0.0000000000
134516  -30.139  -21.819  56.792 0.0000000000
63909  -29.055  -19.797  56.049 0.0000000000
64862  -28.758  -19.646  55.455 0.0000000000
149298  -29.081  -19.411  55.218 0.0000000000
130478  -29.157  -19.469  54.604 0.0000000000
64892  -29.942  -19.820  54.283 0.0000000000
63945  -30.587  -20.608  53.475 0.0000000000
144631  -11.405  -32.893  74.556 0.0000000000
50979  -12.084  -32.764  75.232 0.0000000000
51941  -13.452  -32.577  76.000 0.0000000000
51931  -15.617  -32.270  76.725 0.0000000000
127898  -16.775  -32.427  66.876 0.0000000000
53155  -16.095  -32.061  66.385 0.0000000000
53129  -15.875  -32.193  67.182 0.0000000000
52090  -15.947  -32.404  67.893 0.0000000000
52064  -15.730  -32.472  68.626 0.0000000000
52065  -16.497  -32.620  68.253 0.0000000000
145132  -17.668  -33.318  69.997 0.0000000000
141175  -16.988  -32.940  69.657 0.0000000000
149753  -17.491  -33.370  71.187 0.0000000000
51014  -18.241  -33.686  71.408 0.0000000000
53184  -19.854  -31.924  65.157 0.0000000000
52118  -19.317  -32.432  65.627 0.0000000000
53112  -21.177  -31.955  68.144 0.0000000000
51040  -21.025  -33.328  69.575 0.0000000000
52041  -20.836  -33.108  68.938 0.0000000000
51039  -20.284  -33.517  69.256 0.0000000000
51060  -19.595  -33.184  68.023 0.0000000000
51026  -19.728  -34.016  70.647 0.0000000000
149320  -20.234  -34.389  72.366 0.0000000000
50066  -19.577  -34.201  72.091 0.0000000000
50052  -19.779  -34.315  72.918 0.0000000000
51006  -18.966  -34.012  72.790 0.0000000000
50982  -19.384  -34.081  74.518 0.0000000000
133063  -20.167  -34.430  74.753 0.0000000000
50018  -21.344  -34.870  76.846 0.0000000000
50042  -23.242  -34.660  74.507 0.0000000000
49083  -22.691  -35.105  74.947 0.0000000000
49084  -23.335  -35.049  75.222 0.0000000000
56224  -24.496  -28.366  72.557 0.0000000000
139282  -7.198  -34.806  70.287 0.0000000000
148394  -5.703  -35.578  70.856 0.0000000000
48055  -5.743  -36.150  73.159 0.0000000000
48072  -5.262  -36.274  72.659 0.0000000000
48054  -5.000  -36.554  73.281 0.0000000000
48039  -5.372  -36.596  74.614 0.0000000000
49044  -7.821  -35.479  76.495 0.0000000000
62889  -39.827  -21.504  68.874 0.0000000000
63024  -34.191  -21.130  54.863 0.0000000000
63927  -35.933  -20.461  55.908 0.0000000000
144860  -35.391  -20.896  55.685 0.0000000000
63913  -36.362  -20.931  56.667 0.0000000000
63900  -36.880  -21.244  57.433 0.0000000000
63914  -37.096  -20.526  56.921 0.0000000000
65892  -36.514  -18.538  55.213 0.0000000000
65888  -37.509  -18.470  56.321 0.0000000000
64841  -38.412  -19.544  57.534 0.0000000000
64825  -38.868  -20.153  58.102 0.0000000000
63886  -38.600  -21.008  58.346 0.0000000000
63887  -39.244  -20.775  58.730 0.0000000000
62959  -39.419  -21.115  59.495 0.0000000000
63888  -39.919  -20.461  59.178 0.0000000000
63873  -41.516  -19.777  60.121 0.0000000000
63860  -41.456  -20.302  60.738 0.0000000000
64797  -42.119  -19.755  60.855 0.0000000000
68711  -40.333  -15.040  54.338 0.0000000000
68669  -40.506  -15.483  56.546 0.0000000000
68660  -40.568  -15.887  57.482 0.0000000000
67671  -39.902  -16.641  57.503 0.0000000000
67663  -41.035  -15.960  58.423 0.0000000000
71698  -46.893  -12.753  48.232 0.0000000000
71699  -47.701  -12.595  48.233 0.0000000000
71717  -48.639  -12.452  47.146 0.0000000000
71700  -48.586  -12.412  48.170 0.0000000000
71718  -49.342  -12.254  47.558 0.0000000000
72645  -50.044  -12.072  48.052 0.0000000000
72655  -50.097  -12.025  47.103 0.0000000000
71747  -48.209  -12.494  44.601 0.0000000000
72675  -49.027  -12.201  44.859 0.0000000000
72666  -50.782  -11.584  45.162 0.0000000000
130245  -51.069  -11.642  46.001 0.0000000000
72656  -50.946  -11.785  46.781 0.0000000000
72657  -51.820  -11.476  46.516 0.0000000000
72658  -52.665  -11.182  47.189 0.0000000000
73603  -52.542  -10.225  44.675 0.0000000000
73592  -53.069  -10.126  45.755 0.0000000000
74548  -53.317  -9.065  45.382 0.0000000000
74549  -53.697  -8.248  46.328 0.0000000000
128026  -49.963  -7.997  41.326 0.0000000000
75588  -49.487  -8.621  41.189 0.0000000000
74574  -49.362  -9.399  41.339 0.0000000000
140433  -50.087  -8.956  41.549 0.0000000000
73621  -51.319  -9.567  42.689 0.0000000000
74567  -51.673  -8.867  42.520 0.0000000000
76518  -52.765  -7.343  42.936 0.0000000000
75577  -53.188  -7.684  43.820 0.0000000000
143231  -53.810  -7.212  45.535 0.0000000000
76502  -53.882  -6.645  44.968 0.0000000000
79304  -51.344  -4.581  40.463 0.0000000000
79305  -52.309  -4.486  40.680 0.0000000000
78306  -52.856  -4.665  40.200 0.0000000000
137621  -27.930  -27.613  62.943 0.0000000000
57381  -27.611  -27.564  61.341 0.0000000000
145405  -25.573  -27.960  62.265 0.0000000000
145449  -33.294  -20.608  56.750 0.0000000000
63898  -33.910  -20.718  57.295 0.0000000000
150887  -34.007  -21.126  56.711 0.0000000000
62998  -34.495  -21.293  56.361 0.0000000000
71676  -45.307  -11.966  50.655 0.0000000000
71666  -46.267  -11.773  51.655 0.0000000000
72576  -47.072  -11.481  51.869 0.0000000000
72599  -48.535  -10.928  51.689 0.0000000000
73520  -49.360  -10.518  51.943 0.0000000000
73535  -49.771  -10.507  51.688 0.0000000000
73550  -49.044  -10.821  51.522 0.0000000000
48069  -2.819  -37.168  71.897 0.0000000000
47100  -2.352  -37.684  72.456 0.0000000000
60345  -32.406  -24.219  60.553 0.0000000000
60330  -32.700  -24.528  61.339 0.0000000000
61265  -32.624  -23.335  60.237 0.0000000000
149865  -32.465  -22.649  59.784 0.0000000000
141080  -16.487  -32.833  73.970 0.0000000000
145703  -16.675  -32.687  75.008 0.0000000000
54182  -22.048  -30.013  69.811 0.0000000000
54161  -22.210  -30.346  71.241 0.0000000000
144513  -23.056  -32.138  73.728 0.0000000000
53039  -22.813  -31.208  73.603 0.0000000000
53032  -23.232  -31.393  74.378 0.0000000000
51001  -9.067  -33.922  72.959 0.0000000000
50038  -9.083  -34.248  74.504 0.0000000000
144025  -36.891  -16.861  52.545 0.0000000000
143943  -37.369  -17.004  53.850 0.0000000000
126463  -37.729  -16.605  53.351 0.0000000000
67706  -38.603  -16.392  54.435 0.0000000000
150126  -30.831  -26.674  69.104 0.0000000000
58401  -30.679  -26.831  67.835 0.0000000000
134232  -31.092  -26.784  67.098 0.0000000000
58481  -30.259  -26.953  63.217 0.0000000000
137987  -29.891  -26.811  61.839 0.0000000000
58500  -30.494  -26.433  61.506 0.0000000000
58501  -31.206  -26.167  61.837 0.0000000000
58511  -30.965  -25.937  61.035 0.0000000000
51989  -10.676  -32.500  71.370 0.0000000000
52036  -13.784  -32.206  69.732 0.0000000000
142424  -14.345  -32.445  70.315 0.0000000000
52011  -14.893  -32.584  70.727 0.0000000000
134362  -23.193  -28.127  64.087 0.0000000000
145544  -22.995  -28.448  66.261 0.0000000000
56281  -23.376  -28.435  66.946 0.0000000000
56272  -23.726  -28.416  67.614 0.0000000000
56263  -24.120  -28.351  68.257 0.0000000000
56254  -24.606  -28.272  69.731 0.0000000000
151638  -24.698  -28.291  68.207 0.0000000000
126690  -25.293  -28.231  68.224 0.0000000000
57245  -26.127  -28.092  68.578 0.0000000000
57263  -27.613  -27.893  66.795 0.0000000000
57247  -27.804  -27.816  67.639 0.0000000000
145745  -28.771  -27.443  68.622 0.0000000000
57234  -29.358  -27.198  69.146 0.0000000000
58360  -30.215  -26.847  69.530 0.0000000000
151632  -9.849  -32.565  69.423 0.0000000000
52032  -10.034  -32.571  70.019 0.0000000000
64747  -35.192  -19.123  64.251 0.0000000000
65791  -35.847  -18.706  64.629 0.0000000000
131113  -35.706  -18.626  63.986 0.0000000000
65801  -36.377  -18.593  63.714 0.0000000000
65812  -36.393  -18.734  62.784 0.0000000000
64796  -37.608  -20.204  60.721 0.0000000000
64779  -38.865  -19.660  61.768 0.0000000000
64780  -39.916  -19.903  61.967 0.0000000000
63840  -40.385  -20.578  61.303 0.0000000000
69720  -40.663  -14.081  51.751 0.0000000000
69711  -41.399  -13.933  52.409 0.0000000000
133042  -45.810  -12.935  54.742 0.0000000000
70642  -45.143  -13.008  55.092 0.0000000000
71600  -45.967  -12.587  55.587 0.0000000000
73576  -53.790  -10.043  47.633 0.0000000000
129796  -37.883  -14.425  49.296 0.0000000000
69738  -39.016  -14.301  50.202 0.0000000000
135011  -38.616  -14.157  49.545 0.0000000000
69758  -39.022  -13.616  49.099 0.0000000000
71695  -42.295  -12.463  48.428 0.0000000000
71712  -42.984  -12.846  47.807 0.0000000000
71713  -44.425  -13.081  47.682 0.0000000000
70745  -43.723  -13.264  47.164 0.0000000000
70755  -43.325  -13.588  46.180 0.0000000000
46055  -2.740  -39.095  77.669 0.0000000000
45107  -2.241  -39.615  78.395 0.0000000000
45106  -1.749  -40.072  77.987 0.0000000000
141668  -0.547  -42.194  79.727 0.0000000000
42225  0.363  -42.585  79.624 0.0000000000
43172  0.861  -42.375  79.383 0.0000000000
42230  1.635  -42.736  79.020 0.0000000000
40443  3.015  -44.169  78.096 0.0000000000
41311  2.267  -44.393  78.812 0.0000000000
40445  1.604  -45.226  78.836 0.0000000000
58382  -33.609  -26.900  68.257 0.0000000000
58362  -33.768  -26.930  69.167 0.0000000000
58383  -34.583  -26.942  68.658 0.0000000000
146311  -35.233  -26.710  68.262 0.0000000000
60286  -35.339  -24.566  64.321 0.0000000000
135544  -35.791  -24.425  65.016 0.0000000000
149510  -36.043  -24.230  65.670 0.0000000000
61177  -36.312  -24.066  67.064 0.0000000000
61162  -36.405  -23.618  68.074 0.0000000000
60275  -36.218  -23.516  66.254 0.0000000000
62071  -36.032  -22.683  65.696 0.0000000000
62901  -36.056  -21.636  66.055 0.0000000000
62070  -35.717  -21.987  65.184 0.0000000000
62970  -32.119  -20.388  58.915 0.0000000000
63853  -32.836  -20.319  60.162 0.0000000000
63868  -32.261  -19.851  58.632 0.0000000000
64821  -32.452  -19.656  58.338 0.0000000000
64837  -32.362  -19.548  57.813 0.0000000000
64865  -30.880  -19.610  55.841 0.0000000000
51965  -12.475  -32.639  73.839 0.0000000000
51954  -12.712  -32.660  74.614 0.0000000000
53183  -16.998  -31.969  64.689 0.0000000000
53182  -16.359  -31.916  65.307 0.0000000000
52040  -17.867  -33.266  69.326 0.0000000000
136971  -18.409  -33.545  69.891 0.0000000000
54262  -20.070  -29.977  63.850 0.0000000000
54244  -20.232  -30.496  64.450 0.0000000000
53185  -20.477  -31.311  65.634 0.0000000000
53156  -20.665  -31.680  66.464 0.0000000000
138104  -21.462  -32.558  69.840 0.0000000000
51028  -21.334  -33.460  70.341 0.0000000000
50088  -21.071  -34.059  70.846 0.0000000000
50087  -20.413  -34.136  70.855 0.0000000000
50079  -20.674  -34.286  71.403 0.0000000000
132174  -21.012  -34.705  74.056 0.0000000000
49068  -22.205  -35.177  75.531 0.0000000000
50076  -7.408  -34.965  71.994 0.0000000000
49123  -6.910  -35.200  71.766 0.0000000000
49107  -6.379  -35.529  72.047 0.0000000000
48040  -5.946  -36.212  74.625 0.0000000000
49021  -8.591  -35.017  77.875 0.0000000000
49045  -8.032  -35.404  77.280 0.0000000000
152878  -34.742  -20.610  54.638 0.0000000000
63940  -34.902  -19.929  54.187 0.0000000000
64867  -36.204  -19.486  55.514 0.0000000000
134006  -38.125  -18.042  56.773 0.0000000000
65881  -38.553  -18.558  57.378 0.0000000000
64842  -39.022  -19.146  57.950 0.0000000000
64827  -40.183  -19.494  58.941 0.0000000000
64812  -40.950  -19.195  59.364 0.0000000000
65864  -41.698  -18.750  59.892 0.0000000000
68685  -40.961  -14.707  55.574 0.0000000000
139053  -40.560  -15.158  55.898 0.0000000000
68670  -41.006  -14.878  56.311 0.0000000000
148958  -41.618  -14.757  57.539 0.0000000000
69596  -41.751  -14.915  58.347 0.0000000000
71727  -46.825  -12.972  46.812 0.0000000000
71716  -47.337  -12.772  47.407 0.0000000000
150251  -47.349  -12.810  46.798 0.0000000000
71729  -47.896  -12.645  46.769 0.0000000000
137995  -48.591  -12.444  46.298 0.0000000000
148981  -50.232  -11.606  44.521 0.0000000000
73602  -51.614  -11.045  44.655 0.0000000000
137607  -51.786  -10.495  43.996 0.0000000000
73614  -52.245  -9.829  43.780 0.0000000000
77385  -48.262  -5.954  40.360 0.0000000000
153033  -51.305  -8.416  42.131 0.0000000000
76526  -51.320  -7.581  42.000 0.0000000000
76517  -52.135  -6.778  42.348 0.0000000000
77357  -52.978  -6.297  42.941 0.0000000000
77358  -53.630  -6.017  43.295 0.0000000000
78319  -52.410  -5.135  39.694 0.0000000000
78307  -53.648  -4.851  40.423 0.0000000000
78320  -53.414  -5.321  39.778 0.0000000000
145759  -29.741  -27.218  65.985 0.0000000000
144329  -28.855  -27.478  64.895 0.0000000000
149448  -29.330  -27.325  64.539 0.0000000000
57342  -29.446  -27.210  63.301 0.0000000000
57363  -28.550  -27.403  62.424 0.0000000000
150168  -29.139  -27.245  62.709 0.0000000000
57383  -29.321  -26.965  61.310 0.0000000000
53108  -11.295  -31.690  68.484 0.0000000000
53126  -12.481  -31.493  67.723 0.0000000000
57378  -22.438  -27.672  61.734 0.0000000000
57358  -22.767  -27.835  62.501 0.0000000000
57336  -23.764  -28.067  63.449 0.0000000000
134788  -24.184  -28.155  64.039 0.0000000000
57313  -24.660  -28.185  64.705 0.0000000000
57294  -25.054  -28.198  65.285 0.0000000000
128317  -25.752  -28.184  65.466 0.0000000000
127072  -26.603  -28.095  65.655 0.0000000000
57280  -27.455  -27.937  65.925 0.0000000000
57281  -28.281  -27.716  66.234 0.0000000000
65861  -34.369  -19.594  59.989 0.0000000000
65862  -35.020  -19.434  60.194 0.0000000000
64810  -35.313  -19.789  59.693 0.0000000000
63870  -35.672  -20.649  59.185 0.0000000000
63871  -36.495  -21.104  59.375 0.0000000000
144898  -36.838  -21.450  58.839 0.0000000000
62972  -37.440  -21.464  58.703 0.0000000000
127569  -42.821  -13.066  51.765 0.0000000000
70687  -43.546  -13.103  52.151 0.0000000000
70688  -44.339  -13.050  52.442 0.0000000000
70675  -45.313  -13.160  53.538 0.0000000000
71644  -45.683  -12.309  52.224 0.0000000000
71623  -45.940  -12.745  53.054 0.0000000000
71609  -46.127  -12.971  53.962 0.0000000000
127979  -46.521  -12.746  54.777 0.0000000000
133395  -47.248  -12.594  54.816 0.0000000000
73536  -50.512  -10.521  51.554 0.0000000000
72627  -51.858  -11.387  49.817 0.0000000000
149569  -51.461  -11.686  49.091 0.0000000000
46125  -0.675  -38.305  72.525 0.0000000000
46096  -0.794  -39.113  73.671 0.0000000000
58466  -33.451  -26.244  64.734 0.0000000000
127543  -33.905  -25.755  64.217 0.0000000000
147162  -34.236  -25.256  63.767 0.0000000000
60315  -33.711  -24.490  62.447 0.0000000000
60299  -34.728  -24.668  63.655 0.0000000000
60316  -34.476  -24.040  62.836 0.0000000000
62088  -34.416  -22.431  62.421 0.0000000000
62938  -32.813  -21.274  60.265 0.0000000000
62113  -32.471  -21.850  59.724 0.0000000000
127086  -14.523  -32.557  74.305 0.0000000000
127089  -14.550  -32.503  75.134 0.0000000000
51932  -16.482  -32.343  76.744 0.0000000000
51917  -16.935  -32.564  77.576 0.0000000000
52124  -17.779  -32.204  64.911 0.0000000000
126416  -21.523  -29.751  66.854 0.0000000000
54197  -21.430  -30.333  67.427 0.0000000000
54174  -21.952  -30.527  70.375 0.0000000000
53077  -21.714  -31.437  70.094 0.0000000000
53059  -21.825  -32.060  70.738 0.0000000000
139492  -21.985  -32.501  71.305 0.0000000000
51997  -22.046  -33.131  71.563 0.0000000000
50069  -22.404  -34.047  72.621 0.0000000000
50055  -22.467  -34.431  73.338 0.0000000000
50056  -23.525  -33.815  74.249 0.0000000000
50970  -23.994  -33.454  75.303 0.0000000000
144691  -7.678  -34.483  70.440 0.0000000000
50077  -8.083  -34.503  71.923 0.0000000000
49076  -7.296  -35.521  74.866 0.0000000000
50024  -8.259  -35.087  75.858 0.0000000000
66807  -37.399  -17.241  54.538 0.0000000000
127750  -37.457  -17.510  55.231 0.0000000000
66789  -39.434  -17.377  57.647 0.0000000000
152723  -47.100  -12.946  44.927 0.0000000000
70774  -46.468  -13.121  43.825 0.0000000000
71758  -47.940  -12.439  43.682 0.0000000000
131672  -49.013  -5.461  40.483 0.0000000000
78305  -49.715  -5.077  40.676 0.0000000000
150267  -51.043  -4.990  41.351 0.0000000000
79311  -49.991  -4.823  40.324 0.0000000000
79312  -50.485  -4.698  40.102 0.0000000000
78317  -50.264  -4.958  39.783 0.0000000000
77410  -49.052  -6.478  38.891 0.0000000000
77395  -50.668  -5.936  39.273 0.0000000000
46072  -3.794  -38.215  76.622 0.0000000000
46046  -3.246  -38.735  78.543 0.0000000000
127066  -32.375  -26.564  69.584 0.0000000000
127065  -31.659  -26.554  69.161 0.0000000000
127064  -32.690  -26.748  68.837 0.0000000000
134876  -33.040  -26.773  66.846 0.0000000000
58441  -31.282  -26.843  65.451 0.0000000000
144783  -30.829  -26.883  63.855 0.0000000000
127684  -32.168  -26.660  64.940 0.0000000000
58442  -32.901  -26.556  65.240 0.0000000000
59420  -33.058  -26.071  63.997 0.0000000000
59435  -32.625  -25.505  62.460 0.0000000000
59444  -32.352  -25.229  61.706 0.0000000000
130105  -31.664  -25.587  61.368 0.0000000000
59453  -32.064  -24.938  60.940 0.0000000000
60362  -31.456  -24.425  59.385 0.0000000000
51964  -11.608  -32.726  73.640 0.0000000000
51976  -11.504  -32.571  72.671 0.0000000000
127085  -13.086  -32.561  73.351 0.0000000000
129493  -12.131  -32.072  70.325 0.0000000000
52035  -12.839  -32.066  69.908 0.0000000000
52009  -12.675  -32.256  70.804 0.0000000000
127084  -13.845  -32.579  72.969 0.0000000000
144952  -14.465  -32.611  73.492 0.0000000000
51978  -15.309  -32.728  72.069 0.0000000000
51967  -16.174  -32.839  73.050 0.0000000000
150786  -16.819  -32.993  73.225 0.0000000000
51968  -17.260  -33.085  73.747 0.0000000000
55314  -19.793  -28.832  62.780 0.0000000000
152284  -20.146  -29.359  63.560 0.0000000000
149572  -21.623  -27.868  63.122 0.0000000000
56303  -21.587  -28.144  63.754 0.0000000000
55287  -21.428  -29.063  65.391 0.0000000000
55279  -21.385  -29.583  66.092 0.0000000000
55265  -22.432  -29.208  68.681 0.0000000000
55255  -22.473  -29.405  69.575 0.0000000000
55247  -23.051  -29.059  70.917 0.0000000000
55240  -23.240  -29.003  71.723 0.0000000000
139039  -23.459  -28.970  72.505 0.0000000000
56232  -23.935  -28.550  71.951 0.0000000000
56233  -24.774  -28.207  71.760 0.0000000000
57213  -24.996  -28.121  70.782 0.0000000000
57185  -25.257  -28.078  72.452 0.0000000000
145866  -25.968  -27.899  72.429 0.0000000000
57186  -26.604  -27.807  72.020 0.0000000000
57187  -27.372  -27.610  72.516 0.0000000000
57262  -26.014  -28.177  67.700 0.0000000000
127077  -27.274  -27.909  68.104 0.0000000000
146833  -27.029  -27.923  68.838 0.0000000000
57231  -27.071  -27.847  69.640 0.0000000000
146554  -27.267  -27.767  70.838 0.0000000000
57201  -27.350  -27.694  71.582 0.0000000000
57189  -28.842  -27.196  72.400 0.0000000000
58320  -29.825  -26.934  71.233 0.0000000000
51035  -8.571  -33.537  69.319 0.0000000000
51023  -9.421  -33.088  70.404 0.0000000000
63788  -37.931  -20.481  68.400 0.0000000000
131070  -37.002  -18.627  66.111 0.0000000000
65771  -37.823  -18.773  66.864 0.0000000000
65752  -38.257  -19.564  67.596 0.0000000000
65761  -38.661  -19.171  67.037 0.0000000000
66733  -37.095  -18.617  63.437 0.0000000000
64777  -37.070  -19.174  61.305 0.0000000000
65813  -37.296  -18.734  62.728 0.0000000000
66734  -37.682  -18.444  63.894 0.0000000000
131233  -39.159  -17.966  65.135 0.0000000000
66706  -39.544  -18.047  65.496 0.0000000000
68725  -39.524  -15.459  53.344 0.0000000000
152694  -40.036  -15.165  53.658 0.0000000000
69680  -40.908  -14.560  54.081 0.0000000000
69654  -40.910  -14.628  54.802 0.0000000000
69636  -42.056  -13.969  56.445 0.0000000000
70631  -42.601  -13.584  56.973 0.0000000000
139074  -42.878  -13.455  52.562 0.0000000000
148592  -43.658  -13.450  54.863 0.0000000000
70641  -44.298  -13.107  55.415 0.0000000000
70640  -43.466  -13.280  55.745 0.0000000000
42243  4.203  -42.200  76.925 0.0000000000
63029  -32.704  -21.158  53.806 0.0000000000
63947  -32.883  -20.913  53.131 0.0000000000
63948  -33.653  -20.282  53.109 0.0000000000
64902  -34.124  -19.318  52.707 0.0000000000
65909  -34.754  -18.851  53.067 0.0000000000
143196  -35.066  -18.239  52.714 0.0000000000
65923  -35.608  -17.806  52.824 0.0000000000
145686  -35.864  -17.370  52.291 0.0000000000
67752  -36.442  -16.963  52.092 0.0000000000
133758  -37.080  -16.521  51.946 0.0000000000
67772  -37.833  -16.031  51.870 0.0000000000
68754  -37.721  -15.727  51.052 0.0000000000
68756  -39.247  -14.982  51.604 0.0000000000
69719  -39.930  -14.422  51.458 0.0000000000
126422  -41.452  -13.039  50.723 0.0000000000
70730  -39.501  -13.098  48.631 0.0000000000
70717  -40.301  -13.155  49.674 0.0000000000
150263  -41.212  -12.861  50.146 0.0000000000
70709  -42.907  -12.565  50.949 0.0000000000
71683  -43.285  -12.190  49.523 0.0000000000
71675  -44.389  -12.077  50.469 0.0000000000
127948  -44.953  -12.048  50.040 0.0000000000
72622  -45.618  -12.039  50.238 0.0000000000
72623  -46.330  -12.052  50.158 0.0000000000
71686  -47.132  -12.224  49.731 0.0000000000
126713  -46.397  -12.536  49.136 0.0000000000
71714  -45.267  -13.131  47.584 0.0000000000
151506  -45.959  -13.069  47.538 0.0000000000
70747  -45.953  -13.226  46.864 0.0000000000
70767  -46.040  -13.412  45.231 0.0000000000
70773  -45.642  -13.470  44.270 0.0000000000
149116  -2.364  -38.931  75.132 0.0000000000
46085  -1.819  -39.208  74.808 0.0000000000
45136  -1.375  -39.736  75.277 0.0000000000
44149  -1.301  -40.484  80.347 0.0000000000
143141  -1.045  -40.678  79.464 0.0000000000
44153  -1.219  -40.589  78.432 0.0000000000
43174  -0.358  -41.832  79.753 0.0000000000
44152  -0.636  -41.110  78.923 0.0000000000
40450  3.286  -44.769  77.427 0.0000000000
60230  -38.406  -24.806  71.081 0.0000000000
60235  -38.464  -23.980  70.641 0.0000000000
58324  -33.667  -26.277  71.993 0.0000000000
150148  -34.218  -26.647  70.741 0.0000000000
58444  -34.650  -26.242  65.783 0.0000000000
58406  -35.487  -26.367  67.462 0.0000000000
59407  -35.851  -25.379  66.306 0.0000000000
59398  -35.890  -25.743  66.982 0.0000000000
59388  -35.793  -26.195  68.525 0.0000000000
60242  -36.802  -24.474  70.568 0.0000000000
60234  -37.437  -23.926  70.573 0.0000000000
140379  -36.568  -23.476  69.191 0.0000000000
62038  -37.407  -23.030  70.181 0.0000000000
62046  -37.362  -22.375  69.646 0.0000000000
62888  -37.389  -21.009  68.534 0.0000000000
126635  -36.826  -20.405  67.340 0.0000000000
63800  -35.944  -19.794  65.662 0.0000000000
62900  -35.737  -20.897  65.470 0.0000000000
63814  -35.308  -20.140  64.780 0.0000000000
64752  -34.682  -19.251  63.490 0.0000000000
65833  -34.473  -19.320  61.366 0.0000000000
63838  -33.864  -20.827  62.020 0.0000000000
63837  -33.539  -20.315  61.354 0.0000000000
63854  -33.276  -20.023  60.640 0.0000000000
64775  -33.820  -19.705  61.183 0.0000000000
65846  -34.099  -19.565  60.555 0.0000000000
64822  -33.483  -19.719  58.583 0.0000000000
61298  -30.758  -23.453  57.746 0.0000000000
62136  -30.643  -22.512  57.391 0.0000000000
62996  -30.033  -20.614  56.888 0.0000000000
63896  -30.121  -19.813  56.795 0.0000000000
64863  -29.369  -19.445  55.702 0.0000000000
64864  -30.055  -19.394  55.768 0.0000000000
63937  -31.623  -20.760  54.582 0.0000000000
63021  -32.079  -21.200  53.937 0.0000000000
149412  -11.323  -32.991  75.338 0.0000000000
127078  -14.023  -31.658  66.939 0.0000000000
53127  -14.642  -31.915  67.405 0.0000000000
52038  -15.926  -32.659  69.674 0.0000000000
52013  -16.474  -32.881  70.402 0.0000000000
51013  -17.529  -33.415  72.014 0.0000000000
53218  -19.116  -31.448  63.577 0.0000000000
54243  -19.788  -30.960  64.022 0.0000000000
53201  -18.969  -31.921  64.156 0.0000000000
52126  -19.147  -32.167  64.808 0.0000000000
52091  -18.895  -33.022  67.312 0.0000000000
54196  -21.037  -31.064  66.940 0.0000000000
52110  -20.344  -32.382  66.824 0.0000000000
52069  -21.185  -32.526  68.920 0.0000000000
52093  -20.594  -32.524  67.603 0.0000000000
52092  -19.902  -32.889  67.334 0.0000000000
51049  -18.824  -33.267  68.296 0.0000000000
51037  -18.706  -33.446  69.115 0.0000000000
51025  -18.821  -33.775  70.601 0.0000000000
51015  -19.171  -33.979  71.356 0.0000000000
50992  -18.537  -33.791  73.380 0.0000000000
144858  -19.629  -34.077  75.332 0.0000000000
130750  -20.248  -34.222  76.551 0.0000000000
50041  -22.566  -34.800  74.152 0.0000000000
48053  -4.087  -37.051  73.235 0.0000000000
50085  -6.760  -35.091  70.498 0.0000000000
48090  -5.104  -36.114  71.971 0.0000000000
47061  -4.702  -37.272  75.589 0.0000000000
63023  -33.332  -21.204  54.456 0.0000000000
63010  -34.323  -21.277  55.656 0.0000000000
63011  -34.992  -21.277  56.003 0.0000000000
63000  -35.988  -21.357  57.256 0.0000000000
130313  -37.981  -21.473  59.188 0.0000000000
64840  -37.763  -20.016  57.210 0.0000000000
63901  -37.624  -20.973  57.522 0.0000000000
62973  -38.156  -21.372  58.657 0.0000000000
62958  -38.624  -21.346  59.355 0.0000000000
62942  -39.841  -21.079  60.134 0.0000000000
63859  -40.569  -20.707  60.577 0.0000000000
127972  -40.940  -20.448  60.153 0.0000000000
67732  -39.074  -15.935  53.858 0.0000000000
67707  -39.254  -15.976  54.654 0.0000000000
148022  -39.438  -15.979  55.328 0.0000000000
67686  -39.969  -15.657  55.810 0.0000000000
67685  -39.303  -16.320  55.985 0.0000000000
66790  -40.055  -17.161  58.181 0.0000000000
152477  -40.575  -17.044  58.624 0.0000000000
66782  -40.451  -17.679  58.691 0.0000000000
149357  -47.701  -11.952  50.154 0.0000000000
72634  -48.959  -12.148  49.216 0.0000000000
72635  -49.940  -11.981  49.147 0.0000000000
72636  -50.765  -11.882  48.632 0.0000000000
136780  -51.549  -11.694  48.341 0.0000000000
71737  -47.612  -12.745  45.286 0.0000000000
71739  -49.236  -12.210  45.739 0.0000000000
134455  -52.281  -11.450  48.326 0.0000000000
72648  -52.769  -11.210  47.949 0.0000000000
136951  -52.912  -11.063  47.647 0.0000000000
73582  -53.381  -10.389  47.327 0.0000000000
128012  -53.378  -9.991  46.640 0.0000000000
73583  -53.725  -9.357  47.170 0.0000000000
74535  -53.848  -8.628  46.910 0.0000000000
127771  -50.088  -10.525  42.582 0.0000000000
73620  -50.692  -10.035  42.610 0.0000000000
135954  -52.717  -8.918  43.682 0.0000000000
75584  -52.463  -8.437  42.966 0.0000000000
75571  -53.246  -8.362  44.596 0.0000000000
75572  -53.584  -7.827  45.585 0.0000000000
151964  -51.796  -4.536  41.077 0.0000000000
78296  -52.694  -4.606  41.471 0.0000000000
78308  -54.281  -5.226  40.777 0.0000000000
42226  -0.177  -42.174  79.711 0.0000000000
45097  -1.906  -39.982  81.030 0.0000000000
50078  -19.965  -34.234  71.350 0.0000000000
51051  -20.227  -33.245  68.512 0.0000000000
51969  -22.813  -32.760  73.111 0.0000000000
52068  -20.767  -32.777  68.306 0.0000000000
53046  -22.308  -31.735  72.286 0.0000000000
53217  -18.422  -31.842  63.707 0.0000000000
55229  -22.955  -29.499  72.312 0.0000000000
57214  -25.955  -27.973  70.650 0.0000000000
57311  -22.295  -28.251  64.397 0.0000000000
59415  -34.906  -25.715  65.134 0.0000000000
60228  -37.232  -24.790  71.107 0.0000000000
60264  -36.128  -24.548  66.290 0.0000000000
61134  -38.197  -23.313  70.401 0.0000000000
62039  -37.814  -22.516  69.935 0.0000000000
62987  -38.045  -21.186  58.046 0.0000000000
63783  -38.174  -21.048  68.823 0.0000000000
63787  -37.692  -20.523  68.359 0.0000000000
63839  -39.470  -20.547  61.272 0.0000000000
64723  -38.596  -19.824  67.689 0.0000000000
64727  -37.322  -19.286  67.239 0.0000000000
64728  -39.036  -19.425  67.020 0.0000000000
64740  -36.391  -18.997  65.853 0.0000000000
64809  -34.594  -19.707  59.501 0.0000000000
64839  -33.830  -19.998  58.034 0.0000000000
64856  -37.303  -19.471  56.580 0.0000000000
65760  -38.110  -19.139  67.290 0.0000000000
65770  -37.384  -18.862  66.795 0.0000000000
65772  -38.464  -18.707  66.696 0.0000000000
65782  -36.387  -18.673  65.262 0.0000000000
65811  -35.462  -18.828  62.449 0.0000000000
65815  -39.651  -18.431  63.365 0.0000000000
65835  -37.556  -18.859  62.068 0.0000000000
66692  -40.026  -18.226  65.735 0.0000000000
66703  -37.065  -18.413  65.241 0.0000000000
66705  -38.703  -18.068  65.657 0.0000000000
66722  -39.910  -17.925  64.955 0.0000000000
66746  -37.725  -18.625  63.266 0.0000000000
66748  -39.250  -18.301  63.707 0.0000000000
69615  -41.556  -14.546  56.761 0.0000000000
71602  -47.778  -12.451  55.345 0.0000000000
72578  -48.811  -10.855  52.299 0.0000000000
72596  -46.097  -11.750  50.985 0.0000000000
72617  -51.727  -11.296  50.286 0.0000000000
73521  -50.264  -10.228  52.052 0.0000000000
74566  -50.835  -9.186  42.126 0.0000000000
76509  -53.375  -6.648  43.624 0.0000000000
77365  -53.231  -5.534  42.735 0.0000000000
78294  -50.324  -4.858  40.749 0.0000000000
78295  -50.417  -5.195  41.186 0.0000000000
78318  -51.268  -4.948  39.768 0.0000000000
79297  -50.996  -4.681  41.041 0.0000000000
79298  -53.076  -4.496  40.797 0.0000000000
128667  -49.689  -4.805  39.998 0.0000000000
131156  -32.067  -21.396  59.119 0.0000000000
132371  -37.232  -19.811  67.560 0.0000000000
135945  -38.258  -18.229  64.302 0.0000000000
135946  -40.319  -17.999  65.274 0.0000000000
136907  -32.219  -26.710  65.727 0.0000000000
136954  -32.875  -25.762  63.204 0.0000000000
143413  -37.544  -18.612  66.472 0.0000000000
144951  -36.478  -19.508  66.290 0.0000000000
146989  -48.234  -6.182  39.150 0.0000000000
149464  -35.142  -18.782  63.595 0.0000000000
149579  -28.952  -27.310  69.644 0.0000000000
151190  -18.145  -33.676  72.040 0.0000000000
151646  -16.188  -31.979  65.876 0.0000000000
151670  -32.785  -26.429  64.610 0.0000000000
