#!ascii label  , from subject sub-v2s0x29040_ses-1 vox2ras=TkReg
574
110731  19.878  1.749  10.191 0.0000000000
68421  26.283  8.075  8.124 0.0000000000
75874  24.553  16.910  6.458 0.0000000000
116328  19.856  13.444  6.932 0.0000000000
122586  22.195  -2.581  10.775 0.0000000000
103562  26.296  0.445  9.961 0.0000000000
65243  23.333  4.094  7.062 0.0000000000
68436  20.636  8.426  6.894 0.0000000000
71830  24.724  12.469  7.107 0.0000000000
117236  30.225  16.026  5.229 0.0000000000
77463  23.573  19.649  6.214 0.0000000000
60071  21.411  -0.728  10.217 0.0000000000
118198  24.053  -1.439  9.949 0.0000000000
61766  22.655  0.750  8.928 0.0000000000
111477  18.349  7.097  9.280 0.0000000000
69224  17.206  9.043  9.714 0.0000000000
113856  21.308  14.483  5.907 0.0000000000
71851  21.836  12.865  5.964 0.0000000000
73554  24.468  14.671  6.746 0.0000000000
73540  28.006  14.400  7.797 0.0000000000
75862  28.126  17.094  7.448 0.0000000000
78790  20.979  21.249  7.929 0.0000000000
78107  21.130  19.768  7.186 0.0000000000
78801  23.335  21.751  6.393 0.0000000000
66057  24.085  5.678  6.627 0.0000000000
65230  26.075  4.127  8.217 0.0000000000
66039  27.802  6.376  8.548 0.0000000000
75108  21.248  16.257  6.327 0.0000000000
69244  28.942  9.753  8.245 0.0000000000
64284  17.796  3.628  10.297 0.0000000000
63475  21.026  2.707  9.078 0.0000000000
65217  20.052  4.847  8.662 0.0000000000
113125  21.910  6.133  6.490 0.0000000000
114171  23.376  8.211  6.061 0.0000000000
107856  19.744  11.108  7.277 0.0000000000
112909  22.890  10.149  6.129 0.0000000000
70111  25.428  10.385  7.623 0.0000000000
113426  27.829  11.949  8.004 0.0000000000
76681  20.862  17.712  6.787 0.0000000000
113708  24.339  18.192  6.247 0.0000000000
78843  25.373  22.628  3.410 0.0000000000
78158  26.418  21.167  4.510 0.0000000000
76691  27.703  19.026  6.235 0.0000000000
76704  31.020  18.850  4.139 0.0000000000
62660  24.525  2.455  7.710 0.0000000000
62626  18.682  2.224  10.829 0.0000000000
61733  19.329  0.469  11.110 0.0000000000
60919  20.684  0.339  10.203 0.0000000000
60917  21.858  -0.126  9.669 0.0000000000
116089  21.127  0.718  9.789 0.0000000000
74329  22.498  15.403  5.903 0.0000000000
73563  23.000  14.660  5.859 0.0000000000
74317  24.295  15.441  6.574 0.0000000000
74316  25.814  15.897  7.129 0.0000000000
75093  25.913  16.618  7.003 0.0000000000
124960  21.730  22.504  7.499 0.0000000000
78795  21.918  21.260  7.070 0.0000000000
79595  23.730  22.684  6.257 0.0000000000
67640  25.673  7.230  7.723 0.0000000000
66849  25.883  6.384  7.908 0.0000000000
67639  26.732  7.256  8.327 0.0000000000
74319  20.633  15.180  6.406 0.0000000000
75097  20.323  16.204  6.811 0.0000000000
59144  20.737  -2.340  11.406 0.0000000000
58243  21.511  -3.139  11.364 0.0000000000
57296  23.736  -3.983  11.742 0.0000000000
119127  24.267  -3.290  11.377 0.0000000000
103626  25.234  -0.648  9.895 0.0000000000
60037  26.256  -1.394  11.362 0.0000000000
64310  19.213  3.927  9.916 0.0000000000
107656  18.630  5.071  9.868 0.0000000000
67641  19.358  7.641  8.094 0.0000000000
66850  20.408  6.484  7.594 0.0000000000
67652  21.530  7.454  6.464 0.0000000000
103144  22.693  7.274  5.198 0.0000000000
108407  21.895  8.097  6.123 0.0000000000
109715  18.201  11.050  8.350 0.0000000000
70993  19.390  11.884  7.448 0.0000000000
71841  23.150  12.517  6.171 0.0000000000
114631  22.150  11.317  6.199 0.0000000000
71001  23.537  11.656  6.388 0.0000000000
122963  24.068  10.227  6.621 0.0000000000
70999  25.280  11.138  7.498 0.0000000000
70990  26.784  11.219  8.133 0.0000000000
71827  27.370  12.427  7.949 0.0000000000
74314  29.477  15.088  6.822 0.0000000000
73552  29.390  14.216  6.964 0.0000000000
78124  22.172  19.851  6.611 0.0000000000
77448  20.950  18.773  6.952 0.0000000000
77465  21.906  18.909  6.580 0.0000000000
115086  22.382  18.066  6.414 0.0000000000
77462  24.508  19.638  5.921 0.0000000000
77470  27.632  20.107  5.212 0.0000000000
78138  28.816  20.467  4.474 0.0000000000
77456  30.104  19.189  5.373 0.0000000000
64321  22.419  2.931  7.903 0.0000000000
103186  23.176  2.101  7.985 0.0000000000
63501  23.538  2.760  7.591 0.0000000000
65216  27.098  4.231  8.639 0.0000000000
64306  27.145  3.541  8.805 0.0000000000
60039  20.592  -1.662  11.176 0.0000000000
59158  21.489  -1.850  10.718 0.0000000000
59155  23.328  -2.329  10.478 0.0000000000
60069  22.199  -1.021  9.900 0.0000000000
60915  23.636  -0.325  9.244 0.0000000000
60931  23.890  0.422  8.762 0.0000000000
110298  16.878  7.366  9.813 0.0000000000
67627  17.470  7.719  9.596 0.0000000000
112896  18.726  8.905  8.299 0.0000000000
72734  20.600  14.351  6.312 0.0000000000
71853  20.756  12.941  6.365 0.0000000000
72746  21.358  13.825  5.891 0.0000000000
72744  22.745  13.335  5.924 0.0000000000
72732  24.267  13.227  6.737 0.0000000000
72720  26.468  13.677  7.741 0.0000000000
73542  25.902  14.520  7.494 0.0000000000
74305  28.318  15.678  7.600 0.0000000000
119263  29.700  16.933  6.784 0.0000000000
78095  20.311  20.039  8.992 0.0000000000
78099  20.861  20.207  7.768 0.0000000000
78106  21.713  20.330  6.909 0.0000000000
108892  23.342  20.999  6.304 0.0000000000
111836  24.011  4.923  6.723 0.0000000000
64329  24.369  3.728  7.292 0.0000000000
66042  25.221  4.806  7.575 0.0000000000
65229  26.578  4.844  8.394 0.0000000000
72722  19.728  14.017  7.109 0.0000000000
73555  20.799  14.835  6.234 0.0000000000
74331  21.276  15.245  6.099 0.0000000000
75106  22.119  15.997  6.041 0.0000000000
105043  24.835  -2.129  10.734 0.0000000000
110685  28.225  8.969  8.433 0.0000000000
109934  28.760  8.226  8.396 0.0000000000
62625  19.106  2.537  10.358 0.0000000000
62637  20.726  1.665  9.687 0.0000000000
63463  19.317  3.198  9.992 0.0000000000
64308  20.244  3.913  9.013 0.0000000000
65233  20.956  4.168  8.202 0.0000000000
66028  18.957  5.805  9.259 0.0000000000
66044  20.309  5.717  8.021 0.0000000000
66059  22.709  4.894  6.834 0.0000000000
125301  23.026  6.177  5.924 0.0000000000
66880  23.314  6.710  6.026 0.0000000000
68433  24.558  7.943  6.865 0.0000000000
70088  18.153  10.176  8.556 0.0000000000
124031  19.913  9.800  7.306 0.0000000000
71017  21.202  12.097  6.355 0.0000000000
114741  21.586  10.197  6.376 0.0000000000
69282  22.063  9.383  6.160 0.0000000000
69280  23.128  9.245  6.058 0.0000000000
68434  24.103  8.594  6.585 0.0000000000
109510  25.817  8.833  7.870 0.0000000000
70098  27.108  10.494  8.289 0.0000000000
104826  28.912  10.923  7.942 0.0000000000
72718  28.392  13.439  7.718 0.0000000000
75888  21.028  16.848  6.529 0.0000000000
75107  21.794  16.517  6.209 0.0000000000
75884  24.384  17.579  6.340 0.0000000000
79598  24.867  22.306  4.667 0.0000000000
78142  24.898  21.091  5.467 0.0000000000
118135  25.702  21.792  4.092 0.0000000000
78120  24.987  20.409  5.622 0.0000000000
77461  25.463  19.843  5.624 0.0000000000
76693  25.680  18.909  5.927 0.0000000000
75873  25.148  17.548  6.455 0.0000000000
76677  28.220  18.477  6.768 0.0000000000
76675  30.040  18.166  6.398 0.0000000000
75116  30.490  16.841  4.737 0.0000000000
62646  22.010  1.638  8.866 0.0000000000
105936  23.374  1.093  8.478 0.0000000000
61765  25.123  0.992  8.644 0.0000000000
63488  25.119  2.961  7.688 0.0000000000
63472  26.167  2.232  8.609 0.0000000000
110435  19.262  1.793  10.550 0.0000000000
61744  19.000  1.392  10.972 0.0000000000
61743  19.842  0.964  10.513 0.0000000000
61756  20.492  1.078  10.069 0.0000000000
75105  23.008  16.148  6.107 0.0000000000
74318  23.396  15.459  6.165 0.0000000000
75095  23.954  16.189  6.396 0.0000000000
75094  24.991  16.186  6.758 0.0000000000
118477  25.283  16.949  6.680 0.0000000000
79591  22.954  22.357  6.775 0.0000000000
58255  21.741  -2.549  10.951 0.0000000000
58242  22.248  -3.228  11.130 0.0000000000
57297  22.745  -4.013  11.555 0.0000000000
58241  23.212  -3.449  11.159 0.0000000000
58253  23.559  -2.938  10.888 0.0000000000
60913  25.565  0.098  9.580 0.0000000000
60903  26.041  -0.287  10.282 0.0000000000
60902  26.726  0.153  10.667 0.0000000000
61742  26.948  0.853  10.319 0.0000000000
65204  18.331  4.669  10.137 0.0000000000
66005  17.797  5.339  10.177 0.0000000000
67654  20.155  7.696  7.436 0.0000000000
67653  20.849  7.641  6.865 0.0000000000
68435  21.358  8.241  6.439 0.0000000000
121145  18.445  12.301  8.147 0.0000000000
71843  19.851  12.782  6.999 0.0000000000
71840  23.926  12.442  6.551 0.0000000000
71000  24.437  11.548  6.911 0.0000000000
70992  25.192  11.881  7.413 0.0000000000
70991  26.014  11.735  7.895 0.0000000000
71829  25.536  12.524  7.579 0.0000000000
74328  29.865  15.502  6.098 0.0000000000
74338  29.666  15.073  5.198 0.0000000000
78123  22.996  20.226  6.387 0.0000000000
77464  22.637  19.327  6.484 0.0000000000
76696  22.940  18.680  6.425 0.0000000000
78155  28.572  20.974  3.814 0.0000000000
78154  29.535  20.840  3.419 0.0000000000
77475  30.180  20.186  3.836 0.0000000000
64332  22.578  3.783  7.376 0.0000000000
64331  23.150  3.210  7.476 0.0000000000
64330  23.723  3.557  7.254 0.0000000000
65215  28.129  4.655  8.823 0.0000000000
64305  27.873  3.892  8.969 0.0000000000
60904  20.898  -0.472  10.414 0.0000000000
60055  20.425  -0.889  10.928 0.0000000000
60054  21.090  -1.273  10.678 0.0000000000
60053  21.533  -1.215  10.383 0.0000000000
60052  21.841  -1.419  10.296 0.0000000000
60070  21.790  -0.782  9.994 0.0000000000
60932  22.401  0.084  9.375 0.0000000000
60916  22.156  -0.473  9.672 0.0000000000
106929  23.058  0.260  9.035 0.0000000000
68397  17.071  8.472  9.852 0.0000000000
68407  17.268  8.267  9.661 0.0000000000
68424  18.336  8.252  8.814 0.0000000000
69232  18.063  9.037  8.803 0.0000000000
110477  21.088  14.397  5.989 0.0000000000
72747  20.858  13.762  6.137 0.0000000000
112497  21.689  14.299  5.769 0.0000000000
116833  23.768  14.865  6.328 0.0000000000
114651  23.073  13.889  5.919 0.0000000000
109562  23.800  14.071  6.369 0.0000000000
72733  23.466  13.248  6.247 0.0000000000
72731  24.683  13.917  6.956 0.0000000000
115992  25.487  13.835  7.428 0.0000000000
73553  25.137  14.452  7.173 0.0000000000
75080  26.685  16.086  7.325 0.0000000000
75079  27.697  16.271  7.534 0.0000000000
75078  28.664  16.282  7.489 0.0000000000
116951  29.096  17.015  7.314 0.0000000000
78785  20.587  21.875  8.476 0.0000000000
78786  20.469  21.073  9.168 0.0000000000
78094  20.651  20.668  8.406 0.0000000000
78794  22.568  21.654  6.803 0.0000000000
78105  22.561  20.866  6.646 0.0000000000
115055  23.772  5.495  6.522 0.0000000000
66056  24.538  5.008  7.040 0.0000000000
66848  26.802  6.349  8.393 0.0000000000
66041  26.008  5.453  8.117 0.0000000000
66040  27.108  5.634  8.513 0.0000000000
66027  27.591  5.076  8.619 0.0000000000
72735  20.086  14.158  6.727 0.0000000000
73556  20.366  14.818  6.536 0.0000000000
116589  20.906  15.476  6.301 0.0000000000
74332  21.025  15.160  6.188 0.0000000000
116205  21.155  15.646  6.239 0.0000000000
115425  21.484  15.788  6.151 0.0000000000
59154  24.143  -1.962  10.362 0.0000000000
60026  26.681  -1.711  12.105 0.0000000000
107063  18.143  3.235  10.699 0.0000000000
63464  18.898  3.379  10.127 0.0000000000
105372  19.503  4.319  9.481 0.0000000000
66822  17.973  6.233  9.819 0.0000000000
66029  18.541  5.667  9.652 0.0000000000
66837  18.506  6.408  9.372 0.0000000000
66061  21.174  6.061  7.152 0.0000000000
66060  21.882  5.435  6.959 0.0000000000
66067  22.537  6.044  6.226 0.0000000000
66066  22.981  5.787  6.274 0.0000000000
66074  21.906  5.934  5.025 0.0000000000
67680  22.866  7.392  5.499 0.0000000000
67683  23.010  7.151  5.179 0.0000000000
67666  23.572  7.212  6.168 0.0000000000
67651  24.196  7.149  6.543 0.0000000000
122012  23.976  7.824  6.415 0.0000000000
70101  18.906  10.850  7.864 0.0000000000
70100  19.525  10.191  7.529 0.0000000000
69247  18.815  9.736  8.112 0.0000000000
71852  21.264  12.990  6.104 0.0000000000
71002  20.607  12.063  6.610 0.0000000000
71016  21.755  12.086  6.186 0.0000000000
70129  22.608  11.060  6.186 0.0000000000
70131  21.705  11.188  6.304 0.0000000000
70130  22.276  10.369  6.195 0.0000000000
69281  22.642  9.374  6.056 0.0000000000
70112  24.604  10.491  7.055 0.0000000000
69264  24.266  9.583  6.763 0.0000000000
69263  25.111  9.739  7.419 0.0000000000
115863  24.906  8.872  7.282 0.0000000000
69245  26.140  9.765  8.078 0.0000000000
70989  27.842  11.206  8.172 0.0000000000
70988  28.755  11.709  7.722 0.0000000000
70987  29.739  11.172  7.226 0.0000000000
119813  29.493  11.893  7.178 0.0000000000
112865  27.440  13.836  7.813 0.0000000000
72719  27.399  13.105  7.889 0.0000000000
78100  20.368  19.655  8.212 0.0000000000
77437  20.598  19.110  7.509 0.0000000000
76680  21.334  18.359  6.671 0.0000000000
76672  20.617  18.280  7.156 0.0000000000
76682  20.357  17.501  7.246 0.0000000000
75875  20.605  16.785  6.795 0.0000000000
76698  21.268  17.547  6.557 0.0000000000
114087  22.919  17.861  6.342 0.0000000000
75886  22.125  17.360  6.302 0.0000000000
75885  22.702  16.901  6.191 0.0000000000
114589  23.632  17.669  6.305 0.0000000000
79605  24.870  22.779  3.791 0.0000000000
78825  25.170  22.194  4.141 0.0000000000
78813  24.678  21.698  5.366 0.0000000000
78812  25.186  21.699  4.849 0.0000000000
78157  27.381  21.251  3.978 0.0000000000
78824  26.494  21.741  3.581 0.0000000000
78141  25.596  20.965  5.120 0.0000000000
108808  26.303  20.410  5.201 0.0000000000
77459  27.218  19.541  5.701 0.0000000000
77460  26.358  19.601  5.630 0.0000000000
76692  26.676  18.814  6.142 0.0000000000
76679  25.845  18.150  6.336 0.0000000000
117444  27.382  18.455  6.607 0.0000000000
76678  26.707  17.984  6.708 0.0000000000
76688  30.758  18.549  5.057 0.0000000000
119345  30.301  18.542  5.796 0.0000000000
75882  30.547  17.935  5.805 0.0000000000
75902  30.954  18.109  4.320 0.0000000000
107381  21.028  2.153  9.337 0.0000000000
62647  21.430  1.701  9.252 0.0000000000
63490  23.569  2.230  7.797 0.0000000000
124275  23.006  1.745  8.244 0.0000000000
62661  23.904  1.867  7.886 0.0000000000
61777  24.314  1.188  8.339 0.0000000000
62644  24.577  1.858  7.997 0.0000000000
65231  25.336  4.118  7.721 0.0000000000
64319  24.898  3.604  7.512 0.0000000000
64318  25.587  3.520  7.908 0.0000000000
64292  27.614  3.126  9.235 0.0000000000
63471  26.750  2.900  8.776 0.0000000000
124916  27.187  2.686  9.205 0.0000000000
63462  26.877  2.238  9.179 0.0000000000
60905  20.147  -0.040  10.675 0.0000000000
124696  21.618  -0.449  9.936 0.0000000000
60918  21.345  -0.079  9.938 0.0000000000
61754  21.646  0.401  9.609 0.0000000000
61767  22.106  0.551  9.330 0.0000000000
73565  21.437  14.865  5.914 0.0000000000
73564  22.052  14.796  5.738 0.0000000000
74308  25.244  15.230  7.091 0.0000000000
75092  26.935  17.080  7.212 0.0000000000
109922  20.858  22.092  7.922 0.0000000000
78789  21.387  21.816  7.521 0.0000000000
79586  22.160  22.071  7.172 0.0000000000
66866  25.090  6.417  7.280 0.0000000000
115841  24.607  5.776  6.984 0.0000000000
113161  27.536  6.955  8.498 0.0000000000
116586  20.479  15.627  6.573 0.0000000000
75096  20.794  16.058  6.462 0.0000000000
59145  20.091  -2.079  11.703 0.0000000000
58244  20.926  -3.007  11.598 0.0000000000
58230  24.648  -3.804  12.102 0.0000000000
58240  25.085  -3.264  11.866 0.0000000000
60066  24.325  -0.877  9.638 0.0000000000
60051  24.886  -1.464  10.265 0.0000000000
60050  25.764  -1.054  10.627 0.0000000000
64293  18.809  4.018  10.094 0.0000000000
65219  18.929  4.512  9.918 0.0000000000
65218  19.149  5.117  9.430 0.0000000000
66852  18.901  6.953  8.746 0.0000000000
66836  19.196  6.291  8.767 0.0000000000
66851  19.695  6.883  7.984 0.0000000000
66870  20.438  7.124  7.350 0.0000000000
66868  21.689  6.720  6.453 0.0000000000
66883  21.888  5.972  5.214 0.0000000000
67669  22.165  7.113  6.037 0.0000000000
67668  22.496  7.821  5.742 0.0000000000
68443  22.963  7.956  5.685 0.0000000000
70994  18.659  11.755  7.976 0.0000000000
71850  22.471  12.670  6.019 0.0000000000
71015  22.286  11.956  6.140 0.0000000000
71014  22.858  11.778  6.160 0.0000000000
70128  23.186  10.897  6.233 0.0000000000
113072  23.534  10.006  6.341 0.0000000000
70113  23.868  10.803  6.547 0.0000000000
70099  26.085  10.792  8.000 0.0000000000
113897  27.027  11.868  8.047 0.0000000000
116230  29.164  14.787  7.297 0.0000000000
73539  28.909  14.205  7.504 0.0000000000
73551  29.551  14.447  6.050 0.0000000000
77447  21.496  19.339  6.803 0.0000000000
124591  22.300  18.591  6.480 0.0000000000
76695  23.826  18.642  6.260 0.0000000000
78140  27.087  20.618  4.810 0.0000000000
78139  27.988  20.587  4.554 0.0000000000
77469  28.543  20.061  5.057 0.0000000000
77458  28.138  19.553  5.671 0.0000000000
76690  28.687  19.008  6.230 0.0000000000
77468  29.564  19.944  4.731 0.0000000000
77467  30.544  19.397  4.512 0.0000000000
63493  21.676  2.762  8.472 0.0000000000
63492  22.231  2.226  8.391 0.0000000000
63491  22.900  2.448  7.918 0.0000000000
63489  23.980  2.621  7.564 0.0000000000
64307  26.397  3.528  8.424 0.0000000000
60040  19.883  -1.297  11.493 0.0000000000
59157  21.950  -2.049  10.560 0.0000000000
59156  22.496  -2.222  10.496 0.0000000000
59173  22.790  -1.841  10.224 0.0000000000
60068  22.751  -1.303  9.882 0.0000000000
111506  22.741  -0.545  9.496 0.0000000000
60067  23.444  -1.055  9.635 0.0000000000
60914  24.637  -0.086  9.211 0.0000000000
124229  25.184  0.450  9.041 0.0000000000
66838  17.957  6.893  9.595 0.0000000000
67642  18.625  7.625  8.772 0.0000000000
68423  19.046  8.340  8.185 0.0000000000
68437  19.839  8.453  7.524 0.0000000000
71842  20.347  13.552  6.548 0.0000000000
72745  22.043  13.531  5.785 0.0000000000
114426  22.400  14.103  5.735 0.0000000000
72721  25.067  13.196  7.281 0.0000000000
109799  25.788  13.183  7.638 0.0000000000
73541  26.927  14.525  7.716 0.0000000000
74307  26.322  15.284  7.451 0.0000000000
74306  27.501  15.335  7.654 0.0000000000
116129  28.547  14.987  7.612 0.0000000000
74315  29.038  15.484  7.376 0.0000000000
75091  29.485  16.102  6.924 0.0000000000
75090  30.074  16.478  6.214 0.0000000000
78796  21.338  20.779  7.419 0.0000000000
78122  23.782  20.652  6.095 0.0000000000
65242  23.859  4.276  6.966 0.0000000000
124733  24.054  3.823  7.160 0.0000000000
65241  24.234  4.320  7.057 0.0000000000
65240  24.720  4.240  7.328 0.0000000000
106092  25.780  4.645  8.043 0.0000000000
108631  25.194  5.606  7.439 0.0000000000
73566  21.207  14.903  6.035 0.0000000000
74330  21.709  15.339  5.945 0.0000000000
59142  24.242  -2.585  10.839 0.0000000000
59141  25.140  -2.628  11.342 0.0000000000
60038  25.518  -1.837  10.979 0.0000000000
113547  26.897  8.909  8.361 0.0000000000
68420  27.434  8.164  8.450 0.0000000000
62638  19.826  2.368  9.970 0.0000000000
63476  20.289  2.695  9.597 0.0000000000
64309  19.782  3.565  9.605 0.0000000000
104187  20.460  3.256  9.261 0.0000000000
64323  21.008  3.355  8.667 0.0000000000
64322  21.737  3.513  7.958 0.0000000000
66018  18.137  5.494  9.972 0.0000000000
66045  19.540  5.644  8.745 0.0000000000
66043  21.014  5.097  7.702 0.0000000000
65232  21.827  4.446  7.454 0.0000000000
66058  23.520  5.010  6.689 0.0000000000
66065  23.426  5.762  6.363 0.0000000000
124942  23.651  5.861  6.396 0.0000000000
103017  22.543  6.328  3.894 0.0000000000
66072  23.265  6.233  6.086 0.0000000000
66879  23.836  6.504  6.385 0.0000000000
67650  24.863  7.185  7.073 0.0000000000
68422  25.329  8.034  7.503 0.0000000000
70078  16.906  10.169  9.619 0.0000000000
69233  17.489  9.600  9.197 0.0000000000
69246  19.457  9.252  7.673 0.0000000000
69266  20.344  9.362  7.045 0.0000000000
107857  20.323  12.743  6.672 0.0000000000
71003  20.036  12.019  6.958 0.0000000000
115116  20.337  11.321  6.890 0.0000000000
70114  20.975  11.042  6.591 0.0000000000
70115  20.268  10.401  7.036 0.0000000000
69265  20.913  10.032  6.673 0.0000000000
68446  21.271  9.185  6.457 0.0000000000
68445  21.857  8.678  6.179 0.0000000000
68444  22.438  8.546  5.932 0.0000000000
106598  22.911  8.648  5.875 0.0000000000
69279  23.628  9.130  6.330 0.0000000000
108654  27.620  9.684  8.390 0.0000000000
70097  28.352  10.373  8.248 0.0000000000
70096  29.440  10.417  7.786 0.0000000000
71828  26.490  12.654  7.872 0.0000000000
72730  29.190  13.398  7.186 0.0000000000
71839  28.999  12.566  7.433 0.0000000000
76673  20.327  18.278  7.568 0.0000000000
75887  21.495  17.035  6.392 0.0000000000
75104  23.680  16.909  6.260 0.0000000000
79594  24.246  23.010  5.506 0.0000000000
112788  24.029  22.254  5.912 0.0000000000
78814  24.476  22.322  5.343 0.0000000000
78800  24.054  21.545  5.931 0.0000000000
123184  24.370  21.097  5.756 0.0000000000
78121  24.356  20.423  5.849 0.0000000000
76694  24.811  18.900  6.001 0.0000000000
75883  25.023  18.210  6.186 0.0000000000
75872  25.946  17.404  6.735 0.0000000000
75871  27.659  17.880  7.134 0.0000000000
76676  29.192  18.379  6.704 0.0000000000
75869  29.540  17.648  6.898 0.0000000000
75089  30.136  17.390  6.357 0.0000000000
75103  30.436  17.055  5.597 0.0000000000
113996  30.943  18.400  3.413 0.0000000000
111636  30.700  17.507  3.633 0.0000000000
75126  30.427  16.759  3.912 0.0000000000
75117  30.234  16.176  4.324 0.0000000000
61755  21.661  1.091  9.364 0.0000000000
103500  22.342  1.172  8.906 0.0000000000
62663  22.665  1.779  8.387 0.0000000000
62645  22.870  1.373  8.501 0.0000000000
60930  24.606  0.577  8.757 0.0000000000
61753  25.836  0.875  9.243 0.0000000000
119553  24.030  3.264  7.341 0.0000000000
64320  24.460  3.121  7.469 0.0000000000
106436  25.889  2.891  8.180 0.0000000000
63473  25.292  2.221  8.105 0.0000000000
62643  25.664  1.560  8.646 0.0000000000
62636  26.381  1.597  9.192 0.0000000000
61752  26.529  1.076  9.720 0.0000000000
67638  27.807  7.562  8.507 0.0000000000
58254  22.793  -2.830  10.765 0.0000000000
59143  21.256  -2.463  11.185 0.0000000000
59159  21.058  -1.934  11.019 0.0000000000
59172  23.399  -1.665  10.076 0.0000000000
59174  22.279  -1.631  10.230 0.0000000000
62662  23.298  1.752  8.136 0.0000000000
63474  21.583  2.147  8.901 0.0000000000
64341  21.005  5.525  4.018 0.0000000000
64342  20.923  5.399  3.842 0.0000000000
65249  22.834  5.914  5.177 0.0000000000
65254  22.017  5.926  4.001 0.0000000000
65255  21.314  5.569  3.821 0.0000000000
65256  21.261  5.555  3.778 0.0000000000
65261  22.647  5.945  4.443 0.0000000000
65262  21.918  5.768  3.779 0.0000000000
65263  21.186  5.343  3.837 0.0000000000
66071  23.692  6.068  6.378 0.0000000000
66073  22.759  6.098  5.065 0.0000000000
66075  22.000  5.927  4.018 0.0000000000
66076  21.250  5.582  3.898 0.0000000000
66077  21.485  5.964  3.734 0.0000000000
66081  23.008  6.398  5.185 0.0000000000
66082  22.933  6.152  4.414 0.0000000000
66867  24.410  6.404  6.753 0.0000000000
66869  21.025  6.915  6.962 0.0000000000
66881  22.355  6.570  6.039 0.0000000000
66884  22.034  5.944  3.986 0.0000000000
66887  23.357  7.002  5.668 0.0000000000
67609  16.992  7.881  9.756 0.0000000000
67626  18.064  7.624  9.339 0.0000000000
67667  23.244  7.389  5.863 0.0000000000
67679  23.172  7.312  5.624 0.0000000000
68406  17.736  8.205  9.350 0.0000000000
75127  29.843  15.980  3.444 0.0000000000
75870  28.668  17.811  7.210 0.0000000000
75894  30.738  17.687  5.030 0.0000000000
76689  29.649  18.835  6.090 0.0000000000
76697  21.780  17.958  6.471 0.0000000000
77457  29.138  19.479  5.568 0.0000000000
77471  26.905  20.078  5.326 0.0000000000
78137  29.358  20.526  4.081 0.0000000000
103018  22.113  5.955  3.760 0.0000000000
103019  22.698  6.525  4.103 0.0000000000
103020  22.320  6.108  3.992 0.0000000000
103102  21.495  5.667  3.770 0.0000000000
103124  23.052  6.680  4.668 0.0000000000
109613  19.815  6.196  8.237 0.0000000000
112512  17.524  8.725  9.402 0.0000000000
113593  17.210  7.357  9.716 0.0000000000
118479  25.002  1.553  8.295 0.0000000000
119651  30.693  17.391  4.335 0.0000000000
122802  22.791  6.998  4.717 0.0000000000
124943  22.596  7.364  5.564 0.0000000000
125268  25.476  9.311  7.665 0.0000000000
