#!ascii label  , from subject sub-v2s0x29035_ses-1 vox2ras=TkReg
1163
59731  -22.883  -24.079  9.968 0.4285714328
121624  -22.816  -22.793  9.354 0.2857142985
60613  -23.092  -23.389  9.727 0.4285714328
61516  -23.684  -22.802  9.712 0.4285714328
61517  -24.474  -22.307  9.919 0.4285714328
61527  -23.281  -22.118  9.131 0.2857142985
62502  -23.941  -22.016  9.469 0.4285714328
62503  -24.483  -21.413  9.568 0.4285714328
63513  -23.681  -20.840  8.322 0.4285714328
62513  -24.206  -20.850  9.002 0.4285714328
64434  -23.957  -20.265  7.811 0.4285714328
64435  -24.983  -19.471  8.149 0.4285714328
64449  -24.398  -19.352  6.749 0.5714285970
64450  -25.092  -19.155  7.163 0.4285714328
65427  -26.140  -18.142  6.886 0.2857142985
65425  -24.978  -18.730  6.238 0.7142857313
65426  -25.586  -18.510  6.540 0.7142857313
66431  -26.845  -17.010  5.710 0.7142857313
126669  -27.397  -16.535  6.231 0.4285714328
65441  -26.005  -18.009  6.102 0.7142857313
66417  -26.487  -17.595  6.303 0.5714285970
67382  -27.882  -15.872  5.864 0.5714285970
67399  -27.181  -16.347  5.313 0.5714285970
67400  -27.476  -15.853  5.134 0.5714285970
68306  -28.964  -14.891  5.560 0.5714285970
69287  -29.942  -14.010  4.607 0.5714285970
70214  -31.261  -13.288  4.387 0.5714285970
145734  -27.508  -14.994  4.399 0.7142857313
71120  -31.694  -12.870  3.727 0.7142857313
69266  -28.678  -14.777  4.650 0.5714285970
68321  -25.954  -15.657  4.468 0.5714285970
69303  -28.959  -14.136  3.720 0.8571428657
71138  -32.108  -12.514  3.017 0.7142857313
71139  -33.181  -12.522  2.947 0.5714285970
69302  -28.468  -14.084  3.735 0.7142857313
69301  -27.692  -14.278  3.981 0.5714285970
71165  -32.215  -12.344  1.513 0.7142857313
71159  -33.416  -12.440  1.967 0.5714285970
70232  -29.916  -13.446  3.230 0.7142857313
71158  -32.465  -12.424  2.340 0.7142857313
121962  -33.435  -12.334  0.233 0.5714285970
123284  -31.094  -12.839  2.813 0.7142857313
71174  -34.963  -12.927  -0.057 0.5714285970
71136  -29.741  -13.183  2.816 0.5714285970
125264  -30.686  -12.708  2.296 0.7142857313
135643  -32.082  -12.105  0.510 0.7142857313
71179  -33.314  -11.964  -1.135 0.7142857313
71173  -33.939  -12.334  -0.648 0.7142857313
72047  -31.315  -12.049  1.012 0.7142857313
71172  -32.771  -12.008  -0.464 0.7142857313
72076  -33.576  -11.207  -2.277 0.7142857313
72070  -34.252  -11.739  -1.937 0.5714285970
72053  -31.567  -11.624  0.229 0.7142857313
71156  -29.681  -12.819  2.705 0.5714285970
72921  -33.700  -10.772  -2.530 0.5714285970
72929  -33.433  -10.143  -3.038 0.5714285970
72046  -31.014  -11.848  1.283 0.8571428657
129780  -33.020  -10.503  -2.868 0.7142857313
72914  -32.405  -10.405  -2.612 0.7142857313
72068  -32.053  -11.114  -1.473 0.8571428657
72913  -31.987  -10.635  -2.018 0.7142857313
74711  -30.896  -8.803  -3.203 0.8571428657
138543  -31.956  -9.131  -4.451 0.5714285970
73834  -31.396  -9.473  -2.669 0.8571428657
73826  -31.259  -9.698  -1.683 0.8571428657
72904  -31.359  -10.395  -1.066 0.8571428657
72912  -31.567  -10.179  -1.889 0.8571428657
75654  -29.855  -7.677  -2.595 0.8571428657
76567  -29.162  -7.028  -3.009 0.8571428657
77449  -29.286  -5.869  -1.729 0.8571428657
125624  -31.033  -9.014  -2.247 0.8571428657
76555  -29.452  -6.802  -2.026 0.8571428657
77428  -30.316  -5.800  -0.060 1.0000000000
76548  -29.975  -6.323  -0.965 1.0000000000
75643  -30.457  -8.005  -1.713 0.8571428657
77440  -29.845  -5.237  -0.605 1.0000000000
79343  -29.821  -3.716  0.686 1.0000000000
80240  -28.328  -2.884  2.637 0.7142857313
78392  -29.930  -4.408  0.140 1.0000000000
78374  -30.080  -4.549  1.578 1.0000000000
79316  -29.467  -3.045  2.040 1.0000000000
81980  -25.864  -0.166  2.634 1.0000000000
81991  -25.178  -0.667  2.101 0.8571428657
82831  -23.674  1.114  1.367 0.8571428657
82832  -24.339  0.658  1.813 1.0000000000
85538  -23.069  3.404  0.771 0.8571428657
84645  -23.055  2.536  0.728 0.8571428657
84629  -24.310  2.426  1.789 1.0000000000
124974  -21.091  5.012  0.870 0.8571428657
126167  -21.781  4.501  0.878 0.8571428657
87441  -20.421  5.271  0.749 0.7142857313
85534  -19.371  4.439  0.572 0.5714285970
140106  -18.290  6.053  0.547 0.7142857313
88314  -20.111  6.423  0.757 0.5714285970
86388  -17.847  4.807  2.817 0.5714285970
86417  -17.097  4.578  1.456 0.5714285970
86389  -19.832  4.936  4.246 0.4285714328
88236  -19.894  5.943  3.998 0.4285714328
87377  -16.197  4.900  5.303 0.2857142985
88226  -16.037  5.961  5.287 0.2857142985
87378  -16.709  5.361  5.357 0.2857142985
87383  -14.947  4.809  4.626 0.2857142985
72928  -32.818  -9.659  -3.605 0.5714285970
72069  -32.689  -11.039  -2.069 0.7142857313
73841  -31.376  -9.123  -3.690 0.8571428657
74718  -30.938  -8.600  -4.130 0.8571428657
142959  -30.016  -7.921  -4.134 0.8571428657
77460  -28.870  -6.400  -2.518 0.8571428657
143821  -28.514  -2.092  2.770 0.8571428657
86415  -13.488  4.046  1.878 0.1428571492
130327  -23.065  -21.507  8.510 0.2857142985
62512  -23.755  -21.437  9.032 0.2857142985
63515  -25.256  -19.700  9.074 0.4285714328
63512  -22.981  -20.994  7.943 0.2857142985
131135  -24.428  -19.737  7.579 0.4285714328
121683  -23.824  -19.903  7.191 0.5714285970
65439  -24.927  -18.204  5.512 0.2857142985
65440  -25.536  -18.086  5.757 0.7142857313
66430  -26.167  -17.432  5.456 0.7142857313
67398  -26.575  -16.591  5.018 0.5714285970
140604  -31.364  -13.943  5.681 0.4285714328
146028  -26.569  -16.084  4.794 0.7142857313
68323  -27.089  -15.303  4.552 0.7142857313
69267  -29.488  -14.450  5.107 0.7142857313
70197  -30.833  -13.659  5.007 0.5714285970
70213  -30.327  -13.561  4.047 0.7142857313
70233  -30.724  -13.185  3.443 0.7142857313
68339  -27.195  -14.710  4.266 0.5714285970
69284  -27.895  -14.613  4.131 0.5714285970
71181  -35.016  -12.784  -0.986 0.5714285970
70230  -28.095  -13.792  3.694 0.5714285970
71166  -34.160  -12.595  1.067 0.5714285970
71164  -31.441  -12.256  1.325 0.7142857313
71157  -31.461  -12.508  2.095 0.7142857313
71180  -34.347  -12.198  -1.439 0.5714285970
122206  -30.281  -12.761  2.451 0.8571428657
72061  -32.493  -11.590  -1.174 0.7142857313
73850  -31.599  -8.895  -4.507 0.5714285970
78415  -29.085  -4.932  -1.499 1.0000000000
77415  -30.439  -5.959  0.633 1.0000000000
79315  -29.034  -3.143  2.392 0.8571428657
80237  -26.075  -1.998  2.472 0.7142857313
139258  -27.708  -2.225  2.838 1.0000000000
81123  -28.948  -1.540  2.736 1.0000000000
81120  -25.996  -1.076  2.610 0.7142857313
81122  -28.225  -1.497  3.102 1.0000000000
81135  -25.259  -1.568  2.018 0.7142857313
82833  -25.019  0.213  2.253 0.8571428657
84644  -22.302  3.014  0.447 0.8571428657
83727  -24.728  1.985  2.574 1.0000000000
83728  -25.403  1.536  3.051 1.0000000000
86434  -19.920  5.125  0.555 0.7142857313
87384  -19.440  5.480  4.376 0.7142857313
85516  -17.642  4.268  1.029 0.5714285970
87422  -17.101  5.532  1.457 0.7142857313
89098  -18.054  6.825  1.557 0.7142857313
86378  -20.048  4.339  4.609 0.4285714328
88227  -16.726  6.153  5.496 0.2857142985
88229  -19.147  6.275  4.855 0.4285714328
89099  -18.577  7.297  1.711 0.4285714328
88235  -15.353  5.824  4.779 0.2857142985
88228  -17.070  6.202  5.552 0.4285714328
66429  -25.537  -17.538  5.143 0.4285714328
66442  -25.505  -16.906  4.776 0.4285714328
87379  -18.613  5.333  5.072 0.4285714328
87391  -17.964  5.644  3.128 0.7142857313
60597  -23.654  -23.713  10.115 0.4285714328
129337  -22.009  -22.784  9.265 0.2857142985
60612  -22.390  -23.466  9.646 0.2857142985
60598  -24.521  -23.238  10.314 0.4285714328
61515  -22.413  -22.075  8.819 0.2857142985
63522  -23.340  -20.450  7.603 0.2857142985
63514  -24.453  -20.190  8.494 0.4285714328
64461  -24.295  -18.832  6.028 0.2857142985
66443  -26.030  -16.981  4.920 0.5714285970
67415  -26.979  -15.898  4.797 0.5714285970
121554  -27.480  -15.391  4.644 0.5714285970
69268  -30.498  -14.167  5.661 0.4285714328
69286  -29.165  -14.352  4.218 0.7142857313
70215  -32.335  -13.229  4.587 0.5714285970
138773  -26.857  -15.197  4.486 0.7142857313
69285  -28.499  -14.507  4.078 0.7142857313
68322  -26.589  -15.642  4.616 0.7142857313
70231  -29.225  -13.642  3.291 0.5714285970
142145  -29.302  -13.247  2.992 0.7142857313
142047  -30.882  -12.356  1.791 0.8571428657
72040  -30.461  -12.355  2.263 0.8571428657
72927  -32.333  -9.801  -3.355 0.8571428657
121644  -30.509  -8.431  -2.586 0.8571428657
75655  -30.256  -8.219  -3.606 0.8571428657
133660  -31.113  -9.894  -0.794 0.8571428657
138862  -30.091  -7.206  -1.469 1.0000000000
135886  -29.344  -3.772  2.275 1.0000000000
80238  -26.827  -2.349  2.705 0.8571428657
85537  -21.955  3.840  0.651 0.8571428657
86435  -20.863  4.696  0.828 0.8571428657
86433  -18.942  4.880  0.346 0.7142857313
87440  -19.990  5.726  0.633 0.7142857313
87437  -17.526  5.390  0.688 0.5714285970
130793  -17.668  5.245  2.742 0.5714285970
86401  -17.367  4.680  2.223 0.5714285970
86374  -19.585  4.258  5.013 0.4285714328
86377  -19.450  4.763  4.668 0.4285714328
88251  -18.600  6.637  2.714 0.4285714328
87376  -15.417  4.376  4.962 0.2857142985
124661  -14.461  4.860  3.603 0.2857142985
86400  -13.929  4.144  2.407 0.1428571492
81121  -27.049  -1.510  3.019 1.0000000000
88271  -18.196  6.857  2.178 0.5714285970
89065  -21.367  8.159  4.731 0.2857142985
142587  -19.901  8.789  5.361 0.1428571492
88237  -20.250  7.031  4.532 0.2857142985
89862  -22.229  8.078  4.360 0.2857142985
132786  -18.743  8.524  5.136 0.1428571492
89834  -19.180  9.022  5.181 0.1428571492
89050  -16.558  7.069  5.562 0.1428571492
89052  -19.381  7.121  4.958 0.2857142985
132038  -17.149  7.957  5.527 0.1428571492
89083  -23.306  7.733  3.548 0.2857142985
89080  -21.232  6.939  3.969 0.2857142985
89123  -27.839  7.592  1.806 0.2857142985
89105  -25.465  7.362  3.128 0.2857142985
89832  -17.062  8.804  5.228 0.1428571492
88252  -19.606  6.985  2.615 0.2857142985
88298  -22.883  6.077  2.052 0.2857142985
89102  -21.468  6.906  2.360 0.2857142985
88279  -27.990  6.113  2.491 0.1428571492
88276  -24.844  6.481  2.973 0.2857142985
89103  -22.106  6.917  2.298 0.2857142985
122949  -20.651  7.109  1.522 0.2857142985
88253  -20.482  6.706  2.809 0.2857142985
86450  -30.857  4.993  -0.282 0.1428571492
87426  -29.866  5.676  1.712 0.1428571492
129503  -26.332  6.273  2.873 0.4285714328
88296  -20.529  6.699  1.073 0.2857142985
85504  -28.842  3.674  3.328 0.2857142985
131066  -25.711  4.929  2.856 0.4285714328
87423  -22.172  5.541  1.357 0.2857142985
88272  -19.035  7.243  2.201 0.2857142985
84646  -29.488  2.149  0.762 0.1428571492
140823  -29.034  4.533  2.942 0.2857142985
87424  -23.106  5.284  1.728 0.4285714328
86404  -25.868  4.142  3.043 0.5714285970
87443  -22.420  4.807  1.166 0.7142857313
83748  -29.363  1.366  0.617 0.1428571492
122501  -29.411  2.167  2.708 0.1428571492
86419  -24.227  4.327  1.880 0.7142857313
122169  -20.415  6.021  0.838 0.4285714328
85487  -27.188  2.940  3.738 0.4285714328
82854  -28.732  0.185  -1.137 0.2857142985
82834  -29.442  0.719  1.388 0.7142857313
85519  -24.377  3.709  1.747 0.7142857313
82824  -25.622  0.683  2.809 0.8571428657
83717  -27.831  1.622  3.663 0.8571428657
85501  -25.562  3.267  3.114 0.5714285970
81172  -27.830  -1.398  -2.318 0.2857142985
82025  -28.345  -0.612  -1.736 0.2857142985
84615  -26.212  2.732  3.626 0.7142857313
83745  -21.335  2.913  0.603 0.5714285970
84614  -25.351  2.398  3.211 0.8571428657
80291  -27.159  -2.312  -2.985 0.1428571492
82835  -29.517  -0.058  2.038 0.7142857313
79380  -26.943  -3.377  -3.270 0.1428571492
76505  -28.526  -6.692  2.667 0.5714285970
132656  -30.120  -5.134  1.928 0.8571428657
78356  -29.052  -4.434  2.495 0.8571428657
133692  -28.585  -5.150  2.577 0.4285714328
133604  -28.668  -3.713  2.527 0.5714285970
81982  -27.895  -0.716  3.395 0.8571428657
80262  -29.532  -2.301  0.694 0.8571428657
81975  -27.541  0.126  3.479 0.8571428657
79381  -26.880  -4.297  -3.554 0.2857142985
81992  -29.516  -0.804  1.446 0.8571428657
82826  -29.276  -0.030  2.914 0.8571428657
83715  -26.066  1.913  3.595 0.8571428657
136495  -27.255  -4.285  -5.043 0.4285714328
133442  -28.773  -2.021  -1.128 0.7142857313
82005  -29.444  -0.886  0.275 0.7142857313
75598  -27.991  -7.543  2.741 0.2857142985
77407  -29.856  -5.866  2.220 0.5714285970
77406  -29.057  -5.890  2.596 0.5714285970
77427  -30.267  -5.119  0.791 0.8571428657
133961  -29.666  -3.014  1.246 0.8571428657
80251  -29.495  -2.184  1.733 0.8571428657
81136  -29.488  -1.420  1.837 0.8571428657
81984  -29.344  -0.903  2.410 0.8571428657
79371  -27.542  -3.981  -2.613 0.4285714328
79363  -28.366  -3.597  -1.707 0.8571428657
81159  -29.419  -1.707  0.209 0.8571428657
77488  -28.118  -5.359  -5.401 0.4285714328
121834  -29.014  -11.590  2.892 0.7142857313
72878  -27.183  -10.548  3.016 0.4285714328
141032  -30.610  -10.147  1.518 0.8571428657
122344  -29.490  -9.074  2.610 0.5714285970
74663  -28.686  -8.448  2.836 0.5714285970
74662  -27.461  -8.341  2.737 0.4285714328
74672  -30.569  -9.089  1.199 0.8571428657
133930  -29.707  -8.292  2.438 0.5714285970
75599  -29.149  -7.495  2.666 0.5714285970
131928  -30.766  -8.669  -1.807 0.8571428657
125586  -30.549  -7.178  0.359 0.7142857313
75611  -30.003  -7.445  2.208 0.5714285970
76579  -29.058  -7.073  -3.940 0.7142857313
127137  -28.421  -6.515  -3.280 0.7142857313
79364  -28.976  -4.084  -1.168 0.7142857313
76597  -30.936  -6.572  -5.515 0.2857142985
77489  -28.857  -6.120  -5.365 0.4285714328
77472  -27.792  -5.706  -4.687 0.5714285970
126952  -28.732  -13.492  3.357 0.4285714328
71135  -27.931  -13.087  3.509 0.4285714328
72038  -27.193  -11.327  3.157 0.4285714328
72052  -31.477  -11.023  -0.452 0.7142857313
132217  -30.978  -10.658  0.647 0.7142857313
72897  -31.224  -10.556  -0.186 0.7142857313
74684  -30.781  -8.841  0.223 0.8571428657
145206  -30.488  -7.576  -4.831 0.7142857313
75682  -30.972  -7.250  -5.278 0.2857142985
75680  -30.265  -7.200  -5.088 0.5714285970
75671  -29.912  -7.503  -4.499 0.5714285970
70228  -26.377  -13.791  3.783 0.5714285970
71155  -28.888  -12.959  3.012 0.5714285970
141305  -28.237  -12.122  3.207 0.5714285970
122856  -31.220  -11.212  0.431 0.7142857313
73852  -32.634  -8.828  -4.623 0.4285714328
75672  -31.845  -8.092  -5.082 0.4285714328
126332  -32.101  -7.567  -4.938 0.4285714328
140697  -31.012  -7.743  -5.044 0.4285714328
67413  -25.418  -16.222  4.545 0.5714285970
139016  -34.528  -12.818  1.749 0.4285714328
72915  -34.900  -10.646  -2.050 0.4285714328
72077  -34.411  -11.351  -2.129 0.4285714328
73827  -34.601  -9.853  -2.061 0.4285714328
74719  -33.626  -9.232  -3.364 0.4285714328
64436  -25.872  -18.738  8.266 0.1428571492
127992  -35.592  -12.683  -1.505 0.4285714328
72071  -35.977  -11.870  -1.852 0.4285714328
72916  -35.749  -11.261  -1.783 0.4285714328
65408  -26.298  -18.229  7.828 0.1428571492
66405  -27.321  -17.198  7.705 0.1428571492
68288  -29.372  -15.136  6.554 0.2857142985
69304  -35.435  -14.693  2.542 0.2857142985
71160  -38.000  -13.331  1.203 0.2857142985
70244  -36.614  -14.371  0.955 0.2857142985
70216  -33.491  -13.545  4.443 0.4285714328
71168  -37.973  -13.193  0.287 0.2857142985
124395  -37.008  -14.194  0.325 0.2857142985
70243  -35.312  -13.489  1.757 0.2857142985
72048  -37.730  -12.339  0.151 0.2857142985
70252  -37.287  -13.320  -1.181 0.4285714328
65409  -26.946  -17.804  8.286 0.1428571492
65407  -25.730  -18.647  7.426 0.1428571492
66406  -28.130  -16.708  8.005 0.2857142985
67364  -28.926  -16.169  7.794 0.2857142985
69254  -32.330  -14.873  6.312 0.2857142985
69288  -34.069  -14.285  4.341 0.2857142985
70200  -33.516  -14.333  5.055 0.2857142985
69269  -32.158  -14.134  5.861 0.2857142985
70217  -34.441  -13.922  3.592 0.2857142985
66392  -27.768  -17.451  8.606 0.1428571492
68276  -31.163  -15.760  7.527 0.2857142985
66407  -29.025  -16.737  8.410 0.2857142985
67365  -29.948  -15.758  7.588 0.2857142985
142384  -27.548  -16.701  7.152 0.2857142985
68290  -31.549  -15.166  6.847 0.2857142985
63503  -24.808  -20.549  9.359 0.2857142985
64425  -25.937  -19.056  9.010 0.1428571492
59717  -23.470  -24.536  10.427 0.2857142985
58849  -23.314  -25.279  10.781 0.2857142985
59716  -22.619  -24.918  10.352 0.2857142985
62504  -25.138  -21.040  9.888 0.2857142985
58850  -24.037  -24.953  10.912 0.1428571492
130648  -22.707  -25.611  10.740 0.2857142985
58848  -22.096  -25.591  10.538 0.1428571492
67347  -29.845  -16.547  8.375 0.2857142985
68291  -32.431  -15.656  6.693 0.2857142985
69270  -32.922  -14.584  5.703 0.2857142985
70236  -36.109  -14.578  1.594 0.2857142985
71140  -34.221  -12.833  2.524 0.4285714328
71167  -35.535  -13.435  0.862 0.4285714328
70248  -37.405  -13.729  -0.362 0.2857142985
72899  -37.108  -11.512  -0.025 0.2857142985
124427  -28.945  -10.544  2.968 0.7142857313
72906  -36.162  -11.092  -1.255 0.4285714328
75612  -30.468  -7.458  1.262 0.5714285970
72922  -34.180  -10.586  -2.360 0.4285714328
74726  -32.188  -8.574  -4.934 0.4285714328
75673  -32.647  -7.921  -4.825 0.2857142985
145997  -31.405  -6.479  -5.150 0.2857142985
76595  -29.917  -6.670  -5.465 0.5714285970
83747  -23.074  1.582  0.850 0.7142857313
78414  -28.283  -4.517  -2.063 0.7142857313
82825  -26.514  0.333  3.214 0.8571428657
124147  -19.899  4.618  0.612 0.4285714328
85535  -20.399  4.176  0.751 0.5714285970
85539  -23.860  3.389  1.282 0.7142857313
82819  -28.156  0.795  3.501 0.8571428657
84630  -24.909  2.855  2.368 0.8571428657
82017  -29.023  -0.687  -0.834 0.5714285970
123091  -20.034  7.321  1.562 0.2857142985
85521  -29.588  3.081  2.707 0.4285714328
85503  -27.661  3.700  3.539 0.4285714328
89831  -16.217  9.031  5.190 0.1428571492
88278  -27.063  6.196  2.734 0.2857142985
87410  -28.567  5.289  2.733 0.1428571492
89084  -24.007  7.893  3.531 0.2857142985
59718  -24.267  -24.184  10.609 0.1428571492
61497  -25.065  -22.558  10.331 0.1428571492
63504  -25.555  -20.378  9.790 0.1428571492
65387  -26.490  -18.449  8.738 0.1428571492
65389  -28.340  -17.864  9.315 0.1428571492
66394  -29.583  -17.197  8.881 0.1428571492
67383  -28.714  -15.607  6.872 0.2857142985
69289  -34.697  -14.845  3.533 0.2857142985
68307  -29.877  -14.635  6.106 0.2857142985
70229  -27.329  -13.775  3.817 0.5714285970
70198  -31.806  -13.597  5.238 0.2857142985
70199  -32.774  -13.828  5.285 0.2857142985
71153  -26.044  -12.237  3.196 0.2857142985
72891  -37.084  -11.400  0.983 0.2857142985
72890  -36.369  -10.602  0.666 0.2857142985
72880  -29.750  -11.159  2.538 0.7142857313
72889  -30.780  -11.180  1.294 0.5714285970
123505  -26.969  -9.084  2.728 0.4285714328
73791  -27.779  -9.930  3.031 0.5714285970
72898  -36.354  -10.810  -0.349 0.4285714328
76504  -27.268  -6.730  2.496 0.2857142985
132312  -35.607  -10.189  -0.734 0.2857142985
71193  -35.247  -11.838  -1.939 0.4285714328
74664  -30.145  -9.143  2.095 0.7142857313
130583  -28.014  -5.897  2.594 0.2857142985
73822  -34.963  -9.558  -1.231 0.1428571492
75657  -33.897  -8.231  -2.341 0.4285714328
138893  -33.190  -8.926  -4.106 0.4285714328
75656  -33.503  -7.587  -2.678 0.1428571492
79355  -29.532  -3.810  -0.281 0.8571428657
76580  -32.634  -7.188  -3.978 0.1428571492
76587  -29.388  -6.870  -4.870 0.5714285970
77503  -29.842  -5.997  -5.834 0.2857142985
78422  -27.518  -4.937  -3.019 0.5714285970
80282  -28.575  -2.736  -1.366 0.7142857313
82818  -27.176  0.896  3.559 0.8571428657
79400  -27.497  -3.674  -5.247 0.2857142985
80307  -26.572  -2.840  -4.480 0.1428571492
130002  -28.153  -2.149  -1.926 0.4285714328
79391  -26.568  -3.614  -4.076 0.4285714328
81171  -26.909  -1.342  -3.209 0.1428571492
130125  -28.875  1.747  3.363 0.5714285970
82032  -27.536  -0.586  -2.568 0.1428571492
82844  -29.323  0.638  0.322 0.1428571492
122500  -29.292  1.839  -0.205 0.1428571492
123897  -16.372  8.051  5.413 0.1428571492
85488  -28.152  2.955  3.660 0.5714285970
131319  -29.174  1.160  -0.283 0.1428571492
84631  -29.681  2.554  1.770 0.1428571492
87407  -25.540  5.791  2.877 0.2857142985
87409  -27.395  5.302  2.975 0.2857142985
85505  -29.693  4.041  2.632 0.2857142985
85540  -30.414  4.250  1.176 0.1428571492
86439  -30.297  5.015  1.541 0.1428571492
89107  -27.509  6.905  2.357 0.2857142985
89124  -28.662  7.516  1.363 0.2857142985
88317  -29.505  7.264  0.986 0.1428571492
88318  -30.294  6.677  0.521 0.1428571492
60599  -25.411  -23.131  10.698 0.1428571492
122099  -26.687  -18.949  9.498 0.1428571492
69311  -37.426  -14.911  1.221 0.2857142985
77490  -31.223  -5.786  -5.413 0.2857142985
87455  -30.956  5.797  -0.576 0.1428571492
89137  -28.965  8.092  0.500 0.2857142985
59730  -21.993  -24.245  9.963 0.2857142985
61518  -25.124  -21.792  10.136 0.1428571492
146139  -25.402  -19.018  7.918 0.1428571492
66418  -27.040  -17.128  6.699 0.2857142985
67363  -28.054  -16.191  7.022 0.2857142985
66404  -26.678  -17.659  7.293 0.1428571492
68287  -28.557  -15.320  5.965 0.2857142985
71121  -32.813  -12.802  3.804 0.4285714328
72039  -29.753  -12.087  2.540 0.5714285970
145147  -34.283  -10.131  -2.416 0.4285714328
139114  -30.438  -11.677  2.063 0.7142857313
137136  -30.944  -9.308  -0.522 0.7142857313
78423  -28.399  -5.591  -2.508 0.7142857313
75633  -30.493  -7.471  -0.626 0.8571428657
76534  -30.450  -6.563  -0.072 0.8571428657
78406  -29.485  -4.478  -0.686 0.8571428657
85549  -20.988  3.745  0.727 0.5714285970
86438  -23.633  3.887  1.256 0.7142857313
87442  -21.669  5.063  1.019 0.5714285970
89120  -19.614  7.226  0.943 0.2857142985
88315  -20.957  6.254  1.081 0.2857142985
88273  -19.866  7.296  2.187 0.2857142985
74725  -31.748  -8.467  -4.933 0.4285714328
67414  -26.126  -16.291  4.722 0.5714285970
69253  -31.462  -14.432  6.225 0.2857142985
123643  -36.260  -13.356  -0.974 0.4285714328
76520  -30.507  -6.580  0.961 0.5714285970
81983  -28.835  -0.780  3.098 0.8571428657
83716  -26.823  1.530  3.639 0.8571428657
141937  -19.891  6.525  4.529 0.2857142985
88224  -17.160  7.112  5.645 0.2857142985
73814  -30.910  -9.822  0.294 0.8571428657
89063  -19.527  8.505  5.287 0.2857142985
89833  -18.349  8.822  5.083 0.1428571492
89081  -21.712  7.094  3.654 0.2857142985
89051  -18.568  7.099  5.400 0.1428571492
89122  -27.047  7.644  2.265 0.2857142985
143250  -24.599  7.479  3.316 0.2857142985
88275  -23.771  6.647  2.806 0.2857142985
89844  -15.532  8.307  5.094 0.1428571492
88297  -21.862  6.360  1.605 0.2857142985
88277  -25.891  6.775  2.967 0.2857142985
87406  -24.630  5.590  2.650 0.2857142985
89101  -20.795  6.942  2.460 0.2857142985
133103  -22.892  7.236  2.941 0.2857142985
87408  -26.432  5.569  2.914 0.2857142985
139505  -29.080  6.849  1.585 0.1428571492
88299  -29.057  6.063  2.077 0.1428571492
89121  -21.195  6.805  1.547 0.2857142985
87445  -30.717  5.784  0.224 0.1428571492
86420  -29.601  5.023  2.312 0.1428571492
123387  -28.367  6.865  1.986 0.1428571492
84632  -30.073  3.514  1.747 0.1428571492
86403  -24.982  4.218  2.432 0.5714285970
134189  -26.493  4.888  3.078 0.4285714328
86402  -24.856  4.936  2.527 0.5714285970
84647  -29.855  2.919  0.822 0.1428571492
83740  -29.446  1.602  1.795 0.1428571492
126243  -30.133  4.358  1.940 0.2857142985
86405  -27.018  4.388  3.318 0.4285714328
85502  -26.563  3.558  3.483 0.5714285970
85520  -24.980  3.553  2.372 0.7142857313
83730  -29.332  1.421  2.841 0.4285714328
84604  -28.331  2.273  3.624 0.5714285970
82845  -29.432  -0.055  0.890 0.5714285970
124146  -29.404  0.744  2.490 0.7142857313
144745  -28.520  1.252  3.454 0.7142857313
84602  -26.929  2.192  3.756 0.7142857313
81165  -28.599  -1.389  -1.429 0.5714285970
80292  -27.766  -3.039  -2.300 0.4285714328
76506  -29.529  -6.657  2.452 0.5714285970
78355  -28.167  -4.426  2.585 0.4285714328
126174  -29.549  -3.058  0.200 0.8571428657
80275  -29.226  -2.357  -0.401 0.8571428657
71154  -27.076  -12.203  3.373 0.5714285970
72879  -28.079  -11.025  3.109 0.4285714328
146894  -30.356  -10.880  2.065 0.7142857313
73793  -29.829  -10.058  2.511 0.7142857313
73792  -28.818  -9.499  2.931 0.4285714328
123774  -27.930  -9.038  2.960 0.4285714328
146955  -25.880  -9.069  2.195 0.2857142985
123541  -30.565  -8.309  0.978 0.7142857313
75623  -30.653  -7.950  0.234 0.8571428657
77473  -28.418  -6.432  -4.315 0.5714285970
77459  -27.737  -5.836  -3.615 0.7142857313
71134  -26.759  -13.031  3.596 0.5714285970
75674  -32.918  -8.527  -4.554 0.4285714328
76589  -31.918  -6.761  -4.615 0.2857142985
71175  -36.319  -13.697  -0.115 0.4285714328
72923  -35.125  -11.280  -1.981 0.4285714328
74713  -34.009  -8.992  -2.746 0.4285714328
71183  -37.280  -12.592  -1.378 0.4285714328
68289  -30.463  -15.139  6.922 0.2857142985
70235  -34.911  -13.656  2.627 0.2857142985
123916  -37.803  -13.911  0.441 0.2857142985
70234  -33.904  -13.031  3.457 0.2857142985
72907  -36.972  -11.707  -0.965 0.4285714328
65388  -27.375  -18.208  9.244 0.1428571492
140657  -33.448  -14.989  5.329 0.2857142985
66393  -28.676  -17.268  8.774 0.1428571492
68277  -31.929  -15.837  7.252 0.2857142985
59694  -24.799  -24.687  11.136 0.1428571492
75666  -33.079  -8.018  -4.217 0.2857142985
61498  -25.801  -22.287  10.599 0.1428571492
89062  -15.078  7.748  4.865 0.1428571492
83752  -21.592  1.859  0.539 0.5714285970
82842  -23.231  0.625  0.752 0.4285714328
82841  -22.548  1.039  0.511 0.4285714328
83753  -22.002  1.473  0.329 0.5714285970
82002  -23.525  -0.217  0.461 0.4285714328
83746  -22.424  2.068  0.514 0.4285714328
81147  -24.746  -1.999  1.255 0.4285714328
81134  -24.634  -1.114  1.424 0.4285714328
82016  -23.757  -0.893  0.298 0.4285714328
82003  -24.075  -0.642  0.918 0.5714285970
79314  -27.732  -3.699  2.606 0.5714285970
71141  -37.850  -12.997  2.284 0.1428571492
72041  -37.686  -12.344  1.119 0.1428571492
72882  -36.927  -11.307  2.121 0.1428571492
64448  -23.668  -19.393  6.556 0.2857142985
70245  -37.731  -14.260  0.990 0.1428571492
71110  -36.724  -12.591  5.210 0.1428571492
123503  -37.661  -13.213  3.191 0.1428571492
72010  -36.501  -11.748  5.172 0.1428571492
131272  -37.217  -12.183  3.497 0.1428571492
72847  -36.149  -11.212  5.803 0.1428571492
69305  -36.757  -15.463  1.680 0.1428571492
69306  -37.925  -15.245  1.893 0.1428571492
127091  -38.016  -14.333  2.900 0.1428571492
71102  -36.422  -12.797  6.136 0.1428571492
70218  -37.331  -13.357  4.200 0.1428571492
122494  -35.533  -10.878  9.229 0.1428571492
71094  -35.808  -12.410  7.594 0.1428571492
72827  -35.553  -10.714  8.448 0.1428571492
64433  -23.072  -19.925  7.043 0.2857142985
63520  -22.272  -19.796  7.045 0.2857142985
67401  -33.386  -16.292  5.507 0.1428571492
67402  -33.943  -16.407  4.626 0.1428571492
68309  -34.215  -15.874  4.305 0.1428571492
68292  -33.062  -15.456  5.934 0.1428571492
68340  -35.677  -15.596  2.543 0.1428571492
68328  -37.882  -15.897  3.091 0.1428571492
67428  -37.012  -16.626  2.443 0.1428571492
69272  -37.039  -14.400  5.336 0.1428571492
140771  -37.839  -15.699  2.367 0.1428571492
70191  -36.552  -13.683  6.219 0.1428571492
139748  -35.757  -13.617  8.454 0.1428571492
124428  -35.576  -12.378  9.135 0.1428571492
71082  -35.657  -12.299  8.302 0.1428571492
63521  -22.499  -20.540  7.539 0.2857142985
63511  -21.756  -20.858  7.834 0.2857142985
67366  -31.840  -16.440  7.664 0.1428571492
142695  -33.126  -16.997  5.852 0.1428571492
67416  -34.844  -16.561  3.728 0.1428571492
141008  -37.578  -16.729  3.198 0.1428571492
68326  -35.813  -16.345  2.752 0.1428571492
68310  -37.191  -15.397  5.571 0.1428571492
70174  -36.056  -13.770  7.682 0.1428571492
69255  -36.671  -14.517  6.390 0.1428571492
73715  -35.512  -10.556  9.959 0.1428571492
71961  -35.497  -11.561  9.799 0.1428571492
67348  -30.981  -16.533  8.251 0.1428571492
67384  -32.412  -16.360  7.041 0.1428571492
66408  -31.878  -17.205  8.041 0.1428571492
132317  -33.365  -17.745  5.292 0.1428571492
65428  -32.804  -17.738  6.290 0.1428571492
66447  -37.148  -18.098  3.710 0.1428571492
66420  -33.653  -17.037  4.976 0.1428571492
67404  -37.677  -17.062  4.357 0.1428571492
66445  -35.056  -17.419  3.754 0.1428571492
67403  -37.446  -16.469  5.407 0.1428571492
70173  -35.706  -14.134  8.960 0.1428571492
69245  -36.359  -14.531  7.314 0.1428571492
71067  -35.488  -12.618  10.034 0.1428571492
121656  -35.574  -13.343  9.296 0.1428571492
66396  -31.350  -17.501  8.704 0.1428571492
65442  -33.040  -18.518  5.490 0.1428571492
66409  -32.366  -17.189  7.262 0.1428571492
66444  -34.202  -17.757  4.444 0.1428571492
66419  -32.725  -16.906  6.585 0.1428571492
66433  -37.624  -17.802  4.564 0.1428571492
65454  -36.651  -18.714  3.954 0.1428571492
67386  -37.526  -17.382  5.345 0.1428571492
68293  -36.636  -16.020  7.162 0.1428571492
69239  -36.005  -14.515  8.243 0.1428571492
140873  -37.024  -15.998  6.311 0.1428571492
64462  -32.749  -19.379  5.506 0.1428571492
65411  -32.413  -18.074  7.159 0.1428571492
136183  -35.025  -19.138  4.112 0.1428571492
64463  -33.250  -19.140  4.902 0.1428571492
64479  -37.307  -18.646  4.322 0.1428571492
68278  -36.347  -15.271  7.683 0.1428571492
130783  -37.007  -16.869  6.436 0.1428571492
65443  -33.671  -18.455  4.766 0.1428571492
134055  -35.062  -18.068  3.882 0.1428571492
67418  -37.024  -17.347  3.173 0.1428571492
69271  -34.028  -15.069  4.502 0.1428571492
71941  -35.458  -11.959  10.803 0.1428571492
125216  -35.566  -10.081  10.787 0.1428571492
144176  -35.654  -12.924  8.627 0.1428571492
143932  -38.112  -13.797  1.506 0.1428571492
72027  -37.161  -11.802  2.850 0.1428571492
141819  -36.112  -15.315  8.423 0.1428571492
69216  -35.582  -14.211  9.690 0.1428571492
73686  -35.877  -9.492  11.511 0.1428571492
80249  -25.337  -2.476  1.898 0.4285714328
146729  -35.553  -9.812  10.073 0.1428571492
71978  -35.576  -11.558  8.772 0.1428571492
72002  -35.873  -11.126  6.673 0.1428571492
72866  -36.476  -10.853  3.273 0.1428571492
83744  -21.152  2.239  0.759 0.4285714328
84643  -20.708  3.318  0.813 0.4285714328
89911  -29.451  8.577  -0.934 0.1428571492
84654  -21.855  2.509  0.429 0.4285714328
89895  -28.111  8.722  0.235 0.1428571492
66395  -30.483  -17.190  8.862 0.1428571492
73815  -35.717  -9.911  0.244 0.1428571492
74697  -35.171  -9.248  -0.258 0.1428571492
70237  -38.101  -14.231  1.841 0.1428571492
130009  -37.037  -12.393  4.323 0.1428571492
70201  -36.892  -13.495  5.240 0.1428571492
72003  -36.264  -11.919  5.999 0.1428571492
140392  -36.742  -11.381  3.700 0.1428571492
72852  -35.914  -10.290  5.083 0.1428571492
68342  -37.399  -15.908  2.053 0.1428571492
69290  -37.988  -15.182  2.945 0.1428571492
71992  -35.985  -12.140  6.878 0.1428571492
71095  -36.156  -13.085  7.089 0.1428571492
121810  -37.506  -14.304  4.153 0.1428571492
71991  -35.669  -11.536  7.737 0.1428571492
67385  -32.888  -16.270  6.325 0.1428571492
68308  -33.656  -15.663  5.073 0.1428571492
68325  -34.840  -15.712  3.551 0.1428571492
142461  -37.602  -16.136  2.520 0.1428571492
68327  -37.592  -15.198  4.219 0.1428571492
67417  -36.003  -17.096  3.076 0.1428571492
66432  -34.303  -17.042  4.287 0.1428571492
68311  -37.697  -16.139  4.264 0.1428571492
133968  -36.687  -15.282  6.765 0.1428571492
145104  -32.191  -17.654  7.664 0.1428571492
66446  -36.135  -17.939  3.546 0.1428571492
66448  -37.510  -18.120  4.160 0.1428571492
65453  -35.591  -18.635  3.898 0.1428571492
65452  -34.551  -18.534  4.226 0.1428571492
66422  -37.543  -18.045  5.217 0.1428571492
67367  -36.482  -16.725  7.579 0.1428571492
58023  -20.833  -25.965  10.857 0.1428571492
58862  -21.871  -24.989  10.258 0.1428571492
138926  -20.151  -24.772  10.687 0.1428571492
59715  -21.230  -24.604  10.220 0.1428571492
60611  -21.498  -23.451  9.669 0.1428571492
61514  -21.204  -22.628  9.244 0.1428571492
61525  -21.091  -21.920  8.808 0.1428571492
141533  -21.691  -22.244  8.888 0.1428571492
61526  -21.734  -21.702  8.487 0.1428571492
61513  -20.345  -22.200  9.280 0.1428571492
145492  -21.735  -21.304  8.150 0.1428571492
64424  -21.071  -20.196  7.921 0.1428571492
64432  -21.525  -19.563  7.285 0.1428571492
139301  -21.804  -20.243  7.448 0.1428571492
64446  -22.011  -19.023  6.719 0.2857142985
64447  -22.845  -19.233  6.583 0.1428571492
65438  -24.147  -18.126  5.483 0.2857142985
68337  -25.679  -15.069  4.183 0.4285714328
69300  -26.883  -14.397  4.087 0.4285714328
69299  -26.036  -14.481  3.983 0.4285714328
78354  -27.207  -4.455  2.506 0.2857142985
79330  -25.365  -3.370  1.773 0.2857142985
80250  -26.178  -2.968  2.352 0.2857142985
82851  -21.192  0.030  0.257 0.2857142985
143930  -21.693  0.744  0.280 0.2857142985
65406  -21.236  -18.748  7.065 0.1428571492
65423  -22.614  -18.452  6.198 0.2857142985
60610  -20.610  -23.082  9.687 0.1428571492
63502  -20.235  -20.611  8.633 0.1428571492
64431  -20.765  -19.257  7.647 0.1428571492
65422  -21.724  -18.123  6.477 0.2857142985
65437  -23.270  -17.907  5.600 0.2857142985
66416  -22.397  -17.645  5.854 0.2857142985
66428  -24.846  -17.534  5.008 0.2857142985
68335  -24.368  -15.290  4.108 0.2857142985
77405  -27.627  -5.142  2.531 0.2857142985
78372  -25.420  -4.257  1.751 0.2857142985
79331  -25.954  -3.791  2.164 0.2857142985
79341  -24.381  -3.277  0.502 0.2857142985
80261  -24.795  -2.894  1.178 0.2857142985
81146  -24.197  -1.503  0.551 0.2857142985
81156  -22.194  -1.253  -0.448 0.2857142985
81154  -20.929  -1.444  0.157 0.2857142985
82852  -22.211  0.400  0.085 0.2857142985
66427  -23.983  -17.387  5.005 0.2857142985
78373  -26.234  -4.588  2.242 0.2857142985
79342  -24.758  -3.833  1.113 0.2857142985
126186  -25.537  -5.163  1.756 0.2857142985
80273  -23.852  -2.840  -0.179 0.2857142985
128762  -22.772  -1.867  -0.563 0.2857142985
80260  -24.362  -2.422  0.477 0.2857142985
145985  -23.964  -2.034  -0.070 0.2857142985
133746  -21.501  -1.709  -0.248 0.2857142985
82015  -23.253  -0.698  -0.074 0.2857142985
79353  -23.345  -3.594  -0.222 0.2857142985
79352  -22.497  -3.429  -0.261 0.2857142985
80272  -22.928  -2.677  -0.545 0.2857142985
68320  -25.223  -15.573  4.296 0.4285714328
68338  -26.481  -15.052  4.333 0.4285714328
62511  -22.313  -21.314  8.138 0.1428571492
66441  -24.748  -16.805  4.672 0.4285714328
146900  -21.404  -24.030  9.986 0.1428571492
82014  -22.573  -0.517  -0.227 0.2857142985
81157  -23.008  -1.282  -0.434 0.2857142985
65424  -23.475  -18.698  6.040 0.1428571492
58847  -20.602  -25.156  10.630 0.1428571492
59729  -20.851  -23.854  10.026 0.1428571492
62510  -21.150  -21.160  8.360 0.1428571492
62509  -20.510  -21.471  8.820 0.1428571492
82013  -21.763  -0.334  -0.161 0.2857142985
135459  -22.129  -2.780  -0.346 0.2857142985
127642  -25.499  -13.817  3.634 0.2857142985
69298  -25.240  -14.507  3.831 0.2857142985
91545  -25.569  10.638  -2.026 0.1428571492
90700  -26.509  10.286  -1.572 0.1428571492
90683  -26.586  9.517  0.355 0.1428571492
89893  -26.958  8.932  0.850 0.1428571492
89894  -27.536  8.693  0.740 0.1428571492
91551  -25.192  10.650  -2.988 0.1428571492
89892  -26.509  9.149  1.049 0.1428571492
89864  -23.763  8.470  3.764 0.1428571492
91514  -25.148  10.678  2.625 0.1428571492
71133  -25.767  -13.032  3.441 0.2857142985
89909  -28.018  9.278  -0.565 0.1428571492
90708  -26.795  10.278  -2.235 0.1428571492
89884  -27.275  8.311  1.519 0.1428571492
89903  -27.301  9.293  0.029 0.1428571492
89106  -26.204  7.716  2.756 0.1428571492
89865  -24.567  8.435  3.523 0.1428571492
89883  -26.631  8.338  2.141 0.1428571492
91529  -25.742  10.297  0.394 0.1428571492
91520  -25.363  10.820  1.544 0.1428571492
90658  -25.038  9.200  3.290 0.1428571492
132350  -23.417  9.226  4.027 0.1428571492
89863  -22.996  8.296  4.033 0.1428571492
89871  -25.461  8.297  3.169 0.1428571492
90691  -26.614  9.943  -0.532 0.1428571492
133938  -25.222  10.789  -1.500 0.1428571492
89882  -26.270  9.047  1.799 0.1428571492
90682  -26.117  9.691  0.906 0.1428571492
91544  -24.602  10.923  -2.396 0.1428571492
90670  -25.939  9.693  1.778 0.1428571492
90692  -27.287  9.795  -0.911 0.1428571492
77439  -24.021  -4.916  0.458 0.1428571492
78391  -24.881  -4.783  1.246 0.1428571492
139104  -24.379  -3.837  0.571 0.1428571492
80270  -21.425  -2.411  -0.043 0.1428571492
80247  -19.286  -2.587  2.384 0.1428571492
80248  -19.536  -2.395  2.017 0.1428571492
77413  -26.228  -5.528  2.162 0.1428571492
136334  -20.784  -2.170  0.548 0.1428571492
81118  -18.672  -2.065  2.847 0.1428571492
81988  -19.245  -1.377  2.218 0.1428571492
81110  -18.300  -1.573  3.245 0.2857142985
73789  -25.701  -9.956  2.347 0.1428571492
75609  -25.128  -7.391  1.158 0.1428571492
76518  -26.305  -6.377  2.126 0.1428571492
77426  -25.041  -5.699  1.204 0.1428571492
141500  -28.034  -4.520  -5.626 0.1428571492
78404  -22.813  -4.367  0.042 0.1428571492
82001  -20.643  -0.789  0.569 0.1428571492
82830  -19.994  -0.310  1.666 0.1428571492
81979  -19.548  -0.558  2.094 0.1428571492
139825  -19.033  -0.772  2.575 0.2857142985
83726  -19.782  1.271  2.155 0.2857142985
137523  -19.090  2.508  4.734 0.2857142985
121008  -17.931  2.045  4.873 0.2857142985
137553  -19.513  4.086  4.502 0.2857142985
86376  -14.220  4.005  4.013 0.1428571492
82821  -19.411  0.224  2.535 0.2857142985
84627  -19.735  2.350  1.613 0.2857142985
85518  -19.247  3.540  1.049 0.2857142985
140023  -19.282  2.419  2.137 0.2857142985
137600  -18.151  1.821  4.832 0.2857142985
85499  -17.691  4.115  1.743 0.2857142985
84601  -19.936  2.661  4.237 0.2857142985
137485  -17.343  1.513  5.489 0.2857142985
124915  -20.285  4.232  4.218 0.2857142985
86372  -17.736  4.408  5.366 0.1428571492
85457  -17.547  2.822  5.172 0.2857142985
87382  -14.951  5.465  4.141 0.1428571492
123441  -14.624  5.731  2.995 0.1428571492
141189  -16.902  1.225  6.216 0.1428571492
120813  -16.099  0.419  7.128 0.1428571492
81973  -17.987  -1.039  3.621 0.2857142985
137599  -16.988  2.262  5.486 0.2857142985
143543  -17.890  3.740  5.294 0.1428571492
86371  -16.142  4.024  5.316 0.1428571492
86367  -16.815  3.025  5.466 0.1428571492
138205  -17.443  -2.196  4.130 0.2857142985
120972  -15.996  1.949  7.643 0.1428571492
85471  -13.769  3.235  4.384 0.1428571492
86357  -16.177  2.464  6.130 0.1428571492
78293  -14.821  -4.570  7.811 0.1428571492
77475  -32.212  -6.108  -3.720 0.1428571492
75610  -25.628  -7.622  1.624 0.1428571492
76547  -24.205  -6.670  0.581 0.1428571492
126240  -29.296  -4.267  -5.973 0.1428571492
145068  -23.783  -6.214  0.470 0.1428571492
78403  -21.999  -4.596  0.305 0.1428571492
78388  -20.712  -3.976  1.139 0.1428571492
79351  -21.708  -3.198  0.011 0.1428571492
79329  -19.802  -3.003  1.855 0.1428571492
81145  -20.458  -1.673  0.858 0.1428571492
80225  -18.073  -2.158  3.479 0.1428571492
81098  -16.987  -1.851  4.735 0.2857142985
82817  -18.763  -0.240  3.061 0.1428571492
82803  -18.432  -0.053  3.459 0.1428571492
83713  -18.915  1.380  3.702 0.2857142985
83697  -17.594  1.025  5.040 0.1428571492
83698  -18.230  1.273  4.332 0.1428571492
85440  -16.287  2.368  6.187 0.1428571492
140464  -16.158  1.754  7.318 0.2857142985
87374  -15.575  3.089  5.292 0.1428571492
86370  -14.459  3.467  4.791 0.1428571492
77504  -30.581  -5.875  -5.835 0.1428571492
78448  -30.075  -5.100  -6.006 0.1428571492
78449  -30.977  -4.942  -5.653 0.1428571492
85517  -18.286  3.645  1.341 0.2857142985
85485  -17.821  4.193  2.240 0.2857142985
132574  -14.609  4.591  4.304 0.1428571492
86390  -20.189  4.210  4.153 0.2857142985
137698  -18.706  3.668  5.124 0.2857142985
86373  -18.778  4.441  5.153 0.2857142985
140573  -20.721  2.480  0.983 0.2857142985
75597  -26.888  -7.653  2.483 0.1428571492
74661  -26.453  -8.368  2.372 0.1428571492
123112  -19.886  3.907  0.795 0.2857142985
77404  -27.023  -5.803  2.409 0.1428571492
76568  -32.647  -6.352  -3.042 0.1428571492
84642  -20.147  3.030  1.068 0.2857142985
82840  -20.765  0.290  0.773 0.1428571492
83751  -21.259  1.093  0.612 0.1428571492
82839  -20.404  0.630  1.364 0.1428571492
127648  -24.482  -5.309  0.805 0.1428571492
126464  -22.040  -3.885  0.039 0.1428571492
79350  -21.038  -2.878  0.514 0.1428571492
77437  -22.692  -5.357  0.337 0.1428571492
77438  -23.483  -5.310  0.347 0.1428571492
144443  -20.580  -2.622  0.985 0.1428571492
80258  -19.933  -2.364  1.613 0.1428571492
146834  -19.266  -2.232  2.289 0.1428571492
82000  -20.157  -1.368  1.257 0.1428571492
77412  -25.642  -6.052  1.661 0.1428571492
81989  -19.735  -1.187  1.725 0.1428571492
127071  -20.277  -0.514  1.214 0.1428571492
76532  -24.652  -7.079  0.810 0.1428571492
82822  -19.939  0.398  1.955 0.2857142985
83725  -19.589  1.187  2.594 0.2857142985
83743  -20.418  1.951  1.324 0.2857142985
83737  -20.140  1.348  1.728 0.2857142985
137790  -18.628  2.850  4.937 0.2857142985
121126  -20.376  3.666  4.036 0.2857142985
137610  -16.428  1.523  6.686 0.1428571492
120991  -19.024  3.335  5.015 0.2857142985
85484  -13.843  3.252  3.372 0.1428571492
84613  -19.497  2.089  2.168 0.2857142985
84626  -19.011  2.948  1.756 0.2857142985
84600  -19.663  2.072  3.681 0.2857142985
85500  -18.478  3.518  1.757 0.2857142985
82782  -17.152  0.697  5.874 0.1428571492
127500  -20.039  2.839  3.624 0.2857142985
84563  -16.394  2.369  5.971 0.2857142985
88249  -14.653  6.838  2.997 0.1428571492
85456  -16.987  3.039  5.430 0.2857142985
82816  -18.160  -0.484  3.607 0.1428571492
82802  -17.830  -0.316  4.003 0.2857142985
66403  -20.475  -17.601  7.024 0.1428571492
66426  -22.058  -16.946  5.621 0.1428571492
132337  -20.503  -16.883  6.562 0.1428571492
67394  -20.753  -16.279  5.957 0.1428571492
68302  -20.950  -15.719  5.570 0.1428571492
68303  -21.498  -15.441  5.115 0.1428571492
67395  -21.589  -16.231  5.461 0.1428571492
67397  -22.997  -17.037  5.200 0.1428571492
68317  -22.115  -15.094  4.592 0.1428571492
68318  -22.913  -15.495  4.430 0.1428571492
67412  -24.611  -16.056  4.430 0.1428571492
69283  -23.530  -15.213  4.120 0.1428571492
68319  -23.754  -15.812  4.406 0.1428571492
121727  -20.769  -15.023  5.417 0.1428571492
69297  -23.710  -14.639  3.797 0.1428571492
70226  -23.906  -13.927  3.465 0.1428571492
71152  -25.179  -12.297  2.942 0.1428571492
72037  -26.248  -11.439  2.973 0.1428571492
146033  -19.973  -17.126  7.120 0.1428571492
67381  -21.281  -16.881  6.021 0.1428571492
68336  -25.023  -15.019  4.039 0.1428571492
66415  -21.723  -17.406  6.109 0.1428571492
66414  -21.110  -17.499  6.510 0.1428571492
67411  -23.877  -16.576  4.673 0.1428571492
133063  -24.486  -14.568  3.763 0.1428571492
67379  -19.691  -15.805  6.714 0.1428571492
68304  -22.256  -15.829  4.906 0.1428571492
67396  -22.387  -16.456  5.175 0.1428571492
69265  -21.333  -14.690  4.836 0.1428571492
67410  -23.039  -16.212  4.758 0.1428571492
69282  -22.803  -14.694  4.041 0.1428571492
66402  -19.810  -17.635  7.584 0.1428571492
64475  -34.036  -19.204  4.447 0.1428571492
65444  -37.519  -18.392  4.747 0.1428571492
67380  -20.188  -16.215  6.429 0.1428571492
67419  -37.497  -17.579  3.760 0.1428571492
68305  -28.141  -15.350  5.052 0.5714285970
68324  -28.005  -14.974  4.398 0.7142857313
68341  -36.612  -16.085  2.089 0.1428571492
69252  -30.768  -14.639  6.440 0.2857142985
70185  -35.805  -13.013  7.957 0.1428571492
70212  -29.536  -13.887  3.756 0.8571428657
70227  -24.685  -13.853  3.506 0.1428571492
71137  -30.315  -13.057  2.722 0.5714285970
71176  -37.740  -13.004  -0.599 0.4285714328
71182  -36.617  -12.909  -1.579 0.4285714328
71187  -35.044  -12.135  -1.822 0.4285714328
71188  -35.921  -12.352  -1.786 0.4285714328
71189  -36.589  -12.373  -1.704 0.4285714328
72017  -36.658  -11.530  4.390 0.1428571492
72054  -32.030  -11.782  -0.371 0.7142857313
72055  -37.555  -12.294  -0.634 0.4285714328
72060  -31.827  -11.335  -0.746 0.7142857313
72062  -33.407  -11.639  -1.734 0.7142857313
72063  -36.597  -11.861  -1.634 0.4285714328
72790  -35.480  -10.994  10.768 0.1428571492
72905  -31.666  -10.801  -1.273 0.8571428657
72920  -31.892  -10.028  -2.651 0.7142857313
72930  -33.759  -9.853  -2.949 0.4285714328
73790  -26.594  -9.847  2.734 0.2857142985
73828  -35.355  -10.473  -1.581 0.4285714328
73835  -31.761  -9.559  -3.298 0.8571428657
73836  -34.080  -9.605  -2.680 0.4285714328
73842  -31.869  -9.322  -3.994 0.8571428657
73843  -32.274  -9.296  -4.164 0.5714285970
73844  -33.160  -9.415  -3.804 0.4285714328
73851  -32.049  -9.066  -4.649 0.5714285970
74671  -30.290  -8.268  1.794 0.5714285970
74695  -30.757  -8.521  -0.828 0.8571428657
74704  -30.997  -9.219  -1.356 1.0000000000
74712  -33.494  -8.432  -3.529 0.4285714328
74724  -31.197  -8.362  -4.723 0.4285714328
75596  -26.264  -7.181  2.099 0.2857142985
75664  -29.638  -7.627  -3.646 0.8571428657
75665  -30.544  -8.008  -4.496 0.7142857313
75681  -30.506  -7.069  -5.311 0.5714285970
76517  -25.668  -6.887  1.588 0.1428571492
76519  -30.207  -6.626  1.869 0.5714285970
76533  -25.129  -6.576  1.142 0.1428571492
76588  -31.434  -7.244  -5.169 0.4285714328
76596  -30.421  -6.599  -5.606 0.2857142985
77414  -30.308  -5.861  1.474 0.5714285970
77425  -24.608  -6.214  0.797 0.1428571492
77491  -31.709  -5.848  -4.539 0.1428571492
78357  -29.713  -4.471  2.152 0.8571428657
78389  -21.313  -4.687  0.762 0.1428571492
78390  -24.356  -4.410  0.642 0.1428571492
78405  -23.629  -4.386  0.154 0.1428571492
78432  -26.853  -4.387  -4.425 0.4285714328
78433  -27.087  -5.139  -4.058 0.4285714328
78440  -27.339  -4.978  -4.990 0.4285714328
79313  -26.731  -3.751  2.457 0.2857142985
79328  -19.492  -2.881  2.213 0.1428571492
79332  -29.792  -3.837  1.660 1.0000000000
79339  -20.216  -2.784  1.405 0.1428571492
79340  -20.645  -3.210  1.051 0.1428571492
79354  -24.025  -3.810  0.171 0.2857142985
79392  -26.916  -3.678  -4.683 0.2857142985
80206  -16.956  -2.596  4.770 0.2857142985
80239  -27.238  -2.984  2.628 0.2857142985
80241  -29.094  -2.352  2.429 0.8571428657
80259  -20.334  -2.242  1.177 0.1428571492
80271  -22.151  -2.121  -0.473 0.2857142985
80274  -29.147  -1.497  -0.561 0.7142857313
80283  -29.070  -3.260  -0.787 0.8571428657
81111  -18.807  -1.512  2.662 0.1428571492
81119  -19.073  -1.939  2.410 0.1428571492
81124  -29.311  -1.677  2.289 1.0000000000
81132  -19.399  -1.871  2.041 0.1428571492
81133  -19.777  -1.879  1.682 0.1428571492
81144  -20.122  -1.922  1.362 0.1428571492
81148  -29.532  -1.543  1.053 0.8571428657
81155  -21.464  -1.077  -0.254 0.2857142985
81158  -23.639  -1.396  -0.111 0.2857142985
81968  -17.537  -0.788  4.238 0.1428571492
81974  -18.491  -0.943  3.085 0.2857142985
81976  -28.575  0.033  3.387 0.8571428657
81981  -26.783  -0.517  3.167 1.0000000000
81990  -24.527  -0.232  1.600 0.5714285970
82004  -29.253  -0.016  -0.179 0.5714285970
82012  -21.140  -0.714  -0.006 0.2857142985
82820  -29.019  0.849  3.228 0.7142857313
82823  -24.809  1.120  2.465 1.0000000000
82843  -23.889  0.213  1.154 0.4285714328
82853  -22.886  0.091  0.142 0.2857142985
83714  -19.180  2.020  4.328 0.2857142985
83729  -26.237  1.121  3.344 0.8571428657
83738  -23.631  2.025  1.336 0.7142857313
83739  -24.238  1.563  1.902 0.8571428657
84603  -27.687  2.401  3.734 0.7142857313
84616  -28.942  2.655  3.357 0.4285714328
84628  -23.774  2.865  1.156 0.8571428657
85486  -19.754  3.667  3.546 0.2857142985
85533  -18.541  4.256  0.692 0.5714285970
85536  -20.313  4.721  0.719 0.8571428657
85550  -21.588  3.384  0.578 0.5714285970
86406  -28.122  4.517  3.224 0.2857142985
86416  -16.847  4.987  1.733 0.7142857313
86418  -23.367  4.547  1.445 0.7142857313
86430  -16.885  5.002  1.162 0.5714285970
86431  -17.256  4.738  0.860 0.5714285970
86432  -17.996  4.777  0.482 0.5714285970
86436  -21.310  4.391  0.821 0.8571428657
86437  -22.703  4.150  0.912 0.7142857313
86440  -30.684  4.983  0.689 0.1428571492
86448  -21.190  4.056  0.739 0.8571428657
87404  -17.167  5.437  2.208 0.7142857313
87405  -23.849  5.818  2.462 0.2857142985
87425  -24.001  5.032  2.140 0.4285714328
87438  -18.560  5.414  0.341 0.5714285970
87439  -19.437  5.459  0.396 0.7142857313
87444  -30.386  5.789  1.071 0.1428571492
88250  -17.808  6.025  2.592 0.5714285970
88270  -17.493  6.250  1.890 0.7142857313
88274  -22.832  6.794  2.447 0.2857142985
88293  -17.780  6.199  1.154 0.7142857313
88294  -18.669  6.951  0.886 0.2857142985
88295  -20.144  7.038  1.022 0.2857142985
88300  -29.748  6.421  1.373 0.1428571492
88312  -19.076  6.121  0.398 0.7142857313
88313  -19.700  6.158  0.555 0.5714285970
88316  -21.346  5.647  1.051 0.2857142985
89064  -20.548  8.120  5.084 0.2857142985
89082  -22.476  7.306  3.390 0.2857142985
89100  -19.291  7.494  1.599 0.4285714328
89104  -23.604  7.320  3.124 0.2857142985
89134  -19.438  6.665  0.567 0.5714285970
89135  -19.857  6.724  0.690 0.5714285970
89136  -28.077  8.179  1.056 0.2857142985
89146  -29.463  8.223  -0.231 0.1428571492
89843  -14.637  8.614  4.689 0.1428571492
89845  -20.513  8.955  5.251 0.1428571492
89872  -26.089  8.533  2.579 0.1428571492
90638  -15.339  9.262  4.830 0.1428571492
90659  -25.735  9.264  2.610 0.1428571492
90690  -26.068  10.102  -0.088 0.1428571492
90701  -27.331  10.005  -1.699 0.1428571492
90709  -27.443  10.107  -2.423 0.1428571492
120815  -16.517  0.930  6.716 0.1428571492
121103  -15.642  -0.069  7.402 0.1428571492
122119  -36.404  -13.893  6.983 0.1428571492
122894  -29.139  -12.410  2.834 0.5714285970
123087  -20.857  1.459  0.969 0.1428571492
123762  -19.045  0.333  2.994 0.1428571492
124893  -23.403  -2.015  -0.421 0.2857142985
129101  -32.417  -8.494  -4.918 0.4285714328
129358  -24.107  -5.781  0.545 0.1428571492
129587  -33.237  -7.627  -3.487 0.2857142985
129692  -24.435  3.149  1.673 0.7142857313
129725  -17.598  -1.536  3.997 0.2857142985
130743  -26.712  8.728  1.469 0.1428571492
131946  -26.684  6.936  2.657 0.2857142985
132053  -30.073  -4.296  1.001 1.0000000000
132557  -29.019  -5.258  -5.852 0.1428571492
133187  -17.861  8.148  5.253 0.1428571492
134409  -29.464  -5.144  2.411 0.4285714328
134442  -19.023  -2.363  2.595 0.1428571492
134489  -21.312  -3.764  0.533 0.1428571492
136002  -29.087  0.597  -0.465 0.1428571492
137598  -19.733  3.235  5.052 0.2857142985
137660  -16.022  2.084  7.002 0.1428571492
137662  -16.884  1.779  5.881 0.2857142985
137779  -16.268  1.843  6.587 0.2857142985
137920  -17.721  2.619  5.008 0.2857142985
138381  -20.777  5.642  0.874 0.4285714328
138755  -19.659  3.763  4.084 0.2857142985
140848  -24.022  -4.373  0.323 0.1428571492
141322  -32.585  -9.166  -4.279 0.5714285970
142568  -19.543  4.934  0.439 0.7142857313
142885  -25.474  -19.176  8.513 0.1428571492
142976  -37.624  -12.345  1.944 0.1428571492
144182  -30.286  -6.872  -0.783 1.0000000000
144507  -21.099  -1.938  0.085 0.1428571492
144558  -34.274  -9.375  -2.367 0.4285714328
144882  -34.750  -11.800  -1.978 0.4285714328
145037  -20.700  4.301  0.783 0.5714285970
145210  -17.687  8.616  5.182 0.1428571492
145265  -26.840  -5.109  2.397 0.2857142985
145462  -33.018  -12.315  1.070 0.5714285970
145908  -26.137  -7.821  2.092 0.1428571492
146531  -16.853  0.782  6.348 0.1428571492
