#!ascii label  , from subject sub-v2s0x29035_ses-1 vox2ras=TkReg
561
67612  18.872  -12.708  2.676 0.0000000000
121189  28.137  -8.334  -3.027 0.0000000000
82755  26.417  2.430  -3.370 0.0000000000
133236  19.633  -1.234  -2.069 0.0000000000
63954  21.471  -17.704  3.299 0.0000000000
64862  24.668  -16.107  0.628 0.0000000000
70563  21.901  -10.487  -0.903 0.0000000000
136663  20.034  -5.424  -1.199 0.0000000000
134753  27.401  -3.065  -2.721 0.0000000000
80146  26.233  -1.065  -8.716 0.0000000000
86512  25.366  6.983  -6.687 0.0000000000
65722  20.284  -15.127  2.654 0.0000000000
121420  23.057  -16.973  1.492 0.0000000000
66684  21.920  -14.335  0.742 0.0000000000
74253  18.419  -6.694  1.028 0.0000000000
77115  17.832  -3.015  1.146 0.0000000000
80076  23.458  -0.270  -2.486 0.0000000000
124257  23.035  -1.904  -2.797 0.0000000000
80086  26.614  -0.574  -2.695 0.0000000000
140971  28.288  -2.054  -6.008 0.0000000000
80990  27.216  1.004  -6.625 0.0000000000
88154  23.461  9.415  -4.983 0.0000000000
87295  25.037  7.807  -3.280 0.0000000000
88181  22.508  8.949  -7.549 0.0000000000
71466  24.334  -9.529  -2.034 0.0000000000
140115  25.277  -11.060  -1.571 0.0000000000
70606  28.663  -10.509  -3.247 0.0000000000
139671  24.671  2.553  -2.432 0.0000000000
73350  29.492  -7.418  -6.160 0.0000000000
69583  18.365  -10.608  2.694 0.0000000000
69600  20.596  -11.520  0.501 0.0000000000
71439  19.559  -9.465  0.702 0.0000000000
72344  21.231  -8.114  -1.472 0.0000000000
73330  23.319  -7.385  -2.848 0.0000000000
77166  19.537  -3.359  -1.178 0.0000000000
76160  23.163  -4.797  -3.521 0.0000000000
75244  27.824  -5.616  -2.870 0.0000000000
76176  28.982  -4.528  -5.557 0.0000000000
84664  25.479  4.769  -2.579 0.0000000000
84673  26.549  4.638  -5.418 0.0000000000
127987  21.233  7.200  -9.395 0.0000000000
85641  24.083  5.251  -8.798 0.0000000000
130722  25.653  2.972  -7.899 0.0000000000
81017  24.395  0.277  -9.283 0.0000000000
67647  23.528  -13.013  -0.490 0.0000000000
68585  18.324  -12.458  4.042 0.0000000000
67606  18.710  -13.150  3.402 0.0000000000
66664  19.764  -14.358  2.742 0.0000000000
65734  20.903  -15.198  1.915 0.0000000000
67617  20.508  -13.503  1.526 0.0000000000
80941  25.515  0.871  -2.470 0.0000000000
125477  25.320  0.049  -2.421 0.0000000000
141941  26.806  0.496  -2.973 0.0000000000
80975  27.823  0.361  -5.029 0.0000000000
81871  27.211  1.798  -4.850 0.0000000000
88992  21.552  10.091  -6.702 0.0000000000
88165  23.492  9.415  -5.855 0.0000000000
89007  21.099  9.616  -7.340 0.0000000000
72371  25.863  -8.579  -2.384 0.0000000000
71464  26.904  -9.892  -2.223 0.0000000000
71477  28.294  -9.655  -2.992 0.0000000000
130076  22.764  1.733  -2.389 0.0000000000
82747  22.522  2.248  -2.301 0.0000000000
63938  20.374  -17.399  4.262 0.0000000000
63005  21.255  -18.655  4.412 0.0000000000
61966  21.952  -18.918  4.223 0.0000000000
142681  22.723  -18.269  3.203 0.0000000000
64863  23.942  -16.211  0.776 0.0000000000
63963  24.438  -17.538  2.166 0.0000000000
71426  18.528  -9.623  1.863 0.0000000000
72312  18.374  -8.801  1.759 0.0000000000
74280  19.356  -6.344  -0.160 0.0000000000
73300  19.572  -7.166  -0.243 0.0000000000
74288  20.440  -6.797  -1.300 0.0000000000
73317  22.397  -7.539  -2.423 0.0000000000
74298  21.757  -6.565  -2.548 0.0000000000
78127  18.053  -1.889  0.841 0.0000000000
141193  19.033  -1.682  -0.926 0.0000000000
78182  25.255  -2.888  -2.520 0.0000000000
77195  23.044  -3.405  -3.259 0.0000000000
77193  25.517  -3.742  -2.597 0.0000000000
76158  25.254  -5.260  -2.889 0.0000000000
76157  26.867  -4.631  -2.678 0.0000000000
75243  28.722  -4.923  -3.630 0.0000000000
77209  28.679  -3.337  -3.979 0.0000000000
140575  27.431  -1.190  -7.246 0.0000000000
78233  27.504  -2.562  -8.017 0.0000000000
139410  25.477  7.632  -4.880 0.0000000000
129829  25.707  6.238  -2.688 0.0000000000
86490  26.111  6.454  -3.684 0.0000000000
84663  26.184  4.698  -3.313 0.0000000000
126752  26.368  5.538  -5.947 0.0000000000
83724  25.103  4.035  -8.265 0.0000000000
134258  24.354  2.751  -8.911 0.0000000000
81902  24.585  1.779  -8.907 0.0000000000
69606  21.243  -11.011  -0.176 0.0000000000
68645  22.197  -12.152  -0.268 0.0000000000
68644  22.936  -11.487  -0.899 0.0000000000
68656  27.715  -12.518  -1.978 0.0000000000
67662  25.630  -13.062  -1.045 0.0000000000
64830  19.801  -15.947  4.201 0.0000000000
130598  20.739  -16.520  3.082 0.0000000000
63966  21.956  -17.478  2.646 0.0000000000
64853  21.419  -16.055  2.004 0.0000000000
65733  22.554  -15.646  0.968 0.0000000000
65745  23.377  -15.637  0.620 0.0000000000
140198  17.803  -5.950  1.740 0.0000000000
75200  17.897  -5.152  1.576 0.0000000000
76134  19.061  -4.470  -0.094 0.0000000000
80089  21.254  -0.455  -2.923 0.0000000000
141899  20.745  -1.528  -2.818 0.0000000000
135187  22.642  -1.012  -2.704 0.0000000000
79118  24.910  -1.350  -2.450 0.0000000000
79131  26.923  -1.343  -2.679 0.0000000000
79129  28.388  -2.027  -3.864 0.0000000000
79144  28.270  -1.216  -4.140 0.0000000000
80104  27.966  -0.383  -5.678 0.0000000000
80131  26.820  -0.288  -7.988 0.0000000000
88142  23.865  8.704  -3.301 0.0000000000
88153  24.166  8.821  -4.395 0.0000000000
88152  24.617  8.559  -5.138 0.0000000000
125360  24.187  8.237  -6.882 0.0000000000
70594  23.517  -9.886  -1.746 0.0000000000
124363  23.958  -10.852  -1.520 0.0000000000
70592  24.520  -10.065  -1.839 0.0000000000
69629  27.300  -11.113  -2.127 0.0000000000
79136  20.004  -0.232  -2.705 0.0000000000
80944  21.904  0.208  -2.737 0.0000000000
81838  23.481  1.429  -2.360 0.0000000000
82745  25.684  2.458  -2.739 0.0000000000
63964  23.568  -17.798  2.351 0.0000000000
73339  29.051  -8.014  -4.540 0.0000000000
72382  29.103  -8.898  -4.415 0.0000000000
68620  18.882  -11.940  2.282 0.0000000000
68627  19.541  -12.356  1.721 0.0000000000
144256  18.888  -11.214  1.928 0.0000000000
70556  19.698  -10.330  0.835 0.0000000000
70565  20.273  -9.826  0.144 0.0000000000
141359  18.621  -7.492  1.016 0.0000000000
72334  20.691  -8.519  -0.822 0.0000000000
71452  22.285  -9.244  -1.604 0.0000000000
71469  22.668  -8.813  -1.923 0.0000000000
72372  23.763  -8.137  -2.576 0.0000000000
73328  25.166  -7.357  -2.778 0.0000000000
77130  18.354  -3.088  0.429 0.0000000000
76141  19.416  -4.149  -0.718 0.0000000000
77197  21.579  -3.155  -3.279 0.0000000000
122231  21.242  -4.047  -3.104 0.0000000000
138880  21.511  -5.717  -2.801 0.0000000000
120539  24.005  -6.048  -3.349 0.0000000000
74308  25.602  -6.511  -2.813 0.0000000000
74306  27.395  -6.785  -2.769 0.0000000000
120366  29.202  -6.153  -4.764 0.0000000000
75261  29.223  -5.514  -5.414 0.0000000000
78217  28.497  -2.893  -5.980 0.0000000000
83679  24.724  3.432  -2.441 0.0000000000
83688  26.018  3.159  -3.164 0.0000000000
82762  26.516  3.141  -3.993 0.0000000000
129765  22.395  7.909  -8.507 0.0000000000
86517  23.883  7.284  -8.050 0.0000000000
85642  23.502  5.976  -9.024 0.0000000000
124216  24.953  6.370  -7.621 0.0000000000
85628  25.914  5.176  -6.990 0.0000000000
83704  26.503  3.891  -5.914 0.0000000000
131928  26.800  2.684  -6.007 0.0000000000
81891  26.707  1.662  -7.155 0.0000000000
81002  25.994  0.819  -8.328 0.0000000000
80147  25.393  -0.662  -9.027 0.0000000000
67630  20.982  -13.136  0.904 0.0000000000
67628  22.466  -13.893  0.221 0.0000000000
65744  24.462  -14.771  -0.051 0.0000000000
143326  23.905  -11.753  -1.145 0.0000000000
66695  25.172  -14.183  -0.451 0.0000000000
67605  19.198  -14.003  3.289 0.0000000000
67611  19.327  -13.429  2.578 0.0000000000
66672  20.072  -13.871  2.109 0.0000000000
67618  19.782  -13.109  1.891 0.0000000000
81847  26.141  1.701  -2.792 0.0000000000
80954  26.537  0.946  -2.908 0.0000000000
81846  26.943  1.614  -3.653 0.0000000000
80964  27.463  1.008  -4.398 0.0000000000
72370  26.886  -8.180  -2.543 0.0000000000
144374  26.777  -8.858  -2.435 0.0000000000
72369  27.758  -8.917  -2.701 0.0000000000
63955  20.828  -17.238  3.514 0.0000000000
63025  20.989  -17.962  3.967 0.0000000000
63024  21.680  -18.330  3.770 0.0000000000
63023  22.363  -18.540  3.690 0.0000000000
63036  22.151  -18.041  3.178 0.0000000000
64850  24.448  -16.588  1.067 0.0000000000
140699  25.008  -16.422  0.940 0.0000000000
64861  25.351  -16.025  0.596 0.0000000000
71427  18.169  -9.295  2.328 0.0000000000
72297  17.881  -8.440  2.204 0.0000000000
128997  19.729  -5.831  -0.708 0.0000000000
74279  19.901  -6.613  -0.798 0.0000000000
131703  20.263  -6.142  -1.296 0.0000000000
74299  21.477  -6.733  -2.215 0.0000000000
131806  21.211  -6.118  -2.289 0.0000000000
79101  18.580  -1.509  -0.314 0.0000000000
79110  19.320  -1.410  -1.509 0.0000000000
128174  26.330  -2.956  -2.521 0.0000000000
77194  24.512  -3.592  -2.741 0.0000000000
77192  26.602  -3.809  -2.612 0.0000000000
76155  28.533  -4.052  -3.356 0.0000000000
77191  28.247  -3.215  -3.194 0.0000000000
80130  26.963  -1.106  -8.021 0.0000000000
79175  27.219  -1.826  -8.006 0.0000000000
86508  25.543  7.388  -5.718 0.0000000000
133074  25.935  6.969  -4.843 0.0000000000
85618  26.396  6.106  -4.889 0.0000000000
86507  26.026  6.570  -5.864 0.0000000000
83734  23.755  3.427  -9.237 0.0000000000
133718  23.538  2.640  -9.394 0.0000000000
82809  23.760  1.927  -9.308 0.0000000000
69605  22.067  -11.295  -0.624 0.0000000000
69618  22.692  -10.707  -1.196 0.0000000000
67660  27.581  -13.378  -1.469 0.0000000000
65723  19.772  -14.964  3.260 0.0000000000
65711  19.663  -15.331  3.824 0.0000000000
64829  20.189  -15.775  3.332 0.0000000000
64841  20.766  -15.871  2.561 0.0000000000
139164  21.191  -16.464  2.538 0.0000000000
66670  21.423  -14.716  1.304 0.0000000000
127990  21.766  -15.509  1.434 0.0000000000
65746  22.077  -15.013  0.978 0.0000000000
66683  22.761  -14.834  0.495 0.0000000000
76104  17.565  -3.865  2.567 0.0000000000
75186  17.822  -4.997  1.747 0.0000000000
76111  17.958  -4.141  1.367 0.0000000000
76121  18.190  -4.515  1.044 0.0000000000
76120  18.527  -3.937  0.484 0.0000000000
80077  22.530  -0.279  -2.629 0.0000000000
128265  21.805  -1.053  -2.867 0.0000000000
80074  25.630  -0.578  -2.451 0.0000000000
80087  25.932  -1.260  -2.465 0.0000000000
142702  25.451  -1.701  -2.461 0.0000000000
79130  27.869  -1.573  -3.220 0.0000000000
80085  27.656  -0.606  -3.381 0.0000000000
80989  27.597  0.308  -6.104 0.0000000000
80116  27.574  -0.475  -6.648 0.0000000000
81000  27.246  0.133  -7.119 0.0000000000
88968  22.692  9.860  -4.547 0.0000000000
88143  23.301  9.264  -3.934 0.0000000000
88991  22.980  9.441  -6.677 0.0000000000
135160  24.084  9.017  -5.465 0.0000000000
88174  23.825  8.928  -6.380 0.0000000000
87321  24.522  8.503  -5.982 0.0000000000
88180  23.394  8.671  -7.247 0.0000000000
71467  23.722  -9.348  -1.997 0.0000000000
70593  23.990  -9.823  -1.878 0.0000000000
144120  24.957  -9.767  -1.990 0.0000000000
71463  27.842  -10.021  -2.630 0.0000000000
70591  26.525  -10.374  -1.937 0.0000000000
70590  27.669  -10.543  -2.429 0.0000000000
80066  18.840  0.053  -2.015 0.0000000000
80091  20.073  0.076  -2.822 0.0000000000
80090  20.509  -0.023  -2.920 0.0000000000
80955  21.019  0.421  -2.988 0.0000000000
82746  23.475  2.268  -2.319 0.0000000000
133144  24.241  1.824  -2.362 0.0000000000
81836  25.140  1.757  -2.469 0.0000000000
63978  22.467  -17.196  2.024 0.0000000000
63965  22.739  -17.842  2.567 0.0000000000
129468  23.091  -17.475  1.960 0.0000000000
63033  24.960  -17.835  3.070 0.0000000000
74326  29.285  -7.173  -5.149 0.0000000000
69563  18.289  -11.005  3.240 0.0000000000
69594  18.624  -11.146  2.352 0.0000000000
70550  18.634  -10.497  1.982 0.0000000000
71440  18.934  -9.129  1.265 0.0000000000
70557  19.040  -9.986  1.359 0.0000000000
138994  17.959  -6.657  1.695 0.0000000000
143448  18.201  -7.274  1.477 0.0000000000
143413  20.589  -7.851  -1.050 0.0000000000
72335  19.966  -8.007  -0.299 0.0000000000
71453  21.467  -8.897  -1.293 0.0000000000
72343  21.988  -8.450  -1.787 0.0000000000
73331  22.725  -7.488  -2.617 0.0000000000
72373  23.108  -8.019  -2.488 0.0000000000
73329  24.188  -7.479  -2.858 0.0000000000
130428  24.783  -8.223  -2.551 0.0000000000
78145  18.496  -2.418  0.096 0.0000000000
78126  18.131  -2.470  0.668 0.0000000000
77151  18.890  -3.392  -0.210 0.0000000000
78186  21.629  -2.263  -3.154 0.0000000000
78187  20.923  -2.257  -2.954 0.0000000000
78185  22.423  -2.665  -3.194 0.0000000000
127037  22.753  -4.149  -3.493 0.0000000000
127367  21.970  -4.122  -3.434 0.0000000000
76163  21.063  -4.816  -2.760 0.0000000000
76161  22.424  -5.004  -3.462 0.0000000000
75249  22.437  -5.803  -3.339 0.0000000000
75248  23.106  -5.669  -3.478 0.0000000000
121115  26.115  -5.266  -2.682 0.0000000000
75246  25.602  -5.789  -2.826 0.0000000000
75245  26.318  -5.929  -2.710 0.0000000000
74307  26.556  -6.514  -2.679 0.0000000000
74305  28.236  -6.249  -3.108 0.0000000000
74317  28.889  -6.885  -3.959 0.0000000000
134090  28.847  -5.808  -3.825 0.0000000000
119578  29.222  -5.363  -6.357 0.0000000000
76182  28.859  -4.498  -6.835 0.0000000000
131590  28.394  -1.928  -4.837 0.0000000000
78205  28.484  -2.575  -5.287 0.0000000000
87288  24.698  7.341  -2.350 0.0000000000
85609  25.202  5.566  -2.333 0.0000000000
84653  24.458  4.774  -2.288 0.0000000000
130988  24.839  4.149  -2.458 0.0000000000
84668  26.502  4.638  -4.372 0.0000000000
120371  26.276  3.888  -3.713 0.0000000000
83696  26.574  3.787  -4.827 0.0000000000
87334  20.623  7.912  -8.934 0.0000000000
87333  21.608  7.906  -8.758 0.0000000000
87332  23.128  7.482  -8.449 0.0000000000
86529  22.254  7.353  -9.016 0.0000000000
85654  23.183  4.962  -9.439 0.0000000000
86539  22.647  5.907  -9.538 0.0000000000
86526  24.245  6.118  -8.395 0.0000000000
85640  24.828  5.458  -8.157 0.0000000000
143728  25.390  5.574  -7.513 0.0000000000
83723  25.678  3.778  -7.685 0.0000000000
82785  26.152  3.102  -7.236 0.0000000000
83714  26.536  3.219  -6.400 0.0000000000
82784  26.613  2.494  -6.776 0.0000000000
82796  26.044  2.240  -7.727 0.0000000000
129956  24.742  1.000  -8.968 0.0000000000
81901  25.456  1.454  -8.457 0.0000000000
81016  25.283  0.369  -8.833 0.0000000000
80148  24.752  -0.373  -9.280 0.0000000000
68633  20.007  -11.976  1.105 0.0000000000
68626  20.263  -12.732  1.331 0.0000000000
68632  20.773  -12.338  0.696 0.0000000000
67648  22.888  -12.510  -0.476 0.0000000000
67649  22.268  -13.045  0.008 0.0000000000
139222  22.895  -13.332  -0.170 0.0000000000
66696  23.423  -14.098  -0.038 0.0000000000
69615  24.524  -10.942  -1.545 0.0000000000
68659  24.296  -11.555  -1.330 0.0000000000
132122  25.128  -11.621  -1.437 0.0000000000
141043  26.449  -14.064  -0.792 0.0000000000
67644  25.795  -13.758  -0.789 0.0000000000
142502  19.494  -14.498  3.266 0.0000000000
66663  20.348  -14.566  2.216 0.0000000000
66671  20.741  -14.291  1.700 0.0000000000
66685  21.214  -13.918  1.125 0.0000000000
80942  24.472  0.308  -2.372 0.0000000000
80073  26.263  0.189  -2.641 0.0000000000
80952  27.094  0.101  -3.099 0.0000000000
80963  27.664  0.254  -3.961 0.0000000000
80953  27.133  0.746  -3.473 0.0000000000
80976  27.483  1.097  -5.500 0.0000000000
127955  21.953  10.430  -5.981 0.0000000000
88978  22.782  9.925  -5.682 0.0000000000
137346  22.304  9.938  -6.465 0.0000000000
89006  22.025  9.563  -7.129 0.0000000000
88182  21.551  9.030  -7.758 0.0000000000
72357  25.094  -9.155  -2.227 0.0000000000
72356  26.259  -9.253  -2.208 0.0000000000
72355  27.322  -9.428  -2.480 0.0000000000
64819  19.857  -16.714  4.631 0.0000000000
124335  19.484  -16.758  5.526 0.0000000000
63006  20.534  -18.203  4.807 0.0000000000
130908  22.314  -19.382  4.733 0.0000000000
61965  22.691  -18.974  4.216 0.0000000000
63022  23.050  -18.597  3.658 0.0000000000
64851  23.763  -16.770  1.214 0.0000000000
63977  23.696  -17.319  1.713 0.0000000000
63976  24.275  -17.067  1.485 0.0000000000
71408  18.144  -9.845  2.767 0.0000000000
71407  18.338  -9.969  2.350 0.0000000000
74267  18.784  -6.029  0.475 0.0000000000
73301  18.977  -6.920  0.418 0.0000000000
72345  20.202  -7.305  -0.915 0.0000000000
73308  20.947  -7.340  -1.538 0.0000000000
72361  21.675  -7.698  -1.930 0.0000000000
73319  21.428  -7.111  -1.997 0.0000000000
74312  22.268  -7.040  -2.627 0.0000000000
74311  22.695  -6.904  -2.944 0.0000000000
78146  18.270  -1.755  0.370 0.0000000000
78159  18.995  -2.418  -0.611 0.0000000000
78184  23.405  -2.702  -2.845 0.0000000000
139702  23.761  -3.337  -2.879 0.0000000000
127039  24.717  -4.550  -2.932 0.0000000000
76159  23.868  -5.090  -3.380 0.0000000000
127040  25.815  -4.552  -2.660 0.0000000000
76156  27.972  -4.855  -2.888 0.0000000000
139253  28.401  -5.485  -3.234 0.0000000000
76170  28.873  -4.215  -4.324 0.0000000000
126206  27.937  -1.177  -6.349 0.0000000000
78218  27.762  -1.950  -7.120 0.0000000000
86502  25.595  7.396  -3.975 0.0000000000
86491  25.505  7.024  -2.916 0.0000000000
85608  26.067  5.557  -2.934 0.0000000000
85614  26.447  5.486  -3.987 0.0000000000
140728  26.581  5.309  -4.938 0.0000000000
84703  23.930  4.331  -9.070 0.0000000000
84702  24.651  4.595  -8.491 0.0000000000
83733  24.483  3.737  -8.721 0.0000000000
83732  25.100  3.288  -8.341 0.0000000000
82808  25.219  2.426  -8.407 0.0000000000
68646  21.400  -11.849  0.079 0.0000000000
69614  26.012  -11.662  -1.573 0.0000000000
68658  25.843  -12.423  -1.333 0.0000000000
68657  26.779  -12.524  -1.589 0.0000000000
67661  26.479  -13.345  -1.145 0.0000000000
64818  20.269  -16.625  3.806 0.0000000000
63967  21.294  -17.061  2.851 0.0000000000
64840  21.758  -16.789  2.244 0.0000000000
64852  22.302  -16.375  1.566 0.0000000000
64864  23.159  -16.311  1.045 0.0000000000
133096  24.196  -15.601  0.383 0.0000000000
75210  18.241  -5.708  1.191 0.0000000000
75224  19.207  -5.446  -0.096 0.0000000000
75223  19.579  -4.982  -0.705 0.0000000000
79135  20.544  -0.832  -2.758 0.0000000000
79120  20.265  -1.577  -2.501 0.0000000000
79134  21.263  -1.454  -2.962 0.0000000000
79133  22.103  -1.737  -3.005 0.0000000000
80075  24.594  -0.517  -2.417 0.0000000000
79119  23.764  -1.195  -2.524 0.0000000000
79132  24.047  -2.025  -2.589 0.0000000000
119667  24.982  -2.140  -2.492 0.0000000000
122891  26.000  -2.063  -2.457 0.0000000000
78181  27.159  -2.202  -2.663 0.0000000000
78180  28.032  -2.417  -3.142 0.0000000000
79151  28.245  -1.156  -5.275 0.0000000000
80097  28.076  -0.398  -4.571 0.0000000000
144572  27.213  -0.586  -7.400 0.0000000000
87307  24.525  8.357  -3.607 0.0000000000
87306  24.987  8.145  -4.383 0.0000000000
87316  25.082  8.066  -5.438 0.0000000000
87320  24.939  7.817  -6.394 0.0000000000
70576  23.157  -10.243  -1.539 0.0000000000
69617  23.217  -10.839  -1.313 0.0000000000
70575  23.594  -10.523  -1.541 0.0000000000
70574  24.064  -10.375  -1.687 0.0000000000
70573  24.888  -10.561  -1.675 0.0000000000
134904  25.397  -10.221  -1.803 0.0000000000
70572  26.048  -10.898  -1.702 0.0000000000
69613  26.995  -11.735  -1.869 0.0000000000
80065  19.104  -0.590  -1.860 0.0000000000
80943  22.771  0.254  -2.550 0.0000000000
129625  22.532  1.005  -2.555 0.0000000000
129893  23.510  0.636  -2.407 0.0000000000
81837  24.402  1.132  -2.329 0.0000000000
63035  23.330  -18.235  3.030 0.0000000000
73325  28.542  -7.736  -3.505 0.0000000000
125294  28.766  -8.449  -3.821 0.0000000000
68605  18.476  -12.246  3.098 0.0000000000
68619  19.234  -12.715  2.203 0.0000000000
69593  19.353  -11.593  1.577 0.0000000000
70549  19.204  -10.810  1.451 0.0000000000
69601  19.838  -11.175  0.952 0.0000000000
120443  20.437  -10.681  0.321 0.0000000000
70564  21.041  -10.196  -0.429 0.0000000000
73277  18.231  -7.980  1.596 0.0000000000
72327  18.790  -8.292  1.127 0.0000000000
72326  19.423  -8.593  0.549 0.0000000000
72336  19.216  -7.744  0.433 0.0000000000
71446  20.104  -8.954  -0.059 0.0000000000
71445  20.856  -9.359  -0.625 0.0000000000
70578  21.702  -9.704  -1.111 0.0000000000
70595  22.958  -9.579  -1.723 0.0000000000
71468  23.205  -9.149  -1.952 0.0000000000
141086  22.348  -8.003  -2.166 0.0000000000
72359  23.432  -8.678  -2.244 0.0000000000
72358  24.124  -8.867  -2.279 0.0000000000
140722  25.752  -7.911  -2.573 0.0000000000
77131  18.048  -3.337  0.920 0.0000000000
78172  19.837  -1.981  -1.958 0.0000000000
78171  20.383  -2.541  -2.433 0.0000000000
77165  19.983  -2.878  -1.868 0.0000000000
77198  20.832  -3.226  -2.854 0.0000000000
76140  20.176  -3.807  -1.964 0.0000000000
76149  20.558  -4.706  -2.192 0.0000000000
75231  20.562  -5.574  -1.830 0.0000000000
120156  22.687  -6.303  -3.265 0.0000000000
74310  23.244  -6.567  -3.237 0.0000000000
139396  24.541  -5.382  -3.192 0.0000000000
74309  24.586  -6.723  -3.062 0.0000000000
73327  26.389  -7.257  -2.639 0.0000000000
73326  27.632  -7.561  -2.800 0.0000000000
121191  28.235  -7.052  -3.132 0.0000000000
74325  29.400  -6.379  -5.942 0.0000000000
78179  28.445  -2.699  -3.696 0.0000000000
77221  28.682  -3.398  -5.124 0.0000000000
78232  28.145  -2.874  -7.036 0.0000000000
86475  24.954  6.430  -2.168 0.0000000000
126297  23.897  3.036  -2.315 0.0000000000
83689  25.615  3.889  -2.820 0.0000000000
137277  25.375  3.102  -2.678 0.0000000000
88183  20.611  9.079  -7.910 0.0000000000
88189  21.077  8.483  -8.337 0.0000000000
87328  22.022  8.458  -8.196 0.0000000000
87327  22.894  8.276  -8.000 0.0000000000
87326  23.685  7.903  -7.691 0.0000000000
129102  24.511  7.376  -7.380 0.0000000000
138838  22.061  6.630  -9.524 0.0000000000
86527  23.682  6.749  -8.535 0.0000000000
86516  24.280  6.802  -8.029 0.0000000000
85622  25.727  6.063  -6.812 0.0000000000
84680  26.292  4.597  -6.404 0.0000000000
84692  25.383  4.730  -7.793 0.0000000000
83695  26.705  3.023  -4.783 0.0000000000
82761  26.829  2.435  -4.300 0.0000000000
82772  26.903  2.518  -5.255 0.0000000000
81880  27.099  1.932  -6.036 0.0000000000
81892  26.220  1.411  -7.919 0.0000000000
81001  26.691  0.714  -7.723 0.0000000000
81015  26.118  0.006  -8.487 0.0000000000
81029  23.653  0.257  -9.649 0.0000000000
80158  24.102  -0.533  -9.704 0.0000000000
80157  24.725  -1.109  -9.568 0.0000000000
79187  25.438  -1.532  -9.446 0.0000000000
68631  21.542  -12.698  0.316 0.0000000000
67629  21.704  -13.533  0.517 0.0000000000
66682  23.639  -15.023  0.252 0.0000000000
65743  25.003  -15.582  0.238 0.0000000000
69616  23.631  -11.203  -1.308 0.0000000000
68642  24.215  -12.501  -0.901 0.0000000000
68641  25.001  -12.400  -1.175 0.0000000000
67645  25.013  -13.283  -0.809 0.0000000000
67646  24.299  -13.655  -0.444 0.0000000000
72368  28.673  -9.121  -3.549 0.0000000000
71476  28.876  -9.854  -3.668 0.0000000000
68643  23.528  -12.011  -0.880 0.0000000000
70577  22.535  -9.994  -1.432 0.0000000000
71465  25.815  -9.746  -1.957 0.0000000000
72360  22.909  -8.436  -2.209 0.0000000000
72374  22.696  -7.894  -2.383 0.0000000000
73278  17.828  -7.518  1.916 0.0000000000
73318  21.923  -7.249  -2.303 0.0000000000
74287  20.934  -6.549  -1.801 0.0000000000
75209  18.664  -5.008  0.522 0.0000000000
75238  20.971  -5.415  -2.400 0.0000000000
75247  24.910  -5.958  -3.096 0.0000000000
75253  29.047  -5.180  -4.550 0.0000000000
76148  20.684  -3.993  -2.578 0.0000000000
76162  21.649  -4.902  -3.219 0.0000000000
77179  20.412  -3.295  -2.358 0.0000000000
77196  22.336  -3.492  -3.424 0.0000000000
78128  17.915  -1.626  1.065 0.0000000000
78158  19.457  -2.278  -1.332 0.0000000000
78183  24.305  -2.793  -2.622 0.0000000000
78196  28.545  -2.643  -4.448 0.0000000000
79121  19.799  -0.705  -2.410 0.0000000000
80078  19.396  -0.022  -2.511 0.0000000000
80088  21.991  -0.526  -2.772 0.0000000000
83703  26.681  3.196  -5.536 0.0000000000
83715  26.236  3.850  -6.841 0.0000000000
84691  25.934  4.434  -7.179 0.0000000000
86528  22.913  6.715  -9.068 0.0000000000
120828  22.147  -6.328  -2.992 0.0000000000
122867  27.227  -6.085  -2.721 0.0000000000
123731  23.835  -6.867  -3.124 0.0000000000
124369  19.984  -4.572  -1.414 0.0000000000
125036  27.044  -5.396  -2.699 0.0000000000
127038  23.676  -4.130  -3.242 0.0000000000
133627  27.671  -3.923  -2.806 0.0000000000
136404  21.983  -5.584  -3.236 0.0000000000
