#!ascii label  , from subject sub-v2s0x29014_ses-1 vox2ras=TkReg
1447
48357  -46.285  -32.475  55.680 0.0000000000
41018  -34.057  -40.514  67.703 0.0000000000
119545  -50.337  -23.184  43.756 0.0000000000
49321  -38.442  -31.213  46.656 0.0000000000
55325  -46.357  -24.566  51.149 0.0000000000
115494  -42.428  -38.100  61.536 0.0000000000
42846  -28.081  -38.126  56.388 0.0000000000
44730  -34.811  -36.026  50.058 0.0000000000
38357  -25.476  -43.484  69.598 0.0000000000
112756  -57.285  -20.116  46.308 0.0000000000
38490  -20.736  -43.544  58.096 0.0000000000
48402  -42.247  -32.074  50.696 0.0000000000
51906  -43.060  -28.266  49.172 0.0000000000
51878  -47.065  -28.283  52.863 0.0000000000
45592  -44.650  -35.883  58.608 0.0000000000
108722  -38.810  -37.254  56.246 0.0000000000
45627  -40.499  -35.894  52.352 0.0000000000
46542  -36.169  -34.804  47.533 0.0000000000
59809  -56.778  -19.899  42.413 0.0000000000
38390  -30.421  -42.770  68.015 0.0000000000
38442  -24.012  -42.866  64.191 0.0000000000
39289  -27.895  -42.457  62.961 0.0000000000
55350  -48.922  -24.542  47.955 0.0000000000
41887  -38.646  -38.795  65.087 0.0000000000
121340  -31.676  -38.782  62.552 0.0000000000
42811  -35.656  -37.845  59.475 0.0000000000
43777  -31.493  -36.598  53.980 0.0000000000
38320  -21.653  -43.147  71.174 0.0000000000
57929  -50.566  -21.431  53.471 0.0000000000
57057  -53.261  -22.213  50.318 0.0000000000
60636  -55.523  -19.223  49.185 0.0000000000
56220  -55.371  -23.289  46.447 0.0000000000
54479  -57.772  -25.703  44.298 0.0000000000
112038  -19.552  -43.226  65.675 0.0000000000
40180  -25.228  -41.430  57.481 0.0000000000
48394  -44.097  -32.087  52.888 0.0000000000
50152  -44.778  -30.706  52.122 0.0000000000
50126  -46.820  -30.776  54.175 0.0000000000
125239  -45.397  -33.883  56.531 0.0000000000
45609  -42.689  -35.777  55.390 0.0000000000
47368  -43.610  -33.681  54.291 0.0000000000
46510  -41.960  -33.947  52.014 0.0000000000
56280  -50.377  -23.544  40.729 0.0000000000
56274  -52.150  -23.313  41.738 0.0000000000
121330  -32.611  -41.640  68.504 0.0000000000
38430  -28.979  -42.849  65.108 0.0000000000
40128  -30.740  -41.732  65.444 0.0000000000
125132  -38.484  -29.382  45.129 0.0000000000
53550  -44.579  -26.770  50.076 0.0000000000
53564  -43.194  -26.602  47.620 0.0000000000
54433  -45.748  -25.272  48.937 0.0000000000
109028  -46.992  -25.236  46.703 0.0000000000
55339  -47.411  -24.552  49.656 0.0000000000
42762  -40.736  -38.513  63.633 0.0000000000
108835  -37.133  -38.225  61.956 0.0000000000
42801  -39.317  -37.929  60.644 0.0000000000
43797  -36.522  -36.902  52.683 0.0000000000
108029  -35.025  -37.155  54.982 0.0000000000
128034  -33.297  -36.410  51.887 0.0000000000
47431  -37.026  -33.109  47.025 0.0000000000
110611  -52.734  -21.951  52.055 0.0000000000
57084  -55.722  -21.615  48.685 0.0000000000
57127  -57.059  -22.386  46.878 0.0000000000
55384  -56.130  -24.798  44.862 0.0000000000
57171  -57.744  -22.794  45.297 0.0000000000
56276  -57.250  -22.985  41.211 0.0000000000
38339  -23.655  -43.445  70.528 0.0000000000
38367  -20.840  -43.394  68.203 0.0000000000
108050  -23.016  -43.300  67.903 0.0000000000
39319  -22.411  -42.429  61.254 0.0000000000
39298  -20.409  -42.548  61.856 0.0000000000
38483  -19.717  -43.821  59.087 0.0000000000
42805  -30.017  -38.364  59.115 0.0000000000
41911  -28.203  -40.058  60.135 0.0000000000
41949  -26.512  -39.687  57.003 0.0000000000
129192  -40.693  -31.840  48.979 0.0000000000
51045  -40.913  -29.706  48.146 0.0000000000
50170  -42.540  -30.047  49.805 0.0000000000
51039  -44.861  -28.744  50.917 0.0000000000
53534  -46.446  -26.333  52.730 0.0000000000
43689  -43.540  -37.313  60.168 0.0000000000
43694  -40.573  -37.749  59.226 0.0000000000
44662  -42.131  -36.958  57.143 0.0000000000
43785  -39.762  -36.941  53.932 0.0000000000
44717  -37.836  -36.509  51.223 0.0000000000
44760  -35.533  -35.768  48.717 0.0000000000
45645  -38.931  -35.274  49.908 0.0000000000
47399  -39.656  -33.782  49.209 0.0000000000
59784  -57.133  -20.074  44.340 0.0000000000
60698  -58.591  -17.191  43.161 0.0000000000
38373  -27.633  -43.497  68.566 0.0000000000
38398  -24.495  -43.163  66.241 0.0000000000
38400  -27.212  -43.423  66.038 0.0000000000
38444  -26.340  -42.985  63.271 0.0000000000
39335  -24.922  -42.257  60.304 0.0000000000
51921  -41.022  -27.852  46.742 0.0000000000
55366  -47.790  -24.748  45.123 0.0000000000
56217  -49.925  -23.870  45.930 0.0000000000
41865  -36.139  -39.324  66.338 0.0000000000
41033  -33.240  -39.632  64.999 0.0000000000
41895  -34.984  -38.794  63.613 0.0000000000
42795  -33.433  -38.211  60.644 0.0000000000
42821  -32.600  -37.796  58.551 0.0000000000
43717  -37.157  -37.385  57.654 0.0000000000
43713  -33.838  -37.434  57.117 0.0000000000
43742  -29.635  -37.129  55.392 0.0000000000
50967  -48.928  -30.025  56.294 0.0000000000
41821  -36.181  -38.725  68.724 0.0000000000
42711  -40.541  -37.874  66.025 0.0000000000
43662  -42.849  -37.639  64.303 0.0000000000
118784  -49.448  -27.959  55.688 0.0000000000
54375  -48.102  -25.882  54.689 0.0000000000
109309  -47.312  -23.177  54.398 0.0000000000
57908  -48.695  -20.916  55.340 0.0000000000
56163  -47.880  -23.177  52.406 0.0000000000
110695  -49.771  -23.494  50.581 0.0000000000
56201  -50.738  -23.397  49.256 0.0000000000
56219  -51.507  -22.946  46.660 0.0000000000
57967  -55.510  -21.078  50.269 0.0000000000
57082  -54.250  -22.131  48.375 0.0000000000
57169  -52.627  -22.733  44.916 0.0000000000
56266  -54.119  -23.901  43.040 0.0000000000
57195  -57.687  -22.757  43.001 0.0000000000
38351  -19.320  -43.300  69.310 0.0000000000
37591  -17.384  -44.245  63.625 0.0000000000
38422  -21.471  -42.690  64.415 0.0000000000
117418  -19.033  -42.955  62.822 0.0000000000
41037  -30.005  -40.429  63.001 0.0000000000
40158  -26.468  -41.718  60.239 0.0000000000
39356  -23.699  -42.365  57.560 0.0000000000
120435  -22.562  -45.128  55.036 0.0000000000
48373  -45.332  -32.454  54.601 0.0000000000
49265  -45.458  -31.441  53.528 0.0000000000
49254  -46.435  -31.464  54.560 0.0000000000
47363  -45.853  -33.189  56.098 0.0000000000
46487  -44.322  -34.175  55.605 0.0000000000
47370  -44.903  -33.107  54.939 0.0000000000
47376  -44.012  -33.066  53.895 0.0000000000
56254  -49.778  -23.345  43.358 0.0000000000
56262  -50.587  -23.168  42.009 0.0000000000
56281  -51.118  -23.536  40.813 0.0000000000
56263  -51.462  -23.042  42.462 0.0000000000
40122  -33.562  -40.862  67.743 0.0000000000
40124  -32.220  -41.428  66.860 0.0000000000
41021  -33.077  -40.713  66.483 0.0000000000
50203  -36.776  -30.773  44.728 0.0000000000
51073  -38.189  -30.036  45.474 0.0000000000
54420  -45.293  -25.589  50.474 0.0000000000
54428  -45.068  -25.602  49.654 0.0000000000
111513  -45.734  -25.135  49.938 0.0000000000
54434  -46.508  -25.101  48.695 0.0000000000
55338  -46.444  -24.713  50.269 0.0000000000
42763  -41.511  -38.382  63.257 0.0000000000
107907  -39.767  -38.380  62.495 0.0000000000
42802  -40.347  -38.117  61.195 0.0000000000
44715  -35.520  -36.525  51.461 0.0000000000
125981  -34.647  -36.618  52.157 0.0000000000
44714  -33.349  -36.205  51.127 0.0000000000
108027  -31.842  -36.234  50.384 0.0000000000
48447  -37.944  -31.960  46.817 0.0000000000
123223  -36.548  -32.693  46.393 0.0000000000
48445  -36.789  -31.875  45.975 0.0000000000
58014  -57.038  -21.169  47.642 0.0000000000
58034  -57.384  -21.917  46.253 0.0000000000
57151  -57.357  -22.705  46.109 0.0000000000
109132  -57.316  -21.379  45.486 0.0000000000
38340  -24.649  -43.469  70.372 0.0000000000
38355  -23.627  -43.431  69.040 0.0000000000
38370  -24.189  -43.364  68.412 0.0000000000
125319  -22.099  -42.424  59.726 0.0000000000
39342  -21.125  -42.491  59.953 0.0000000000
38484  -20.329  -43.332  58.880 0.0000000000
36917  -19.973  -45.339  58.408 0.0000000000
36923  -20.410  -45.121  57.770 0.0000000000
42818  -29.748  -38.163  58.319 0.0000000000
41928  -28.337  -39.063  58.658 0.0000000000
41950  -27.015  -39.011  56.614 0.0000000000
49290  -41.348  -31.853  49.580 0.0000000000
50169  -41.592  -30.847  49.372 0.0000000000
49287  -42.950  -31.058  50.755 0.0000000000
51025  -46.158  -29.487  52.514 0.0000000000
51032  -45.235  -29.195  51.515 0.0000000000
51887  -46.012  -28.143  51.740 0.0000000000
126061  -45.964  -27.427  51.753 0.0000000000
52707  -46.818  -27.265  52.755 0.0000000000
108401  -44.026  -36.460  58.758 0.0000000000
43708  -42.746  -37.170  58.494 0.0000000000
44652  -43.458  -36.673  58.149 0.0000000000
109496  -41.946  -35.439  54.019 0.0000000000
44672  -41.243  -36.526  54.681 0.0000000000
44700  -40.044  -36.412  52.698 0.0000000000
44698  -38.703  -36.651  52.218 0.0000000000
108175  -39.132  -36.383  51.849 0.0000000000
44748  -37.939  -36.056  50.175 0.0000000000
45636  -39.872  -35.625  51.202 0.0000000000
47391  -42.028  -32.785  51.009 0.0000000000
47389  -40.770  -33.735  50.148 0.0000000000
47401  -41.072  -32.881  49.864 0.0000000000
48419  -39.937  -32.991  48.914 0.0000000000
126868  -29.237  -43.160  68.282 0.0000000000
108042  -27.291  -43.439  66.829 0.0000000000
38402  -28.870  -43.227  66.921 0.0000000000
39280  -28.599  -42.738  64.296 0.0000000000
38446  -27.864  -42.956  64.090 0.0000000000
113357  -26.924  -42.746  62.995 0.0000000000
38473  -25.808  -42.700  61.999 0.0000000000
38474  -26.467  -42.474  61.931 0.0000000000
51904  -41.519  -28.871  48.244 0.0000000000
51908  -40.649  -28.602  47.111 0.0000000000
51910  -41.956  -27.956  47.961 0.0000000000
125316  -43.844  -25.960  46.331 0.0000000000
52758  -42.138  -26.583  45.562 0.0000000000
53579  -43.053  -26.202  45.054 0.0000000000
54448  -47.787  -25.004  46.724 0.0000000000
54447  -47.408  -25.063  45.988 0.0000000000
55355  -48.157  -24.719  46.031 0.0000000000
55367  -48.545  -24.416  45.435 0.0000000000
115395  -48.987  -24.349  46.197 0.0000000000
41878  -37.497  -39.002  65.841 0.0000000000
41884  -35.493  -39.123  64.857 0.0000000000
41897  -37.094  -38.857  64.336 0.0000000000
108605  -36.079  -38.118  61.031 0.0000000000
42784  -35.456  -38.286  61.659 0.0000000000
108834  -34.985  -38.068  60.087 0.0000000000
109801  -33.194  -38.126  59.882 0.0000000000
42809  -33.777  -37.963  59.245 0.0000000000
109327  -39.851  -37.334  57.237 0.0000000000
43704  -38.655  -37.490  58.316 0.0000000000
43734  -38.058  -37.276  57.077 0.0000000000
43762  -33.351  -36.885  54.241 0.0000000000
109544  -34.840  -37.224  55.785 0.0000000000
43745  -32.480  -37.054  55.314 0.0000000000
43727  -31.689  -37.306  56.466 0.0000000000
45659  -35.869  -35.682  48.480 0.0000000000
42733  -41.959  -37.638  65.154 0.0000000000
125680  -45.115  -36.203  61.744 0.0000000000
117324  -49.523  -28.593  56.108 0.0000000000
55271  -49.190  -25.332  56.086 0.0000000000
55263  -48.163  -23.924  55.833 0.0000000000
55270  -47.287  -24.007  54.648 0.0000000000
56129  -47.560  -23.429  55.230 0.0000000000
57917  -49.332  -20.904  54.791 0.0000000000
57016  -48.144  -21.998  54.093 0.0000000000
57017  -49.788  -22.011  53.071 0.0000000000
56177  -49.337  -23.284  51.365 0.0000000000
109078  -50.116  -22.409  52.418 0.0000000000
57050  -52.754  -22.307  51.328 0.0000000000
56191  -51.663  -22.832  50.427 0.0000000000
56203  -52.422  -22.554  49.995 0.0000000000
56211  -51.304  -23.108  48.662 0.0000000000
57080  -52.184  -22.645  48.265 0.0000000000
58843  -55.768  -20.140  49.860 0.0000000000
57125  -55.628  -22.784  47.228 0.0000000000
57083  -55.054  -21.851  48.729 0.0000000000
57124  -54.781  -22.773  46.976 0.0000000000
118577  -53.492  -22.657  46.151 0.0000000000
56232  -54.124  -23.146  45.072 0.0000000000
57188  -53.259  -23.103  43.934 0.0000000000
56246  -54.707  -23.717  44.695 0.0000000000
55396  -56.773  -25.323  44.547 0.0000000000
55395  -55.736  -24.959  43.975 0.0000000000
54478  -56.306  -25.647  43.599 0.0000000000
59799  -56.951  -19.982  43.369 0.0000000000
58074  -56.672  -21.437  43.112 0.0000000000
109532  -56.397  -21.297  42.359 0.0000000000
38380  -20.164  -43.339  67.067 0.0000000000
38379  -19.392  -43.500  67.435 0.0000000000
38392  -18.749  -43.497  65.998 0.0000000000
37572  -18.042  -43.684  65.411 0.0000000000
37581  -18.140  -43.521  64.686 0.0000000000
38411  -24.555  -43.086  65.286 0.0000000000
38410  -23.052  -42.983  65.673 0.0000000000
38441  -23.041  -42.742  64.293 0.0000000000
39284  -19.719  -42.698  62.326 0.0000000000
36181  -18.993  -46.639  60.816 0.0000000000
41893  -32.645  -39.002  63.523 0.0000000000
41034  -31.309  -39.895  63.995 0.0000000000
41900  -30.295  -39.542  62.502 0.0000000000
40176  -26.566  -41.072  59.072 0.0000000000
41044  -27.889  -40.884  60.623 0.0000000000
40169  -26.172  -41.606  59.542 0.0000000000
39353  -24.963  -41.895  58.800 0.0000000000
39357  -24.248  -42.120  57.515 0.0000000000
37650  -22.111  -45.011  55.594 0.0000000000
49283  -43.764  -31.837  52.201 0.0000000000
49284  -44.042  -31.102  51.804 0.0000000000
49275  -44.429  -31.422  52.511 0.0000000000
50154  -46.156  -30.148  52.958 0.0000000000
51015  -47.315  -29.166  53.447 0.0000000000
45598  -45.013  -34.991  57.495 0.0000000000
107637  -43.848  -35.578  56.623 0.0000000000
45611  -44.095  -34.897  56.067 0.0000000000
46492  -42.639  -34.850  54.358 0.0000000000
46498  -42.325  -34.594  53.588 0.0000000000
109861  -41.598  -34.563  52.185 0.0000000000
47374  -42.682  -33.836  53.184 0.0000000000
47380  -43.039  -33.059  52.703 0.0000000000
55411  -52.693  -23.799  41.182 0.0000000000
123034  -31.399  -42.364  67.952 0.0000000000
38403  -29.532  -42.924  66.617 0.0000000000
39271  -30.612  -42.304  66.535 0.0000000000
39276  -30.302  -42.265  65.808 0.0000000000
39292  -29.678  -41.922  64.241 0.0000000000
52728  -43.705  -27.625  49.414 0.0000000000
52738  -43.025  -27.074  48.133 0.0000000000
53557  -43.851  -26.832  49.038 0.0000000000
53565  -43.833  -26.152  47.713 0.0000000000
54445  -45.219  -25.578  46.938 0.0000000000
120327  -45.523  -25.532  46.100 0.0000000000
127365  -45.830  -25.421  47.216 0.0000000000
110764  -46.915  -25.143  48.130 0.0000000000
55344  -48.011  -24.691  48.825 0.0000000000
114072  -39.161  -38.671  63.996 0.0000000000
42759  -37.464  -38.682  63.600 0.0000000000
110542  -39.202  -38.505  63.224 0.0000000000
42786  -37.750  -38.064  61.349 0.0000000000
42813  -37.335  -37.716  59.801 0.0000000000
43766  -38.139  -37.145  54.429 0.0000000000
108198  -36.744  -37.208  55.210 0.0000000000
43763  -35.809  -37.099  54.252 0.0000000000
107542  -34.116  -36.914  53.712 0.0000000000
44679  -32.244  -36.527  53.231 0.0000000000
44692  -30.038  -36.465  52.125 0.0000000000
44712  -31.686  -36.336  51.419 0.0000000000
47415  -36.666  -33.961  47.324 0.0000000000
47429  -35.863  -33.230  46.253 0.0000000000
57919  -52.026  -20.569  53.992 0.0000000000
57019  -51.406  -21.646  52.899 0.0000000000
57931  -52.530  -20.977  53.321 0.0000000000
57943  -53.594  -21.509  52.133 0.0000000000
57953  -54.057  -21.555  51.607 0.0000000000
60645  -56.044  -19.302  48.361 0.0000000000
58858  -56.010  -20.335  49.192 0.0000000000
58875  -56.754  -20.720  48.124 0.0000000000
57085  -56.247  -21.858  48.137 0.0000000000
56221  -56.161  -23.317  46.614 0.0000000000
55369  -55.585  -24.188  45.182 0.0000000000
56235  -56.728  -23.868  46.082 0.0000000000
55371  -57.344  -24.254  45.612 0.0000000000
55386  -57.963  -24.535  45.157 0.0000000000
125028  -56.213  -20.416  41.023 0.0000000000
58082  -56.321  -21.628  41.547 0.0000000000
58960  -56.055  -20.839  40.252 0.0000000000
38338  -22.765  -43.422  70.503 0.0000000000
114026  -21.205  -43.382  69.888 0.0000000000
115356  -22.328  -43.432  69.753 0.0000000000
38381  -21.416  -43.306  67.605 0.0000000000
108041  -20.963  -43.070  65.965 0.0000000000
118851  -22.722  -42.518  62.135 0.0000000000
125545  -22.197  -42.530  62.666 0.0000000000
39318  -21.235  -42.432  61.380 0.0000000000
38478  -19.540  -43.224  60.141 0.0000000000
37608  -18.874  -44.429  60.096 0.0000000000
36186  -19.346  -46.335  59.949 0.0000000000
36198  -19.661  -46.020  59.043 0.0000000000
126548  -31.156  -38.383  60.715 0.0000000000
108508  -30.124  -38.954  61.281 0.0000000000
128043  -29.202  -39.115  60.049 0.0000000000
41068  -27.514  -39.535  58.288 0.0000000000
111932  -25.976  -40.589  57.441 0.0000000000
49307  -39.232  -31.354  47.413 0.0000000000
50193  -39.187  -30.493  46.837 0.0000000000
50174  -40.597  -30.633  48.354 0.0000000000
50176  -41.939  -29.990  49.211 0.0000000000
51042  -42.563  -29.233  49.335 0.0000000000
125477  -44.316  -30.295  51.488 0.0000000000
51037  -43.529  -29.352  50.226 0.0000000000
51900  -43.770  -28.484  49.893 0.0000000000
52722  -44.582  -27.471  50.232 0.0000000000
53542  -45.551  -26.658  51.453 0.0000000000
54411  -45.881  -25.126  51.667 0.0000000000
109636  -43.162  -37.791  60.960 0.0000000000
42803  -41.483  -38.033  60.262 0.0000000000
43695  -42.347  -37.603  59.261 0.0000000000
111655  -41.102  -37.374  58.012 0.0000000000
43736  -40.591  -37.183  56.782 0.0000000000
44661  -41.944  -36.770  56.212 0.0000000000
43751  -40.601  -36.916  55.223 0.0000000000
43767  -39.180  -37.089  54.562 0.0000000000
124085  -38.068  -37.060  53.578 0.0000000000
44697  -37.360  -36.707  51.959 0.0000000000
44716  -36.204  -36.462  50.862 0.0000000000
110638  -35.313  -35.833  49.005 0.0000000000
44746  -36.491  -36.052  49.506 0.0000000000
128289  -36.688  -35.887  49.237 0.0000000000
45662  -37.813  -35.220  48.911 0.0000000000
125388  -40.013  -35.162  50.691 0.0000000000
46525  -39.305  -34.561  49.538 0.0000000000
46533  -38.202  -34.528  48.681 0.0000000000
47417  -38.139  -33.303  47.913 0.0000000000
48432  -39.054  -32.259  47.802 0.0000000000
58913  -57.268  -20.286  45.420 0.0000000000
60684  -57.804  -18.356  44.429 0.0000000000
59800  -57.982  -18.499  43.599 0.0000000000
129959  -57.936  -18.672  42.821 0.0000000000
60713  -57.813  -18.433  41.295 0.0000000000
60720  -57.475  -18.368  40.246 0.0000000000
38372  -26.772  -43.483  68.603 0.0000000000
108048  -24.802  -43.310  67.679 0.0000000000
108047  -26.245  -43.419  67.931 0.0000000000
38399  -25.941  -43.337  66.600 0.0000000000
108979  -25.408  -43.171  64.968 0.0000000000
38413  -27.807  -43.334  65.427 0.0000000000
38427  -26.760  -43.284  64.615 0.0000000000
125342  -24.608  -42.890  63.428 0.0000000000
39302  -24.349  -42.654  61.733 0.0000000000
108035  -23.342  -42.433  60.663 0.0000000000
39343  -22.890  -42.356  59.106 0.0000000000
51063  -39.295  -29.585  46.316 0.0000000000
51919  -39.695  -28.693  45.980 0.0000000000
52737  -42.480  -27.102  47.595 0.0000000000
55393  -49.160  -23.740  43.857 0.0000000000
56242  -49.810  -23.462  44.160 0.0000000000
41024  -35.676  -39.582  67.047 0.0000000000
41028  -33.554  -40.030  65.792 0.0000000000
41875  -34.969  -39.396  65.408 0.0000000000
41883  -33.786  -39.204  64.415 0.0000000000
41903  -33.303  -38.696  62.894 0.0000000000
42757  -35.892  -38.666  63.231 0.0000000000
42773  -34.851  -38.459  62.302 0.0000000000
42781  -32.768  -38.330  61.314 0.0000000000
42793  -31.742  -38.240  60.299 0.0000000000
42819  -30.645  -37.994  58.512 0.0000000000
42833  -30.380  -37.775  57.714 0.0000000000
42815  -39.977  -37.847  59.852 0.0000000000
43691  -37.891  -37.582  58.975 0.0000000000
42825  -36.320  -37.608  58.882 0.0000000000
43732  -36.222  -37.298  56.587 0.0000000000
43715  -35.547  -37.389  57.202 0.0000000000
42823  -34.893  -37.655  58.381 0.0000000000
42836  -33.141  -37.597  57.773 0.0000000000
43710  -31.030  -37.514  57.084 0.0000000000
44758  -33.856  -35.917  48.117 0.0000000000
48341  -47.237  -32.308  56.728 0.0000000000
129570  -47.869  -31.143  55.986 0.0000000000
114875  -24.089  -43.327  72.033 0.0000000000
108970  -27.013  -43.543  70.200 0.0000000000
38359  -27.979  -43.536  70.131 0.0000000000
38361  -29.404  -43.335  69.963 0.0000000000
40115  -32.584  -41.560  69.189 0.0000000000
40116  -33.149  -41.177  68.817 0.0000000000
41010  -34.241  -40.095  68.740 0.0000000000
41020  -35.291  -39.662  67.793 0.0000000000
41852  -36.119  -39.222  67.601 0.0000000000
41867  -37.747  -38.793  66.651 0.0000000000
41868  -38.502  -38.409  66.752 0.0000000000
125253  -39.942  -37.786  66.579 0.0000000000
41888  -39.265  -38.538  65.640 0.0000000000
42746  -40.597  -38.406  64.602 0.0000000000
108812  -41.433  -38.310  64.103 0.0000000000
42765  -42.950  -37.967  63.125 0.0000000000
43674  -43.479  -37.646  62.626 0.0000000000
123974  -44.265  -37.050  61.630 0.0000000000
44644  -44.963  -36.164  60.400 0.0000000000
125627  -46.869  -32.915  57.168 0.0000000000
109839  -48.478  -30.004  55.563 0.0000000000
51001  -48.266  -29.078  54.591 0.0000000000
51869  -48.210  -28.365  54.138 0.0000000000
54360  -49.901  -25.897  56.581 0.0000000000
53508  -48.879  -26.427  55.049 0.0000000000
52699  -47.871  -27.089  53.845 0.0000000000
53516  -47.527  -26.127  53.970 0.0000000000
54388  -46.510  -24.943  53.290 0.0000000000
56161  -46.743  -23.906  53.111 0.0000000000
57007  -47.850  -21.928  54.931 0.0000000000
57034  -47.516  -23.032  53.087 0.0000000000
56175  -47.437  -23.654  51.958 0.0000000000
55317  -47.804  -23.887  51.131 0.0000000000
55328  -49.139  -23.899  49.996 0.0000000000
55341  -49.371  -24.061  49.203 0.0000000000
56179  -51.307  -22.835  51.118 0.0000000000
56200  -50.131  -23.610  49.755 0.0000000000
55346  -49.491  -24.180  48.451 0.0000000000
55352  -50.203  -23.848  47.423 0.0000000000
56218  -50.712  -23.376  46.256 0.0000000000
56231  -51.282  -22.984  45.727 0.0000000000
58824  -55.003  -20.689  51.659 0.0000000000
57059  -54.563  -21.597  50.568 0.0000000000
57983  -55.636  -21.157  49.668 0.0000000000
57067  -54.862  -21.627  49.472 0.0000000000
119263  -53.574  -22.158  48.812 0.0000000000
57102  -53.208  -22.326  47.977 0.0000000000
57147  -51.912  -22.726  46.007 0.0000000000
57186  -51.888  -22.801  44.362 0.0000000000
56256  -51.944  -22.891  43.378 0.0000000000
56265  -53.339  -23.455  42.738 0.0000000000
55403  -53.805  -24.016  42.238 0.0000000000
55383  -55.222  -24.323  44.321 0.0000000000
55404  -54.589  -24.485  42.610 0.0000000000
54492  -54.803  -25.242  41.373 0.0000000000
58912  -57.081  -20.991  44.598 0.0000000000
57190  -57.965  -22.850  43.884 0.0000000000
112710  -58.320  -23.321  43.518 0.0000000000
57197  -57.493  -22.831  42.106 0.0000000000
56267  -58.297  -23.364  42.723 0.0000000000
54480  -59.018  -25.255  44.013 0.0000000000
110328  -20.159  -43.428  68.734 0.0000000000
108044  -23.761  -43.149  66.670 0.0000000000
108039  -22.529  -43.065  66.270 0.0000000000
38421  -20.665  -42.806  64.642 0.0000000000
38439  -21.476  -42.591  63.681 0.0000000000
114291  -20.176  -42.725  63.955 0.0000000000
38420  -19.647  -43.022  64.694 0.0000000000
37592  -17.834  -43.793  63.177 0.0000000000
129713  -32.634  -40.286  65.472 0.0000000000
40137  -29.927  -41.205  63.706 0.0000000000
39305  -28.955  -41.669  62.820 0.0000000000
41045  -28.598  -40.268  60.927 0.0000000000
40148  -28.258  -41.109  61.369 0.0000000000
39323  -27.201  -42.071  61.598 0.0000000000
39336  -25.593  -42.093  60.526 0.0000000000
39345  -24.616  -42.164  59.679 0.0000000000
128664  -22.605  -42.507  58.398 0.0000000000
40188  -24.863  -40.907  55.528 0.0000000000
40183  -24.481  -41.774  55.878 0.0000000000
39360  -23.478  -42.871  56.270 0.0000000000
38512  -22.469  -43.959  55.801 0.0000000000
38500  -21.557  -43.929  56.823 0.0000000000
37627  -20.848  -44.361  57.395 0.0000000000
48374  -46.034  -32.158  54.933 0.0000000000
49253  -45.773  -31.821  54.207 0.0000000000
49242  -46.711  -31.802  55.276 0.0000000000
48356  -45.570  -32.822  55.335 0.0000000000
56261  -49.789  -23.289  42.445 0.0000000000
56255  -50.602  -23.062  42.986 0.0000000000
40125  -33.051  -41.096  67.384 0.0000000000
41022  -33.741  -40.636  67.163 0.0000000000
50191  -37.922  -30.764  45.876 0.0000000000
50204  -37.494  -30.383  45.119 0.0000000000
54421  -45.791  -25.072  50.805 0.0000000000
42778  -41.725  -38.289  62.274 0.0000000000
42789  -40.892  -38.272  61.849 0.0000000000
42790  -41.431  -38.156  61.186 0.0000000000
107925  -34.762  -36.286  51.051 0.0000000000
49320  -37.602  -31.542  46.249 0.0000000000
49335  -37.152  -31.123  45.539 0.0000000000
58884  -57.205  -20.555  47.065 0.0000000000
58898  -57.299  -20.975  46.249 0.0000000000
38356  -24.472  -43.437  69.287 0.0000000000
38371  -25.048  -43.390  68.610 0.0000000000
38485  -21.081  -42.901  58.734 0.0000000000
122790  -21.353  -42.595  59.322 0.0000000000
37619  -20.255  -44.439  58.116 0.0000000000
42831  -28.584  -38.177  57.126 0.0000000000
42830  -27.714  -38.603  56.939 0.0000000000
49286  -42.399  -31.434  50.445 0.0000000000
115362  -42.701  -31.679  50.940 0.0000000000
51026  -46.771  -29.080  52.829 0.0000000000
51033  -45.835  -28.919  51.889 0.0000000000
51877  -46.413  -28.626  52.327 0.0000000000
52706  -46.466  -27.786  52.221 0.0000000000
44653  -44.138  -36.133  57.995 0.0000000000
110027  -41.317  -35.835  53.496 0.0000000000
44701  -40.685  -36.159  53.101 0.0000000000
44719  -39.774  -36.136  51.903 0.0000000000
44735  -39.053  -35.999  51.215 0.0000000000
45637  -40.356  -35.611  51.717 0.0000000000
48398  -42.635  -32.260  51.331 0.0000000000
48401  -41.706  -32.457  50.293 0.0000000000
38375  -29.886  -42.965  68.522 0.0000000000
38388  -28.743  -43.276  67.744 0.0000000000
38389  -29.608  -42.987  67.573 0.0000000000
128252  -28.595  -42.545  63.794 0.0000000000
38445  -27.531  -42.732  63.360 0.0000000000
38462  -27.270  -42.507  62.678 0.0000000000
128178  -26.828  -42.550  62.422 0.0000000000
39303  -26.979  -42.369  62.054 0.0000000000
51905  -42.271  -28.531  48.676 0.0000000000
51909  -41.269  -28.249  47.519 0.0000000000
54442  -48.241  -24.847  47.487 0.0000000000
124358  -48.433  -24.696  46.719 0.0000000000
55356  -48.979  -24.490  47.152 0.0000000000
114077  -37.947  -38.921  65.271 0.0000000000
41886  -37.243  -39.010  65.033 0.0000000000
42797  -35.858  -38.019  60.253 0.0000000000
109545  -35.214  -38.130  60.893 0.0000000000
42810  -34.739  -37.899  59.219 0.0000000000
108151  -39.050  -37.300  57.058 0.0000000000
108030  -37.834  -37.248  56.118 0.0000000000
43778  -32.521  -36.693  54.049 0.0000000000
124647  -33.297  -37.056  55.043 0.0000000000
43760  -31.980  -36.844  54.752 0.0000000000
129163  -30.656  -36.657  54.261 0.0000000000
45675  -36.393  -35.341  48.194 0.0000000000
45674  -35.621  -35.432  47.838 0.0000000000
56130  -47.916  -23.010  55.967 0.0000000000
57918  -51.052  -20.781  54.181 0.0000000000
58786  -50.346  -20.290  54.978 0.0000000000
111729  -50.098  -21.008  54.279 0.0000000000
57928  -49.254  -21.494  53.928 0.0000000000
107893  -53.373  -22.151  50.937 0.0000000000
56192  -52.611  -22.464  50.722 0.0000000000
56212  -52.223  -22.636  49.164 0.0000000000
57065  -53.208  -22.239  49.518 0.0000000000
61549  -55.046  -18.727  49.329 0.0000000000
109926  -55.090  -19.111  50.012 0.0000000000
60625  -55.169  -19.341  50.536 0.0000000000
59735  -55.483  -19.578  49.884 0.0000000000
57150  -54.329  -22.961  46.045 0.0000000000
56233  -55.030  -23.598  45.600 0.0000000000
125942  -57.669  -25.174  44.873 0.0000000000
58938  -56.508  -20.658  42.798 0.0000000000
58950  -56.298  -20.649  41.820 0.0000000000
120867  -21.203  -43.209  70.596 0.0000000000
38394  -20.267  -43.203  66.241 0.0000000000
38393  -19.466  -43.384  66.554 0.0000000000
38406  -18.783  -43.318  65.129 0.0000000000
127550  -24.274  -42.983  64.707 0.0000000000
38424  -23.649  -42.936  65.013 0.0000000000
36180  -18.435  -45.849  60.972 0.0000000000
41892  -31.658  -39.154  63.312 0.0000000000
41901  -30.993  -39.054  62.636 0.0000000000
40181  -25.746  -41.240  58.118 0.0000000000
40175  -25.950  -41.449  58.792 0.0000000000
40174  -25.323  -41.685  58.440 0.0000000000
39358  -24.745  -41.880  57.939 0.0000000000
49264  -44.778  -31.769  53.191 0.0000000000
49266  -46.156  -31.138  53.844 0.0000000000
50140  -45.845  -30.768  53.172 0.0000000000
50141  -46.465  -30.433  53.524 0.0000000000
51014  -46.684  -29.737  53.167 0.0000000000
50142  -47.117  -30.037  53.806 0.0000000000
45604  -45.046  -34.485  56.866 0.0000000000
45603  -44.520  -34.996  56.768 0.0000000000
46484  -44.738  -34.338  56.259 0.0000000000
46494  -43.931  -33.965  54.968 0.0000000000
46486  -43.656  -34.662  55.384 0.0000000000
46493  -43.282  -34.369  54.689 0.0000000000
46499  -42.960  -34.091  53.958 0.0000000000
46503  -42.055  -34.371  52.746 0.0000000000
48385  -44.389  -32.413  53.558 0.0000000000
48384  -43.738  -32.739  53.200 0.0000000000
48393  -43.541  -32.405  52.613 0.0000000000
56271  -49.815  -23.373  41.420 0.0000000000
56273  -51.304  -23.260  41.524 0.0000000000
39268  -32.020  -42.039  68.208 0.0000000000
39266  -31.030  -42.313  67.269 0.0000000000
39273  -31.733  -41.957  67.497 0.0000000000
40129  -31.497  -41.421  65.986 0.0000000000
39277  -30.859  -41.963  66.115 0.0000000000
39282  -30.036  -42.115  65.036 0.0000000000
40132  -30.477  -41.309  64.549 0.0000000000
51082  -37.877  -29.723  44.740 0.0000000000
52729  -44.180  -27.104  49.707 0.0000000000
53558  -44.439  -26.273  49.451 0.0000000000
54432  -44.858  -25.674  48.731 0.0000000000
54438  -44.609  -25.760  47.804 0.0000000000
54439  -45.542  -25.427  47.899 0.0000000000
54430  -47.184  -24.928  48.809 0.0000000000
54435  -47.704  -24.981  48.157 0.0000000000
42761  -39.898  -38.599  63.904 0.0000000000
42788  -39.519  -38.168  61.679 0.0000000000
42787  -38.619  -38.085  61.481 0.0000000000
42800  -38.312  -37.923  60.800 0.0000000000
42799  -37.559  -37.882  60.587 0.0000000000
43783  -37.364  -37.102  53.963 0.0000000000
43764  -36.624  -37.138  54.466 0.0000000000
43782  -36.585  -37.055  53.623 0.0000000000
112380  -33.693  -36.574  52.415 0.0000000000
43780  -34.860  -36.864  53.114 0.0000000000
44680  -34.119  -36.744  52.956 0.0000000000
43779  -33.274  -36.687  53.315 0.0000000000
44695  -32.850  -36.494  52.507 0.0000000000
44694  -31.966  -36.416  52.375 0.0000000000
47416  -37.423  -33.643  47.637 0.0000000000
47430  -36.419  -33.419  46.771 0.0000000000
58788  -52.377  -19.996  54.413 0.0000000000
59680  -53.978  -19.567  53.322 0.0000000000
58796  -53.488  -20.266  53.489 0.0000000000
57932  -53.673  -20.920  52.770 0.0000000000
57933  -54.358  -21.031  52.116 0.0000000000
59758  -56.770  -19.216  47.130 0.0000000000
61564  -55.965  -18.382  47.124 0.0000000000
60654  -56.343  -18.952  47.498 0.0000000000
59750  -56.525  -19.570  47.905 0.0000000000
59743  -56.279  -19.952  48.572 0.0000000000
58867  -56.588  -20.118  48.230 0.0000000000
57106  -56.820  -21.928  47.598 0.0000000000
57126  -56.351  -22.561  47.352 0.0000000000
56222  -56.872  -23.146  46.555 0.0000000000
56236  -57.422  -23.489  45.887 0.0000000000
56247  -57.946  -23.692  45.241 0.0000000000
110860  -56.340  -19.917  40.455 0.0000000000
38354  -23.146  -43.438  69.720 0.0000000000
38368  -22.652  -43.399  68.779 0.0000000000
38382  -22.275  -43.304  67.785 0.0000000000
38396  -21.982  -43.201  66.932 0.0000000000
38481  -19.906  -43.239  59.544 0.0000000000
39333  -20.247  -42.763  60.195 0.0000000000
38480  -19.307  -43.759  59.758 0.0000000000
37613  -19.317  -44.477  59.362 0.0000000000
36905  -19.090  -45.356  59.718 0.0000000000
36916  -19.514  -45.144  59.017 0.0000000000
126996  -20.058  -46.052  58.465 0.0000000000
36199  -20.334  -46.745  58.633 0.0000000000
41918  -30.231  -38.480  59.904 0.0000000000
41913  -30.481  -38.560  60.649 0.0000000000
41917  -29.482  -38.771  59.691 0.0000000000
41939  -27.258  -39.253  57.422 0.0000000000
41072  -26.760  -40.009  57.872 0.0000000000
49308  -39.744  -31.833  48.069 0.0000000000
49309  -39.974  -31.012  47.910 0.0000000000
110066  -40.357  -31.449  48.485 0.0000000000
122588  -42.116  -30.571  49.705 0.0000000000
50175  -41.245  -30.322  48.793 0.0000000000
51043  -42.990  -29.562  49.905 0.0000000000
50160  -43.608  -30.683  51.123 0.0000000000
123005  -44.594  -29.515  51.182 0.0000000000
51038  -44.201  -29.045  50.555 0.0000000000
51893  -44.462  -28.261  50.348 0.0000000000
51901  -44.169  -27.806  49.888 0.0000000000
51894  -45.029  -27.925  50.754 0.0000000000
52715  -46.189  -26.910  52.152 0.0000000000
53543  -45.885  -25.996  52.013 0.0000000000
54410  -45.486  -25.697  51.248 0.0000000000
43696  -42.774  -37.718  60.033 0.0000000000
43722  -42.223  -37.139  57.853 0.0000000000
116113  -41.819  -37.455  58.457 0.0000000000
43721  -41.635  -37.188  57.613 0.0000000000
122497  -41.070  -37.216  57.363 0.0000000000
43737  -41.414  -37.046  56.864 0.0000000000
45610  -43.336  -35.503  55.846 0.0000000000
111867  -43.245  -36.081  56.486 0.0000000000
44668  -42.696  -36.249  55.975 0.0000000000
44671  -40.464  -36.769  54.289 0.0000000000
122280  -41.375  -36.730  55.494 0.0000000000
43768  -39.957  -36.983  54.673 0.0000000000
43784  -38.905  -37.013  53.612 0.0000000000
113096  -38.126  -36.634  51.827 0.0000000000
112479  -38.031  -36.792  52.366 0.0000000000
111555  -37.000  -36.536  50.951 0.0000000000
44732  -36.156  -36.236  50.008 0.0000000000
114534  -36.859  -36.288  50.150 0.0000000000
115146  -38.574  -35.806  50.392 0.0000000000
45653  -38.042  -35.646  49.619 0.0000000000
45652  -37.228  -35.676  49.146 0.0000000000
46509  -41.342  -34.393  51.592 0.0000000000
46508  -40.603  -34.978  51.196 0.0000000000
46526  -40.057  -34.167  49.814 0.0000000000
46534  -38.904  -34.161  48.957 0.0000000000
47407  -38.519  -33.750  48.417 0.0000000000
47408  -39.230  -33.384  48.649 0.0000000000
49297  -40.154  -32.218  48.659 0.0000000000
48418  -39.493  -32.615  48.362 0.0000000000
120088  -58.180  -17.712  43.818 0.0000000000
60697  -58.380  -18.016  43.115 0.0000000000
61632  -58.587  -17.711  41.787 0.0000000000
61631  -58.190  -17.845  40.717 0.0000000000
108046  -27.210  -43.447  67.750 0.0000000000
126771  -26.653  -43.408  66.510 0.0000000000
108037  -26.387  -43.366  65.907 0.0000000000
38412  -25.424  -43.246  65.853 0.0000000000
108805  -26.163  -43.283  65.143 0.0000000000
38415  -29.307  -42.883  65.843 0.0000000000
110370  -28.916  -43.132  66.228 0.0000000000
38414  -28.597  -43.144  65.597 0.0000000000
113858  -27.031  -43.076  63.855 0.0000000000
38428  -27.487  -43.235  64.655 0.0000000000
38426  -26.026  -43.163  64.221 0.0000000000
38443  -25.511  -43.012  63.438 0.0000000000
38459  -24.403  -42.780  62.585 0.0000000000
38460  -25.226  -42.898  62.680 0.0000000000
39320  -25.208  -42.489  61.199 0.0000000000
108162  -24.285  -42.476  60.880 0.0000000000
108205  -24.103  -42.364  60.100 0.0000000000
108034  -23.154  -42.368  59.885 0.0000000000
50182  -40.227  -30.203  47.730 0.0000000000
51052  -39.814  -29.894  47.071 0.0000000000
51053  -40.408  -29.387  47.440 0.0000000000
51920  -40.356  -28.258  46.366 0.0000000000
53563  -42.864  -26.533  47.011 0.0000000000
54446  -46.130  -25.397  46.587 0.0000000000
54462  -46.155  -25.382  45.673 0.0000000000
55380  -47.797  -24.564  44.092 0.0000000000
55368  -49.220  -24.073  45.268 0.0000000000
55381  -48.606  -24.209  44.555 0.0000000000
55382  -49.331  -23.821  44.557 0.0000000000
56229  -49.880  -23.631  44.957 0.0000000000
41864  -35.301  -39.630  66.274 0.0000000000
41896  -35.653  -38.900  64.128 0.0000000000
117001  -34.732  -39.086  64.497 0.0000000000
118732  -34.253  -38.938  63.845 0.0000000000
41894  -33.527  -38.946  63.673 0.0000000000
41904  -34.284  -38.706  63.061 0.0000000000
42776  -37.339  -38.456  62.716 0.0000000000
127629  -36.745  -38.617  63.183 0.0000000000
42775  -36.518  -38.455  62.543 0.0000000000
42783  -34.581  -38.293  61.545 0.0000000000
42782  -33.684  -38.321  61.432 0.0000000000
42772  -33.955  -38.481  62.223 0.0000000000
42794  -32.546  -38.216  60.514 0.0000000000
42808  -32.944  -37.958  59.194 0.0000000000
113274  -32.237  -37.978  59.152 0.0000000000
42820  -31.628  -37.889  58.701 0.0000000000
42834  -31.285  -37.685  57.868 0.0000000000
42816  -40.766  -37.972  59.948 0.0000000000
43693  -39.747  -37.657  59.121 0.0000000000
109058  -37.904  -37.424  58.024 0.0000000000
43692  -38.886  -37.596  59.091 0.0000000000
42826  -37.027  -37.633  59.162 0.0000000000
43703  -37.119  -37.512  58.476 0.0000000000
108028  -35.959  -37.183  55.054 0.0000000000
108031  -36.926  -37.250  55.966 0.0000000000
43747  -36.103  -37.218  55.798 0.0000000000
43730  -34.373  -37.307  56.400 0.0000000000
43731  -35.321  -37.282  56.358 0.0000000000
43714  -34.709  -37.408  57.121 0.0000000000
43700  -35.001  -37.500  57.727 0.0000000000
42837  -34.181  -37.591  57.908 0.0000000000
122483  -33.128  -37.425  57.053 0.0000000000
43743  -30.523  -37.063  55.517 0.0000000000
43726  -30.805  -37.295  56.297 0.0000000000
43725  -29.912  -37.340  56.144 0.0000000000
44759  -34.764  -35.764  48.513 0.0000000000
38308  -23.718  -43.181  72.339 0.0000000000
117985  -28.472  -43.437  71.127 0.0000000000
39259  -31.987  -41.846  69.520 0.0000000000
41837  -35.764  -39.202  68.268 0.0000000000
41838  -36.609  -38.825  68.112 0.0000000000
43618  -40.409  -37.432  66.714 0.0000000000
42731  -39.720  -38.153  66.157 0.0000000000
109917  -40.109  -38.301  65.443 0.0000000000
42732  -40.815  -38.077  65.317 0.0000000000
43649  -42.621  -37.462  64.841 0.0000000000
42747  -41.398  -38.036  64.883 0.0000000000
42748  -42.177  -37.936  64.423 0.0000000000
122456  -42.032  -38.212  63.726 0.0000000000
42764  -42.659  -37.979  63.745 0.0000000000
43675  -44.176  -37.122  62.342 0.0000000000
117949  -43.708  -37.496  61.717 0.0000000000
44633  -45.293  -35.940  61.153 0.0000000000
45586  -45.223  -35.712  59.878 0.0000000000
50114  -48.328  -30.622  56.104 0.0000000000
50113  -47.841  -30.667  55.349 0.0000000000
126553  -48.743  -28.949  55.104 0.0000000000
51844  -49.114  -28.499  55.377 0.0000000000
51857  -48.676  -28.383  54.750 0.0000000000
51858  -49.072  -27.783  55.049 0.0000000000
54365  -48.641  -25.606  55.352 0.0000000000
53517  -48.305  -26.716  54.463 0.0000000000
54374  -47.462  -25.395  54.355 0.0000000000
112728  -47.130  -24.687  54.231 0.0000000000
56146  -46.877  -23.965  53.857 0.0000000000
55289  -46.649  -24.360  53.336 0.0000000000
58778  -49.359  -20.325  55.574 0.0000000000
127946  -47.850  -21.997  55.438 0.0000000000
57035  -48.243  -22.648  52.960 0.0000000000
57015  -47.604  -22.657  53.735 0.0000000000
56162  -47.119  -23.472  52.758 0.0000000000
56176  -48.345  -23.440  51.613 0.0000000000
56189  -48.784  -23.715  50.816 0.0000000000
57038  -51.701  -22.079  52.302 0.0000000000
57049  -51.957  -22.445  51.613 0.0000000000
124474  -50.931  -23.190  49.897 0.0000000000
55342  -50.091  -23.831  48.924 0.0000000000
55347  -50.122  -23.901  48.180 0.0000000000
116396  -50.582  -23.568  48.614 0.0000000000
56215  -51.436  -23.035  47.655 0.0000000000
56214  -50.811  -23.441  47.113 0.0000000000
56230  -50.558  -23.322  45.363 0.0000000000
58825  -55.319  -20.239  51.161 0.0000000000
58807  -55.030  -19.946  51.913 0.0000000000
57955  -55.311  -20.948  50.949 0.0000000000
57954  -54.692  -21.348  51.248 0.0000000000
126708  -55.070  -21.318  50.600 0.0000000000
57984  -55.968  -20.830  49.213 0.0000000000
57999  -55.764  -21.235  49.139 0.0000000000
57066  -54.193  -21.879  49.287 0.0000000000
57149  -53.414  -22.783  45.415 0.0000000000
57148  -52.672  -22.647  45.856 0.0000000000
57168  -51.921  -22.730  45.265 0.0000000000
57187  -52.627  -22.910  44.076 0.0000000000
56258  -53.654  -23.400  43.499 0.0000000000
55405  -55.346  -25.015  43.071 0.0000000000
55414  -55.052  -25.099  42.233 0.0000000000
55413  -54.282  -24.623  41.786 0.0000000000
57189  -57.259  -22.155  43.432 0.0000000000
124209  -56.834  -22.385  41.601 0.0000000000
56268  -58.888  -24.072  42.488 0.0000000000
55398  -58.821  -24.146  43.603 0.0000000000
38352  -20.986  -43.414  69.034 0.0000000000
38378  -18.674  -43.623  66.891 0.0000000000
37568  -17.985  -43.857  66.293 0.0000000000
37580  -17.463  -44.061  64.645 0.0000000000
36886  -16.905  -44.774  64.143 0.0000000000
121013  -16.988  -45.001  63.301 0.0000000000
38384  -24.381  -43.226  66.988 0.0000000000
38423  -22.208  -42.760  64.774 0.0000000000
38409  -22.289  -42.915  65.532 0.0000000000
38408  -21.390  -42.886  65.273 0.0000000000
39299  -21.088  -42.486  62.172 0.0000000000
39286  -21.430  -42.534  62.857 0.0000000000
39285  -20.537  -42.562  62.638 0.0000000000
38437  -19.896  -42.681  63.154 0.0000000000
117763  -19.287  -42.933  63.720 0.0000000000
38419  -18.667  -43.220  64.264 0.0000000000
38436  -18.445  -43.292  63.382 0.0000000000
35449  -20.419  -47.405  60.012 0.0000000000
35448  -19.719  -47.092  60.349 0.0000000000
129674  -32.548  -39.754  64.738 0.0000000000
41031  -30.584  -40.494  63.840 0.0000000000
40136  -29.516  -41.224  63.090 0.0000000000
124876  -28.950  -39.515  60.422 0.0000000000
41906  -29.374  -39.604  61.292 0.0000000000
40159  -27.183  -41.414  60.400 0.0000000000
40147  -27.553  -41.608  61.092 0.0000000000
116277  -27.905  -41.834  61.809 0.0000000000
39338  -26.837  -41.887  60.911 0.0000000000
39337  -26.193  -41.980  60.748 0.0000000000
39347  -25.836  -41.850  60.014 0.0000000000
112132  -24.346  -42.052  58.215 0.0000000000
39352  -24.512  -42.073  59.031 0.0000000000
39351  -23.591  -42.293  58.457 0.0000000000
39350  -22.805  -42.637  57.692 0.0000000000
40187  -24.377  -41.640  54.872 0.0000000000
39367  -24.148  -42.240  55.338 0.0000000000
37652  -23.056  -44.014  54.745 0.0000000000
116193  -23.468  -43.090  55.618 0.0000000000
38513  -22.984  -43.674  55.346 0.0000000000
38502  -22.949  -43.348  56.047 0.0000000000
36943  -21.857  -45.823  55.897 0.0000000000
37638  -21.906  -44.407  56.146 0.0000000000
117584  -21.658  -45.147  56.149 0.0000000000
36932  -21.359  -45.717  56.561 0.0000000000
48386  -45.074  -32.116  53.885 0.0000000000
47362  -45.042  -33.593  55.709 0.0000000000
47361  -44.488  -33.630  55.175 0.0000000000
47369  -44.263  -33.355  54.594 0.0000000000
47375  -43.326  -33.391  53.549 0.0000000000
48372  -44.670  -32.755  54.243 0.0000000000
56253  -49.068  -23.647  42.965 0.0000000000
56272  -50.632  -23.311  41.283 0.0000000000
40121  -33.133  -41.225  68.113 0.0000000000
108481  -32.496  -41.615  67.777 0.0000000000
40130  -32.258  -40.929  66.080 0.0000000000
127592  -38.730  -29.672  45.741 0.0000000000
53551  -44.827  -26.154  50.239 0.0000000000
54429  -46.493  -24.955  49.391 0.0000000000
42777  -40.716  -38.428  62.660 0.0000000000
125856  -40.242  -38.286  61.967 0.0000000000
43796  -35.606  -36.791  52.428 0.0000000000
108847  -33.977  -36.365  51.567 0.0000000000
123590  -32.622  -36.345  51.706 0.0000000000
44713  -32.599  -36.180  50.801 0.0000000000
44728  -32.718  -36.029  49.835 0.0000000000
48430  -37.837  -32.713  47.280 0.0000000000
48446  -37.299  -32.308  46.626 0.0000000000
48444  -35.907  -32.310  45.644 0.0000000000
59751  -56.914  -19.991  47.614 0.0000000000
129729  -57.035  -20.609  47.658 0.0000000000
58021  -57.244  -21.550  46.989 0.0000000000
126620  -57.493  -22.166  45.621 0.0000000000
115961  -23.901  -43.436  69.776 0.0000000000
38369  -23.448  -43.353  68.336 0.0000000000
39334  -22.545  -42.405  60.420 0.0000000000
108036  -21.716  -42.413  60.562 0.0000000000
39341  -20.639  -42.843  59.416 0.0000000000
37618  -19.780  -44.502  58.732 0.0000000000
119407  -20.111  -43.887  58.545 0.0000000000
36207  -20.429  -46.015  57.907 0.0000000000
41929  -29.174  -38.633  58.924 0.0000000000
42817  -28.876  -38.425  58.067 0.0000000000
41940  -28.039  -38.813  57.764 0.0000000000
49298  -40.976  -31.159  48.927 0.0000000000
49291  -41.998  -31.218  49.907 0.0000000000
50164  -42.529  -30.755  50.174 0.0000000000
50153  -45.542  -30.255  52.474 0.0000000000
50161  -45.029  -29.943  51.781 0.0000000000
51024  -45.585  -29.577  52.014 0.0000000000
51886  -45.444  -28.435  51.323 0.0000000000
52714  -45.513  -27.594  51.276 0.0000000000
44642  -43.858  -36.866  59.472 0.0000000000
43697  -43.132  -37.312  59.366 0.0000000000
112558  -43.445  -36.921  58.842 0.0000000000
44656  -42.810  -36.852  57.597 0.0000000000
45617  -42.361  -35.597  54.779 0.0000000000
44667  -42.035  -36.318  55.283 0.0000000000
45623  -41.463  -36.096  54.106 0.0000000000
44684  -40.927  -36.414  53.840 0.0000000000
44683  -40.253  -36.620  53.482 0.0000000000
44682  -39.596  -36.728  53.137 0.0000000000
44699  -39.414  -36.526  52.411 0.0000000000
44718  -38.539  -36.405  51.511 0.0000000000
44734  -38.249  -36.204  50.813 0.0000000000
45646  -39.360  -35.482  50.597 0.0000000000
47383  -41.708  -33.586  51.316 0.0000000000
46518  -41.057  -34.093  50.864 0.0000000000
47390  -41.400  -33.254  50.576 0.0000000000
47400  -40.365  -33.349  49.524 0.0000000000
48408  -40.597  -32.519  49.256 0.0000000000
38374  -28.527  -43.396  68.610 0.0000000000
108045  -28.036  -43.421  67.968 0.0000000000
38387  -28.062  -43.410  67.236 0.0000000000
38401  -28.134  -43.364  66.303 0.0000000000
38429  -28.251  -43.087  64.838 0.0000000000
129000  -25.897  -42.925  62.750 0.0000000000
38461  -26.422  -42.732  62.527 0.0000000000
39321  -26.008  -42.312  61.282 0.0000000000
51054  -40.944  -28.951  47.705 0.0000000000
53567  -43.478  -26.170  46.977 0.0000000000
124803  -43.041  -26.251  46.164 0.0000000000
126032  -46.728  -25.273  46.050 0.0000000000
113535  -49.662  -24.111  46.851 0.0000000000
41866  -36.933  -39.105  66.466 0.0000000000
41876  -35.815  -39.260  65.547 0.0000000000
41877  -36.662  -39.135  65.650 0.0000000000
41885  -36.351  -39.036  64.752 0.0000000000
42785  -36.304  -38.276  61.793 0.0000000000
42796  -34.330  -38.188  60.760 0.0000000000
109146  -34.080  -38.118  59.965 0.0000000000
43706  -40.351  -37.528  58.411 0.0000000000
43705  -39.461  -37.526  58.422 0.0000000000
43719  -39.249  -37.421  57.750 0.0000000000
43718  -38.577  -37.384  57.641 0.0000000000
107820  -34.132  -37.052  54.598 0.0000000000
43746  -34.030  -37.179  55.583 0.0000000000
109075  -33.027  -37.190  55.827 0.0000000000
43728  -32.583  -37.332  56.615 0.0000000000
124174  -32.267  -37.179  55.969 0.0000000000
43744  -31.547  -37.076  55.597 0.0000000000
42669  -36.960  -38.300  68.605 0.0000000000
42670  -37.709  -37.819  68.438 0.0000000000
43619  -41.234  -37.337  66.238 0.0000000000
42712  -41.304  -37.728  65.555 0.0000000000
43634  -41.757  -37.390  65.674 0.0000000000
44632  -44.693  -36.639  62.022 0.0000000000
50953  -49.785  -29.366  57.531 0.0000000000
50968  -49.436  -29.335  56.613 0.0000000000
51828  -49.964  -28.654  56.962 0.0000000000
52664  -49.933  -27.767  56.437 0.0000000000
122847  -48.912  -24.488  56.346 0.0000000000
112757  -48.393  -24.774  55.641 0.0000000000
55278  -47.809  -24.940  54.887 0.0000000000
124743  -47.789  -24.207  55.258 0.0000000000
110887  -50.086  -19.719  55.748 0.0000000000
57916  -48.471  -21.405  54.751 0.0000000000
122526  -48.773  -22.130  53.351 0.0000000000
56164  -48.819  -22.981  52.136 0.0000000000
57036  -49.255  -22.484  52.618 0.0000000000
56165  -49.821  -22.852  51.941 0.0000000000
56178  -50.333  -23.081  51.217 0.0000000000
56180  -52.098  -22.617  51.068 0.0000000000
56202  -51.511  -22.942  49.585 0.0000000000
60624  -54.812  -18.841  50.884 0.0000000000
59725  -55.443  -19.861  50.546 0.0000000000
58842  -55.579  -20.515  50.443 0.0000000000
57105  -55.701  -22.160  48.034 0.0000000000
57104  -55.007  -22.363  47.820 0.0000000000
57103  -54.087  -22.404  47.450 0.0000000000
57123  -53.969  -22.594  46.683 0.0000000000
57170  -53.315  -22.927  44.587 0.0000000000
56245  -53.907  -23.310  44.247 0.0000000000
56259  -54.415  -23.814  43.849 0.0000000000
55385  -57.087  -24.880  45.198 0.0000000000
115727  -55.690  -25.501  42.719 0.0000000000
58928  -56.787  -20.776  43.675 0.0000000000
115153  -56.868  -22.082  42.446 0.0000000000
56284  -57.736  -23.666  40.803 0.0000000000
38335  -19.721  -43.077  70.151 0.0000000000
129816  -20.713  -43.336  67.506 0.0000000000
122444  -20.111  -43.443  67.885 0.0000000000
108038  -23.784  -43.058  65.864 0.0000000000
124006  -22.851  -42.840  65.063 0.0000000000
39297  -19.641  -42.779  61.529 0.0000000000
38457  -18.963  -43.054  61.941 0.0000000000
38456  -18.225  -43.576  62.405 0.0000000000
36179  -17.979  -45.751  61.497 0.0000000000
36173  -18.291  -46.548  61.561 0.0000000000
35439  -18.909  -47.169  61.489 0.0000000000
35440  -19.577  -47.378  61.175 0.0000000000
41882  -32.955  -39.286  64.270 0.0000000000
41881  -32.137  -39.510  64.121 0.0000000000
41891  -30.762  -39.693  63.256 0.0000000000
109290  -27.130  -40.672  59.327 0.0000000000
41054  -27.492  -40.709  59.912 0.0000000000
40170  -26.834  -41.270  59.738 0.0000000000
39354  -25.542  -41.767  59.253 0.0000000000
36248  -22.757  -46.352  55.007 0.0000000000
36944  -22.368  -45.783  55.282 0.0000000000
112248  -43.256  -31.567  51.462 0.0000000000
49276  -45.155  -31.076  52.818 0.0000000000
111382  -44.668  -35.597  57.948 0.0000000000
44657  -44.292  -35.608  57.346 0.0000000000
45618  -43.005  -35.129  55.068 0.0000000000
121400  -41.716  -35.114  53.205 0.0000000000
45638  -41.033  -35.168  52.034 0.0000000000
45629  -41.516  -34.948  52.584 0.0000000000
47379  -42.442  -33.648  52.498 0.0000000000
47384  -42.440  -33.099  51.832 0.0000000000
48399  -43.138  -32.386  52.008 0.0000000000
111912  -50.857  -23.841  40.318 0.0000000000
39267  -31.028  -42.592  68.391 0.0000000000
127662  -30.864  -42.561  67.741 0.0000000000
38404  -30.315  -42.653  67.112 0.0000000000
38416  -29.971  -42.629  66.202 0.0000000000
39272  -31.291  -41.909  66.730 0.0000000000
39275  -29.658  -42.572  65.451 0.0000000000
39281  -29.332  -42.495  64.684 0.0000000000
121571  -29.036  -42.382  63.949 0.0000000000
39290  -28.608  -42.293  63.306 0.0000000000
52732  -42.653  -27.685  48.409 0.0000000000
52733  -43.291  -27.346  48.748 0.0000000000
53560  -43.524  -26.665  48.311 0.0000000000
53561  -44.140  -26.183  48.528 0.0000000000
54444  -44.250  -25.836  46.969 0.0000000000
54460  -44.673  -25.727  46.014 0.0000000000
54440  -46.431  -25.284  47.452 0.0000000000
111179  -46.220  -25.218  48.218 0.0000000000
54441  -47.363  -25.122  47.441 0.0000000000
54436  -48.354  -24.740  48.225 0.0000000000
42744  -38.738  -38.757  64.404 0.0000000000
42743  -37.934  -38.856  64.480 0.0000000000
42760  -38.444  -38.665  63.762 0.0000000000
109059  -38.211  -38.487  62.944 0.0000000000
108200  -38.877  -38.288  62.320 0.0000000000
108573  -37.982  -38.251  62.122 0.0000000000
108572  -36.921  -38.069  61.189 0.0000000000
42798  -36.706  -37.925  60.422 0.0000000000
42812  -36.483  -37.781  59.668 0.0000000000
43749  -38.535  -37.188  55.349 0.0000000000
43748  -37.578  -37.210  55.291 0.0000000000
43765  -37.288  -37.168  54.674 0.0000000000
43781  -35.717  -37.002  53.355 0.0000000000
108833  -34.944  -37.049  54.005 0.0000000000
44678  -31.322  -36.489  53.054 0.0000000000
44693  -31.057  -36.429  52.232 0.0000000000
44711  -30.024  -36.435  51.053 0.0000000000
46543  -37.045  -34.616  47.977 0.0000000000
46553  -35.936  -34.081  46.863 0.0000000000
46564  -35.147  -33.896  46.266 0.0000000000
47443  -34.427  -33.682  45.360 0.0000000000
58787  -51.514  -20.078  54.735 0.0000000000
57930  -51.663  -21.151  53.430 0.0000000000
57020  -52.229  -21.532  52.770 0.0000000000
112413  -53.136  -20.815  53.239 0.0000000000
57039  -53.454  -21.919  51.508 0.0000000000
57051  -54.044  -21.800  51.070 0.0000000000
60637  -55.864  -19.776  49.153 0.0000000000
58866  -56.329  -20.494  48.674 0.0000000000
58000  -56.254  -21.182  48.632 0.0000000000
58013  -56.645  -21.421  48.077 0.0000000000
56234  -55.933  -23.913  45.981 0.0000000000
55370  -56.494  -24.417  45.536 0.0000000000
55397  -58.524  -24.843  44.618 0.0000000000
59821  -56.597  -19.814  41.420 0.0000000000
58084  -56.137  -21.525  40.704 0.0000000000
57199  -56.495  -22.336  40.704 0.0000000000
38337  -21.894  -43.367  70.409 0.0000000000
128536  -21.791  -43.423  69.837 0.0000000000
38353  -21.764  -43.419  69.290 0.0000000000
109456  -21.654  -43.374  68.447 0.0000000000
38395  -21.031  -43.213  66.774 0.0000000000
38458  -23.604  -42.727  63.341 0.0000000000
124769  -22.764  -42.644  63.579 0.0000000000
39288  -22.837  -42.597  62.904 0.0000000000
39300  -21.846  -42.463  62.086 0.0000000000
110344  -20.908  -42.458  60.626 0.0000000000
39317  -20.307  -42.572  61.059 0.0000000000
39316  -19.570  -42.951  60.770 0.0000000000
42779  -30.873  -38.595  61.311 0.0000000000
41907  -30.568  -38.985  61.945 0.0000000000
41912  -29.665  -38.955  60.489 0.0000000000
41916  -28.716  -39.262  59.597 0.0000000000
41055  -27.754  -39.917  59.242 0.0000000000
41067  -27.018  -40.339  58.685 0.0000000000
41066  -26.337  -40.800  58.331 0.0000000000
50181  -39.680  -30.592  47.404 0.0000000000
51046  -41.957  -29.246  48.832 0.0000000000
50165  -43.141  -30.183  50.418 0.0000000000
50166  -43.904  -29.852  50.829 0.0000000000
120807  -43.188  -28.985  49.705 0.0000000000
52723  -45.020  -26.951  50.697 0.0000000000
129320  -45.147  -26.148  50.856 0.0000000000
43688  -42.252  -38.019  60.631 0.0000000000
43687  -42.083  -37.899  59.898 0.0000000000
115272  -41.469  -37.810  59.376 0.0000000000
43707  -41.087  -37.601  58.685 0.0000000000
43720  -40.499  -37.340  57.598 0.0000000000
43735  -39.733  -37.228  56.448 0.0000000000
126745  -43.521  -36.265  57.267 0.0000000000
44663  -42.737  -36.593  56.766 0.0000000000
43752  -41.061  -36.969  56.082 0.0000000000
107795  -40.346  -37.092  55.988 0.0000000000
43750  -39.618  -37.127  55.483 0.0000000000
43798  -37.482  -36.968  53.004 0.0000000000
43799  -38.384  -36.889  52.930 0.0000000000
44696  -36.379  -36.661  51.731 0.0000000000
44731  -35.493  -36.261  50.482 0.0000000000
44744  -34.799  -35.845  49.224 0.0000000000
125905  -35.438  -36.008  49.606 0.0000000000
44745  -35.872  -35.982  49.247 0.0000000000
44733  -37.548  -36.297  50.471 0.0000000000
44747  -37.263  -36.027  49.730 0.0000000000
44761  -36.147  -35.898  48.982 0.0000000000
45660  -36.527  -35.695  48.799 0.0000000000
45661  -37.101  -35.287  48.570 0.0000000000
46517  -40.384  -34.528  50.461 0.0000000000
46516  -39.705  -34.911  50.142 0.0000000000
46524  -38.545  -34.960  49.243 0.0000000000
46532  -37.598  -34.803  48.452 0.0000000000
46544  -37.813  -34.121  48.197 0.0000000000
47418  -38.829  -32.996  48.125 0.0000000000
128386  -38.471  -32.653  47.683 0.0000000000
48431  -38.507  -32.032  47.265 0.0000000000
59785  -57.499  -19.200  44.970 0.0000000000
113337  -57.531  -19.220  44.005 0.0000000000
59810  -57.427  -19.268  43.044 0.0000000000
59822  -57.413  -19.112  41.994 0.0000000000
60707  -58.608  -17.706  42.608 0.0000000000
60706  -58.175  -18.308  42.282 0.0000000000
59840  -56.992  -19.116  40.711 0.0000000000
60719  -56.943  -18.798  39.745 0.0000000000
38358  -26.435  -43.506  69.417 0.0000000000
108499  -25.901  -43.430  68.690 0.0000000000
127802  -25.518  -43.375  68.049 0.0000000000
38385  -25.669  -43.344  67.366 0.0000000000
38386  -26.488  -43.401  67.164 0.0000000000
108043  -25.106  -43.270  66.788 0.0000000000
38425  -24.912  -43.018  64.325 0.0000000000
110572  -26.981  -43.393  65.285 0.0000000000
39301  -23.565  -42.638  62.367 0.0000000000
108807  -23.459  -42.527  61.499 0.0000000000
38472  -25.031  -42.756  62.006 0.0000000000
107856  -21.946  -42.537  58.866 0.0000000000
42845  -27.399  -38.440  56.192 0.0000000000
50192  -38.623  -30.291  46.163 0.0000000000
51074  -39.096  -29.083  45.528 0.0000000000
51064  -40.032  -29.062  46.726 0.0000000000
51933  -39.483  -28.393  45.173 0.0000000000
52736  -41.696  -27.455  47.162 0.0000000000
52743  -42.246  -26.781  46.648 0.0000000000
52742  -41.490  -27.151  46.258 0.0000000000
54463  -46.899  -25.143  45.326 0.0000000000
55392  -48.440  -24.117  43.544 0.0000000000
41023  -34.640  -40.086  67.103 0.0000000000
108767  -33.910  -40.290  66.515 0.0000000000
41029  -34.441  -39.891  66.022 0.0000000000
41874  -34.103  -39.500  65.199 0.0000000000
41902  -32.394  -38.716  62.751 0.0000000000
42758  -36.525  -38.772  63.867 0.0000000000
42774  -35.696  -38.472  62.403 0.0000000000
42756  -35.139  -38.607  62.922 0.0000000000
42771  -33.038  -38.481  62.106 0.0000000000
41909  -32.151  -38.540  61.982 0.0000000000
42780  -31.777  -38.382  61.169 0.0000000000
42792  -31.002  -38.298  60.078 0.0000000000
113530  -32.379  -38.118  59.765 0.0000000000
42807  -31.632  -38.112  59.558 0.0000000000
42806  -30.849  -38.157  59.324 0.0000000000
42832  -29.496  -37.951  57.485 0.0000000000
124155  -40.849  -38.076  60.602 0.0000000000
115079  -40.243  -38.001  60.445 0.0000000000
127055  -39.247  -37.733  59.736 0.0000000000
42814  -38.356  -37.721  59.955 0.0000000000
43733  -37.089  -37.288  56.799 0.0000000000
43716  -36.353  -37.377  57.401 0.0000000000
43701  -35.678  -37.489  58.013 0.0000000000
42824  -35.545  -37.657  58.742 0.0000000000
125035  -34.214  -37.779  58.665 0.0000000000
42822  -33.476  -37.776  58.559 0.0000000000
42835  -32.185  -37.656  57.905 0.0000000000
43711  -31.892  -37.494  57.211 0.0000000000
42848  -30.146  -37.571  56.916 0.0000000000
42847  -29.312  -37.702  56.689 0.0000000000
112224  -28.687  -37.830  56.408 0.0000000000
45685  -35.274  -34.943  46.975 0.0000000000
48358  -46.977  -32.104  55.994 0.0000000000
49243  -47.341  -31.413  55.642 0.0000000000
49233  -47.578  -31.683  56.326 0.0000000000
49234  -48.160  -31.233  56.596 0.0000000000
50102  -48.721  -30.672  56.848 0.0000000000
123238  -22.370  -43.323  71.107 0.0000000000
38321  -23.273  -43.366  71.521 0.0000000000
117420  -24.271  -43.424  71.347 0.0000000000
109593  -26.235  -43.540  70.185 0.0000000000
108051  -27.294  -43.538  69.337 0.0000000000
124435  -28.016  -43.530  69.218 0.0000000000
108866  -28.801  -43.490  70.357 0.0000000000
38360  -28.682  -43.470  69.547 0.0000000000
107908  -29.307  -43.239  69.053 0.0000000000
110040  -29.997  -43.007  69.409 0.0000000000
38376  -30.544  -42.773  68.861 0.0000000000
38362  -31.117  -42.495  69.243 0.0000000000
39262  -31.573  -42.302  68.640 0.0000000000
39263  -32.106  -41.974  68.872 0.0000000000
40117  -33.762  -40.678  68.366 0.0000000000
41019  -34.519  -40.144  68.082 0.0000000000
41011  -34.986  -39.635  68.481 0.0000000000
128638  -36.398  -39.263  66.993 0.0000000000
41839  -37.435  -38.425  67.986 0.0000000000
41853  -37.055  -38.913  67.347 0.0000000000
41879  -38.403  -38.726  65.956 0.0000000000
42710  -39.213  -37.960  66.821 0.0000000000
41869  -39.049  -38.374  66.292 0.0000000000
42745  -39.508  -38.629  64.741 0.0000000000
120756  -42.287  -38.200  63.089 0.0000000000
123637  -42.700  -38.091  62.408 0.0000000000
43663  -43.355  -37.483  63.709 0.0000000000
43681  -43.132  -37.902  61.833 0.0000000000
43682  -43.974  -37.232  60.966 0.0000000000
115423  -44.680  -36.601  61.156 0.0000000000
44643  -44.287  -36.759  60.266 0.0000000000
44649  -44.611  -36.212  59.499 0.0000000000
46450  -45.811  -35.071  59.834 0.0000000000
119237  -45.204  -35.506  59.167 0.0000000000
45593  -45.164  -35.247  58.345 0.0000000000
46474  -45.653  -34.577  58.038 0.0000000000
110322  -46.156  -33.486  56.965 0.0000000000
47352  -46.571  -32.760  56.430 0.0000000000
49255  -47.129  -31.104  54.901 0.0000000000
50127  -47.458  -30.346  54.542 0.0000000000
50983  -49.025  -29.296  55.706 0.0000000000
50128  -48.097  -29.889  54.860 0.0000000000
51000  -47.717  -29.589  54.178 0.0000000000
51016  -47.890  -28.929  53.942 0.0000000000
51868  -47.697  -28.362  53.558 0.0000000000
53501  -50.205  -26.437  57.126 0.0000000000
53500  -49.954  -26.763  56.397 0.0000000000
54354  -49.753  -24.996  56.916 0.0000000000
54366  -49.392  -26.186  55.799 0.0000000000
120270  -49.413  -27.140  55.581 0.0000000000
52686  -48.886  -27.128  54.864 0.0000000000
120207  -48.005  -27.801  53.801 0.0000000000
52698  -47.465  -27.586  53.333 0.0000000000
53535  -47.149  -26.700  53.326 0.0000000000
53528  -46.735  -25.785  53.326 0.0000000000
54389  -46.985  -25.260  53.826 0.0000000000
54401  -46.189  -25.294  52.593 0.0000000000
55306  -46.460  -24.481  52.789 0.0000000000
55315  -46.299  -24.517  52.023 0.0000000000
119056  -47.970  -22.051  56.069 0.0000000000
56998  -47.652  -22.539  55.208 0.0000000000
57006  -47.616  -22.428  54.483 0.0000000000
118045  -47.120  -23.368  53.517 0.0000000000
55307  -46.751  -23.993  52.370 0.0000000000
55316  -46.921  -24.097  51.529 0.0000000000
55326  -47.151  -24.268  50.651 0.0000000000
55327  -48.145  -24.113  50.270 0.0000000000
55340  -48.498  -24.301  49.430 0.0000000000
55345  -48.790  -24.446  48.683 0.0000000000
57018  -50.758  -22.048  52.662 0.0000000000
57037  -50.894  -22.602  51.896 0.0000000000
56190  -50.704  -23.175  50.473 0.0000000000
55351  -49.573  -24.202  47.681 0.0000000000
55357  -50.268  -23.753  46.717 0.0000000000
56210  -50.730  -23.512  47.943 0.0000000000
56243  -50.460  -23.231  44.480 0.0000000000
57058  -53.927  -21.901  50.492 0.0000000000
58857  -55.805  -20.696  49.809 0.0000000000
57068  -55.356  -21.457  49.303 0.0000000000
57982  -55.098  -21.428  49.990 0.0000000000
107617  -54.422  -21.718  49.975 0.0000000000
118709  -53.816  -21.969  49.959 0.0000000000
57081  -52.874  -22.371  48.765 0.0000000000
57101  -52.265  -22.626  47.302 0.0000000000
57122  -53.130  -22.489  46.832 0.0000000000
57121  -52.281  -22.648  46.526 0.0000000000
56244  -51.178  -22.965  44.830 0.0000000000
107848  -51.088  -22.982  43.836 0.0000000000
128478  -51.265  -22.943  43.149 0.0000000000
56264  -52.466  -23.141  42.571 0.0000000000
56257  -52.878  -23.085  43.342 0.0000000000
56275  -53.016  -23.572  41.941 0.0000000000
55412  -53.498  -24.158  41.426 0.0000000000
55394  -54.894  -24.403  43.452 0.0000000000
58049  -57.416  -21.853  44.866 0.0000000000
58064  -57.113  -21.572  43.960 0.0000000000
58065  -57.608  -22.367  44.341 0.0000000000
125572  -58.036  -23.091  44.660 0.0000000000
114719  -58.374  -23.762  44.430 0.0000000000
56277  -58.074  -23.490  41.778 0.0000000000
119286  -20.313  -43.322  69.599 0.0000000000
37570  -16.662  -44.757  65.996 0.0000000000
37571  -17.343  -44.208  65.660 0.0000000000
37579  -16.793  -44.723  65.054 0.0000000000
108049  -23.784  -43.268  67.574 0.0000000000
38383  -22.936  -43.201  67.058 0.0000000000
38397  -23.210  -43.087  66.303 0.0000000000
108040  -21.699  -43.045  66.125 0.0000000000
38407  -20.417  -43.036  65.416 0.0000000000
39287  -22.151  -42.580  63.294 0.0000000000
38440  -22.187  -42.636  64.018 0.0000000000
38438  -20.730  -42.594  63.397 0.0000000000
127281  -20.897  -42.634  64.033 0.0000000000
38418  -17.929  -43.617  63.958 0.0000000000
37600  -17.494  -44.469  62.615 0.0000000000
36185  -18.846  -45.875  60.366 0.0000000000
41027  -31.904  -40.775  65.475 0.0000000000
41032  -31.843  -40.247  64.768 0.0000000000
127344  -31.095  -40.580  64.455 0.0000000000
39291  -29.300  -41.832  63.508 0.0000000000
39304  -28.255  -42.054  62.537 0.0000000000
124703  -29.995  -39.403  61.840 0.0000000000
41040  -29.640  -40.039  62.150 0.0000000000
41039  -28.949  -40.521  61.733 0.0000000000
40140  -29.265  -40.867  62.497 0.0000000000
40139  -28.598  -41.371  62.123 0.0000000000
39324  -27.555  -42.257  62.283 0.0000000000
39322  -26.591  -42.172  61.433 0.0000000000
39346  -25.188  -41.962  59.670 0.0000000000
39344  -23.881  -42.278  59.361 0.0000000000
38486  -21.763  -42.909  58.017 0.0000000000
111027  -26.346  -39.308  56.164 0.0000000000
41076  -25.794  -40.099  56.417 0.0000000000
41079  -25.341  -40.239  55.710 0.0000000000
41075  -25.436  -40.807  56.818 0.0000000000
40184  -24.958  -41.278  56.483 0.0000000000
40179  -24.496  -41.972  56.919 0.0000000000
39366  -23.824  -42.732  55.265 0.0000000000
39361  -23.990  -42.482  56.044 0.0000000000
116030  -23.849  -42.444  56.851 0.0000000000
38493  -23.028  -42.880  56.823 0.0000000000
127464  -22.268  -44.443  55.698 0.0000000000
38501  -22.294  -43.583  56.431 0.0000000000
38492  -22.097  -43.188  57.165 0.0000000000
38491  -21.342  -43.534  57.455 0.0000000000
36924  -20.841  -45.419  57.207 0.0000000000
37628  -21.305  -44.808  56.678 0.0000000000
37651  -22.606  -44.412  55.226 0.0000000000
38524  -23.511  -43.325  54.760 0.0000000000
40133  -31.260  -41.016  65.111 0.0000000000
41908  -31.312  -38.669  61.956 0.0000000000
43702  -36.434  -37.470  58.150 0.0000000000
43712  -32.585  -37.497  57.313 0.0000000000
43729  -33.497  -37.306  56.434 0.0000000000
43761  -32.731  -36.918  54.683 0.0000000000
44681  -39.033  -36.771  52.838 0.0000000000
44729  -34.159  -35.910  49.653 0.0000000000
45616  -41.814  -36.022  54.570 0.0000000000
45628  -41.137  -35.550  52.783 0.0000000000
46479  -45.559  -34.215  57.279 0.0000000000
50982  -48.513  -29.440  55.170 0.0000000000
52685  -48.468  -27.611  54.391 0.0000000000
55290  -46.788  -24.627  53.705 0.0000000000
57942  -53.031  -21.332  52.726 0.0000000000
58081  -56.075  -21.001  41.086 0.0000000000
108574  -40.073  -38.533  63.178 0.0000000000
110547  -30.753  -36.402  51.532 0.0000000000
113009  -25.269  -40.649  56.198 0.0000000000
115364  -41.971  -31.824  50.161 0.0000000000
120111  -41.502  -29.618  48.663 0.0000000000
122528  -35.993  -37.531  58.453 0.0000000000
122679  -39.892  -37.431  57.873 0.0000000000
122954  -28.183  -42.651  63.630 0.0000000000
126946  -48.133  -22.320  53.526 0.0000000000
129291  -36.576  -36.400  50.473 0.0000000000
129489  -35.450  -37.209  55.597 0.0000000000
