#!ascii label  , from subject sub-v2s0x29014_ses-1 vox2ras=TkReg
1077
45462  -10.186  -35.415  71.427 0.0000000000
51840  -36.157  -27.636  55.777 0.0000000000
57000  -32.528  -21.986  54.414 0.0000000000
123701  -28.907  -27.512  61.615 0.0000000000
62482  -39.478  -15.391  42.429 0.0000000000
62416  -33.051  -15.632  46.938 0.0000000000
117790  -38.564  -27.227  59.414 0.0000000000
110336  -33.655  -28.115  59.019 0.0000000000
64048  -44.040  -12.674  43.911 0.0000000000
65733  -47.549  -10.870  40.840 0.0000000000
67450  -49.314  -9.243  37.924 0.0000000000
111779  -34.200  -15.080  55.388 0.0000000000
60619  -31.072  -18.142  50.480 0.0000000000
64766  -36.331  -12.869  52.063 0.0000000000
64797  -39.498  -12.637  49.074 0.0000000000
49164  -20.932  -30.434  63.146 0.0000000000
44500  -6.630  -35.814  75.257 0.0000000000
55274  -36.101  -25.108  54.990 0.0000000000
60540  -36.248  -18.518  57.670 0.0000000000
109946  -23.300  -28.400  59.770 0.0000000000
51819  -27.388  -27.938  55.829 0.0000000000
69142  -45.619  -8.522  33.294 0.0000000000
69968  -50.559  -6.269  35.993 0.0000000000
62450  -37.442  -15.631  43.943 0.0000000000
63250  -42.363  -13.557  46.629 0.0000000000
46341  -12.070  -34.003  67.539 0.0000000000
41791  -3.152  -39.098  70.828 0.0000000000
64849  -46.299  -11.432  42.838 0.0000000000
126710  -34.778  -13.728  54.056 0.0000000000
48276  -19.577  -32.489  61.601 0.0000000000
44516  -8.720  -35.320  73.612 0.0000000000
52703  -36.010  -27.280  52.756 0.0000000000
53513  -36.723  -26.537  55.114 0.0000000000
111527  -26.046  -27.215  60.306 0.0000000000
51792  -24.933  -27.990  58.027 0.0000000000
52633  -28.374  -27.292  59.400 0.0000000000
50948  -35.407  -27.742  57.119 0.0000000000
50958  -32.190  -28.172  56.171 0.0000000000
50994  -33.571  -29.072  54.193 0.0000000000
51728  -27.992  -27.600  63.766 0.0000000000
120620  -24.615  -27.199  62.838 0.0000000000
66602  -42.592  -11.738  37.051 0.0000000000
68313  -44.856  -9.131  34.276 0.0000000000
69120  -50.150  -7.642  36.932 0.0000000000
117128  -31.815  -16.508  48.410 0.0000000000
62422  -34.971  -15.233  45.457 0.0000000000
64007  -41.456  -12.905  48.248 0.0000000000
48223  -16.918  -31.294  65.098 0.0000000000
48214  -16.043  -31.151  66.756 0.0000000000
48176  -14.513  -31.967  69.434 0.0000000000
47218  -12.979  -33.436  65.588 0.0000000000
120846  -4.970  -38.808  70.249 0.0000000000
115335  -37.258  -27.176  57.658 0.0000000000
54358  -38.038  -25.750  56.961 0.0000000000
54347  -40.026  -24.753  58.963 0.0000000000
50873  -32.418  -28.033  62.880 0.0000000000
125000  -31.746  -27.940  60.238 0.0000000000
50902  -34.371  -28.117  61.002 0.0000000000
50920  -36.096  -27.607  59.477 0.0000000000
63284  -41.960  -13.779  43.395 0.0000000000
64846  -42.566  -12.816  42.425 0.0000000000
65741  -44.413  -10.819  40.252 0.0000000000
66592  -45.220  -10.060  38.634 0.0000000000
67447  -45.945  -9.054  37.422 0.0000000000
66593  -48.544  -10.209  39.014 0.0000000000
113480  -33.282  -17.859  54.561 0.0000000000
59685  -31.449  -19.614  52.942 0.0000000000
62395  -32.916  -16.339  53.513 0.0000000000
128480  -32.911  -14.863  51.078 0.0000000000
114001  -33.916  -13.568  49.168 0.0000000000
64815  -35.883  -13.011  47.504 0.0000000000
65647  -37.890  -12.527  51.139 0.0000000000
48236  -20.432  -30.780  65.044 0.0000000000
48246  -18.558  -31.922  63.408 0.0000000000
72519  -50.264  -3.972  31.481 0.0000000000
45446  -3.784  -35.822  74.922 0.0000000000
54398  -35.322  -25.961  52.372 0.0000000000
56133  -34.102  -23.411  54.839 0.0000000000
56125  -37.357  -24.230  56.787 0.0000000000
57903  -35.414  -22.198  56.630 0.0000000000
59658  -34.500  -19.798  56.117 0.0000000000
62364  -35.110  -16.570  56.679 0.0000000000
51809  -30.350  -27.657  57.693 0.0000000000
51720  -23.746  -27.857  65.016 0.0000000000
50882  -22.154  -29.333  61.542 0.0000000000
69131  -46.971  -7.677  35.785 0.0000000000
126975  -47.925  -6.598  34.657 0.0000000000
71659  -48.743  -5.307  33.254 0.0000000000
71655  -51.922  -4.851  34.697 0.0000000000
44552  -9.150  -36.550  68.277 0.0000000000
43576  -7.772  -36.968  70.026 0.0000000000
61613  -38.281  -15.895  43.124 0.0000000000
63244  -37.888  -13.924  46.219 0.0000000000
62426  -39.796  -14.481  45.532 0.0000000000
62452  -40.839  -14.686  44.364 0.0000000000
63268  -43.286  -13.333  44.919 0.0000000000
46330  -11.518  -34.548  69.864 0.0000000000
43554  -6.629  -36.520  72.206 0.0000000000
43542  -4.469  -36.638  72.800 0.0000000000
44519  -3.161  -36.403  72.509 0.0000000000
45458  -9.421  -35.452  72.423 0.0000000000
51855  -35.923  -28.215  54.636 0.0000000000
52681  -36.305  -27.563  54.487 0.0000000000
52682  -36.557  -27.046  55.132 0.0000000000
52606  -27.452  -27.273  61.552 0.0000000000
52632  -27.525  -27.254  59.774 0.0000000000
52620  -28.346  -27.306  60.319 0.0000000000
50962  -35.473  -27.874  56.286 0.0000000000
107904  -34.423  -28.107  56.003 0.0000000000
50978  -35.245  -28.304  55.320 0.0000000000
50995  -34.530  -28.873  54.582 0.0000000000
51730  -30.198  -28.166  63.688 0.0000000000
50857  -30.216  -28.209  64.475 0.0000000000
51729  -28.700  -27.791  63.116 0.0000000000
52594  -27.302  -27.296  62.427 0.0000000000
109049  -44.076  -10.408  34.995 0.0000000000
56142  -32.471  -23.341  53.630 0.0000000000
57010  -31.440  -22.221  53.368 0.0000000000
62415  -32.359  -16.167  47.387 0.0000000000
61566  -32.338  -16.905  46.695 0.0000000000
63254  -34.387  -15.136  46.029 0.0000000000
48233  -16.068  -31.771  64.444 0.0000000000
108964  -16.636  -31.094  65.931 0.0000000000
111807  -14.902  -31.888  65.635 0.0000000000
48212  -14.365  -32.049  66.369 0.0000000000
47219  -13.516  -33.216  64.969 0.0000000000
52645  -37.892  -27.093  58.341 0.0000000000
52655  -38.338  -26.791  58.315 0.0000000000
53478  -39.743  -26.224  59.570 0.0000000000
50862  -34.570  -27.827  63.353 0.0000000000
50875  -33.697  -28.095  62.138 0.0000000000
115598  -34.996  -27.789  62.478 0.0000000000
51769  -38.596  -27.622  60.604 0.0000000000
50905  -36.809  -27.624  60.689 0.0000000000
51784  -37.474  -27.552  59.337 0.0000000000
50936  -36.669  -27.732  58.392 0.0000000000
126078  -42.953  -13.299  43.639 0.0000000000
64059  -42.352  -13.281  42.964 0.0000000000
64053  -43.772  -12.672  43.689 0.0000000000
108725  -46.919  -10.977  41.474 0.0000000000
113134  -44.761  -11.308  41.692 0.0000000000
65731  -45.589  -10.760  40.275 0.0000000000
122533  -44.919  -10.571  39.630 0.0000000000
65743  -46.642  -10.588  39.816 0.0000000000
113339  -47.020  -10.024  38.713 0.0000000000
66585  -48.443  -10.587  39.758 0.0000000000
62386  -33.881  -16.390  54.882 0.0000000000
61512  -32.929  -17.212  53.883 0.0000000000
62385  -33.468  -15.901  54.148 0.0000000000
64760  -35.222  -13.427  53.404 0.0000000000
63985  -33.626  -14.498  52.339 0.0000000000
64772  -34.827  -13.531  51.821 0.0000000000
63999  -33.616  -14.052  50.613 0.0000000000
111317  -34.852  -13.300  50.975 0.0000000000
64783  -36.370  -12.604  50.132 0.0000000000
129181  -37.039  -12.626  51.489 0.0000000000
50032  -21.687  -29.859  64.912 0.0000000000
50021  -21.450  -30.182  65.653 0.0000000000
125913  -20.886  -30.397  63.788 0.0000000000
48262  -19.460  -32.103  62.417 0.0000000000
71668  -51.823  -3.934  32.975 0.0000000000
72512  -52.495  -3.475  32.323 0.0000000000
44499  -5.647  -36.012  74.993 0.0000000000
54385  -36.207  -26.127  53.627 0.0000000000
53532  -36.067  -26.647  52.918 0.0000000000
55287  -35.930  -25.454  54.118 0.0000000000
113917  -34.683  -24.750  53.566 0.0000000000
56135  -35.585  -24.503  55.261 0.0000000000
124610  -38.529  -24.138  57.472 0.0000000000
55260  -37.915  -24.640  56.894 0.0000000000
124132  -38.155  -23.494  57.511 0.0000000000
59642  -36.863  -19.873  58.106 0.0000000000
58767  -36.511  -21.255  57.568 0.0000000000
58766  -35.825  -20.793  57.206 0.0000000000
57894  -35.244  -21.266  56.795 0.0000000000
59649  -35.020  -19.290  56.572 0.0000000000
60561  -34.928  -18.305  56.340 0.0000000000
61476  -35.403  -17.967  56.863 0.0000000000
51806  -25.975  -27.872  56.926 0.0000000000
50915  -32.439  -28.038  59.412 0.0000000000
51795  -30.668  -27.533  58.724 0.0000000000
50931  -32.233  -27.886  58.445 0.0000000000
51838  -30.528  -28.153  55.550 0.0000000000
52569  -25.757  -27.363  65.419 0.0000000000
52615  -23.753  -27.589  61.033 0.0000000000
51737  -23.144  -27.975  62.345 0.0000000000
50899  -22.806  -28.665  60.426 0.0000000000
50073  -22.113  -30.387  59.839 0.0000000000
116645  -47.660  -8.649  37.228 0.0000000000
68309  -46.045  -8.157  35.982 0.0000000000
68299  -48.409  -8.191  36.896 0.0000000000
69133  -50.703  -7.077  36.641 0.0000000000
127207  -49.310  -6.898  36.114 0.0000000000
69967  -49.703  -6.407  35.785 0.0000000000
70832  -48.195  -5.965  33.679 0.0000000000
70834  -49.859  -5.455  34.550 0.0000000000
113708  -50.384  -4.884  34.044 0.0000000000
70826  -51.050  -5.445  35.248 0.0000000000
59703  -30.999  -19.147  51.618 0.0000000000
58815  -30.678  -20.510  51.932 0.0000000000
110304  -37.615  -16.491  42.764 0.0000000000
61595  -37.768  -15.922  43.393 0.0000000000
64806  -37.906  -12.740  47.978 0.0000000000
64023  -37.310  -13.560  46.725 0.0000000000
64012  -38.837  -13.053  47.475 0.0000000000
63236  -41.690  -13.406  47.161 0.0000000000
63247  -40.351  -13.715  46.585 0.0000000000
63261  -41.034  -14.062  46.172 0.0000000000
62439  -39.928  -14.769  44.983 0.0000000000
62428  -41.272  -14.315  45.596 0.0000000000
62442  -42.270  -14.128  44.709 0.0000000000
63251  -42.824  -13.440  46.333 0.0000000000
47208  -13.210  -32.950  68.580 0.0000000000
47202  -12.617  -33.483  69.046 0.0000000000
120040  -12.072  -34.150  70.249 0.0000000000
46334  -11.462  -34.509  68.914 0.0000000000
45479  -10.869  -35.019  68.353 0.0000000000
45492  -10.893  -35.102  67.349 0.0000000000
43585  -7.422  -37.562  69.355 0.0000000000
43565  -7.377  -36.863  70.764 0.0000000000
43574  -6.278  -37.684  70.165 0.0000000000
42624  -3.955  -38.597  70.668 0.0000000000
43572  -4.683  -38.129  70.640 0.0000000000
124576  -3.959  -37.692  71.132 0.0000000000
44520  -3.745  -36.447  72.865 0.0000000000
122361  -3.133  -37.391  71.302 0.0000000000
50879  -36.972  -28.133  62.635 0.0000000000
64826  -45.839  -11.881  44.016 0.0000000000
64841  -44.847  -12.071  43.557 0.0000000000
64843  -46.491  -11.532  43.372 0.0000000000
63974  -34.164  -14.612  54.765 0.0000000000
49173  -20.861  -31.197  61.780 0.0000000000
49163  -20.653  -30.965  62.635 0.0000000000
44508  -8.918  -35.131  75.014 0.0000000000
110327  -7.311  -35.779  74.627 0.0000000000
121334  -35.486  -28.467  52.947 0.0000000000
52695  -36.524  -27.005  54.402 0.0000000000
54371  -36.762  -25.995  55.229 0.0000000000
62355  -36.062  -16.835  57.889 0.0000000000
52616  -24.209  -27.499  60.402 0.0000000000
51791  -24.175  -28.246  58.637 0.0000000000
52630  -25.437  -27.338  59.575 0.0000000000
52642  -26.492  -27.378  58.224 0.0000000000
52644  -28.094  -27.332  57.917 0.0000000000
50947  -34.460  -27.921  57.711 0.0000000000
125176  -32.932  -27.862  57.680 0.0000000000
108002  -34.285  -27.875  56.772 0.0000000000
50975  -32.971  -28.372  55.673 0.0000000000
110402  -33.078  -29.465  53.151 0.0000000000
108261  -27.804  -27.644  64.664 0.0000000000
52576  -26.359  -27.271  64.734 0.0000000000
52583  -27.146  -27.323  63.301 0.0000000000
108786  -25.858  -27.138  62.178 0.0000000000
115472  -41.751  -12.084  38.028 0.0000000000
68316  -45.347  -9.221  33.485 0.0000000000
112850  -50.966  -9.129  38.311 0.0000000000
68300  -49.691  -8.120  37.181 0.0000000000
61535  -31.369  -17.311  50.116 0.0000000000
61577  -34.771  -16.390  44.471 0.0000000000
62448  -35.706  -15.726  44.398 0.0000000000
64784  -41.141  -12.559  49.692 0.0000000000
64808  -40.222  -12.774  48.663 0.0000000000
64799  -41.644  -12.712  49.010 0.0000000000
127040  -18.567  -30.742  65.600 0.0000000000
48216  -18.317  -30.330  66.768 0.0000000000
108011  -16.860  -30.764  68.744 0.0000000000
48190  -15.093  -31.480  68.042 0.0000000000
48200  -13.753  -32.368  67.104 0.0000000000
47210  -12.604  -33.419  67.165 0.0000000000
46365  -11.657  -34.622  65.979 0.0000000000
46366  -12.353  -34.042  65.598 0.0000000000
51824  -36.399  -27.412  56.473 0.0000000000
52670  -37.034  -26.594  56.503 0.0000000000
52661  -37.329  -26.787  57.149 0.0000000000
128011  -39.014  -25.314  57.693 0.0000000000
51740  -30.960  -28.114  62.253 0.0000000000
115089  -30.402  -27.697  60.994 0.0000000000
125031  -32.611  -28.257  62.150 0.0000000000
50900  -33.159  -28.401  60.935 0.0000000000
108925  -34.445  -28.032  60.252 0.0000000000
50889  -36.312  -27.636  61.282 0.0000000000
108924  -35.102  -27.722  60.064 0.0000000000
50918  -34.650  -27.893  59.386 0.0000000000
50934  -35.564  -27.876  58.273 0.0000000000
50950  -36.468  -27.697  57.645 0.0000000000
50859  -32.171  -27.880  63.750 0.0000000000
63290  -40.795  -14.422  42.956 0.0000000000
63309  -39.715  -14.714  41.009 0.0000000000
63301  -41.051  -14.110  42.581 0.0000000000
64845  -41.830  -13.147  41.799 0.0000000000
65720  -41.693  -12.093  40.251 0.0000000000
111067  -44.426  -11.867  42.966 0.0000000000
65722  -43.146  -11.604  41.176 0.0000000000
114489  -42.024  -11.612  39.516 0.0000000000
66581  -43.312  -10.834  38.932 0.0000000000
66590  -43.607  -10.533  37.319 0.0000000000
67434  -44.315  -9.942  37.168 0.0000000000
67446  -44.894  -9.337  36.902 0.0000000000
67435  -45.273  -9.534  37.985 0.0000000000
67437  -47.471  -9.586  38.243 0.0000000000
109136  -49.312  -9.847  38.628 0.0000000000
66574  -49.518  -10.646  40.046 0.0000000000
67440  -50.474  -9.596  38.575 0.0000000000
59664  -32.693  -19.533  54.279 0.0000000000
58793  -31.972  -20.968  53.732 0.0000000000
60581  -32.253  -18.727  53.670 0.0000000000
60596  -31.804  -18.332  52.985 0.0000000000
61527  -31.760  -17.034  51.623 0.0000000000
63205  -33.750  -14.883  53.853 0.0000000000
62402  -32.555  -15.583  51.885 0.0000000000
61536  -31.797  -16.594  50.739 0.0000000000
62409  -32.098  -15.889  50.092 0.0000000000
63231  -32.900  -14.644  49.313 0.0000000000
64020  -33.857  -14.037  47.607 0.0000000000
63241  -34.101  -14.547  46.679 0.0000000000
64804  -35.172  -12.964  48.413 0.0000000000
64794  -36.653  -12.467  49.213 0.0000000000
65671  -38.644  -12.489  49.547 0.0000000000
65649  -39.482  -12.487  51.465 0.0000000000
123216  -39.938  -12.482  50.391 0.0000000000
48227  -20.106  -30.743  65.579 0.0000000000
48248  -19.928  -31.598  63.105 0.0000000000
117633  -19.814  -31.464  63.988 0.0000000000
126447  -19.010  -30.962  65.017 0.0000000000
48245  -17.586  -31.850  63.658 0.0000000000
56143  -33.421  -23.602  54.070 0.0000000000
57001  -33.211  -22.237  54.834 0.0000000000
53505  -37.320  -26.032  56.437 0.0000000000
55267  -37.244  -25.081  56.313 0.0000000000
55266  -36.819  -24.527  56.242 0.0000000000
56989  -36.642  -22.812  57.119 0.0000000000
56123  -35.884  -23.943  56.030 0.0000000000
124035  -34.952  -22.435  56.136 0.0000000000
56994  -34.315  -22.126  55.766 0.0000000000
58783  -33.500  -20.795  55.220 0.0000000000
123336  -33.961  -19.391  55.525 0.0000000000
61493  -34.447  -17.577  55.800 0.0000000000
62363  -34.726  -16.020  56.258 0.0000000000
115328  -35.475  -16.277  57.413 0.0000000000
63185  -35.269  -15.366  57.651 0.0000000000
115088  -30.237  -27.469  60.208 0.0000000000
51793  -28.912  -27.358  58.164 0.0000000000
51807  -28.852  -27.533  56.802 0.0000000000
129839  -31.815  -27.951  56.828 0.0000000000
111235  -29.854  -27.902  55.974 0.0000000000
111491  -22.976  -28.952  65.852 0.0000000000
50856  -22.419  -28.867  63.909 0.0000000000
52580  -24.064  -27.393  63.532 0.0000000000
50871  -22.574  -28.592  63.047 0.0000000000
50870  -22.050  -29.400  62.503 0.0000000000
49185  -21.342  -30.716  61.381 0.0000000000
117989  -45.103  -8.724  35.619 0.0000000000
69129  -45.237  -8.380  34.872 0.0000000000
69138  -45.815  -7.843  34.358 0.0000000000
114027  -48.714  -7.664  36.533 0.0000000000
69140  -47.618  -7.205  35.525 0.0000000000
69963  -46.368  -7.351  33.980 0.0000000000
70830  -46.741  -6.874  32.645 0.0000000000
70839  -47.244  -6.314  32.219 0.0000000000
71671  -47.813  -5.790  31.699 0.0000000000
72509  -49.442  -4.659  32.714 0.0000000000
71667  -51.032  -4.358  33.398 0.0000000000
45465  -10.180  -35.544  69.817 0.0000000000
44530  -8.964  -36.132  70.760 0.0000000000
44539  -8.855  -36.530  69.098 0.0000000000
109784  -30.979  -21.943  52.818 0.0000000000
61622  -38.667  -15.845  42.849 0.0000000000
116346  -35.837  -14.103  46.224 0.0000000000
63256  -36.390  -14.422  45.678 0.0000000000
123536  -37.754  -14.696  45.055 0.0000000000
64025  -39.246  -13.439  46.848 0.0000000000
63259  -39.181  -14.117  45.962 0.0000000000
62424  -38.571  -14.722  45.007 0.0000000000
61578  -38.983  -15.166  44.381 0.0000000000
61598  -39.590  -15.186  43.992 0.0000000000
107434  -40.214  -14.883  43.556 0.0000000000
62466  -41.796  -14.102  43.714 0.0000000000
62454  -42.435  -13.894  44.055 0.0000000000
63269  -43.890  -12.856  44.706 0.0000000000
46325  -11.219  -34.688  72.088 0.0000000000
126788  -11.971  -34.154  71.900 0.0000000000
45466  -10.969  -35.039  70.321 0.0000000000
45468  -10.255  -35.522  68.733 0.0000000000
44565  -9.919  -36.151  67.330 0.0000000000
114478  -8.545  -36.069  71.533 0.0000000000
108991  -7.539  -35.876  73.039 0.0000000000
44513  -6.254  -36.256  73.466 0.0000000000
43573  -5.456  -37.938  70.375 0.0000000000
43552  -5.273  -36.871  72.238 0.0000000000
44505  -5.608  -36.220  74.025 0.0000000000
44504  -4.305  -36.089  74.312 0.0000000000
44503  -3.606  -35.832  74.099 0.0000000000
119320  -2.228  -39.014  70.564 0.0000000000
43561  -2.622  -37.339  71.055 0.0000000000
119135  -10.560  -35.122  72.100 0.0000000000
120252  -9.947  -35.420  72.065 0.0000000000
114082  -35.985  -28.004  55.279 0.0000000000
51841  -36.274  -27.562  55.302 0.0000000000
52607  -28.268  -27.343  61.203 0.0000000000
51749  -29.058  -27.415  60.892 0.0000000000
50979  -35.790  -28.001  55.631 0.0000000000
50997  -35.694  -28.281  55.070 0.0000000000
108148  -29.665  -28.048  63.047 0.0000000000
51738  -29.209  -27.769  62.290 0.0000000000
52595  -28.258  -27.452  62.169 0.0000000000
57011  -32.092  -22.536  53.870 0.0000000000
57924  -31.939  -21.707  53.862 0.0000000000
63239  -32.756  -15.401  47.585 0.0000000000
62419  -32.817  -16.255  46.631 0.0000000000
61567  -32.978  -16.759  46.031 0.0000000000
62420  -33.539  -15.908  46.170 0.0000000000
63253  -33.635  -15.213  46.597 0.0000000000
47229  -14.954  -32.805  63.863 0.0000000000
48222  -15.421  -31.792  65.056 0.0000000000
47228  -14.371  -32.790  64.438 0.0000000000
47220  -14.166  -32.420  65.363 0.0000000000
51798  -38.000  -27.312  59.010 0.0000000000
52646  -38.486  -26.998  58.860 0.0000000000
53477  -39.154  -26.871  59.497 0.0000000000
50876  -34.164  -27.889  62.655 0.0000000000
50863  -35.373  -27.864  63.381 0.0000000000
52634  -39.032  -27.311  60.088 0.0000000000
51768  -37.817  -27.708  60.309 0.0000000000
51785  -38.231  -27.503  59.764 0.0000000000
50046  -34.947  -27.868  64.095 0.0000000000
63286  -43.412  -13.043  43.779 0.0000000000
63293  -43.089  -13.054  43.481 0.0000000000
65732  -46.704  -10.810  40.661 0.0000000000
65744  -47.591  -10.725  40.153 0.0000000000
62376  -34.291  -15.948  55.573 0.0000000000
63206  -33.922  -15.471  54.776 0.0000000000
64761  -36.070  -13.080  53.019 0.0000000000
64765  -35.438  -13.273  52.407 0.0000000000
64773  -35.547  -13.088  51.479 0.0000000000
64774  -36.314  -12.750  51.060 0.0000000000
50044  -21.355  -29.957  63.844 0.0000000000
72504  -52.645  -3.877  33.297 0.0000000000
72511  -51.679  -3.696  32.253 0.0000000000
44495  -6.744  -35.527  75.952 0.0000000000
44494  -6.004  -35.733  75.878 0.0000000000
54370  -36.418  -25.765  54.665 0.0000000000
55273  -35.603  -24.989  54.550 0.0000000000
56111  -38.804  -23.274  57.964 0.0000000000
59641  -36.259  -19.370  57.631 0.0000000000
58756  -36.328  -20.331  57.644 0.0000000000
59650  -35.679  -19.796  57.163 0.0000000000
60552  -35.639  -18.759  57.050 0.0000000000
61477  -35.824  -18.050  57.295 0.0000000000
50914  -22.935  -29.062  59.516 0.0000000000
51780  -23.510  -28.605  59.054 0.0000000000
50916  -33.211  -28.262  59.590 0.0000000000
50932  -33.066  -28.022  58.739 0.0000000000
51763  -23.485  -27.978  60.403 0.0000000000
51748  -23.098  -28.104  61.313 0.0000000000
50898  -22.384  -29.517  60.090 0.0000000000
69970  -45.986  -8.120  32.889 0.0000000000
67449  -48.549  -8.896  37.574 0.0000000000
110113  -49.218  -8.522  37.362 0.0000000000
117928  -49.347  -5.976  35.105 0.0000000000
70825  -50.155  -5.771  35.299 0.0000000000
70815  -51.309  -5.891  35.871 0.0000000000
60607  -31.174  -18.390  51.407 0.0000000000
59702  -30.611  -19.796  51.413 0.0000000000
59720  -30.674  -19.077  50.764 0.0000000000
62449  -36.357  -15.961  43.814 0.0000000000
61610  -35.904  -16.929  43.322 0.0000000000
61594  -36.819  -16.361  43.357 0.0000000000
64796  -38.728  -12.678  48.534 0.0000000000
64807  -39.629  -12.859  48.123 0.0000000000
64027  -42.361  -13.374  47.240 0.0000000000
111674  -41.394  -13.665  46.651 0.0000000000
63249  -41.902  -13.594  46.812 0.0000000000
63262  -41.768  -13.875  46.211 0.0000000000
63263  -42.444  -13.739  45.932 0.0000000000
47207  -12.609  -33.455  68.091 0.0000000000
46335  -12.056  -34.009  68.506 0.0000000000
46340  -11.435  -34.485  67.933 0.0000000000
46350  -11.468  -34.528  66.920 0.0000000000
43575  -7.013  -37.333  70.039 0.0000000000
42608  -2.956  -38.198  70.824 0.0000000000
64744  -35.339  -13.057  55.929 0.0000000000
48278  -20.690  -31.873  61.185 0.0000000000
45447  -9.374  -35.047  74.167 0.0000000000
108869  -9.657  -34.896  74.871 0.0000000000
119988  -8.618  -35.296  74.320 0.0000000000
44507  -8.110  -35.426  74.823 0.0000000000
44515  -7.948  -35.624  73.921 0.0000000000
51863  -35.438  -28.638  53.719 0.0000000000
53525  -36.563  -26.429  54.450 0.0000000000
52617  -25.086  -27.268  60.440 0.0000000000
52629  -24.669  -27.466  59.779 0.0000000000
52631  -26.500  -27.262  59.342 0.0000000000
52643  -27.514  -27.286  58.701 0.0000000000
52653  -27.200  -27.372  57.637 0.0000000000
119424  -28.409  -27.313  58.637 0.0000000000
107905  -35.160  -27.892  57.677 0.0000000000
50977  -34.635  -28.398  55.381 0.0000000000
50976  -33.847  -28.576  55.245 0.0000000000
50993  -32.805  -28.846  54.621 0.0000000000
128459  -32.968  -29.148  53.905 0.0000000000
51009  -33.937  -29.333  53.365 0.0000000000
107477  -29.314  -28.085  63.888 0.0000000000
51724  -29.327  -28.166  64.830 0.0000000000
51714  -28.446  -28.025  65.293 0.0000000000
51722  -27.096  -27.362  64.190 0.0000000000
52605  -26.586  -27.189  61.863 0.0000000000
52604  -25.696  -27.163  61.311 0.0000000000
66589  -42.279  -11.690  37.715 0.0000000000
61545  -31.316  -17.325  49.128 0.0000000000
61552  -31.314  -17.562  48.177 0.0000000000
62433  -34.315  -16.255  45.021 0.0000000000
62434  -34.959  -15.676  44.962 0.0000000000
62423  -35.900  -15.037  45.127 0.0000000000
65663  -42.206  -12.205  50.625 0.0000000000
64785  -41.872  -12.473  49.773 0.0000000000
64809  -42.863  -12.887  48.225 0.0000000000
48224  -17.773  -30.779  65.872 0.0000000000
127928  -18.655  -30.452  66.238 0.0000000000
48215  -17.275  -30.651  66.751 0.0000000000
48203  -16.818  -30.740  67.723 0.0000000000
109201  -15.940  -31.100  68.386 0.0000000000
48202  -14.984  -31.536  67.113 0.0000000000
48211  -13.450  -32.764  66.051 0.0000000000
47214  -13.134  -32.969  66.853 0.0000000000
47213  -12.739  -33.401  66.294 0.0000000000
117857  -36.696  -27.461  57.251 0.0000000000
53491  -37.863  -26.793  57.756 0.0000000000
54346  -39.095  -25.865  58.091 0.0000000000
116088  -39.464  -25.101  58.246 0.0000000000
51741  -31.869  -28.193  62.156 0.0000000000
50887  -34.303  -27.955  61.825 0.0000000000
50885  -33.139  -28.321  61.739 0.0000000000
50886  -33.723  -28.312  61.262 0.0000000000
126311  -33.531  -28.451  60.754 0.0000000000
50880  -37.626  -28.158  62.441 0.0000000000
50878  -36.414  -27.822  62.193 0.0000000000
50921  -36.628  -27.564  59.766 0.0000000000
50904  -36.220  -27.540  60.352 0.0000000000
124979  -35.700  -27.576  59.987 0.0000000000
50919  -35.433  -27.728  59.167 0.0000000000
108003  -34.924  -27.932  58.469 0.0000000000
128103  -35.960  -27.761  58.754 0.0000000000
51811  -36.955  -27.617  57.994 0.0000000000
50964  -36.313  -27.587  56.985 0.0000000000
50860  -32.992  -27.842  63.515 0.0000000000
50872  -31.552  -28.084  63.030 0.0000000000
63291  -41.502  -13.964  43.097 0.0000000000
121604  -42.039  -13.367  42.529 0.0000000000
64853  -41.324  -12.777  40.806 0.0000000000
116632  -42.328  -12.241  41.362 0.0000000000
64842  -45.807  -11.760  43.394 0.0000000000
64848  -45.299  -11.712  43.064 0.0000000000
112233  -44.915  -11.005  40.985 0.0000000000
65723  -43.999  -11.314  41.319 0.0000000000
65730  -43.485  -11.121  40.456 0.0000000000
65721  -42.603  -11.549  40.449 0.0000000000
65729  -42.919  -11.109  39.636 0.0000000000
66572  -43.682  -10.798  39.732 0.0000000000
108627  -44.698  -10.340  38.940 0.0000000000
116521  -43.814  -10.489  38.436 0.0000000000
66591  -44.399  -10.005  38.143 0.0000000000
116646  -47.852  -10.014  38.721 0.0000000000
67438  -48.472  -9.597  38.276 0.0000000000
67427  -49.929  -10.010  38.911 0.0000000000
127656  -33.108  -19.205  54.675 0.0000000000
60582  -32.907  -18.676  54.324 0.0000000000
61520  -32.409  -17.053  53.231 0.0000000000
61511  -32.543  -17.901  53.754 0.0000000000
60608  -31.623  -17.801  52.142 0.0000000000
61519  -32.032  -17.025  52.390 0.0000000000
63977  -34.303  -14.215  54.103 0.0000000000
129934  -34.122  -14.331  53.595 0.0000000000
63223  -33.145  -14.963  52.089 0.0000000000
62401  -32.105  -16.354  51.710 0.0000000000
62405  -32.268  -15.700  50.958 0.0000000000
64005  -34.095  -13.569  49.893 0.0000000000
64004  -33.470  -14.029  49.636 0.0000000000
63235  -32.932  -14.833  48.222 0.0000000000
64009  -33.484  -14.022  48.696 0.0000000000
64010  -34.240  -13.418  48.414 0.0000000000
64792  -34.590  -13.167  49.238 0.0000000000
65646  -37.086  -12.531  50.637 0.0000000000
65657  -37.120  -12.439  49.844 0.0000000000
64795  -37.716  -12.467  49.086 0.0000000000
65658  -37.845  -12.435  50.130 0.0000000000
65639  -40.081  -12.455  51.983 0.0000000000
109061  -40.045  -12.446  51.072 0.0000000000
65650  -40.804  -12.394  51.287 0.0000000000
49156  -20.881  -30.469  65.584 0.0000000000
48228  -20.550  -30.580  66.091 0.0000000000
48263  -20.036  -31.825  62.252 0.0000000000
48249  -20.332  -31.247  62.864 0.0000000000
48261  -18.711  -32.280  62.530 0.0000000000
48247  -19.337  -31.840  63.282 0.0000000000
120920  -19.197  -31.527  64.126 0.0000000000
48235  -19.695  -31.091  64.853 0.0000000000
48234  -18.478  -31.531  64.202 0.0000000000
45437  -3.349  -35.370  75.429 0.0000000000
114589  -35.516  -26.871  51.931 0.0000000000
55303  -35.061  -25.273  52.922 0.0000000000
56144  -34.348  -24.128  54.229 0.0000000000
56132  -33.480  -22.942  54.686 0.0000000000
57002  -33.899  -22.602  55.207 0.0000000000
57895  -36.075  -21.859  57.099 0.0000000000
57896  -36.746  -22.005  57.473 0.0000000000
56995  -35.988  -22.690  56.724 0.0000000000
111324  -36.191  -23.399  56.561 0.0000000000
124136  -35.547  -23.057  56.184 0.0000000000
58775  -34.605  -20.733  56.259 0.0000000000
57902  -34.766  -21.649  56.287 0.0000000000
57901  -34.134  -21.205  55.757 0.0000000000
57912  -33.650  -21.726  55.319 0.0000000000
58774  -34.004  -20.272  55.660 0.0000000000
59665  -33.364  -19.779  55.021 0.0000000000
61494  -35.059  -17.403  56.451 0.0000000000
128284  -34.434  -18.255  55.854 0.0000000000
62377  -34.680  -16.720  56.013 0.0000000000
62348  -36.411  -16.556  58.611 0.0000000000
63186  -35.844  -15.889  58.238 0.0000000000
110074  -34.897  -14.785  57.043 0.0000000000
51804  -24.285  -28.711  57.901 0.0000000000
51767  -30.906  -27.755  60.494 0.0000000000
51794  -29.755  -27.453  58.408 0.0000000000
51808  -29.391  -27.508  57.559 0.0000000000
126819  -28.636  -27.403  57.467 0.0000000000
50945  -32.440  -27.881  56.951 0.0000000000
51709  -23.464  -28.293  65.580 0.0000000000
50841  -22.860  -28.579  64.787 0.0000000000
52581  -25.000  -27.143  63.689 0.0000000000
52575  -25.406  -27.221  64.573 0.0000000000
51736  -22.535  -28.635  61.992 0.0000000000
50060  -21.589  -30.038  61.943 0.0000000000
50067  -21.938  -30.033  60.843 0.0000000000
68296  -44.617  -9.267  35.885 0.0000000000
68297  -45.489  -8.782  36.492 0.0000000000
117306  -47.313  -8.131  36.517 0.0000000000
69130  -46.086  -7.815  35.198 0.0000000000
68310  -49.115  -7.977  36.901 0.0000000000
69954  -49.373  -7.487  36.579 0.0000000000
69965  -48.156  -6.757  35.220 0.0000000000
69953  -48.601  -7.150  36.017 0.0000000000
69964  -47.290  -6.887  34.594 0.0000000000
69972  -46.869  -6.852  33.551 0.0000000000
70823  -47.689  -6.495  34.036 0.0000000000
70833  -49.060  -5.689  34.198 0.0000000000
70840  -47.888  -5.730  32.693 0.0000000000
71665  -48.479  -5.140  32.237 0.0000000000
71661  -51.127  -4.813  34.373 0.0000000000
71662  -51.906  -4.376  33.806 0.0000000000
44540  -9.573  -36.020  68.985 0.0000000000
111213  -9.309  -36.068  69.891 0.0000000000
58801  -31.704  -20.359  53.377 0.0000000000
57923  -31.393  -21.278  53.218 0.0000000000
58792  -31.149  -20.442  52.701 0.0000000000
64021  -34.878  -13.354  47.518 0.0000000000
63242  -34.842  -13.936  46.763 0.0000000000
64022  -35.753  -13.563  46.848 0.0000000000
63243  -36.901  -13.977  46.133 0.0000000000
63257  -37.410  -14.303  45.627 0.0000000000
64006  -40.522  -12.967  47.817 0.0000000000
64013  -39.693  -13.128  47.410 0.0000000000
112317  -39.754  -14.173  46.034 0.0000000000
63246  -39.581  -13.776  46.444 0.0000000000
62425  -39.169  -14.448  45.496 0.0000000000
62437  -38.674  -15.060  44.574 0.0000000000
62438  -39.213  -14.810  44.891 0.0000000000
62440  -40.694  -14.665  44.992 0.0000000000
62451  -40.082  -14.883  44.414 0.0000000000
61599  -40.188  -14.917  43.944 0.0000000000
122224  -39.694  -15.162  43.676 0.0000000000
62465  -40.943  -14.583  43.849 0.0000000000
63267  -42.693  -13.784  45.185 0.0000000000
63274  -42.896  -13.600  44.465 0.0000000000
63275  -43.514  -13.106  44.288 0.0000000000
46327  -12.388  -33.961  70.929 0.0000000000
123332  -11.632  -34.505  70.877 0.0000000000
45469  -10.888  -35.036  69.341 0.0000000000
45491  -10.356  -35.802  66.837 0.0000000000
45478  -10.304  -35.567  67.776 0.0000000000
116252  -8.143  -36.486  70.778 0.0000000000
43564  -6.854  -36.776  71.448 0.0000000000
44522  -7.270  -36.288  72.245 0.0000000000
107545  -6.807  -36.232  72.882 0.0000000000
41807  -5.745  -39.268  69.861 0.0000000000
42625  -5.922  -38.481  69.925 0.0000000000
121478  -4.470  -37.135  71.857 0.0000000000
43562  -5.112  -37.374  71.190 0.0000000000
44512  -5.423  -36.457  73.149 0.0000000000
108273  -4.809  -36.287  73.707 0.0000000000
44510  -3.417  -36.030  73.286 0.0000000000
45452  -3.025  -35.515  73.774 0.0000000000
43571  -2.303  -38.042  70.541 0.0000000000
45453  -9.406  -35.179  73.222 0.0000000000
52618  -26.699  -27.227  60.984 0.0000000000
123020  -26.863  -27.230  60.214 0.0000000000
52619  -27.531  -27.274  60.673 0.0000000000
50961  -34.884  -27.834  56.774 0.0000000000
110033  -34.956  -28.084  55.902 0.0000000000
50996  -35.332  -28.643  54.544 0.0000000000
50858  -31.151  -28.075  63.985 0.0000000000
127407  -28.645  -27.862  63.777 0.0000000000
52584  -27.884  -27.479  62.953 0.0000000000
122970  -43.044  -11.194  36.915 0.0000000000
68312  -44.434  -9.821  34.648 0.0000000000
56157  -32.958  -24.061  53.120 0.0000000000
61559  -31.818  -17.104  47.458 0.0000000000
60650  -31.852  -17.730  46.743 0.0000000000
62432  -33.692  -16.516  45.451 0.0000000000
62421  -34.297  -15.795  45.517 0.0000000000
129930  -16.133  -31.435  65.267 0.0000000000
108965  -15.710  -31.460  65.830 0.0000000000
48213  -15.176  -31.580  66.336 0.0000000000
46367  -12.933  -33.858  65.068 0.0000000000
46380  -13.283  -34.120  64.442 0.0000000000
53484  -39.048  -26.469  58.689 0.0000000000
53485  -39.626  -25.680  58.837 0.0000000000
50861  -33.764  -27.810  63.306 0.0000000000
50874  -33.193  -28.024  62.631 0.0000000000
129308  -33.698  -27.930  62.690 0.0000000000
50906  -37.422  -27.749  60.965 0.0000000000
50922  -37.156  -27.630  60.036 0.0000000000
50937  -36.888  -27.621  59.169 0.0000000000
107883  -36.423  -27.691  58.919 0.0000000000
51797  -37.427  -27.418  58.481 0.0000000000
50045  -34.210  -27.750  64.101 0.0000000000
63292  -42.572  -13.412  43.440 0.0000000000
64052  -42.157  -13.531  43.194 0.0000000000
128217  -42.604  -13.262  43.276 0.0000000000
64060  -42.868  -12.911  43.075 0.0000000000
64847  -43.184  -12.368  42.712 0.0000000000
64857  -46.132  -11.298  42.246 0.0000000000
64856  -45.069  -11.476  42.326 0.0000000000
65724  -45.752  -11.080  41.380 0.0000000000
66582  -44.153  -10.584  39.340 0.0000000000
65742  -45.688  -10.405  39.308 0.0000000000
112428  -46.057  -10.004  38.672 0.0000000000
66583  -46.608  -10.318  39.172 0.0000000000
66584  -47.564  -10.397  39.339 0.0000000000
61503  -33.891  -17.292  55.057 0.0000000000
61502  -33.388  -16.844  54.344 0.0000000000
64759  -34.500  -13.924  53.467 0.0000000000
64764  -34.683  -13.718  52.692 0.0000000000
63996  -34.171  -14.051  52.112 0.0000000000
63995  -33.570  -14.323  51.602 0.0000000000
64000  -34.212  -13.786  51.289 0.0000000000
124361  -34.301  -13.555  50.580 0.0000000000
64781  -34.809  -13.183  50.115 0.0000000000
64782  -35.570  -12.934  50.542 0.0000000000
126444  -21.960  -29.939  65.733 0.0000000000
49160  -21.110  -30.178  64.631 0.0000000000
49159  -20.676  -30.604  64.341 0.0000000000
48260  -17.807  -32.384  62.670 0.0000000000
128067  -51.219  -3.966  32.619 0.0000000000
112664  -51.049  -3.763  31.864 0.0000000000
72520  -51.811  -3.384  31.337 0.0000000000
44498  -4.651  -35.987  75.050 0.0000000000
53524  -36.354  -26.833  53.614 0.0000000000
54384  -35.684  -25.661  53.240 0.0000000000
55286  -35.373  -25.114  53.790 0.0000000000
126453  -35.078  -24.623  54.443 0.0000000000
111545  -34.863  -23.970  55.045 0.0000000000
55261  -38.474  -25.102  57.215 0.0000000000
118877  -37.701  -25.407  56.675 0.0000000000
56117  -37.933  -23.941  57.134 0.0000000000
56116  -37.456  -23.375  57.269 0.0000000000
58757  -37.009  -20.775  57.989 0.0000000000
58765  -35.091  -20.280  56.756 0.0000000000
59657  -34.412  -18.871  55.874 0.0000000000
63180  -35.929  -15.219  58.900 0.0000000000
52651  -25.774  -27.659  57.723 0.0000000000
51783  -30.881  -27.580  59.694 0.0000000000
51796  -31.573  -27.736  59.114 0.0000000000
114501  -31.324  -27.708  58.114 0.0000000000
50974  -32.089  -28.545  55.238 0.0000000000
51839  -31.457  -28.282  55.634 0.0000000000
128049  -24.307  -27.615  65.145 0.0000000000
120508  -24.334  -27.275  62.144 0.0000000000
52591  -23.824  -27.453  62.656 0.0000000000
52602  -23.727  -27.520  61.797 0.0000000000
124019  -22.313  -29.230  60.817 0.0000000000
67448  -47.020  -9.095  37.645 0.0000000000
68298  -46.601  -8.586  36.914 0.0000000000
69955  -49.940  -6.954  36.371 0.0000000000
69966  -48.946  -6.570  35.547 0.0000000000
70824  -48.491  -6.292  34.671 0.0000000000
71660  -49.627  -5.077  33.721 0.0000000000
70835  -50.504  -5.260  34.742 0.0000000000
70827  -51.895  -5.389  35.478 0.0000000000
44564  -9.364  -36.730  67.421 0.0000000000
129367  -8.995  -37.011  67.849 0.0000000000
113809  -31.042  -19.707  52.169 0.0000000000
58814  -30.285  -20.581  51.150 0.0000000000
61612  -37.011  -16.851  42.855 0.0000000000
110573  -38.584  -15.572  43.678 0.0000000000
64816  -36.982  -12.955  47.525 0.0000000000
122994  -36.500  -13.398  46.980 0.0000000000
64011  -37.913  -13.191  47.226 0.0000000000
64024  -38.361  -13.509  46.745 0.0000000000
64014  -41.259  -13.162  47.503 0.0000000000
64026  -40.664  -13.294  47.131 0.0000000000
63248  -41.062  -13.467  46.909 0.0000000000
123520  -40.865  -13.782  46.516 0.0000000000
63260  -40.378  -14.143  46.118 0.0000000000
62427  -40.496  -14.431  45.603 0.0000000000
62441  -41.511  -14.485  44.905 0.0000000000
62429  -42.034  -14.136  45.454 0.0000000000
63264  -43.025  -13.419  45.680 0.0000000000
48175  -13.824  -32.423  69.024 0.0000000000
47203  -13.271  -33.011  69.516 0.0000000000
47198  -12.683  -33.616  70.074 0.0000000000
46331  -12.068  -34.052  69.449 0.0000000000
112088  -6.700  -37.157  70.638 0.0000000000
41792  -4.198  -39.294  70.694 0.0000000000
43551  -3.621  -37.005  72.067 0.0000000000
43550  -3.038  -36.942  71.886 0.0000000000
107607  -36.123  -28.086  63.426 0.0000000000
51753  -38.923  -27.693  61.308 0.0000000000
64050  -45.138  -12.172  43.960 0.0000000000
64049  -44.895  -12.221  43.834 0.0000000000
64837  -45.797  -11.887  43.689 0.0000000000
64850  -46.838  -11.325  42.957 0.0000000000
108726  -48.159  -10.981  41.844 0.0000000000
65725  -47.880  -10.970  41.359 0.0000000000
65734  -48.378  -10.837  40.560 0.0000000000
63967  -34.413  -14.348  55.589 0.0000000000
64738  -34.818  -13.643  55.816 0.0000000000
64753  -34.600  -13.817  54.875 0.0000000000
64754  -35.320  -13.294  54.426 0.0000000000
125786  -35.864  -13.100  53.778 0.0000000000
65627  -36.896  -12.795  52.827 0.0000000000
49174  -21.072  -30.556  62.328 0.0000000000
48264  -20.424  -31.493  62.039 0.0000000000
44501  -7.499  -35.449  75.540 0.0000000000
51874  -35.793  -27.984  52.774 0.0000000000
51864  -35.977  -28.126  53.699 0.0000000000
52694  -36.232  -27.476  53.616 0.0000000000
61456  -36.191  -17.707  57.755 0.0000000000
51764  -23.983  -27.926  59.559 0.0000000000
52640  -24.766  -27.658  59.006 0.0000000000
52641  -25.629  -27.452  58.629 0.0000000000
52652  -26.426  -27.538  57.421 0.0000000000
52654  -27.892  -27.433  56.896 0.0000000000
50933  -33.724  -27.965  58.201 0.0000000000
50946  -33.742  -27.867  57.199 0.0000000000
50959  -33.042  -27.967  56.610 0.0000000000
50960  -33.735  -28.082  56.209 0.0000000000
51712  -26.651  -27.467  65.502 0.0000000000
51721  -27.093  -27.439  64.915 0.0000000000
52582  -26.135  -27.156  63.735 0.0000000000
112896  -25.513  -27.115  62.881 0.0000000000
52593  -26.431  -27.183  62.731 0.0000000000
52592  -25.070  -27.127  62.107 0.0000000000
52603  -24.532  -27.284  61.314 0.0000000000
129098  -41.668  -11.954  38.761 0.0000000000
68290  -50.418  -9.041  37.986 0.0000000000
68289  -49.868  -8.830  37.675 0.0000000000
68301  -50.318  -8.345  37.501 0.0000000000
69956  -51.287  -6.488  36.374 0.0000000000
59731  -30.672  -18.678  49.794 0.0000000000
119181  -31.069  -17.951  49.668 0.0000000000
62435  -36.912  -15.230  44.555 0.0000000000
65673  -40.264  -12.588  49.589 0.0000000000
64798  -40.925  -12.768  48.826 0.0000000000
64008  -42.165  -12.836  48.540 0.0000000000
64015  -42.134  -13.133  47.823 0.0000000000
64016  -42.965  -13.113  47.694 0.0000000000
64028  -43.059  -13.269  47.044 0.0000000000
48189  -14.453  -31.949  68.538 0.0000000000
130060  -14.360  -31.976  67.062 0.0000000000
48201  -14.407  -31.972  67.666 0.0000000000
48188  -13.777  -32.402  68.101 0.0000000000
47211  -13.184  -32.937  67.655 0.0000000000
46351  -12.131  -33.990  66.571 0.0000000000
110397  -36.411  -27.302  55.929 0.0000000000
51825  -36.782  -27.093  56.658 0.0000000000
53498  -37.832  -26.316  57.134 0.0000000000
53492  -38.438  -26.376  57.914 0.0000000000
54352  -38.515  -25.806  57.474 0.0000000000
55253  -39.099  -24.635  57.767 0.0000000000
54340  -40.187  -25.414  59.638 0.0000000000
51739  -30.074  -28.032  62.292 0.0000000000
51750  -29.704  -27.676  61.505 0.0000000000
124017  -30.466  -27.944  61.669 0.0000000000
51751  -31.227  -28.065  61.295 0.0000000000
50884  -32.360  -28.281  61.269 0.0000000000
124489  -32.726  -28.281  60.297 0.0000000000
50917  -33.917  -28.195  59.711 0.0000000000
50877  -35.866  -27.848  62.712 0.0000000000
113605  -35.706  -27.711  61.836 0.0000000000
50888  -34.975  -27.815  61.447 0.0000000000
50903  -35.570  -27.650  60.829 0.0000000000
128608  -34.893  -27.863  60.725 0.0000000000
108004  -34.229  -27.995  58.756 0.0000000000
50935  -36.133  -27.812  58.098 0.0000000000
50949  -35.925  -27.686  57.170 0.0000000000
50963  -36.020  -27.684  56.363 0.0000000000
50844  -32.025  -27.921  64.694 0.0000000000
51731  -30.604  -28.139  63.052 0.0000000000
63299  -39.261  -15.326  41.404 0.0000000000
63300  -40.157  -14.766  42.233 0.0000000000
64057  -40.530  -14.160  41.651 0.0000000000
63302  -41.793  -13.655  42.839 0.0000000000
64058  -41.406  -13.707  42.180 0.0000000000
64069  -40.911  -13.513  41.221 0.0000000000
64840  -44.377  -12.193  43.486 0.0000000000
64061  -43.586  -12.264  42.988 0.0000000000
64855  -44.004  -11.786  42.376 0.0000000000
64854  -43.184  -11.986  42.000 0.0000000000
66580  -42.356  -11.375  38.620 0.0000000000
109659  -42.935  -11.040  37.837 0.0000000000
67433  -43.776  -10.369  36.514 0.0000000000
67445  -44.155  -9.887  36.192 0.0000000000
67436  -46.472  -9.540  38.155 0.0000000000
116732  -47.865  -9.178  37.795 0.0000000000
66573  -48.985  -10.668  40.083 0.0000000000
66594  -49.270  -10.376  39.415 0.0000000000
67439  -49.940  -9.465  38.252 0.0000000000
58782  -32.886  -20.487  54.611 0.0000000000
57910  -32.442  -21.151  54.249 0.0000000000
116858  -32.327  -20.335  53.948 0.0000000000
59672  -32.047  -19.589  53.565 0.0000000000
118817  -31.743  -18.981  53.145 0.0000000000
128945  -32.145  -18.146  53.376 0.0000000000
59684  -31.377  -18.826  52.359 0.0000000000
61526  -31.415  -17.513  51.089 0.0000000000
63215  -33.242  -15.523  53.445 0.0000000000
63224  -33.394  -14.946  52.916 0.0000000000
114755  -32.873  -15.580  52.753 0.0000000000
62398  -32.399  -16.284  52.610 0.0000000000
61546  -31.734  -16.494  49.596 0.0000000000
109298  -33.035  -14.512  50.154 0.0000000000
62413  -32.241  -15.524  49.106 0.0000000000
63234  -32.350  -15.632  48.131 0.0000000000
63240  -33.327  -14.904  47.256 0.0000000000
64793  -35.577  -12.748  49.443 0.0000000000
64805  -36.181  -12.583  48.359 0.0000000000
107892  -37.090  -12.537  48.398 0.0000000000
65672  -39.402  -12.472  49.985 0.0000000000
65636  -37.095  -12.681  52.159 0.0000000000
129825  -37.587  -12.617  51.864 0.0000000000
108913  -39.581  -12.520  52.880 0.0000000000
65638  -39.123  -12.514  52.100 0.0000000000
65648  -38.795  -12.518  51.337 0.0000000000
65659  -38.655  -12.469  50.499 0.0000000000
65661  -40.601  -12.461  50.443 0.0000000000
65662  -41.391  -12.378  50.552 0.0000000000
124873  -20.615  -30.785  63.407 0.0000000000
127524  -20.292  -31.104  63.881 0.0000000000
127165  -20.119  -31.109  64.697 0.0000000000
48226  -19.633  -30.737  65.580 0.0000000000
122134  -17.915  -31.257  64.817 0.0000000000
122771  -16.984  -31.585  64.294 0.0000000000
72513  -53.387  -3.363  32.792 0.0000000000
108271  -52.710  -3.131  31.398 0.0000000000
55285  -33.866  -24.377  53.378 0.0000000000
57012  -32.834  -22.790  54.299 0.0000000000
52669  -36.595  -27.067  55.862 0.0000000000
53504  -36.808  -26.531  55.781 0.0000000000
54362  -36.946  -26.102  55.800 0.0000000000
54363  -37.227  -25.712  56.224 0.0000000000
128764  -36.988  -25.670  55.842 0.0000000000
55275  -36.667  -25.285  55.586 0.0000000000
55265  -36.233  -24.637  55.789 0.0000000000
56124  -36.787  -23.775  56.768 0.0000000000
123270  -36.373  -24.086  56.332 0.0000000000
56134  -35.326  -23.780  55.697 0.0000000000
57003  -34.705  -23.091  55.608 0.0000000000
57911  -33.042  -21.393  54.786 0.0000000000
60569  -33.499  -18.847  55.009 0.0000000000
60570  -33.996  -18.228  55.366 0.0000000000
117598  -34.234  -16.793  55.465 0.0000000000
110045  -35.614  -17.260  57.169 0.0000000000
63179  -35.500  -15.071  58.316 0.0000000000
63193  -35.002  -15.697  56.867 0.0000000000
63192  -34.542  -15.133  56.181 0.0000000000
51766  -29.759  -27.461  60.727 0.0000000000
51765  -29.285  -27.347  59.979 0.0000000000
51782  -30.009  -27.410  59.331 0.0000000000
51810  -31.988  -27.837  57.541 0.0000000000
110588  -31.082  -27.887  57.158 0.0000000000
51823  -31.252  -28.110  56.316 0.0000000000
51822  -30.479  -27.970  56.478 0.0000000000
51821  -29.782  -27.705  56.802 0.0000000000
112764  -29.080  -27.742  55.999 0.0000000000
51820  -28.295  -27.622  56.115 0.0000000000
50033  -22.278  -29.430  65.338 0.0000000000
50855  -22.058  -29.427  64.383 0.0000000000
115704  -21.975  -29.465  63.439 0.0000000000
52574  -24.390  -27.419  64.501 0.0000000000
51727  -23.294  -27.859  63.271 0.0000000000
51719  -23.480  -27.812  64.175 0.0000000000
50053  -21.409  -29.997  62.889 0.0000000000
49193  -21.638  -30.920  60.375 0.0000000000
68307  -44.174  -9.854  35.325 0.0000000000
68308  -44.590  -9.154  35.042 0.0000000000
69137  -45.323  -8.460  33.915 0.0000000000
69143  -45.819  -7.945  33.538 0.0000000000
69132  -47.970  -7.642  36.242 0.0000000000
69139  -46.653  -7.389  34.933 0.0000000000
69971  -46.247  -7.413  33.100 0.0000000000
70831  -47.358  -6.317  33.120 0.0000000000
70838  -46.880  -6.953  31.875 0.0000000000
71673  -49.038  -4.660  31.711 0.0000000000
129084  -49.732  -4.290  31.934 0.0000000000
71666  -50.198  -4.587  33.300 0.0000000000
72510  -50.434  -4.177  32.504 0.0000000000
71663  -52.747  -4.326  34.132 0.0000000000
113811  -10.413  -35.343  70.719 0.0000000000
44531  -9.768  -35.749  70.712 0.0000000000
44529  -8.514  -36.506  69.959 0.0000000000
43596  -8.564  -37.200  68.293 0.0000000000
43586  -8.153  -37.085  69.215 0.0000000000
59730  -30.216  -19.665  49.852 0.0000000000
112352  -38.955  -15.792  42.509 0.0000000000
123043  -34.908  -14.458  46.211 0.0000000000
63255  -35.388  -14.709  45.766 0.0000000000
120461  -36.485  -13.741  46.539 0.0000000000
114907  -36.901  -14.687  45.180 0.0000000000
121878  -40.024  -13.362  47.011 0.0000000000
63245  -38.803  -13.826  46.304 0.0000000000
63258  -38.431  -14.299  45.645 0.0000000000
62436  -38.021  -15.133  44.536 0.0000000000
61596  -38.428  -15.431  44.093 0.0000000000
61579  -39.453  -15.038  44.409 0.0000000000
61597  -39.060  -15.367  44.029 0.0000000000
61614  -39.080  -15.461  43.562 0.0000000000
62473  -39.474  -15.351  43.189 0.0000000000
62474  -40.190  -14.896  43.052 0.0000000000
62475  -41.048  -14.369  43.399 0.0000000000
62453  -41.667  -14.368  44.243 0.0000000000
63285  -42.511  -13.602  43.647 0.0000000000
109477  -43.080  -13.356  43.920 0.0000000000
117018  -43.632  -13.050  44.170 0.0000000000
64040  -44.293  -12.574  44.142 0.0000000000
122135  -43.799  -12.972  47.056 0.0000000000
127351  -11.446  -34.587  71.545 0.0000000000
45463  -10.957  -35.002  71.305 0.0000000000
44553  -9.749  -36.066  68.087 0.0000000000
45506  -11.010  -35.335  66.257 0.0000000000
44528  -9.404  -35.742  71.596 0.0000000000
109304  -8.876  -35.737  72.144 0.0000000000
44524  -8.787  -35.470  72.803 0.0000000000
44527  -7.710  -36.398  71.532 0.0000000000
44523  -8.120  -35.887  72.341 0.0000000000
118404  -8.203  -35.581  73.148 0.0000000000
44514  -7.071  -36.004  73.732 0.0000000000
44506  -6.444  -36.053  74.365 0.0000000000
43563  -6.052  -37.244  70.865 0.0000000000
43553  -6.016  -36.870  71.755 0.0000000000
44521  -6.087  -36.523  72.629 0.0000000000
121655  -5.011  -36.143  74.426 0.0000000000
44511  -4.054  -36.256  73.531 0.0000000000
45445  -3.099  -35.447  74.644 0.0000000000
41777  -2.446  -39.615  71.118 0.0000000000
43549  -2.555  -36.776  71.469 0.0000000000
48232  -15.147  -32.246  64.362 0.0000000000
50883  -22.524  -28.750  61.217 0.0000000000
50901  -33.882  -28.335  60.554 0.0000000000
51723  -28.581  -27.923  64.357 0.0000000000
51781  -29.132  -27.332  58.986 0.0000000000
63229  -32.525  -15.154  50.122 0.0000000000
63986  -34.002  -14.318  52.982 0.0000000000
64054  -44.391  -12.401  43.796 0.0000000000
65660  -39.381  -12.483  50.802 0.0000000000
110034  -35.656  -27.825  57.671 0.0000000000
110446  -33.405  -28.412  60.314 0.0000000000
112098  -32.058  -17.693  52.997 0.0000000000
113099  -35.103  -13.335  55.261 0.0000000000
122604  -14.758  -32.191  64.940 0.0000000000
123044  -24.862  -27.439  65.274 0.0000000000
124365  -11.477  -34.346  72.687 0.0000000000
125922  -36.454  -28.045  62.870 0.0000000000
126729  -37.060  -27.615  58.658 0.0000000000
126828  -25.382  -28.092  57.302 0.0000000000
127453  -33.976  -18.835  55.444 0.0000000000
129119  -30.419  -27.812  57.049 0.0000000000
129991  -22.900  -28.300  63.842 0.0000000000
