#!ascii label  , from subject sub-v2s0x29014_ses-1 vox2ras=TkReg
918
51156  15.374  -24.537  75.751 0.0000000000
43312  4.448  -32.349  60.819 0.0000000000
46895  6.538  -29.831  75.388 0.0000000000
48583  9.772  -27.885  68.352 0.0000000000
50295  7.365  -23.721  61.924 0.0000000000
48537  11.344  -27.705  76.622 0.0000000000
50213  10.708  -25.495  74.047 0.0000000000
49370  18.430  -26.744  74.373 0.0000000000
45966  14.195  -30.126  75.913 0.0000000000
116981  9.036  -31.741  75.188 0.0000000000
52131  7.960  -22.259  68.183 0.0000000000
50279  10.254  -25.733  64.062 0.0000000000
52153  5.051  -22.040  66.477 0.0000000000
45066  2.147  -31.536  71.371 0.0000000000
46938  4.134  -29.737  68.276 0.0000000000
106856  7.397  -28.586  71.229 0.0000000000
51190  11.645  -23.975  70.353 0.0000000000
47790  4.906  -29.769  64.209 0.0000000000
48636  4.837  -28.527  59.801 0.0000000000
50348  3.777  -26.207  57.796 0.0000000000
53861  7.150  -21.704  60.792 0.0000000000
50189  13.743  -26.087  76.262 0.0000000000
51158  12.976  -24.438  75.771 0.0000000000
50202  17.246  -25.538  75.219 0.0000000000
47722  16.509  -28.477  75.681 0.0000000000
48539  15.143  -27.276  76.530 0.0000000000
122622  12.445  -28.761  76.592 0.0000000000
52151  6.422  -22.376  67.108 0.0000000000
45983  4.037  -30.536  73.320 0.0000000000
46914  4.572  -29.807  71.316 0.0000000000
47732  6.852  -28.849  73.420 0.0000000000
52976  12.472  -22.850  72.386 0.0000000000
113931  11.184  -25.648  72.275 0.0000000000
45028  7.135  -30.854  76.032 0.0000000000
43140  6.392  -32.448  74.449 0.0000000000
44117  4.555  -31.891  74.346 0.0000000000
44126  2.773  -32.525  73.284 0.0000000000
47760  6.798  -28.826  68.325 0.0000000000
108960  4.754  -29.461  66.351 0.0000000000
47772  8.322  -28.607  66.350 0.0000000000
50282  8.038  -24.298  63.283 0.0000000000
47819  8.680  -27.991  61.444 0.0000000000
50319  6.506  -26.137  60.119 0.0000000000
49469  3.975  -27.299  58.485 0.0000000000
119116  5.248  -24.953  59.475 0.0000000000
47720  8.655  -28.840  76.463 0.0000000000
48554  8.651  -27.665  74.613 0.0000000000
111417  10.945  -26.143  76.020 0.0000000000
52967  12.560  -23.287  74.514 0.0000000000
48556  19.596  -26.549  73.256 0.0000000000
47745  18.277  -28.324  70.912 0.0000000000
46902  18.029  -28.929  73.150 0.0000000000
45044  15.664  -30.429  73.748 0.0000000000
45032  11.329  -31.244  76.026 0.0000000000
45955  9.979  -30.121  76.587 0.0000000000
120680  10.946  -25.353  67.889 0.0000000000
48590  10.400  -27.306  66.082 0.0000000000
51207  9.840  -24.334  66.670 0.0000000000
51234  7.604  -23.657  65.300 0.0000000000
51244  6.708  -23.017  64.823 0.0000000000
53769  17.070  -21.806  74.583 0.0000000000
51189  22.501  -23.891  70.870 0.0000000000
52969  24.279  -21.759  72.306 0.0000000000
52101  20.459  -23.374  73.072 0.0000000000
52112  18.607  -23.103  73.709 0.0000000000
43205  1.474  -33.488  69.528 0.0000000000
44170  1.673  -32.126  68.045 0.0000000000
46015  2.615  -30.800  69.608 0.0000000000
47755  5.879  -29.097  69.571 0.0000000000
48578  9.049  -28.083  69.650 0.0000000000
49382  9.343  -27.160  72.769 0.0000000000
49387  10.211  -26.920  71.473 0.0000000000
118715  10.907  -26.594  69.503 0.0000000000
52129  10.096  -23.091  68.790 0.0000000000
45104  2.359  -31.198  66.115 0.0000000000
45123  3.444  -31.137  64.171 0.0000000000
46082  3.850  -30.770  62.738 0.0000000000
47793  9.517  -28.245  63.909 0.0000000000
47809  5.441  -29.470  62.120 0.0000000000
46109  3.820  -30.710  60.801 0.0000000000
47022  3.811  -29.745  58.017 0.0000000000
47862  3.569  -28.406  57.230 0.0000000000
53032  3.659  -21.448  66.154 0.0000000000
122715  5.557  -22.105  64.596 0.0000000000
53844  6.504  -20.459  63.463 0.0000000000
53056  6.950  -22.912  61.657 0.0000000000
125785  5.150  -24.179  58.757 0.0000000000
50193  14.386  -25.806  76.087 0.0000000000
52089  14.414  -24.321  75.630 0.0000000000
52953  15.344  -23.209  75.453 0.0000000000
51155  15.868  -24.917  75.835 0.0000000000
49362  16.229  -26.332  75.947 0.0000000000
50192  15.050  -25.946  76.118 0.0000000000
49357  14.564  -26.402  76.312 0.0000000000
43316  5.550  -33.571  59.741 0.0000000000
43313  4.556  -32.187  59.970 0.0000000000
46901  5.141  -30.490  74.534 0.0000000000
46900  5.535  -29.718  73.883 0.0000000000
47729  6.284  -29.273  74.043 0.0000000000
48574  19.025  -26.896  69.320 0.0000000000
45970  6.492  -30.514  75.640 0.0000000000
45037  5.758  -31.152  75.005 0.0000000000
45972  5.420  -31.024  74.952 0.0000000000
123187  4.193  -31.282  74.310 0.0000000000
47758  8.932  -28.340  68.172 0.0000000000
47766  7.818  -28.697  67.155 0.0000000000
47765  8.641  -28.489  67.293 0.0000000000
50294  7.767  -24.119  62.309 0.0000000000
50304  7.729  -25.466  61.151 0.0000000000
50305  6.925  -25.155  60.774 0.0000000000
50320  6.035  -25.268  60.159 0.0000000000
50307  5.990  -24.771  60.068 0.0000000000
48542  9.911  -28.129  76.646 0.0000000000
48546  9.655  -27.645  76.290 0.0000000000
124752  10.767  -26.812  76.397 0.0000000000
52098  12.443  -24.154  75.501 0.0000000000
52973  12.993  -22.420  73.632 0.0000000000
49375  19.218  -26.295  73.613 0.0000000000
47734  19.033  -27.814  73.206 0.0000000000
110692  18.290  -28.087  74.216 0.0000000000
46894  15.480  -29.392  75.581 0.0000000000
46898  16.507  -29.282  74.695 0.0000000000
45038  14.702  -30.599  74.771 0.0000000000
45030  12.888  -30.646  76.094 0.0000000000
48536  11.976  -27.908  76.616 0.0000000000
46880  11.093  -29.508  76.667 0.0000000000
47710  10.228  -29.234  76.757 0.0000000000
46887  9.182  -29.892  76.748 0.0000000000
51201  9.852  -23.591  67.972 0.0000000000
51206  10.644  -24.823  67.322 0.0000000000
121472  9.101  -23.411  67.509 0.0000000000
52152  5.666  -22.223  66.751 0.0000000000
107658  7.054  -23.133  66.224 0.0000000000
51221  6.416  -22.938  65.894 0.0000000000
51235  6.892  -23.232  65.294 0.0000000000
51222  5.701  -22.673  66.126 0.0000000000
51176  20.650  -23.362  72.593 0.0000000000
44153  1.606  -32.305  70.477 0.0000000000
45079  1.709  -31.968  69.754 0.0000000000
46004  2.527  -30.979  70.619 0.0000000000
47744  6.159  -29.028  71.229 0.0000000000
119544  4.777  -29.675  70.634 0.0000000000
47748  6.743  -28.830  70.836 0.0000000000
121493  7.475  -28.681  69.588 0.0000000000
47747  8.100  -28.317  70.894 0.0000000000
49372  9.118  -27.106  74.345 0.0000000000
48559  8.681  -27.543  73.834 0.0000000000
50214  10.282  -26.082  73.604 0.0000000000
51186  11.911  -24.174  71.341 0.0000000000
49380  10.745  -26.311  71.865 0.0000000000
49386  10.926  -26.416  70.992 0.0000000000
49389  10.972  -26.523  70.165 0.0000000000
50229  11.458  -24.778  69.639 0.0000000000
51191  11.062  -23.587  69.394 0.0000000000
46912  16.798  -29.780  71.076 0.0000000000
118986  17.404  -28.911  69.769 0.0000000000
43136  9.925  -32.279  74.848 0.0000000000
42220  9.043  -33.703  73.057 0.0000000000
43150  8.246  -32.804  74.253 0.0000000000
42211  5.155  -33.024  73.878 0.0000000000
125587  5.723  -33.697  73.375 0.0000000000
108122  1.993  -32.110  72.032 0.0000000000
113211  1.531  -32.957  70.855 0.0000000000
46024  2.456  -30.671  67.773 0.0000000000
113831  1.961  -31.748  66.623 0.0000000000
46035  2.740  -30.302  66.986 0.0000000000
109123  5.110  -29.552  64.953 0.0000000000
46961  3.658  -30.159  65.434 0.0000000000
119496  3.907  -30.464  64.067 0.0000000000
116556  3.749  -30.696  63.656 0.0000000000
46976  4.110  -30.516  63.310 0.0000000000
49402  10.599  -26.517  64.909 0.0000000000
48597  10.036  -27.750  64.542 0.0000000000
48600  10.038  -27.649  63.637 0.0000000000
47830  6.951  -28.385  60.697 0.0000000000
119424  7.241  -28.665  61.439 0.0000000000
47822  5.684  -29.115  61.158 0.0000000000
46995  4.204  -29.950  61.003 0.0000000000
47824  4.357  -29.446  60.205 0.0000000000
47002  3.897  -30.087  59.436 0.0000000000
47832  3.956  -29.606  59.404 0.0000000000
50347  3.899  -26.052  58.059 0.0000000000
125517  3.713  -28.035  58.209 0.0000000000
49489  3.551  -27.116  57.718 0.0000000000
53840  3.518  -20.946  65.727 0.0000000000
53041  4.469  -21.672  65.450 0.0000000000
53846  4.890  -21.662  64.996 0.0000000000
54656  7.618  -20.102  62.103 0.0000000000
53849  6.851  -21.399  62.712 0.0000000000
53850  6.678  -22.244  62.944 0.0000000000
53060  6.565  -23.019  60.612 0.0000000000
53061  6.120  -23.624  59.830 0.0000000000
53064  6.169  -23.046  59.848 0.0000000000
49355  12.257  -27.162  76.500 0.0000000000
50196  12.124  -26.112  76.278 0.0000000000
51153  13.367  -25.042  75.906 0.0000000000
50201  17.983  -25.702  74.615 0.0000000000
48548  17.604  -27.641  75.117 0.0000000000
127377  16.861  -27.398  75.798 0.0000000000
47711  15.834  -28.137  76.298 0.0000000000
46883  14.887  -28.983  76.372 0.0000000000
45958  13.671  -29.606  76.312 0.0000000000
46877  14.132  -28.274  76.550 0.0000000000
48534  13.541  -27.085  76.495 0.0000000000
52992  7.406  -21.651  68.465 0.0000000000
119723  7.316  -22.253  67.861 0.0000000000
52993  6.552  -21.459  68.356 0.0000000000
52994  5.596  -21.306  68.167 0.0000000000
53000  4.440  -21.472  67.385 0.0000000000
45985  2.765  -31.160  72.490 0.0000000000
46003  3.237  -30.552  71.086 0.0000000000
46910  3.871  -30.350  72.434 0.0000000000
47738  5.908  -29.167  72.078 0.0000000000
47737  6.746  -28.829  72.514 0.0000000000
51177  11.795  -24.278  73.269 0.0000000000
109794  10.907  -25.553  73.171 0.0000000000
51181  11.931  -24.263  72.317 0.0000000000
52121  12.168  -23.468  71.886 0.0000000000
52124  11.864  -23.286  70.939 0.0000000000
52125  11.279  -23.006  70.046 0.0000000000
44092  7.927  -31.451  75.562 0.0000000000
43139  7.058  -32.421  74.539 0.0000000000
44105  6.664  -31.957  74.871 0.0000000000
44116  5.197  -32.329  74.305 0.0000000000
43154  4.473  -32.685  73.986 0.0000000000
42226  3.316  -33.722  73.114 0.0000000000
44125  3.252  -32.216  73.730 0.0000000000
45055  2.990  -31.432  73.270 0.0000000000
47761  5.435  -29.173  68.277 0.0000000000
46955  4.124  -29.647  66.806 0.0000000000
124888  5.688  -29.040  66.995 0.0000000000
47774  6.471  -28.940  65.987 0.0000000000
47781  6.620  -28.967  65.091 0.0000000000
50281  8.702  -24.851  63.435 0.0000000000
48607  10.002  -26.595  62.722 0.0000000000
49425  9.315  -26.120  62.088 0.0000000000
49452  7.902  -27.038  60.515 0.0000000000
117661  6.587  -27.851  60.120 0.0000000000
48649  4.278  -27.956  59.038 0.0000000000
48648  5.229  -26.973  59.428 0.0000000000
49455  4.784  -26.099  59.207 0.0000000000
50336  4.263  -25.471  58.425 0.0000000000
54668  8.009  -20.655  60.797 0.0000000000
53873  6.609  -22.229  59.126 0.0000000000
53872  7.817  -21.524  58.803 0.0000000000
122888  7.319  -29.384  75.820 0.0000000000
47725  7.026  -29.049  75.112 0.0000000000
47723  8.338  -28.389  75.762 0.0000000000
48550  9.363  -27.382  75.672 0.0000000000
50208  10.699  -25.508  74.869 0.0000000000
50199  12.083  -25.558  76.085 0.0000000000
51164  11.788  -24.612  75.408 0.0000000000
51172  11.596  -24.332  74.179 0.0000000000
52113  12.110  -23.567  73.848 0.0000000000
49384  20.375  -26.139  71.820 0.0000000000
48566  19.279  -27.288  71.085 0.0000000000
118775  19.286  -27.459  71.872 0.0000000000
46897  17.270  -29.021  74.401 0.0000000000
45978  16.290  -30.098  73.435 0.0000000000
45063  15.852  -30.769  72.165 0.0000000000
43135  10.688  -32.406  74.783 0.0000000000
44089  10.190  -31.372  75.713 0.0000000000
45959  11.998  -30.230  76.431 0.0000000000
45961  10.577  -30.600  76.363 0.0000000000
44085  9.207  -31.012  75.905 0.0000000000
115860  8.631  -30.625  76.304 0.0000000000
46888  7.639  -30.055  76.357 0.0000000000
49395  10.977  -26.094  68.095 0.0000000000
48587  10.372  -27.430  66.994 0.0000000000
120885  10.951  -25.893  67.221 0.0000000000
50242  10.460  -25.082  66.020 0.0000000000
50252  10.177  -25.042  65.202 0.0000000000
115680  7.899  -23.404  66.600 0.0000000000
112044  7.721  -23.633  65.975 0.0000000000
50253  9.157  -24.488  64.967 0.0000000000
50268  8.088  -24.146  63.996 0.0000000000
50269  7.721  -23.799  64.032 0.0000000000
51253  7.064  -23.117  64.189 0.0000000000
111715  16.415  -23.009  75.360 0.0000000000
50222  21.470  -25.019  70.895 0.0000000000
52975  25.695  -21.832  71.768 0.0000000000
53783  25.349  -21.346  72.449 0.0000000000
52118  24.735  -22.233  71.604 0.0000000000
52120  23.425  -22.700  71.444 0.0000000000
51185  22.314  -23.734  71.635 0.0000000000
50218  21.382  -24.883  71.824 0.0000000000
50212  19.842  -24.832  72.994 0.0000000000
50206  18.994  -25.390  73.614 0.0000000000
52102  19.627  -23.794  73.251 0.0000000000
51170  18.358  -24.963  74.185 0.0000000000
51171  17.750  -24.139  74.546 0.0000000000
52095  17.076  -23.426  75.044 0.0000000000
45086  1.992  -31.333  68.351 0.0000000000
46023  3.159  -30.288  69.060 0.0000000000
46923  3.975  -29.995  70.606 0.0000000000
46930  3.845  -29.990  69.602 0.0000000000
120592  4.535  -29.693  69.053 0.0000000000
108826  5.988  -28.976  68.662 0.0000000000
107113  7.425  -28.731  68.841 0.0000000000
48584  9.215  -28.125  68.888 0.0000000000
47731  7.520  -28.451  73.743 0.0000000000
48560  8.181  -27.925  73.208 0.0000000000
48564  8.056  -28.090  72.273 0.0000000000
50216  10.504  -26.189  72.736 0.0000000000
48562  9.462  -27.353  71.939 0.0000000000
48569  8.690  -27.881  71.532 0.0000000000
48568  9.647  -27.493  70.974 0.0000000000
48573  10.425  -27.193  69.900 0.0000000000
48576  10.642  -27.047  69.081 0.0000000000
122706  11.128  -25.269  68.666 0.0000000000
51196  10.702  -23.958  68.636 0.0000000000
52130  9.075  -22.638  68.427 0.0000000000
52126  10.383  -22.704  69.298 0.0000000000
52990  9.502  -22.462  68.813 0.0000000000
52991  8.498  -21.920  68.641 0.0000000000
42235  8.524  -34.083  72.402 0.0000000000
42209  7.063  -33.300  73.695 0.0000000000
46962  3.112  -30.277  65.818 0.0000000000
46068  3.046  -30.947  64.928 0.0000000000
44251  3.915  -32.034  61.363 0.0000000000
47779  9.244  -28.306  65.849 0.0000000000
47780  8.494  -28.609  65.282 0.0000000000
107561  7.232  -28.928  63.775 0.0000000000
47806  8.879  -28.367  62.318 0.0000000000
47795  7.797  -28.820  63.121 0.0000000000
115977  5.459  -29.560  63.598 0.0000000000
47810  4.822  -29.882  62.446 0.0000000000
46095  3.783  -30.754  61.793 0.0000000000
111134  3.965  -31.553  60.674 0.0000000000
45188  4.079  -31.032  59.539 0.0000000000
47840  3.894  -28.933  58.590 0.0000000000
113226  3.585  -28.865  57.709 0.0000000000
53001  3.806  -21.323  67.209 0.0000000000
53817  2.865  -20.977  66.812 0.0000000000
52154  4.551  -21.877  66.334 0.0000000000
118590  5.237  -22.297  65.644 0.0000000000
52187  6.224  -22.647  64.781 0.0000000000
52197  6.593  -22.534  64.134 0.0000000000
114770  5.494  -21.555  64.417 0.0000000000
53053  6.840  -22.391  62.779 0.0000000000
52208  7.194  -23.119  62.269 0.0000000000
51266  6.091  -24.505  59.970 0.0000000000
52235  5.221  -24.466  58.995 0.0000000000
118969  4.335  -25.044  58.274 0.0000000000
120225  4.944  -23.945  57.853 0.0000000000
51151  14.929  -25.136  75.849 0.0000000000
52088  14.925  -24.402  75.702 0.0000000000
52091  15.362  -23.832  75.626 0.0000000000
52090  15.881  -23.911  75.680 0.0000000000
50191  15.687  -25.768  75.973 0.0000000000
51150  15.375  -25.235  75.872 0.0000000000
123024  5.566  -33.427  60.581 0.0000000000
116783  4.958  -32.845  60.263 0.0000000000
43317  4.954  -32.899  59.339 0.0000000000
113666  5.936  -29.876  74.684 0.0000000000
49388  20.216  -25.942  70.108 0.0000000000
49392  19.566  -26.402  69.757 0.0000000000
45971  6.113  -30.876  75.305 0.0000000000
45975  5.835  -30.661  75.103 0.0000000000
127171  5.246  -30.929  74.869 0.0000000000
47764  9.628  -28.026  67.393 0.0000000000
123321  7.315  -24.404  61.378 0.0000000000
50306  6.744  -24.543  60.770 0.0000000000
48541  10.579  -27.957  76.676 0.0000000000
48545  10.334  -27.404  76.517 0.0000000000
108286  11.041  -27.195  76.615 0.0000000000
113735  18.803  -26.130  73.966 0.0000000000
49369  18.788  -26.863  74.049 0.0000000000
107522  14.816  -29.790  75.792 0.0000000000
108846  15.091  -29.961  75.203 0.0000000000
45035  14.402  -30.350  75.455 0.0000000000
106918  14.023  -31.043  75.099 0.0000000000
45029  13.608  -30.665  75.767 0.0000000000
125968  12.878  -31.054  75.824 0.0000000000
47709  11.252  -28.404  76.679 0.0000000000
116804  10.817  -29.046  76.741 0.0000000000
47713  10.700  -28.547  76.728 0.0000000000
47714  10.097  -28.706  76.766 0.0000000000
52138  8.800  -22.944  67.936 0.0000000000
52166  5.641  -22.517  66.143 0.0000000000
52167  5.113  -22.257  66.072 0.0000000000
45073  1.917  -31.666  70.568 0.0000000000
47743  6.728  -28.818  71.641 0.0000000000
47753  7.444  -28.631  70.429 0.0000000000
50209  10.186  -26.049  74.493 0.0000000000
49371  9.690  -26.583  74.019 0.0000000000
50224  11.742  -24.908  70.788 0.0000000000
50220  11.403  -25.713  71.348 0.0000000000
50225  11.452  -25.748  70.386 0.0000000000
127285  9.312  -32.106  74.878 0.0000000000
43149  9.206  -32.747  74.392 0.0000000000
43137  8.646  -32.241  74.743 0.0000000000
123474  4.528  -33.276  73.651 0.0000000000
42224  5.092  -33.669  73.392 0.0000000000
44145  1.722  -32.226  71.211 0.0000000000
46940  2.996  -30.041  67.653 0.0000000000
46967  4.332  -29.924  64.952 0.0000000000
46975  4.269  -30.223  63.941 0.0000000000
50265  10.488  -25.753  64.681 0.0000000000
48596  10.415  -27.113  64.282 0.0000000000
49407  10.452  -26.422  64.137 0.0000000000
47831  5.942  -28.574  60.375 0.0000000000
47821  6.488  -28.796  61.033 0.0000000000
108624  5.078  -29.050  60.555 0.0000000000
49478  3.655  -26.575  58.116 0.0000000000
118906  3.707  -26.610  57.450 0.0000000000
54644  3.021  -20.470  65.762 0.0000000000
54648  3.599  -20.350  65.468 0.0000000000
53838  4.091  -21.086  65.343 0.0000000000
53854  7.556  -21.057  61.225 0.0000000000
54663  7.382  -20.775  62.020 0.0000000000
53855  7.041  -21.657  61.589 0.0000000000
53856  6.823  -22.378  61.750 0.0000000000
53862  6.697  -22.414  60.596 0.0000000000
53867  6.426  -22.549  59.725 0.0000000000
50190  13.172  -26.283  76.375 0.0000000000
50195  12.726  -25.981  76.279 0.0000000000
108445  13.235  -25.716  76.184 0.0000000000
52954  14.776  -23.130  75.392 0.0000000000
49365  17.553  -26.394  75.147 0.0000000000
49361  16.888  -26.774  75.720 0.0000000000
111256  15.598  -26.683  76.244 0.0000000000
48544  16.339  -27.151  76.048 0.0000000000
48538  15.804  -27.572  76.319 0.0000000000
47719  15.440  -28.613  76.338 0.0000000000
47712  15.325  -28.000  76.536 0.0000000000
110155  14.861  -28.465  76.545 0.0000000000
111140  14.690  -27.734  76.608 0.0000000000
49353  14.127  -26.499  76.354 0.0000000000
111763  13.991  -26.905  76.472 0.0000000000
49354  13.633  -26.611  76.415 0.0000000000
117794  13.043  -26.804  76.473 0.0000000000
52995  4.635  -21.177  68.001 0.0000000000
52999  5.085  -21.571  67.576 0.0000000000
45984  3.328  -30.827  72.931 0.0000000000
47733  6.065  -29.162  73.147 0.0000000000
46905  5.301  -29.628  72.921 0.0000000000
52117  12.179  -23.570  72.839 0.0000000000
52979  12.128  -22.632  71.503 0.0000000000
52982  11.611  -22.394  70.631 0.0000000000
45033  7.569  -31.111  75.916 0.0000000000
44093  7.017  -31.456  75.494 0.0000000000
126267  7.009  -31.135  75.857 0.0000000000
44107  5.013  -31.336  74.686 0.0000000000
44106  5.407  -31.674  74.669 0.0000000000
123453  3.807  -32.428  73.921 0.0000000000
45042  3.843  -31.716  74.078 0.0000000000
45980  3.638  -31.189  73.779 0.0000000000
45046  3.289  -31.734  73.726 0.0000000000
47767  5.906  -28.978  67.696 0.0000000000
47773  7.239  -28.799  66.581 0.0000000000
106601  7.483  -28.807  65.652 0.0000000000
50291  9.514  -25.615  62.911 0.0000000000
50292  8.503  -25.113  62.488 0.0000000000
50318  7.419  -26.202  60.502 0.0000000000
49439  8.258  -26.409  60.950 0.0000000000
121000  7.088  -27.015  60.109 0.0000000000
49453  6.162  -27.034  59.752 0.0000000000
50321  5.250  -25.350  59.618 0.0000000000
50335  4.641  -25.406  59.001 0.0000000000
54667  8.485  -20.003  60.598 0.0000000000
54674  8.179  -20.785  60.067 0.0000000000
53866  7.509  -21.555  59.483 0.0000000000
54681  8.294  -20.968  59.234 0.0000000000
122171  7.881  -29.441  76.302 0.0000000000
126985  7.927  -28.912  76.035 0.0000000000
49363  10.078  -26.797  76.011 0.0000000000
50203  10.369  -26.094  75.363 0.0000000000
51154  12.673  -25.404  76.074 0.0000000000
51159  12.264  -24.904  75.846 0.0000000000
52105  11.993  -23.936  74.849 0.0000000000
119645  11.491  -24.535  74.853 0.0000000000
52974  12.666  -22.900  73.756 0.0000000000
48561  19.980  -26.420  72.672 0.0000000000
48565  19.773  -26.899  71.845 0.0000000000
114891  19.483  -27.195  72.732 0.0000000000
47730  18.479  -28.296  73.579 0.0000000000
47735  18.506  -28.439  72.704 0.0000000000
47721  17.104  -28.174  75.372 0.0000000000
47726  17.685  -28.284  74.734 0.0000000000
46892  16.939  -28.765  75.114 0.0000000000
109882  16.077  -29.859  74.232 0.0000000000
45052  15.840  -30.664  72.999 0.0000000000
124190  15.329  -30.950  73.342 0.0000000000
44122  14.070  -32.027  72.906 0.0000000000
44087  11.701  -31.623  75.684 0.0000000000
44088  10.936  -31.546  75.691 0.0000000000
44101  10.448  -31.873  75.288 0.0000000000
121071  10.711  -31.187  75.978 0.0000000000
45951  13.051  -29.560  76.431 0.0000000000
45021  12.836  -30.145  76.311 0.0000000000
45952  12.340  -29.758  76.486 0.0000000000
45954  10.632  -30.145  76.558 0.0000000000
45020  10.082  -30.495  76.395 0.0000000000
45025  9.667  -30.738  76.161 0.0000000000
45962  9.588  -30.406  76.415 0.0000000000
45026  9.123  -30.669  76.213 0.0000000000
45963  9.108  -30.350  76.503 0.0000000000
126831  9.106  -29.352  76.783 0.0000000000
47716  8.482  -29.682  76.612 0.0000000000
125672  7.418  -29.729  76.150 0.0000000000
118480  10.762  -26.760  67.532 0.0000000000
50237  10.676  -25.197  66.737 0.0000000000
50243  9.477  -24.408  65.783 0.0000000000
52150  7.219  -22.501  67.442 0.0000000000
50244  8.395  -24.050  65.520 0.0000000000
50254  8.216  -24.084  64.717 0.0000000000
124107  6.497  -22.957  65.214 0.0000000000
113889  7.247  -23.391  64.776 0.0000000000
51243  7.487  -23.491  64.149 0.0000000000
52958  16.281  -22.411  75.118 0.0000000000
126427  16.635  -22.251  74.978 0.0000000000
51194  22.490  -23.807  70.065 0.0000000000
120881  21.999  -24.206  69.758 0.0000000000
50226  21.986  -24.388  70.469 0.0000000000
52961  24.332  -21.477  72.592 0.0000000000
53773  25.114  -20.998  72.800 0.0000000000
52968  24.805  -21.452  72.519 0.0000000000
124358  25.131  -21.747  72.177 0.0000000000
52114  24.763  -22.103  71.772 0.0000000000
116250  24.097  -22.359  71.554 0.0000000000
52115  23.946  -22.250  71.824 0.0000000000
51180  22.070  -23.566  72.021 0.0000000000
50217  21.653  -24.091  72.121 0.0000000000
50215  20.992  -24.460  72.463 0.0000000000
51167  20.456  -23.056  72.868 0.0000000000
50204  19.999  -23.967  72.773 0.0000000000
50205  19.415  -24.728  73.202 0.0000000000
51168  19.772  -23.771  73.103 0.0000000000
52111  19.453  -23.383  73.334 0.0000000000
51169  19.094  -24.709  73.550 0.0000000000
52103  18.721  -23.986  73.774 0.0000000000
52957  17.049  -22.537  74.851 0.0000000000
52096  16.494  -23.758  75.478 0.0000000000
42293  1.468  -34.327  68.535 0.0000000000
43212  1.482  -33.443  68.661 0.0000000000
45078  2.074  -31.296  69.213 0.0000000000
116679  2.537  -30.737  68.726 0.0000000000
46915  3.857  -30.198  71.574 0.0000000000
46921  5.330  -29.431  70.212 0.0000000000
46922  4.594  -29.723  69.932 0.0000000000
127371  5.138  -29.465  69.528 0.0000000000
46929  5.313  -29.304  68.897 0.0000000000
47752  8.214  -28.382  70.025 0.0000000000
113184  8.318  -28.479  69.035 0.0000000000
48552  8.150  -28.151  75.001 0.0000000000
47727  7.568  -28.543  74.620 0.0000000000
48555  8.069  -27.972  74.167 0.0000000000
49377  9.207  -27.044  73.546 0.0000000000
113197  8.825  -27.464  73.161 0.0000000000
48563  8.763  -27.659  72.480 0.0000000000
51182  11.560  -24.972  72.747 0.0000000000
49393  10.977  -26.271  68.871 0.0000000000
52137  9.753  -23.187  68.306 0.0000000000
48572  18.716  -27.741  70.508 0.0000000000
47750  18.075  -28.258  69.927 0.0000000000
42221  8.121  -33.706  73.112 0.0000000000
43151  7.426  -32.855  74.139 0.0000000000
43152  6.554  -32.989  74.036 0.0000000000
107169  1.447  -34.048  69.162 0.0000000000
119409  2.208  -31.875  65.978 0.0000000000
44184  1.992  -32.674  66.306 0.0000000000
44192  2.529  -32.326  65.548 0.0000000000
46956  3.504  -29.950  66.204 0.0000000000
46067  3.578  -30.584  64.482 0.0000000000
46056  3.340  -30.480  65.154 0.0000000000
44207  3.040  -31.828  64.802 0.0000000000
44206  3.480  -31.897  63.905 0.0000000000
45135  3.643  -31.276  63.140 0.0000000000
44239  3.695  -31.670  62.246 0.0000000000
45149  3.666  -31.115  62.245 0.0000000000
49398  10.729  -26.676  66.651 0.0000000000
48591  9.837  -27.889  66.413 0.0000000000
47786  9.389  -28.273  64.891 0.0000000000
47787  8.691  -28.611  64.301 0.0000000000
106600  7.637  -28.849  64.621 0.0000000000
109659  8.057  -28.802  63.825 0.0000000000
120817  9.640  -27.023  62.004 0.0000000000
48608  9.934  -27.420  62.782 0.0000000000
47818  9.428  -27.795  62.112 0.0000000000
47808  6.447  -28.995  61.972 0.0000000000
47807  7.477  -28.792  62.304 0.0000000000
47796  6.853  -28.977  62.964 0.0000000000
47797  5.934  -29.338  62.884 0.0000000000
127194  5.264  -29.668  62.894 0.0000000000
117429  3.959  -30.354  61.338 0.0000000000
45158  3.766  -31.275  61.351 0.0000000000
109579  3.919  -31.118  60.354 0.0000000000
45171  4.143  -31.412  60.007 0.0000000000
46121  3.954  -30.230  58.872 0.0000000000
46148  3.827  -30.078  57.817 0.0000000000
121287  3.987  -28.234  58.595 0.0000000000
48650  3.749  -27.964  58.069 0.0000000000
47850  3.651  -28.382  57.501 0.0000000000
116073  3.585  -28.965  57.308 0.0000000000
47044  3.553  -29.451  57.217 0.0000000000
53826  3.212  -21.168  66.492 0.0000000000
53019  3.604  -21.404  66.481 0.0000000000
53018  4.090  -21.713  66.226 0.0000000000
52178  4.742  -22.084  65.951 0.0000000000
53031  4.211  -21.760  65.874 0.0000000000
122243  5.115  -21.918  64.738 0.0000000000
121119  5.892  -22.348  64.596 0.0000000000
111621  6.640  -22.498  63.782 0.0000000000
54651  5.564  -20.440  64.124 0.0000000000
53845  6.228  -21.476  63.721 0.0000000000
52218  6.745  -23.751  60.753 0.0000000000
53065  5.631  -23.746  59.240 0.0000000000
123851  5.681  -24.166  59.408 0.0000000000
52248  4.718  -24.713  58.530 0.0000000000
53073  6.157  -22.730  58.591 0.0000000000
50194  13.859  -25.440  75.976 0.0000000000
51152  14.441  -24.986  75.784 0.0000000000
52092  14.882  -23.768  75.590 0.0000000000
51163  16.533  -25.214  75.626 0.0000000000
50197  16.785  -25.985  75.647 0.0000000000
50198  16.173  -25.625  75.854 0.0000000000
49356  14.927  -26.650  76.402 0.0000000000
48540  14.485  -26.981  76.512 0.0000000000
43318  4.623  -32.161  59.040 0.0000000000
45979  4.357  -30.804  74.145 0.0000000000
46906  4.744  -30.126  73.667 0.0000000000
45969  6.627  -30.772  75.737 0.0000000000
45034  6.520  -31.065  75.557 0.0000000000
45041  4.464  -31.419  74.424 0.0000000000
45976  4.775  -31.096  74.652 0.0000000000
47759  7.852  -28.664  68.053 0.0000000000
106792  6.982  -28.792  67.467 0.0000000000
50293  7.895  -24.424  62.479 0.0000000000
124575  8.146  -25.156  61.773 0.0000000000
112300  7.554  -24.648  61.606 0.0000000000
47715  9.466  -28.806  76.743 0.0000000000
48543  9.321  -28.287  76.502 0.0000000000
52097  13.011  -23.673  75.435 0.0000000000
52959  13.143  -23.116  74.959 0.0000000000
52966  13.030  -22.721  74.271 0.0000000000
48557  19.210  -27.049  73.563 0.0000000000
48558  18.750  -27.598  73.932 0.0000000000
46893  16.191  -29.062  75.360 0.0000000000
45973  15.782  -29.568  74.946 0.0000000000
106675  15.030  -30.832  73.995 0.0000000000
116256  12.476  -31.540  75.527 0.0000000000
45031  12.159  -31.141  76.046 0.0000000000
47707  12.597  -28.129  76.583 0.0000000000
46879  11.944  -29.335  76.598 0.0000000000
47708  11.690  -28.736  76.658 0.0000000000
46881  10.363  -29.667  76.675 0.0000000000
46882  9.834  -29.779  76.717 0.0000000000
45956  9.561  -30.131  76.615 0.0000000000
46886  9.671  -29.351  76.794 0.0000000000
51200  10.673  -24.445  67.994 0.0000000000
108284  9.839  -24.004  67.441 0.0000000000
51208  8.848  -23.691  67.009 0.0000000000
51210  6.312  -22.666  66.467 0.0000000000
51236  6.083  -22.776  65.653 0.0000000000
52176  5.840  -22.590  65.406 0.0000000000
51188  22.911  -23.260  70.496 0.0000000000
120658  23.791  -22.178  72.349 0.0000000000
51175  21.383  -23.267  72.433 0.0000000000
113694  21.378  -22.722  72.923 0.0000000000
52964  18.152  -22.451  73.869 0.0000000000
107809  1.492  -32.835  70.016 0.0000000000
44162  1.537  -32.729  69.213 0.0000000000
113433  2.135  -31.291  69.955 0.0000000000
46913  5.417  -29.415  71.132 0.0000000000
47749  6.034  -29.081  70.496 0.0000000000
112454  6.707  -28.862  70.013 0.0000000000
49367  9.095  -27.324  75.016 0.0000000000
49376  9.850  -26.658  73.169 0.0000000000
50219  11.731  -24.978  71.794 0.0000000000
49390  10.401  -27.013  70.664 0.0000000000
50230  11.283  -25.874  69.508 0.0000000000
47746  17.706  -28.828  70.596 0.0000000000
46919  17.098  -29.349  70.430 0.0000000000
43148  10.122  -32.884  74.302 0.0000000000
43164  8.645  -33.288  73.757 0.0000000000
42208  7.768  -33.272  73.712 0.0000000000
42210  5.794  -33.326  73.724 0.0000000000
44135  2.247  -32.754  72.614 0.0000000000
43176  2.149  -33.637  72.406 0.0000000000
43198  1.499  -33.615  70.355 0.0000000000
109291  1.919  -31.500  67.471 0.0000000000
44178  1.682  -32.383  67.208 0.0000000000
45095  2.288  -30.953  66.864 0.0000000000
46046  2.685  -30.549  66.291 0.0000000000
47783  4.911  -29.499  65.651 0.0000000000
46960  4.181  -29.765  65.888 0.0000000000
46968  3.814  -30.370  64.678 0.0000000000
49399  10.677  -26.588  65.762 0.0000000000
48593  10.430  -27.221  65.166 0.0000000000
47829  7.806  -28.241  61.064 0.0000000000
47823  4.810  -29.648  61.325 0.0000000000
47001  3.865  -30.119  60.297 0.0000000000
45172  3.913  -30.584  59.786 0.0000000000
47011  3.898  -29.648  58.665 0.0000000000
48662  3.761  -26.819  58.032 0.0000000000
48663  3.589  -27.436  57.976 0.0000000000
48673  3.605  -27.649  57.398 0.0000000000
53834  3.172  -20.866  65.971 0.0000000000
53839  3.804  -21.408  65.794 0.0000000000
54657  7.175  -20.319  62.731 0.0000000000
52225  6.561  -23.527  60.430 0.0000000000
49359  11.759  -26.834  76.440 0.0000000000
49358  12.523  -26.495  76.379 0.0000000000
122358  13.982  -24.827  75.752 0.0000000000
52094  13.523  -23.762  75.471 0.0000000000
116861  18.278  -26.310  74.478 0.0000000000
49364  17.951  -26.975  74.837 0.0000000000
48549  17.359  -27.190  75.402 0.0000000000
47717  17.058  -27.748  75.615 0.0000000000
47718  16.465  -27.915  75.991 0.0000000000
119007  16.045  -28.427  76.096 0.0000000000
46890  15.173  -29.225  76.082 0.0000000000
45957  14.417  -29.568  76.164 0.0000000000
45967  13.620  -30.153  76.113 0.0000000000
46884  14.332  -29.004  76.396 0.0000000000
46885  13.567  -29.014  76.466 0.0000000000
47706  13.267  -28.406  76.544 0.0000000000
47705  14.042  -27.463  76.552 0.0000000000
126062  13.756  -27.919  76.555 0.0000000000
115880  13.382  -27.686  76.540 0.0000000000
48535  12.832  -27.413  76.527 0.0000000000
52132  7.016  -21.935  68.104 0.0000000000
52133  6.330  -21.773  67.952 0.0000000000
52987  6.088  -20.895  68.705 0.0000000000
52141  5.815  -21.896  67.448 0.0000000000
52142  5.053  -21.820  67.039 0.0000000000
115858  2.381  -31.506  72.081 0.0000000000
45994  2.643  -30.998  71.636 0.0000000000
45993  3.220  -30.638  72.040 0.0000000000
118020  4.361  -29.959  72.003 0.0000000000
114763  4.530  -29.986  72.737 0.0000000000
46909  5.036  -29.657  72.017 0.0000000000
47742  7.403  -28.531  72.011 0.0000000000
51178  11.267  -24.916  73.650 0.0000000000
44091  8.739  -31.380  75.570 0.0000000000
44103  8.283  -31.822  75.118 0.0000000000
44104  7.472  -31.896  75.046 0.0000000000
44094  6.199  -31.511  75.034 0.0000000000
117736  5.934  -32.108  74.600 0.0000000000
43165  3.853  -33.145  73.649 0.0000000000
43166  3.214  -32.893  73.552 0.0000000000
45047  2.911  -31.961  73.460 0.0000000000
45056  2.525  -31.902  72.783 0.0000000000
47762  4.850  -29.456  68.313 0.0000000000
46948  3.721  -29.794  67.593 0.0000000000
46947  4.510  -29.527  67.641 0.0000000000
47776  5.084  -29.276  67.093 0.0000000000
107467  6.309  -28.911  66.841 0.0000000000
47775  5.537  -29.139  66.335 0.0000000000
47782  5.726  -29.200  65.426 0.0000000000
47789  5.816  -29.302  64.493 0.0000000000
50280  9.629  -25.310  63.722 0.0000000000
49416  10.199  -26.130  63.460 0.0000000000
49438  8.983  -26.664  61.478 0.0000000000
50303  8.512  -25.759  61.581 0.0000000000
48623  8.588  -27.211  61.053 0.0000000000
48634  7.462  -27.763  60.483 0.0000000000
48635  5.629  -27.851  59.756 0.0000000000
120207  4.836  -27.674  59.379 0.0000000000
49468  4.421  -26.989  59.022 0.0000000000
49454  5.599  -26.126  59.716 0.0000000000
118387  4.136  -26.192  58.560 0.0000000000
107134  4.074  -25.540  58.123 0.0000000000
53860  7.587  -21.319  60.413 0.0000000000
110897  6.914  -21.938  60.012 0.0000000000
53871  8.448  -21.236  58.491 0.0000000000
43311  5.043  -33.043  61.137 0.0000000000
47724  7.707  -28.727  75.417 0.0000000000
48551  8.751  -27.816  75.378 0.0000000000
48547  8.954  -28.000  76.105 0.0000000000
49366  9.659  -26.721  75.015 0.0000000000
49360  11.428  -26.550  76.385 0.0000000000
50200  11.666  -25.969  76.164 0.0000000000
51160  11.542  -25.375  75.799 0.0000000000
121021  10.913  -25.604  75.493 0.0000000000
51165  11.172  -25.026  75.202 0.0000000000
51173  11.087  -24.927  74.491 0.0000000000
109965  12.496  -23.051  73.184 0.0000000000
49385  19.860  -26.577  70.794 0.0000000000
48567  18.854  -27.896  71.395 0.0000000000
47739  19.006  -27.936  72.293 0.0000000000
47740  18.402  -28.407  71.789 0.0000000000
47741  17.952  -28.801  71.326 0.0000000000
46911  17.409  -29.251  71.268 0.0000000000
45991  16.350  -30.247  71.647 0.0000000000
48553  18.256  -27.450  74.507 0.0000000000
46896  17.948  -28.705  73.991 0.0000000000
46904  16.748  -29.542  73.937 0.0000000000
46903  17.417  -29.227  73.567 0.0000000000
45977  16.931  -29.737  73.072 0.0000000000
45982  16.395  -30.216  72.568 0.0000000000
45992  15.775  -30.754  71.253 0.0000000000
45045  14.667  -31.427  73.324 0.0000000000
44115  11.493  -32.431  74.615 0.0000000000
44102  9.739  -31.751  75.261 0.0000000000
44090  9.454  -31.359  75.588 0.0000000000
45022  12.132  -30.648  76.303 0.0000000000
122492  11.559  -30.920  76.264 0.0000000000
45953  11.501  -29.943  76.555 0.0000000000
45960  11.281  -30.509  76.414 0.0000000000
45023  10.923  -30.907  76.221 0.0000000000
45024  10.248  -30.908  76.133 0.0000000000
44084  9.751  -31.057  75.903 0.0000000000
44086  8.469  -30.988  75.972 0.0000000000
45027  8.122  -30.839  76.205 0.0000000000
45964  8.373  -30.311  76.514 0.0000000000
45965  7.602  -30.532  76.268 0.0000000000
45968  7.023  -30.485  76.062 0.0000000000
46891  6.906  -29.903  75.865 0.0000000000
118147  10.365  -27.459  67.863 0.0000000000
50241  10.828  -25.896  66.296 0.0000000000
50251  10.674  -25.806  65.465 0.0000000000
52139  7.863  -22.560  67.760 0.0000000000
51202  8.109  -23.024  67.293 0.0000000000
51209  7.138  -22.823  66.833 0.0000000000
51220  8.615  -23.963  66.328 0.0000000000
50266  9.853  -25.127  64.452 0.0000000000
50267  8.891  -24.638  64.212 0.0000000000
50255  7.753  -23.911  64.824 0.0000000000
50283  7.846  -23.932  63.304 0.0000000000
51252  7.686  -23.641  63.244 0.0000000000
52952  15.824  -23.157  75.484 0.0000000000
50223  20.829  -25.456  70.445 0.0000000000
124934  25.529  -21.556  72.185 0.0000000000
51183  23.505  -22.805  70.886 0.0000000000
51184  22.887  -23.252  71.181 0.0000000000
52116  23.105  -22.648  71.914 0.0000000000
50221  21.918  -24.371  71.333 0.0000000000
49383  20.909  -25.524  71.371 0.0000000000
49378  20.841  -25.379  72.283 0.0000000000
50211  20.615  -24.073  72.559 0.0000000000
49374  19.782  -25.754  73.129 0.0000000000
49368  19.268  -25.534  73.415 0.0000000000
52109  21.018  -22.902  72.994 0.0000000000
52110  20.382  -23.323  73.151 0.0000000000
50207  18.641  -25.616  74.049 0.0000000000
51161  17.553  -24.942  74.826 0.0000000000
52104  17.824  -23.090  74.313 0.0000000000
51162  17.018  -24.243  75.183 0.0000000000
126947  16.928  -24.871  75.304 0.0000000000
122284  16.399  -24.445  75.601 0.0000000000
45087  1.703  -31.986  68.849 0.0000000000
120944  2.900  -30.306  68.307 0.0000000000
46939  3.410  -29.993  68.284 0.0000000000
46014  3.221  -30.433  70.085 0.0000000000
115684  3.800  -29.947  68.846 0.0000000000
47754  6.704  -28.869  69.170 0.0000000000
46899  6.529  -29.383  74.729 0.0000000000
47728  6.947  -28.907  74.284 0.0000000000
47736  7.478  -28.469  72.852 0.0000000000
48570  7.932  -28.289  71.590 0.0000000000
49381  10.027  -26.782  72.330 0.0000000000
124474  8.890  -27.970  70.540 0.0000000000
124922  10.061  -27.365  70.419 0.0000000000
115877  9.687  -27.673  70.131 0.0000000000
48577  9.914  -27.688  69.236 0.0000000000
125182  10.351  -27.416  68.575 0.0000000000
48582  10.747  -26.851  68.338 0.0000000000
52984  9.550  -21.964  69.107 0.0000000000
48571  19.188  -27.090  70.168 0.0000000000
48575  18.593  -27.515  69.636 0.0000000000
47756  18.099  -27.885  68.929 0.0000000000
43138  7.858  -32.343  74.648 0.0000000000
42222  7.226  -33.724  73.200 0.0000000000
46949  3.281  -29.913  66.941 0.0000000000
46957  2.987  -30.113  66.419 0.0000000000
46057  2.806  -30.749  65.606 0.0000000000
45113  2.619  -31.467  65.483 0.0000000000
44191  3.036  -32.834  65.081 0.0000000000
47771  9.170  -28.312  66.659 0.0000000000
48594  9.951  -27.820  65.483 0.0000000000
47788  6.703  -29.002  64.358 0.0000000000
48599  10.313  -26.930  63.478 0.0000000000
47805  9.558  -28.120  62.958 0.0000000000
47794  8.744  -28.591  63.272 0.0000000000
47820  8.097  -28.501  61.820 0.0000000000
113600  8.239  -28.641  62.562 0.0000000000
110158  6.326  -29.188  63.698 0.0000000000
47798  4.811  -29.920  63.342 0.0000000000
46986  4.467  -30.279  62.908 0.0000000000
46987  4.119  -30.483  62.336 0.0000000000
46994  4.370  -30.123  61.902 0.0000000000
44267  4.192  -31.834  60.442 0.0000000000
44279  4.359  -31.642  59.645 0.0000000000
45187  4.238  -31.206  59.233 0.0000000000
47839  4.122  -28.832  59.257 0.0000000000
47841  3.712  -28.997  58.200 0.0000000000
47034  3.686  -29.545  57.505 0.0000000000
52996  3.896  -21.059  67.861 0.0000000000
53010  4.439  -21.684  66.826 0.0000000000
115348  3.261  -21.186  66.936 0.0000000000
53011  4.140  -21.633  66.838 0.0000000000
52177  5.337  -22.505  66.160 0.0000000000
53030  4.842  -21.975  65.518 0.0000000000
52188  5.507  -22.337  65.186 0.0000000000
107279  7.323  -23.173  63.046 0.0000000000
53048  5.908  -21.994  63.893 0.0000000000
127735  5.954  -22.314  64.313 0.0000000000
51265  6.987  -24.048  61.111 0.0000000000
52226  6.083  -24.096  59.867 0.0000000000
51285  5.469  -24.601  59.366 0.0000000000
51286  4.753  -25.182  59.048 0.0000000000
51298  4.370  -25.206  58.444 0.0000000000
53074  5.913  -22.966  59.135 0.0000000000
52247  4.927  -24.168  58.435 0.0000000000
52259  4.547  -24.629  58.202 0.0000000000
50360  3.935  -25.725  57.828 0.0000000000
45974  15.386  -30.193  74.482 0.0000000000
46878  12.775  -29.159  76.538 0.0000000000
46889  15.858  -28.917  75.941 0.0000000000
47768  5.144  -29.251  67.806 0.0000000000
48622  9.125  -27.377  61.576 0.0000000000
52140  6.662  -22.127  67.672 0.0000000000
114845  3.542  -29.075  57.063 0.0000000000
126269  16.809  -28.092  75.708 0.0000000000
126925  7.115  -23.335  65.722 0.0000000000
127665  8.143  -27.687  60.854 0.0000000000
