#!ascii label  , from subject sub-v2s0x30151_ses-1 vox2ras=TkReg
983
76337  15.610  1.898  8.293 0.2500000000
76336  16.262  1.465  7.843 0.2500000000
78608  14.698  4.853  7.429 0.2500000000
77907  14.875  4.214  7.577 0.1250000000
77915  15.061  4.359  7.139 0.3750000000
77906  15.011  3.483  7.893 0.2500000000
77155  15.254  2.716  8.118 0.2500000000
76353  16.789  1.842  7.134 0.7500000000
77154  15.959  2.400  7.573 0.3750000000
76335  17.042  1.067  7.366 0.8750000000
75440  17.806  0.740  6.930 0.8750000000
77914  15.264  3.747  7.350 0.3750000000
134489  15.985  3.268  6.935 0.3750000000
127685  16.820  3.277  6.345 0.8750000000
77167  16.727  2.603  6.798 0.7500000000
136138  18.633  2.391  5.854 1.0000000000
77166  17.428  2.741  6.246 1.0000000000
76351  18.310  1.250  6.413 1.0000000000
140789  17.328  2.153  6.619 0.8750000000
75452  19.031  0.977  6.091 1.0000000000
131171  14.579  5.440  7.098 0.2500000000
78615  15.593  4.130  6.763 0.7500000000
77927  16.908  4.309  5.926 0.8750000000
133564  16.901  3.737  6.085 0.8750000000
77913  16.374  3.886  6.353 0.7500000000
130242  18.911  2.994  5.630 1.0000000000
77184  18.144  2.883  5.873 1.0000000000
77912  17.481  3.543  5.907 1.0000000000
77182  20.072  2.208  5.494 1.0000000000
77183  19.280  2.308  5.685 1.0000000000
76364  19.550  1.561  5.792 1.0000000000
76365  18.789  1.736  5.961 1.0000000000
78595  14.419  4.967  8.174 0.1250000000
78616  15.119  4.973  6.771 0.6250000000
78625  17.307  4.938  5.687 1.0000000000
78626  15.999  4.674  6.276 0.8750000000
119895  17.808  4.348  5.638 1.0000000000
77196  20.674  2.980  5.155 1.0000000000
77925  19.281  3.795  5.346 1.0000000000
77926  18.386  3.660  5.618 1.0000000000
78624  18.704  4.509  5.367 1.0000000000
77197  19.734  3.009  5.390 1.0000000000
127200  22.468  2.501  4.685 1.0000000000
76379  20.958  2.075  5.301 1.0000000000
82595  14.216  9.356  6.986 0.2500000000
123198  13.987  5.880  6.972 0.2500000000
80167  14.557  6.320  6.897 0.3750000000
79335  14.753  5.798  6.805 0.5000000000
79344  16.408  5.921  5.835 1.0000000000
80166  15.101  6.280  6.416 0.6250000000
126883  16.538  5.169  5.885 1.0000000000
78636  18.948  5.235  5.126 1.0000000000
79342  18.101  5.241  5.419 1.0000000000
77941  21.432  3.928  4.586 1.0000000000
77942  20.263  3.881  4.986 1.0000000000
77959  22.346  4.560  4.254 1.0000000000
77940  22.572  3.482  4.380 1.0000000000
77958  23.142  4.289  4.038 1.0000000000
77208  23.517  3.438  4.042 1.0000000000
82604  14.735  9.689  6.417 0.5000000000
81750  14.607  8.627  6.692 0.3750000000
80977  14.579  7.711  6.843 0.3750000000
80176  14.950  7.016  6.523 0.5000000000
80984  15.676  7.822  6.000 0.5000000000
80983  16.900  7.315  5.481 0.8750000000
120145  17.093  6.275  5.563 1.0000000000
80998  17.667  7.655  5.147 1.0000000000
79354  19.506  5.771  4.748 1.0000000000
79356  18.002  6.228  5.244 1.0000000000
78652  21.495  5.734  4.340 1.0000000000
79353  20.482  5.718  4.502 1.0000000000
78661  23.135  5.486  3.853 1.0000000000
78650  22.855  5.096  4.037 1.0000000000
77957  23.816  4.029  3.727 0.8750000000
81758  15.247  8.768  6.139 0.5000000000
81757  16.146  8.870  5.642 0.6250000000
81770  17.186  9.133  5.179 0.6250000000
80999  16.805  8.087  5.449 1.0000000000
123660  16.257  7.335  5.751 0.7500000000
120989  18.690  8.035  4.718 1.0000000000
80215  22.711  6.877  3.986 1.0000000000
81009  22.169  7.399  4.190 1.0000000000
80203  20.766  7.235  4.412 1.0000000000
122222  19.984  7.172  4.476 1.0000000000
80214  23.243  6.336  3.642 1.0000000000
79370  22.077  6.019  4.247 1.0000000000
80183  21.106  6.516  4.378 1.0000000000
140835  23.337  5.786  3.679 1.0000000000
78659  24.215  5.111  3.400 0.8750000000
82603  15.605  9.690  5.829 0.5000000000
82602  16.556  9.791  5.399 0.8750000000
130725  20.030  9.106  4.446 1.0000000000
81769  19.053  8.896  4.594 1.0000000000
81022  22.493  7.727  3.934 1.0000000000
130104  21.261  8.431  4.333 1.0000000000
80997  19.392  7.544  4.582 1.0000000000
129404  22.523  8.470  3.668 1.0000000000
80212  24.336  6.508  3.161 1.0000000000
80213  23.638  6.424  3.361 1.0000000000
81021  22.910  7.799  3.543 1.0000000000
81020  24.485  7.315  3.077 1.0000000000
83447  15.136  10.516  5.951 0.5000000000
132988  16.981  10.557  5.167 0.8750000000
82621  17.406  9.927  5.034 1.0000000000
83476  20.413  10.800  4.438 1.0000000000
82618  20.262  9.701  4.413 1.0000000000
130164  19.001  10.209  4.596 1.0000000000
129473  23.358  10.310  3.114 1.0000000000
82648  22.294  9.828  3.743 1.0000000000
82644  24.461  9.941  3.245 1.0000000000
82645  23.823  9.678  3.034 1.0000000000
81796  22.631  9.264  3.453 1.0000000000
81792  25.234  8.261  3.300 1.0000000000
81794  23.712  8.939  2.999 1.0000000000
81019  25.148  7.373  3.176 0.8750000000
136139  19.874  13.617  4.768 1.0000000000
86644  17.276  14.245  5.683 0.3750000000
84278  20.724  11.546  4.421 1.0000000000
83486  23.140  10.891  3.316 1.0000000000
83488  22.205  10.897  3.983 1.0000000000
87413  20.982  14.889  4.524 0.8750000000
86652  21.326  14.191  4.441 1.0000000000
128587  20.817  13.741  4.575 1.0000000000
85859  20.872  13.161  4.504 1.0000000000
85858  21.552  13.608  4.340 1.0000000000
85090  21.907  12.289  4.166 1.0000000000
84288  23.336  11.793  3.500 1.0000000000
85104  23.944  12.711  3.295 1.0000000000
84287  23.919  11.762  3.307 1.0000000000
130964  20.647  15.632  4.654 0.7500000000
86661  22.147  14.151  4.102 1.0000000000
85870  22.343  13.585  4.005 1.0000000000
85881  24.260  13.578  3.006 1.0000000000
129324  23.309  13.186  3.551 1.0000000000
136562  23.523  12.714  3.485 1.0000000000
127655  22.697  14.733  3.750 1.0000000000
86660  22.850  14.218  3.693 1.0000000000
85883  23.670  13.910  3.229 1.0000000000
90967  22.021  20.929  5.105 0.1250000000
91612  22.435  21.520  4.706 0.1250000000
128109  22.495  21.158  3.282 0.2500000000
140358  22.530  21.503  3.953 0.1250000000
90979  22.619  20.788  2.573 0.3750000000
92268  22.576  22.419  2.333 0.2500000000
135280  22.798  21.816  0.819 0.5000000000
91630  22.501  22.089  1.567 0.2500000000
138964  22.960  22.352  0.396 0.3750000000
92262  23.073  22.668  3.016 0.2500000000
92276  22.555  22.974  1.600 0.2500000000
92267  22.836  23.250  2.314 0.2500000000
133322  22.798  23.982  1.567 0.2500000000
130826  22.841  23.666  0.295 0.2500000000
93629  23.024  24.177  -0.015 0.2500000000
92980  23.179  23.514  -0.115 0.3750000000
93619  22.784  24.209  0.730 0.2500000000
92988  23.813  24.277  -0.771 0.3750000000
93628  23.321  24.645  -0.481 0.2500000000
77148  15.347  2.322  8.360 0.1250000000
136213  15.425  3.111  7.633 0.2500000000
77893  15.001  3.114  8.105 0.1250000000
76362  21.215  1.196  5.415 1.0000000000
82620  18.314  9.566  4.762 0.8750000000
130863  21.703  9.101  4.191 1.0000000000
76326  15.607  1.458  8.599 0.1250000000
74491  16.533  0.606  8.021 0.6250000000
74500  18.086  -0.025  7.134 0.7500000000
77877  14.794  4.056  9.064 0.1250000000
74499  18.840  -0.300  6.821 1.0000000000
75451  19.803  0.777  5.912 1.0000000000
75463  22.163  0.975  5.199 1.0000000000
80143  13.718  6.361  6.930 0.3750000000
81726  14.179  8.066  7.116 0.2500000000
136410  14.415  7.547  7.340 0.2500000000
77207  24.223  3.260  3.798 0.8750000000
78658  24.910  5.119  3.268 0.8750000000
78648  24.152  4.467  3.519 0.8750000000
79367  25.755  5.959  3.282 0.8750000000
86645  16.578  14.516  6.305 0.1250000000
129821  15.532  11.305  5.718 0.3750000000
139065  17.393  11.166  5.019 0.6250000000
128726  24.995  9.166  3.349 1.0000000000
80210  25.580  6.761  3.320 0.8750000000
86655  18.885  14.104  5.166 0.5000000000
86653  20.413  14.301  4.706 0.8750000000
85846  18.177  13.854  5.267 0.3750000000
85077  18.779  12.492  4.760 0.8750000000
83484  24.145  10.912  3.253 1.0000000000
84286  24.516  11.533  3.424 1.0000000000
85088  25.126  12.116  3.541 1.0000000000
87412  21.936  14.771  4.207 1.0000000000
122230  24.345  13.134  3.148 1.0000000000
88196  21.626  15.640  4.327 0.8750000000
87428  23.483  15.790  2.626 1.0000000000
86683  24.075  15.261  2.205 1.0000000000
86670  24.526  14.287  2.610 1.0000000000
91606  22.461  21.504  5.553 0.1250000000
90973  21.844  20.164  4.738 0.1250000000
90329  22.642  19.516  3.321 0.6250000000
91005  23.279  21.057  0.709 0.5000000000
118058  22.619  21.989  3.273 0.2500000000
91646  23.699  22.229  -0.005 0.5000000000
119630  23.577  23.302  2.967 0.2500000000
92295  23.621  22.940  -0.207 0.5000000000
92294  24.089  22.932  -0.281 0.5000000000
94246  23.408  24.901  1.866 0.1250000000
93618  22.962  24.884  0.247 0.2500000000
94269  23.727  25.494  -0.999 0.2500000000
93627  24.806  24.548  -0.855 0.3750000000
94268  24.638  25.659  -1.179 0.2500000000
94257  23.096  25.588  0.545 0.1250000000
76325  15.930  1.030  8.516 0.5000000000
76352  17.561  1.513  6.764 0.8750000000
75439  18.576  0.479  6.624 1.0000000000
76366  18.021  2.073  6.186 1.0000000000
76363  20.348  1.392  5.617 1.0000000000
79345  15.601  5.597  6.257 0.8750000000
77195  21.675  2.816  4.873 1.0000000000
76378  21.908  1.884  5.070 1.0000000000
128126  14.469  6.936  7.014 0.3750000000
119221  15.747  6.247  6.044 0.8750000000
79343  17.231  5.626  5.615 1.0000000000
79355  18.720  5.807  5.028 1.0000000000
78634  20.847  4.844  4.553 1.0000000000
78635  19.713  4.822  4.933 1.0000000000
78633  21.690  4.923  4.358 1.0000000000
78649  23.464  4.791  3.789 1.0000000000
80175  15.617  6.852  6.084 0.6250000000
80173  17.399  6.879  5.347 1.0000000000
80184  20.175  6.516  4.489 1.0000000000
80185  19.145  6.591  4.730 1.0000000000
80186  18.366  7.146  4.945 1.0000000000
78651  22.158  5.375  4.248 1.0000000000
79376  23.656  5.735  3.470 0.8750000000
131464  24.403  3.756  3.587 0.8750000000
136828  17.946  8.560  4.948 1.0000000000
81768  19.762  8.378  4.498 1.0000000000
121402  23.619  7.368  3.237 1.0000000000
80201  22.319  6.580  4.190 1.0000000000
81010  21.659  7.934  4.288 1.0000000000
119448  25.007  5.815  3.196 0.8750000000
82633  20.808  9.662  4.366 1.0000000000
82619  19.481  9.658  4.510 1.0000000000
81781  21.155  9.044  4.319 1.0000000000
81782  20.668  8.609  4.384 1.0000000000
81797  22.092  8.497  4.056 1.0000000000
80996  20.331  7.852  4.437 1.0000000000
81795  23.180  8.486  3.228 1.0000000000
127508  24.003  8.153  2.976 1.0000000000
83464  16.519  11.304  5.345 0.6250000000
83463  18.053  10.537  4.819 0.7500000000
83461  19.822  10.342  4.473 1.0000000000
130599  19.707  11.038  4.530 1.0000000000
131087  20.467  10.128  4.404 1.0000000000
83474  21.713  11.071  4.235 1.0000000000
130862  21.607  10.371  4.209 1.0000000000
129874  23.857  10.409  3.092 1.0000000000
130611  22.408  10.417  3.724 1.0000000000
82631  21.861  9.719  4.088 1.0000000000
125221  19.315  12.987  4.719 1.0000000000
85861  18.430  13.184  4.979 0.7500000000
84266  20.003  11.560  4.515 1.0000000000
84277  21.441  11.628  4.299 1.0000000000
85076  19.631  12.267  4.607 1.0000000000
85092  20.319  12.094  4.499 1.0000000000
84289  22.661  11.663  3.808 1.0000000000
85075  20.187  12.747  4.588 1.0000000000
85871  21.722  12.978  4.233 1.0000000000
85089  22.571  12.916  3.907 1.0000000000
85107  22.479  12.197  3.961 1.0000000000
85103  24.356  12.414  3.318 1.0000000000
136607  23.209  14.756  3.364 1.0000000000
86671  23.929  14.615  2.754 1.0000000000
87419  23.181  15.278  3.262 1.0000000000
87420  22.576  15.391  3.797 1.0000000000
91607  21.974  20.950  5.966 0.1250000000
90972  22.328  20.771  4.201 0.1250000000
92263  22.779  22.047  4.235 0.2500000000
126166  22.490  21.592  2.388 0.2500000000
90320  22.250  19.837  4.012 0.3750000000
120261  22.564  20.346  3.404 0.5000000000
91639  23.310  21.861  0.294 0.5000000000
91622  22.715  21.157  1.562 0.7500000000
94261  23.266  25.392  -0.414 0.2500000000
125565  24.397  25.061  -1.087 0.2500000000
76303  16.078  1.373  10.180 0.1250000000
75415  15.815  0.570  8.821 0.1250000000
75428  17.335  0.288  7.558 0.7500000000
75438  19.314  0.225  6.326 1.0000000000
85847  16.428  13.728  5.825 0.5000000000
83462  19.035  10.869  4.625 0.8750000000
84250  17.272  11.967  5.108 0.7500000000
84267  19.117  11.670  4.655 0.8750000000
130359  17.475  13.458  5.342 0.7500000000
85078  17.838  12.688  5.047 0.8750000000
87427  23.786  15.655  2.191 1.0000000000
86681  24.475  15.494  1.817 1.0000000000
90309  21.394  19.607  5.172 0.3750000000
90336  23.141  19.322  2.618 0.7500000000
90989  23.044  20.317  2.138 0.7500000000
129748  22.871  20.069  2.840 0.5000000000
90996  23.223  20.555  1.401 0.7500000000
71944  19.641  -3.690  7.644 0.7500000000
71954  21.634  -3.654  6.881 0.7500000000
71945  18.855  -3.659  7.962 0.7500000000
72739  18.394  -2.905  8.007 0.7500000000
71955  20.986  -3.307  7.044 0.7500000000
72747  20.104  -2.885  7.270 0.7500000000
72748  19.195  -2.903  7.650 0.7500000000
138886  18.735  -2.303  7.679 0.7500000000
72757  21.722  -2.880  6.576 0.7500000000
72758  20.856  -2.458  6.800 0.7500000000
73615  19.414  -2.016  7.277 0.7500000000
74490  17.619  -0.490  7.723 0.7500000000
73626  19.115  -1.102  7.028 0.8750000000
74489  18.383  -0.787  7.375 0.8750000000
73623  21.418  -2.098  6.416 0.7500000000
73624  20.762  -1.578  6.482 0.7500000000
74498  19.595  -0.546  6.546 0.8750000000
128045  22.510  -1.444  5.663 0.7500000000
73637  21.047  -0.948  6.036 0.7500000000
74511  20.864  -0.253  5.863 0.8750000000
74509  22.912  -0.738  5.304 0.7500000000
75449  21.487  0.316  5.529 0.8750000000
131620  23.822  0.511  4.768 0.8750000000
75462  23.079  0.716  4.962 0.8750000000
124903  23.684  1.113  4.675 0.8750000000
76377  22.933  1.666  4.759 0.8750000000
76384  26.615  1.664  4.233 0.3750000000
76385  26.067  1.819  4.125 0.6250000000
76375  24.917  1.502  4.249 0.7500000000
76376  23.993  1.837  4.353 0.7500000000
126221  26.933  2.110  4.043 0.5000000000
77204  26.461  2.333  3.921 0.5000000000
77205  25.815  2.621  3.783 0.7500000000
77206  24.994  3.062  3.685 0.7500000000
77202  27.990  2.681  4.006 0.1250000000
77953  27.507  2.971  3.818 0.3750000000
77954  26.218  3.101  3.643 0.6250000000
77955  25.543  3.423  3.537 0.6250000000
120982  25.336  4.031  3.385 0.6250000000
77939  29.790  3.181  4.414 0.1250000000
77951  29.270  3.581  4.203 0.1250000000
78644  27.874  4.245  3.789 0.1250000000
132585  28.420  4.747  3.984 0.1250000000
120511  26.310  5.157  3.413 0.6250000000
79366  27.031  5.375  3.589 0.6250000000
78642  30.060  4.476  4.175 0.1250000000
79363  30.434  5.450  4.050 0.1250000000
80197  27.808  5.851  4.010 0.1250000000
80198  27.018  6.224  3.746 0.5000000000
138852  26.437  5.831  3.476 0.6250000000
80199  26.220  6.624  3.543 0.7500000000
124963  31.126  4.492  3.905 0.1250000000
80182  27.785  6.750  4.279 0.5000000000
80994  28.626  7.417  4.716 0.5000000000
81007  26.918  7.060  3.971 0.6250000000
81018  25.725  7.395  3.452 0.7500000000
125611  21.657  16.561  4.371 0.5000000000
88204  22.493  16.306  3.843 0.7500000000
128908  27.337  8.503  4.629 0.6250000000
82629  26.090  9.606  4.053 0.6250000000
82630  25.272  9.809  3.585 0.8750000000
82616  27.982  9.167  5.223 0.5000000000
82617  26.982  9.397  4.665 0.6250000000
83459  27.608  10.177  5.311 0.6250000000
83460  26.593  10.270  4.553 0.7500000000
83472  25.707  10.565  3.920 0.8750000000
85102  24.773  13.011  3.200 0.8750000000
85879  25.180  13.635  3.080 0.8750000000
135101  26.313  10.966  4.371 0.7500000000
85074  26.004  12.237  4.078 0.8750000000
128389  25.520  12.936  3.590 0.8750000000
85868  25.898  13.668  3.734 0.8750000000
136453  25.611  14.309  3.177 0.8750000000
125360  29.360  9.957  5.496 0.3750000000
123280  28.574  9.788  5.518 0.5000000000
84265  26.487  11.615  4.578 0.6250000000
83458  29.955  10.574  5.403 0.2500000000
83445  28.782  10.651  5.651 0.3750000000
84263  27.783  11.160  5.560 0.5000000000
88977  22.098  17.257  4.176 0.6250000000
88976  22.753  17.160  3.486 0.7500000000
126161  23.051  16.587  3.142 0.7500000000
88211  23.311  16.464  2.530 0.8750000000
86669  24.774  15.039  2.143 0.8750000000
87426  25.265  15.614  2.076 0.7500000000
86659  26.012  15.049  3.531 0.8750000000
85073  26.699  12.371  4.848 0.6250000000
130724  26.279  13.018  4.318 0.7500000000
84248  28.657  11.636  5.667 0.3750000000
84249  27.858  11.887  5.583 0.5000000000
86650  26.710  14.525  4.858 0.7500000000
84247  29.660  11.392  5.516 0.2500000000
89668  22.465  17.992  3.787 0.6250000000
88989  23.368  17.072  1.962 0.8750000000
88219  23.647  16.311  1.855 0.8750000000
88217  24.553  16.028  1.431 0.8750000000
88987  24.410  17.295  1.289 0.7500000000
88209  25.648  16.384  2.437 0.8750000000
87418  26.292  15.828  4.048 0.7500000000
86641  27.493  14.190  5.375 0.5000000000
85843  29.891  13.196  5.413 0.2500000000
137378  29.411  13.716  5.537 0.5000000000
85845  27.935  13.218  5.551 0.5000000000
131261  30.223  11.909  5.284 0.2500000000
90330  22.236  18.923  3.857 0.5000000000
89667  22.757  18.622  3.237 0.5000000000
89680  24.029  18.478  1.568 0.7500000000
89679  24.595  18.228  1.359 0.7500000000
90342  24.443  19.132  1.435 0.7500000000
89678  25.098  18.471  1.541 0.7500000000
89672  26.065  18.413  2.761 0.7500000000
89677  25.506  18.428  1.938 0.7500000000
128655  24.884  18.917  1.430 0.7500000000
88975  25.981  17.368  2.898 0.7500000000
88968  26.534  17.402  3.985 0.7500000000
128824  26.463  18.077  3.522 0.7500000000
88187  28.276  16.150  5.531 0.5000000000
88958  27.996  16.961  5.339 0.3750000000
88967  27.330  17.407  4.813 0.6250000000
86639  29.319  14.383  5.567 0.2500000000
87402  29.092  15.292  5.626 0.3750000000
88186  29.423  16.251  5.589 0.3750000000
90344  23.520  19.801  1.863 0.6250000000
90343  23.954  19.418  1.575 0.7500000000
90341  24.793  19.636  1.285 0.7500000000
116448  25.742  19.931  2.024 0.7500000000
117410  26.313  19.215  2.984 0.7500000000
132654  27.222  19.521  3.781 0.6250000000
88965  29.291  17.646  5.210 0.3750000000
122469  27.829  18.291  4.643 0.3750000000
86638  30.083  14.855  5.475 0.1250000000
88185  30.397  16.403  5.369 0.1250000000
88956  29.691  16.970  5.472 0.2500000000
90350  24.249  20.103  1.082 0.6250000000
90349  24.642  20.306  0.879 0.7500000000
90994  25.218  20.201  1.208 0.6250000000
141161  26.296  20.400  2.390 0.7500000000
90327  27.920  19.751  4.007 0.3750000000
90978  27.342  20.128  3.520 0.3750000000
89666  26.704  18.912  3.625 0.7500000000
89658  29.733  18.308  4.763 0.2500000000
89659  28.771  18.332  4.774 0.3750000000
89660  26.994  18.219  4.224 0.6250000000
88201  31.647  16.655  3.382 0.1250000000
88963  31.179  17.552  4.608 0.1250000000
119770  30.966  15.275  4.426 0.1250000000
91004  23.834  20.716  0.609 0.6250000000
91003  24.256  20.761  0.510 0.6250000000
91001  25.542  21.034  0.921 0.3750000000
91621  26.762  21.110  2.461 0.3750000000
90976  29.329  20.558  3.429 0.2500000000
127190  27.936  20.415  3.595 0.3750000000
90988  26.777  20.375  2.995 0.3750000000
89665  30.981  18.892  4.118 0.1250000000
139380  29.190  19.029  4.426 0.3750000000
139648  28.698  19.594  4.171 0.3750000000
89657  30.631  18.260  4.570 0.1250000000
92293  24.591  22.660  -0.085 0.3750000000
126874  23.810  21.349  0.216 0.3750000000
91637  25.064  21.485  0.379 0.3750000000
92275  26.594  22.325  1.423 0.3750000000
91636  25.852  21.866  0.839 0.3750000000
92266  28.018  22.216  2.216 0.3750000000
91628  27.118  21.990  2.116 0.3750000000
91629  26.310  21.518  1.575 0.3750000000
90985  29.257  21.148  2.938 0.3750000000
90986  28.413  20.964  3.231 0.3750000000
91620  27.703  21.531  2.709 0.3750000000
90333  32.332  19.477  2.328 0.1250000000
90325  30.499  19.632  3.842 0.1250000000
126213  30.132  20.877  2.998 0.2500000000
119478  32.257  18.015  2.381 0.1250000000
92977  26.313  23.946  -0.090 0.2500000000
92282  27.844  23.124  0.984 0.2500000000
92283  26.886  22.947  1.024 0.3750000000
92284  26.146  22.584  0.849 0.3750000000
92272  29.593  22.633  1.239 0.1250000000
92274  27.496  22.612  1.636 0.3750000000
91618  29.710  21.548  2.439 0.1250000000
91627  29.268  22.147  1.966 0.2500000000
90993  32.114  20.900  1.766 0.1250000000
93626  25.543  24.376  -0.534 0.3750000000
92978  25.277  23.474  -0.077 0.3750000000
92967  27.122  23.538  0.427 0.2500000000
122822  28.849  23.136  0.722 0.1250000000
92965  29.031  23.571  -0.136 0.1250000000
92281  29.925  23.164  0.325 0.1250000000
90992  32.601  20.330  1.343 0.1250000000
92280  31.420  22.487  0.591 0.1250000000
93623  28.230  24.442  -1.140 0.1250000000
92292  30.816  22.926  0.286 0.1250000000
92987  29.867  23.743  -0.595 0.1250000000
91634  32.827  21.482  0.276 0.1250000000
91000  32.960  20.567  0.599 0.1250000000
74512  20.060  -0.013  6.062 0.8750000000
75461  24.446  0.851  4.562 0.6250000000
80995  27.615  7.634  4.483 0.6250000000
84274  25.792  11.454  3.970 0.8750000000
85856  27.006  13.181  5.145 0.5000000000
85055  29.504  12.327  5.531 0.3750000000
140586  22.896  17.822  3.191 0.6250000000
88982  23.143  17.258  2.694 0.8750000000
88988  23.790  17.087  1.468 0.8750000000
119444  23.640  17.770  1.694 0.7500000000
88218  24.150  16.488  1.303 0.8750000000
134855  25.630  17.758  2.158 0.7500000000
88202  26.147  16.554  3.487 0.7500000000
87403  27.943  15.189  5.550 0.5000000000
130761  27.110  15.113  5.206 0.7500000000
134086  28.459  14.586  5.592 0.5000000000
140465  31.742  20.655  2.284 0.1250000000
91635  32.075  21.903  0.872 0.1250000000
78645  26.997  4.341  3.602 0.5000000000
78646  26.140  4.430  3.401 0.6250000000
78647  25.471  4.508  3.333 0.7500000000
81766  28.377  8.299  4.991 0.3750000000
82614  30.199  9.749  5.158 0.2500000000
86651  26.233  14.406  4.044 0.7500000000
91626  30.347  22.012  1.809 0.1250000000
83457  30.761  10.509  4.678 0.1250000000
124310  19.996  -4.396  7.695 0.7500000000
71138  19.324  -4.418  7.958 0.7500000000
71934  18.078  -3.620  8.427 0.7500000000
71136  21.594  -5.048  7.357 0.7500000000
71943  20.431  -3.851  7.411 0.7500000000
71147  21.998  -4.289  6.972 0.7500000000
74475  17.127  -0.957  8.279 0.6250000000
73616  18.608  -1.593  7.538 0.7500000000
72766  22.185  -2.142  6.110 0.7500000000
72765  23.089  -2.120  5.743 0.6250000000
74519  25.135  -0.048  4.784 0.5000000000
118666  26.090  0.336  4.686 0.3750000000
75459  25.704  0.479  4.602 0.5000000000
76372  27.121  1.600  4.369 0.1250000000
121176  28.220  2.244  4.364 0.1250000000
77938  30.950  3.495  4.486 0.1250000000
78641  31.987  4.876  3.446 0.1250000000
127831  31.283  5.135  3.699 0.1250000000
79362  31.507  6.032  3.509 0.1250000000
88197  20.842  16.404  4.669 0.3750000000
80195  30.675  6.375  4.069 0.1250000000
80180  29.906  6.636  4.446 0.1250000000
80993  29.676  7.302  4.662 0.1250000000
81765  29.483  8.138  4.993 0.2500000000
82615  29.218  9.092  5.358 0.2500000000
89661  21.693  18.314  4.432 0.5000000000
131042  30.614  11.975  4.802 0.1250000000
84262  30.496  11.276  5.112 0.2500000000
85071  30.601  12.749  4.513 0.1250000000
136692  30.595  14.443  4.934 0.1250000000
87423  31.204  15.835  2.687 0.1250000000
88207  31.389  16.490  2.181 0.1250000000
89670  32.504  18.781  2.000 0.1250000000
122483  32.680  18.856  0.241 0.1250000000
92258  23.515  22.509  4.492 0.1250000000
93625  26.427  24.697  -0.746 0.2500000000
93624  27.316  24.833  -1.282 0.1250000000
135418  27.264  25.353  -2.140 0.1250000000
92974  30.694  23.398  -0.337 0.1250000000
93635  29.041  24.725  -1.899 0.1250000000
92291  31.489  22.958  -0.150 0.1250000000
90347  33.307  20.052  -0.047 0.1250000000
92279  32.240  22.363  0.100 0.1250000000
77193  23.934  2.724  4.061 0.7500000000
82643  25.656  8.936  3.631 0.7500000000
81779  26.008  8.091  3.668 0.7500000000
87414  19.949  15.190  4.885 0.3750000000
86668  24.943  14.297  2.612 0.8750000000
75450  20.606  0.567  5.732 0.8750000000
77192  24.600  2.405  3.967 0.7500000000
79368  25.613  5.147  3.290 0.6250000000
84275  25.147  11.264  3.656 0.8750000000
130330  25.395  14.974  2.636 0.8750000000
124870  24.885  23.963  -0.526 0.3750000000
93638  25.431  25.141  -1.077 0.1250000000
71942  21.212  -4.142  7.215 0.7500000000
72740  17.495  -2.774  8.555 0.7500000000
72749  18.069  -2.109  7.995 0.7500000000
72759  20.199  -2.048  6.923 0.7500000000
73617  17.861  -1.283  7.877 0.7500000000
73625  19.891  -1.345  6.740 0.8750000000
74497  20.359  -0.773  6.292 0.8750000000
74510  21.808  -0.648  5.647 0.7500000000
74521  23.415  -0.060  4.996 0.7500000000
75448  22.455  0.086  5.275 0.8750000000
74508  23.859  -0.747  5.109 0.6250000000
75457  26.962  0.886  4.669 0.2500000000
76374  26.222  1.032  4.448 0.5000000000
128234  25.633  1.255  4.325 0.6250000000
76386  25.382  2.086  3.974 0.7500000000
125286  26.890  2.812  3.798 0.5000000000
77203  27.454  2.295  4.089 0.2500000000
131443  27.642  1.831  4.421 0.1250000000
77952  28.224  3.309  3.904 0.2500000000
140755  27.066  3.451  3.709 0.3750000000
120216  26.535  3.649  3.579 0.6250000000
77950  30.477  3.888  4.249 0.1250000000
78643  28.697  4.117  4.009 0.1250000000
79365  27.778  4.995  3.768 0.5000000000
117858  28.601  5.472  4.175 0.1250000000
79364  29.271  4.993  4.200 0.1250000000
80196  29.618  5.877  4.322 0.1250000000
80181  28.836  6.450  4.473 0.1250000000
81778  26.732  7.882  4.105 0.6250000000
81767  26.433  8.722  4.120 0.6250000000
130090  26.957  10.975  4.984 0.6250000000
85857  26.546  13.817  4.630 0.7500000000
130560  26.495  15.130  4.493 0.7500000000
85057  27.462  12.473  5.408 0.5000000000
89673  23.156  18.221  2.650 0.6250000000
87425  25.830  15.716  2.982 0.7500000000
85844  28.976  13.130  5.626 0.3750000000
88980  25.376  16.996  1.967 0.7500000000
88194  27.369  16.484  5.184 0.6250000000
88195  26.677  16.611  4.495 0.7500000000
86640  28.585  13.872  5.588 0.5000000000
86649  30.088  14.000  5.363 0.1250000000
85855  30.426  13.422  5.036 0.1250000000
85072  30.320  12.589  5.169 0.2500000000
133704  25.850  19.166  2.330 0.7500000000
88957  28.830  16.966  5.489 0.3750000000
88966  28.317  17.637  5.135 0.3750000000
87401  30.025  15.642  5.543 0.3750000000
129215  25.952  20.697  1.723 0.3750000000
87400  30.581  15.465  5.180 0.1250000000
88964  30.334  17.461  5.115 0.1250000000
128217  31.076  16.127  4.832 0.1250000000
90977  28.620  20.202  3.767 0.3750000000
90987  27.453  20.821  3.177 0.3750000000
90317  30.110  19.032  4.352 0.2500000000
88974  31.784  17.616  3.884 0.1250000000
88979  31.934  17.328  2.851 0.1250000000
87409  31.359  15.962  3.921 0.1250000000
137363  31.323  18.200  4.251 0.1250000000
91644  24.623  21.917  0.103 0.3750000000
90326  29.507  19.795  3.988 0.2500000000
89664  31.688  18.547  3.707 0.1250000000
89671  32.220  18.950  2.980 0.1250000000
90324  31.398  19.408  3.514 0.1250000000
92285  25.340  22.445  0.342 0.3750000000
92273  28.535  22.601  1.567 0.3750000000
91619  28.713  21.677  2.507 0.3750000000
90334  31.784  19.988  2.794 0.1250000000
90983  32.262  20.147  2.054 0.1250000000
90339  32.550  19.511  1.608 0.1250000000
90975  30.865  20.218  3.297 0.1250000000
90984  31.076  20.774  2.663 0.1250000000
88985  31.632  17.183  1.717 0.1250000000
92976  27.426  24.124  -0.425 0.2500000000
92966  28.110  23.560  0.198 0.2500000000
139546  31.879  21.511  1.458 0.1250000000
91616  31.318  21.380  2.021 0.1250000000
91624  32.484  21.161  1.117 0.1250000000
92975  28.375  23.908  -0.499 0.1250000000
93622  29.060  24.063  -0.960 0.1250000000
92271  30.579  22.586  0.959 0.1250000000
90348  32.881  19.623  0.692 0.1250000000
91625  31.294  22.038  1.332 0.1250000000
93636  28.059  24.975  -1.983 0.1250000000
70277  19.950  -5.286  7.973 0.7500000000
71137  20.669  -4.707  7.541 0.7500000000
71126  18.572  -4.343  8.344 0.7500000000
71125  18.991  -5.069  8.329 0.7500000000
73607  17.295  -1.791  8.400 0.5000000000
73635  23.436  -1.423  5.408 0.6250000000
127770  25.175  -0.671  5.082 0.5000000000
80992  30.665  7.213  4.231 0.1250000000
80194  31.569  7.015  3.434 0.1250000000
85854  30.682  13.604  4.208 0.1250000000
132784  32.162  18.360  0.542 0.1250000000
89684  32.545  18.851  1.099 0.1250000000
71127  17.829  -4.346  8.828 0.7500000000
69454  20.642  -6.180  7.976 0.6250000000
70276  20.887  -5.473  7.684 0.6250000000
70274  23.183  -5.496  7.217 0.3750000000
71134  23.789  -4.826  6.866 0.2500000000
71146  22.775  -4.256  6.714 0.3750000000
74518  25.686  -0.269  4.913 0.3750000000
88969  21.099  17.398  4.717 0.3750000000
71952  23.173  -3.544  6.368 0.5000000000
71961  23.683  -2.726  5.963 0.5000000000
126526  23.915  -1.957  5.550 0.3750000000
69451  23.718  -6.215  7.654 0.5000000000
70275  22.318  -5.617  7.386 0.6250000000
73634  24.231  -1.322  5.313 0.5000000000
69445  20.391  -6.955  8.327 0.6250000000
71936  16.780  -3.032  9.339 0.3750000000
132801  18.317  -4.918  8.691 0.6250000000
69442  23.430  -7.111  8.052 0.3750000000
69452  22.687  -6.411  7.667 0.5000000000
69444  21.204  -6.926  8.056 0.6250000000
71144  24.216  -4.125  6.574 0.2500000000
70273  24.106  -5.450  7.272 0.2500000000
133567  16.844  -0.196  8.149 0.3750000000
71951  23.948  -3.479  6.279 0.2500000000
71960  24.327  -2.868  6.046 0.3750000000
72764  24.494  -2.259  5.704 0.2500000000
73643  25.389  -1.018  5.267 0.2500000000
73642  25.913  -0.743  5.176 0.2500000000
80955  14.694  7.178  8.061 0.1250000000
83448  14.588  10.584  6.392 0.2500000000
74516  26.711  0.184  4.886 0.2500000000
85058  16.810  12.865  5.434 0.3750000000
84252  15.093  11.945  6.037 0.2500000000
86654  19.466  14.497  4.999 0.2500000000
90321  21.764  19.319  4.485 0.2500000000
82585  14.185  9.205  7.292 0.1250000000
80971  14.412  6.927  7.282 0.2500000000
75414  16.169  0.051  8.724 0.2500000000
84251  16.029  12.177  5.612 0.3750000000
72756  22.713  -2.851  6.211 0.5000000000
71135  22.504  -4.938  7.071 0.5000000000
71953  22.325  -3.602  6.604 0.5000000000
74517  26.218  -0.073  4.886 0.2500000000
72741  16.722  -2.206  9.024 0.3750000000
74476  16.500  -0.669  8.633 0.2500000000
129823  24.519  -1.696  5.481 0.2500000000
69453  21.612  -6.094  7.684 0.6250000000
130275  23.168  -4.782  6.844 0.2500000000
71133  24.496  -4.737  6.933 0.2500000000
71145  23.525  -4.193  6.589 0.3750000000
69441  24.317  -6.738  8.110 0.3750000000
71935  17.321  -3.649  9.007 0.3750000000
126592  19.281  -5.730  8.416 0.6250000000
69443  22.552  -7.303  8.037 0.3750000000
136397  21.967  -6.884  7.876 0.5000000000
71950  24.661  -3.366  6.306 0.2500000000
73633  25.013  -1.659  5.491 0.2500000000
80943  15.097  7.263  8.514 0.1250000000
68611  18.801  -6.983  9.107 0.5000000000
122912  21.779  -7.562  8.191 0.2500000000
124922  21.668  -8.391  8.437 0.3750000000
138128  20.831  -7.798  8.475 0.5000000000
69446  19.090  -6.356  8.711 0.5000000000
69434  18.028  -6.800  9.471 0.3750000000
70253  17.813  -6.044  9.355 0.5000000000
133047  18.461  -6.371  9.075 0.5000000000
70266  17.639  -5.143  9.256 0.3750000000
70265  18.506  -5.671  8.790 0.5000000000
68579  17.063  -7.757  10.390 0.1250000000
68601  18.335  -7.561  9.546 0.3750000000
67003  17.857  -9.838  10.078 0.1250000000
68602  17.786  -8.206  9.991 0.2500000000
132447  18.702  -8.371  9.531 0.3750000000
67802  22.345  -8.834  8.563 0.2500000000
67804  20.336  -8.578  8.802 0.3750000000
124443  19.962  -7.853  8.807 0.5000000000
67772  16.885  -8.961  10.644 0.1250000000
67805  19.553  -8.496  9.156 0.3750000000
69416  16.803  -7.017  10.345 0.1250000000
138575  16.588  -5.506  10.325 0.1250000000
122937  30.335  8.883  4.840 0.1250000000
70264  19.836  -6.269  8.335 0.5000000000
71114  17.131  -4.334  9.453 0.2500000000
123473  23.013  -7.723  8.288 0.2500000000
68600  19.184  -7.721  9.165 0.5000000000
68610  19.633  -7.091  8.685 0.5000000000
67803  21.016  -8.707  8.576 0.3750000000
69435  17.268  -6.524  9.853 0.1250000000
133397  17.095  -5.728  9.839 0.1250000000
133850  17.156  -8.406  10.427 0.1250000000
67773  16.645  -8.184  10.801 0.1250000000
117289  17.515  -7.315  9.911 0.2500000000
68580  16.584  -7.464  10.740 0.1250000000
70254  16.816  -4.956  9.894 0.1250000000
67793  17.504  -9.017  10.246 0.1250000000
69436  16.640  -6.234  10.368 0.1250000000
67791  19.117  -9.194  9.451 0.2500000000
67016  19.916  -9.271  9.082 0.2500000000
73608  16.592  -1.374  8.814 0.2500000000
67792  18.257  -9.092  9.811 0.1250000000
67001  19.493  -9.977  9.339 0.1250000000
73594  15.915  -1.361  9.521 0.1250000000
88198  19.957  16.217  5.070 0.1250000000
124568  19.339  15.801  5.366 0.1250000000
88971  19.734  16.910  5.566 0.1250000000
88959  19.966  17.553  5.752 0.1250000000
89662  20.880  18.347  5.041 0.1250000000
88970  20.285  17.067  5.114 0.1250000000
89655  19.766  17.927  6.533 0.1250000000
124827  20.456  17.778  5.248 0.1250000000
90310  20.904  19.038  5.500 0.1250000000
89654  20.341  18.364  5.838 0.1250000000
125424  20.577  19.117  7.228 0.1250000000
87405  18.210  15.226  5.776 0.1250000000
87404  19.023  15.221  5.341 0.1250000000
128324  14.544  11.762  6.512 0.1250000000
71923  16.783  -3.703  9.615 0.1250000000
72704  16.018  -2.060  9.781 0.1250000000
85848  15.588  13.384  6.242 0.1250000000
88189  18.605  15.975  5.963 0.1250000000
88178  18.789  16.663  6.443 0.1250000000
133815  19.335  17.592  7.087 0.1250000000
89639  20.141  18.604  7.485 0.1250000000
90297  21.164  19.717  5.962 0.1250000000
86643  18.066  14.542  5.540 0.1250000000
116460  15.897  -0.272  9.082 0.1250000000
90322  21.265  18.953  4.880 0.1250000000
72725  16.289  -2.500  9.689 0.1250000000
85060  15.338  12.666  6.070 0.1250000000
74460  16.067  -0.870  9.159 0.1250000000
73593  16.189  -1.717  9.397 0.1250000000
122638  15.876  -0.856  10.683 0.1250000000
73574  15.804  -1.313  10.561 0.1250000000
88188  19.269  16.461  5.756 0.1250000000
88960  19.357  17.173  6.358 0.1250000000
90298  20.666  19.104  6.345 0.1250000000
89646  20.167  18.555  6.808 0.1250000000
88942  19.220  17.531  7.568 0.1250000000
90289  21.118  19.602  7.706 0.1250000000
68607  24.142  -7.483  8.473 0.1250000000
69440  25.107  -6.407  8.235 0.1250000000
69450  24.560  -5.999  7.726 0.1250000000
69449  25.191  -5.767  7.851 0.1250000000
71132  25.195  -4.548  7.052 0.1250000000
129803  24.765  -4.111  6.643 0.1250000000
71143  25.264  -3.718  6.601 0.1250000000
71959  24.782  -2.667  5.968 0.1250000000
72746  27.457  -2.671  7.200 0.1250000000
72754  26.110  -2.550  6.176 0.1250000000
130217  25.684  -2.160  5.779 0.1250000000
73622  27.189  -1.532  6.000 0.1250000000
73631  26.177  -1.097  5.361 0.1250000000
74496  28.339  -0.573  6.121 0.1250000000
73629  27.502  -0.820  5.690 0.1250000000
74506  27.046  -0.316  5.168 0.1250000000
67013  22.304  -9.512  8.753 0.1250000000
67015  20.676  -9.348  8.768 0.1250000000
67012  22.931  -9.221  8.863 0.1250000000
67800  23.936  -8.175  8.790 0.1250000000
68606  24.927  -7.163  8.620 0.1250000000
70270  26.205  -5.193  8.211 0.1250000000
71941  26.464  -3.761  7.285 0.1250000000
71949  25.927  -3.342  6.627 0.1250000000
71940  27.220  -3.409  7.580 0.1250000000
73621  28.040  -1.280  6.424 0.1250000000
75447  27.310  0.445  4.977 0.1250000000
74504  28.654  0.121  5.838 0.1250000000
74495  29.196  -0.328  6.566 0.1250000000
75456  27.601  1.231  4.733 0.1250000000
68608  23.528  -7.771  8.444 0.1250000000
74507  26.432  -0.500  5.129 0.1250000000
70271  25.583  -5.126  7.697 0.1250000000
72762  26.319  -1.739  5.720 0.1250000000
68609  22.421  -8.033  8.347 0.1250000000
67801  23.131  -8.390  8.594 0.1250000000
67014  21.557  -9.390  8.633 0.1250000000
68599  24.680  -7.875  8.999 0.1250000000
70263  25.821  -5.875  8.369 0.1250000000
71142  25.778  -4.098  7.073 0.1250000000
71131  26.216  -4.538  7.727 0.1250000000
72755  25.336  -2.823  6.146 0.1250000000
72753  26.892  -2.241  6.406 0.1250000000
71948  26.659  -2.993  6.852 0.1250000000
72752  27.748  -1.980  6.783 0.1250000000
73630  26.743  -1.020  5.416 0.1250000000
74505  27.807  -0.103  5.418 0.1250000000
73620  28.887  -1.014  6.867 0.1250000000
67000  22.674  -9.945  9.127 0.1250000000
66999  23.420  -9.655  9.370 0.1250000000
69439  26.385  -6.216  8.955 0.1250000000
75437  29.517  0.344  6.282 0.1250000000
66184  21.970  -10.091  8.837 0.1250000000
70272  24.863  -5.293  7.387 0.1250000000
72763  25.145  -2.180  5.714 0.2500000000
73614  28.587  -1.699  7.208 0.1250000000
73632  25.646  -1.515  5.481 0.2500000000
73636  21.606  -1.474  6.046 0.7500000000
73644  24.851  -1.198  5.309 0.2500000000
73645  24.640  -0.700  5.068 0.5000000000
74520  24.342  -0.006  4.814 0.5000000000
75458  26.487  0.592  4.670 0.3750000000
75460  25.175  0.711  4.522 0.5000000000
76314  15.926  1.046  9.741 0.1250000000
76373  26.693  1.158  4.481 0.2500000000
77194  23.250  2.626  4.361 1.0000000000
77201  28.730  2.872  4.205 0.1250000000
77894  14.847  3.915  7.797 0.1250000000
77956  24.873  3.874  3.461 0.8750000000
78617  14.807  4.782  7.255 0.3750000000
78660  23.624  5.218  3.616 1.0000000000
79327  14.520  5.656  6.999 0.2500000000
79369  22.615  5.809  4.095 1.0000000000
79375  24.269  5.748  3.260 0.8750000000
80159  14.043  6.334  7.297 0.3750000000
80174  16.457  6.681  5.724 0.8750000000
80200  22.892  6.148  3.911 1.0000000000
80202  21.622  7.189  4.334 1.0000000000
80211  25.064  6.592  3.172 1.0000000000
80985  15.085  8.023  6.369 0.3750000000
81008  26.285  7.386  3.742 0.7500000000
81011  21.098  7.920  4.357 1.0000000000
81744  14.320  8.392  7.309 0.2500000000
81780  21.651  8.515  4.259 1.0000000000
81793  24.423  8.884  3.074 1.0000000000
82632  21.335  9.676  4.280 1.0000000000
82646  23.198  9.484  3.101 1.0000000000
82647  22.782  10.181  3.389 1.0000000000
83446  16.040  10.538  5.561 0.5000000000
83473  24.828  10.672  3.493 1.0000000000
83475  21.143  10.916  4.353 1.0000000000
83485  23.582  11.044  3.215 1.0000000000
83487  22.746  10.978  3.598 1.0000000000
84228  14.209  11.521  6.903 0.1250000000
84240  14.313  11.075  6.652 0.2500000000
84264  27.169  11.740  5.242 0.6250000000
84268  18.247  12.056  4.816 1.0000000000
84276  22.093  11.626  4.108 1.0000000000
85056  28.395  12.447  5.626 0.5000000000
85059  15.971  13.007  5.779 0.3750000000
85091  21.030  12.348  4.401 1.0000000000
85105  23.855  13.378  3.250 1.0000000000
85106  23.000  12.427  3.705 1.0000000000
85860  18.946  13.543  4.955 0.7500000000
85869  23.063  13.710  3.627 1.0000000000
85880  24.619  13.695  2.913 0.8750000000
85882  24.141  14.098  2.825 1.0000000000
86642  18.711  14.706  5.333 0.2500000000
86672  23.445  14.407  3.271 1.0000000000
86682  24.367  14.817  2.342 0.8750000000
87410  27.469  15.766  5.347 0.7500000000
87411  26.821  15.842  4.917 0.6250000000
87435  24.785  15.662  1.666 0.8750000000
87436  24.106  15.842  1.664 0.8750000000
88192  31.471  16.790  4.359 0.1250000000
88193  31.020  16.877  5.006 0.1250000000
88203  23.106  15.941  3.203 0.8750000000
88210  25.085  16.182  1.649 0.8750000000
88934  19.040  17.362  7.749 0.1250000000
88981  24.786  16.731  1.422 0.8750000000
88986  25.095  17.670  1.573 0.7500000000
89681  23.592  18.673  2.049 0.7500000000
90318  28.301  19.012  4.391 0.3750000000
90319  27.456  18.991  4.196 0.6250000000
90328  26.755  19.687  3.314 0.3750000000
90335  26.297  19.806  2.685 0.7500000000
90340  25.289  19.222  1.635 0.7500000000
90995  23.680  20.305  1.137 0.6250000000
91002  24.816  20.803  0.575 0.7500000000
91617  30.527  21.353  2.413 0.1250000000
91638  24.383  21.328  0.222 0.6250000000
91645  24.139  22.002  -0.020 0.3750000000
92286  22.614  22.599  0.875 0.2500000000
92296  23.276  22.556  0.032 0.5000000000
92300  23.515  23.404  -0.277 0.3750000000
92968  26.129  23.230  0.511 0.3750000000
92969  22.618  23.421  0.875 0.2500000000
92979  24.313  23.910  -0.635 0.3750000000
92989  23.847  23.574  -0.461 0.3750000000
93616  22.886  24.914  1.086 0.1250000000
93639  23.487  23.956  -0.405 0.3750000000
119792  23.347  17.757  2.157 0.8750000000
120621  21.802  6.458  4.308 1.0000000000
122500  32.103  18.112  3.242 0.1250000000
123045  24.578  23.384  -0.353 0.3750000000
123438  23.063  7.080  3.631 1.0000000000
123693  23.623  15.119  2.797 0.8750000000
125167  25.896  3.851  3.430 0.6250000000
125539  18.200  11.389  4.803 0.6250000000
125804  22.870  22.991  0.172 0.3750000000
126143  23.115  22.385  3.716 0.2500000000
127955  24.028  17.751  1.363 0.7500000000
128734  23.708  24.923  -0.954 0.2500000000
128865  24.826  4.510  3.360 0.7500000000
129347  24.677  7.993  3.024 1.0000000000
129848  14.769  11.226  6.141 0.3750000000
130861  20.954  10.231  4.353 1.0000000000
130889  27.564  3.639  3.753 0.3750000000
131086  22.076  10.233  3.970 1.0000000000
131088  22.167  9.146  3.889 1.0000000000
131089  20.630  9.244  4.384 1.0000000000
132703  30.078  20.257  3.556 0.2500000000
135040  27.870  25.323  -2.724 0.1250000000
135311  24.204  24.560  -0.975 0.3750000000
137301  23.263  23.053  -0.146 0.5000000000
137308  13.982  6.139  7.147 0.3750000000
138127  20.205  -7.427  8.568 0.3750000000
138199  28.045  3.786  3.823 0.1250000000
138969  28.633  22.196  2.093 0.2500000000
139207  24.831  0.354  4.654 0.6250000000
139964  22.017  8.017  4.161 1.0000000000
140086  25.674  -4.586  7.377 0.1250000000
