#!ascii label  , from subject sub-v2s0x30151_ses-1 vox2ras=TkReg
754
133560  29.930  -52.175  9.275 0.6000000238
128239  25.471  -50.065  11.428 0.6999999881
29747  25.499  -51.460  11.768 0.6999999881
27862  27.876  -53.847  12.060 0.8999999762
26856  28.667  -54.316  11.635 0.8000000119
26855  29.392  -53.898  11.210 0.8000000119
29774  30.239  -51.834  9.680 0.6000000238
29789  29.761  -51.574  8.753 0.6999999881
30751  29.846  -50.625  8.585 0.6999999881
31670  25.255  -49.317  10.983 0.6999999881
31671  24.846  -49.444  10.358 0.6999999881
30703  26.089  -50.212  11.996 0.6999999881
30685  26.892  -50.371  12.341 0.6000000238
29726  27.426  -51.201  12.431 0.6999999881
116473  27.065  -52.023  12.305 0.6999999881
29745  28.157  -52.006  12.365 0.8000000119
29744  29.199  -51.865  12.271 0.8000000119
28789  28.972  -52.698  12.120 0.8000000119
27860  29.613  -53.144  11.464 0.8000000119
28802  30.335  -52.092  10.428 0.6000000238
136643  30.380  -50.404  9.129 0.6000000238
31687  30.081  -49.875  8.648 0.6999999881
30752  29.062  -50.857  7.945 0.6999999881
32610  25.091  -48.617  10.275 0.5000000000
32625  24.758  -48.337  9.523 0.6000000238
32598  26.215  -48.350  11.684 0.4000000060
31659  25.931  -49.288  11.662 0.6000000238
31658  26.516  -49.669  12.180 0.5000000000
30684  27.821  -50.403  12.607 0.6000000238
29725  28.469  -51.185  12.523 0.8000000119
29724  29.454  -51.066  12.448 0.6999999881
30702  30.257  -50.805  12.183 0.6999999881
30701  30.736  -50.291  11.751 0.6999999881
31669  30.993  -49.473  10.094 0.5000000000
31704  30.502  -49.246  8.998 0.6000000238
31705  29.707  -49.106  8.237 0.6000000238
31706  29.136  -49.872  7.896 0.6000000238
30767  28.340  -50.274  7.374 0.5000000000
34460  25.512  -46.175  9.929 0.5000000000
33575  24.715  -47.699  9.100 0.6000000238
33592  24.339  -47.650  8.394 0.6000000238
117368  25.460  -47.070  10.167 0.5000000000
136870  27.786  -48.883  12.808 0.5000000000
32581  29.624  -48.884  13.068 0.6000000238
32580  30.408  -48.866  12.747 0.6000000238
31639  30.750  -49.469  12.193 0.6000000238
31657  31.087  -49.588  11.282 0.5000000000
137283  31.194  -48.566  10.122 0.5000000000
32624  30.836  -48.574  9.410 0.6000000238
32639  29.398  -48.262  7.823 0.5000000000
32652  28.519  -48.037  7.072 0.5000000000
32669  27.687  -48.773  6.121 0.5000000000
134189  28.084  -48.589  6.762 0.5000000000
34492  24.806  -46.388  8.496 0.5000000000
34511  24.513  -46.063  7.607 0.5000000000
33551  25.940  -47.687  11.192 0.5000000000
33550  26.488  -47.508  11.773 0.4000000060
34436  27.414  -46.542  12.649 0.3000000119
33535  27.660  -47.355  12.814 0.4000000060
33534  28.297  -47.844  13.109 0.3000000119
33523  28.158  -46.885  13.157 0.3000000119
32568  29.256  -48.074  13.268 0.5000000000
32567  30.131  -48.192  13.141 0.5000000000
33533  31.056  -47.498  12.565 0.5000000000
32596  31.373  -48.116  11.377 0.5000000000
32608  31.399  -48.018  10.542 0.5000000000
33573  31.195  -47.896  9.735 0.6000000238
32638  30.228  -48.441  8.557 0.5000000000
33591  29.945  -47.605  8.106 0.5000000000
33608  28.421  -47.306  6.489 0.5000000000
35335  25.005  -45.286  8.250 0.5000000000
35315  25.397  -45.365  9.353 0.5000000000
35298  26.006  -45.963  10.745 0.5000000000
126922  26.489  -45.896  11.553 0.4000000060
34437  26.741  -46.673  11.978 0.5000000000
128255  26.984  -45.935  12.201 0.4000000060
34421  28.040  -45.997  13.178 0.3000000119
34419  29.648  -46.583  13.462 0.3000000119
34435  30.927  -46.967  12.950 0.4000000060
33532  31.392  -47.425  11.846 0.5000000000
33549  31.557  -47.388  11.009 0.4000000060
33590  30.683  -47.748  8.903 0.5000000000
34489  31.247  -46.212  8.972 0.5000000000
34490  30.482  -46.793  8.340 0.5000000000
33619  28.154  -47.358  5.936 0.5000000000
34510  28.429  -46.785  6.090 0.4000000060
33607  29.099  -47.420  7.337 0.5000000000
36197  24.778  -44.226  7.215 0.5000000000
127436  25.310  -44.696  8.958 0.5000000000
127099  25.578  -44.675  9.678 0.5000000000
35285  26.205  -45.021  11.039 0.4000000060
36134  26.821  -45.013  12.115 0.4000000060
35271  27.422  -45.550  12.755 0.3000000119
35258  28.703  -45.488  13.483 0.3000000119
124305  30.321  -45.981  13.461 0.4000000060
35270  30.969  -46.278  13.095 0.4000000060
126124  31.511  -45.133  12.167 0.4000000060
34434  31.332  -46.644  12.380 0.4000000060
35284  31.587  -45.860  11.796 0.4000000060
34450  31.577  -46.665  11.416 0.5000000000
35297  31.614  -45.902  10.735 0.5000000000
33557  31.456  -47.274  10.189 0.6000000238
35334  30.753  -45.805  8.028 0.4000000060
34491  29.636  -46.888  7.601 0.5000000000
37029  25.154  -43.453  8.443 0.4000000060
36165  26.008  -44.147  10.773 0.4000000060
36181  25.375  -43.927  9.183 0.4000000060
133528  26.397  -44.164  11.611 0.4000000060
36133  27.436  -44.637  12.943 0.4000000060
36120  28.686  -44.691  13.558 0.4000000060
36119  29.538  -44.162  13.676 0.4000000060
35256  30.212  -45.002  13.556 0.4000000060
136661  30.926  -45.454  13.198 0.4000000060
139890  31.267  -45.093  12.767 0.4000000060
123578  31.575  -45.090  11.321 0.5000000000
36164  31.570  -44.928  10.359 0.6000000238
35333  31.420  -45.311  8.688 0.4000000060
37013  24.626  -42.740  8.047 0.4000000060
36999  25.686  -43.450  10.462 0.4000000060
37012  25.193  -42.890  9.057 0.4000000060
36998  26.075  -43.456  11.203 0.4000000060
36121  28.055  -44.435  13.372 0.4000000060
36118  30.503  -44.048  13.430 0.4000000060
36956  31.065  -43.882  12.844 0.4000000060
36147  31.486  -44.557  11.816 0.4000000060
116992  31.461  -44.208  11.040 0.5000000000
36180  31.599  -44.677  9.384 0.6000000238
37873  24.598  -42.112  8.688 0.4000000060
119786  25.322  -42.741  10.029 0.4000000060
36979  25.691  -42.706  10.847 0.4000000060
119767  26.922  -43.831  12.564 0.4000000060
128450  27.729  -43.791  13.280 0.4000000060
36943  28.333  -43.050  13.592 0.4000000060
37804  29.793  -42.521  13.604 0.5000000000
36941  30.086  -43.316  13.581 0.4000000060
36940  30.681  -43.358  13.147 0.3000000119
36977  30.912  -42.976  12.351 0.3000000119
36976  31.296  -43.900  12.000 0.4000000060
36996  31.354  -43.599  10.507 0.4000000060
122313  31.420  -43.453  9.868 0.4000000060
118952  31.517  -44.119  10.019 0.5000000000
37891  23.900  -41.824  8.132 0.4000000060
36958  26.687  -42.827  12.376 0.4000000060
36957  27.428  -42.823  13.123 0.4000000060
37806  28.143  -42.191  13.582 0.3000000119
37805  28.975  -42.373  13.775 0.3000000119
37803  30.460  -42.670  13.185 0.3000000119
37823  30.533  -42.110  12.695 0.3000000119
37856  30.816  -42.548  11.321 0.3000000119
37855  31.104  -42.891  10.396 0.4000000060
38698  24.577  -41.248  9.670 0.3000000119
37857  25.229  -41.754  10.332 0.3000000119
37844  25.791  -41.904  11.277 0.3000000119
37825  26.933  -42.048  12.792 0.3000000119
37824  27.514  -41.954  13.273 0.3000000119
38636  28.774  -41.560  13.706 0.3000000119
38634  30.190  -41.903  13.241 0.4000000060
39523  30.399  -40.881  12.659 0.4000000060
38669  30.525  -41.519  12.275 0.3000000119
127351  30.678  -42.208  10.613 0.4000000060
37871  30.875  -42.222  9.843 0.4000000060
39501  30.041  -41.043  13.246 0.4000000060
39536  30.360  -40.207  12.342 0.4000000060
38670  30.421  -40.894  11.826 0.4000000060
38696  30.360  -41.623  10.275 0.4000000060
38697  29.989  -41.032  9.722 0.4000000060
118649  30.555  -41.590  9.437 0.4000000060
139169  30.231  -40.305  11.525 0.4000000060
38683  30.043  -40.886  10.729 0.5000000000
39569  29.478  -40.331  9.745 0.4000000060
39579  29.630  -40.628  9.030 0.3000000119
28811  30.071  -52.633  9.895 0.6999999881
28790  27.799  -52.909  12.216 0.8000000119
29759  30.610  -51.309  10.407 0.6000000238
29743  30.069  -51.595  11.990 0.6999999881
28787  30.384  -51.914  11.193 0.6999999881
31723  28.762  -48.877  7.508 0.6000000238
32583  26.815  -48.169  12.208 0.4000000060
141044  28.033  -48.418  12.971 0.4000000060
30683  28.808  -50.396  12.714 0.6999999881
30681  30.366  -50.128  12.335 0.6999999881
30713  30.933  -50.423  10.841 0.6999999881
134014  25.766  -46.630  10.579 0.5000000000
137433  30.851  -48.712  12.322 0.5000000000
33521  29.857  -47.415  13.333 0.4000000060
34459  31.584  -46.740  10.651 0.6000000238
34472  31.183  -47.090  9.314 0.5000000000
35314  31.547  -45.588  9.680 0.6000000238
127715  28.582  -43.892  13.610 0.3000000119
36997  31.174  -43.344  11.272 0.4000000060
38715  24.080  -41.254  8.903 0.4000000060
37842  30.696  -42.160  12.009 0.3000000119
38682  30.489  -41.698  11.288 0.3000000119
21110  25.087  -60.568  11.082 0.6000000238
127789  25.561  -61.345  10.772 0.6000000238
18408  25.634  -63.769  9.510 0.6000000238
18422  26.614  -62.946  8.157 0.6000000238
123306  23.678  -61.215  10.613 0.5000000000
21111  24.060  -60.474  10.871 0.6000000238
23042  25.601  -58.350  11.458 0.6999999881
22051  26.099  -59.047  11.346 0.6999999881
127364  24.595  -61.268  10.839 0.6000000238
22062  26.648  -59.721  11.016 0.6000000238
20178  26.393  -61.525  10.380 0.6000000238
20177  27.169  -60.932  10.133 0.6000000238
20193  26.886  -61.750  9.687 0.6000000238
18407  26.649  -62.520  9.146 0.6000000238
19306  27.061  -62.160  8.306 0.6000000238
20224  27.226  -61.774  6.673 0.6999999881
22065  23.681  -59.638  10.643 0.6000000238
24038  24.574  -57.323  11.404 0.6999999881
21120  23.198  -60.389  10.235 0.5000000000
23043  24.710  -58.198  11.354 0.6999999881
22064  24.528  -59.726  11.131 0.6999999881
23041  26.515  -58.327  11.392 0.6999999881
23055  27.049  -58.946  11.139 0.6999999881
22061  27.548  -59.518  10.558 0.5000000000
21132  27.838  -60.758  8.592 0.6000000238
123065  28.154  -60.263  7.870 0.6000000238
140180  27.661  -61.217  7.081 0.6999999881
22100  28.243  -59.786  7.076 0.6999999881
20236  27.697  -60.916  6.282 0.6999999881
22137  27.889  -59.936  5.614 0.6999999881
22211  29.535  -60.143  0.003 0.4000000060
24214  27.844  -58.227  2.182 0.5000000000
23177  26.974  -58.379  2.883 0.6000000238
22148  27.071  -59.608  3.922 0.6000000238
119471  27.772  -59.174  5.260 0.6999999881
129655  23.137  -57.860  8.242 0.5000000000
24065  23.352  -57.120  9.944 0.5000000000
25000  23.658  -56.631  10.724 0.6000000238
23064  23.251  -58.590  9.781 0.5000000000
139922  24.161  -56.600  11.286 0.6999999881
132925  23.618  -57.506  10.640 0.5000000000
23057  23.557  -58.276  10.558 0.6000000238
123731  25.849  -56.401  11.675 0.6999999881
126916  25.466  -57.122  11.585 0.6999999881
24985  27.197  -56.926  11.485 0.6999999881
23054  27.786  -58.667  10.710 0.6999999881
21119  27.770  -60.479  9.453 0.6000000238
22099  28.393  -59.323  7.958 0.6000000238
22122  28.337  -59.022  7.071 0.6999999881
122920  28.172  -59.273  6.200 0.6999999881
23146  27.950  -58.383  5.644 0.6999999881
122139  27.390  -59.130  4.513 0.6000000238
23157  27.497  -58.428  4.747 0.6000000238
135156  23.081  -54.180  9.274 0.5000000000
25053  22.910  -56.237  8.019 0.4000000060
25967  23.431  -55.279  9.929 0.5000000000
25977  23.159  -55.357  9.181 0.5000000000
25027  23.321  -56.145  9.802 0.5000000000
26880  24.347  -54.248  11.156 0.6000000238
25942  23.730  -55.665  10.698 0.6000000238
122037  26.276  -54.033  12.001 0.6999999881
25917  24.843  -54.917  11.522 0.6000000238
25916  25.791  -54.828  11.850 0.6999999881
121870  26.657  -56.442  11.652 0.6999999881
23040  27.346  -58.189  11.151 0.6999999881
23053  28.320  -58.238  10.145 0.6999999881
22074  28.079  -59.623  9.716 0.6999999881
22084  28.382  -59.131  8.957 0.6999999881
119742  28.435  -57.438  7.775 0.6999999881
138816  28.309  -57.704  6.968 0.8000000119
24127  27.994  -57.438  6.070 0.6999999881
25124  27.501  -56.990  3.149 0.5000000000
136839  27.084  -57.097  3.817 0.6000000238
24145  27.568  -57.594  5.065 0.6000000238
26902  22.637  -54.689  7.760 0.4000000060
28805  23.627  -52.995  9.967 0.6000000238
26894  23.274  -54.636  9.547 0.6000000238
27880  23.940  -53.648  10.539 0.6000000238
27865  25.119  -53.059  11.594 0.6000000238
27864  25.930  -53.095  11.996 0.6000000238
126636  27.128  -54.140  12.040 0.6999999881
26858  26.824  -54.772  11.910 0.6999999881
25914  27.390  -56.183  11.578 0.6999999881
24984  27.976  -56.718  11.192 0.6999999881
123479  28.225  -55.906  11.254 0.8000000119
24999  28.501  -56.371  10.668 0.8000000119
24064  28.601  -57.341  9.494 0.6000000238
121258  28.544  -57.602  8.632 0.6000000238
25061  28.125  -56.085  6.876 0.8000000119
25067  27.801  -56.406  6.118 0.6999999881
117433  27.950  -57.073  2.823 0.5000000000
125441  27.235  -56.993  3.463 0.6000000238
25086  27.080  -56.093  4.564 0.6999999881
25114  27.803  -56.369  3.288 0.6000000238
28813  23.339  -52.314  9.341 0.5000000000
29791  22.701  -52.324  7.876 0.4000000060
29808  22.532  -51.837  7.181 0.4000000060
28812  23.847  -52.214  10.144 0.5000000000
129148  23.215  -53.147  9.335 0.5000000000
129984  24.304  -52.149  10.722 0.6000000238
28793  24.658  -52.557  11.206 0.6000000238
28791  26.110  -52.134  12.109 0.6000000238
27863  26.934  -53.454  12.146 0.6999999881
120479  27.555  -55.379  11.678 0.8000000119
25913  28.470  -55.101  11.400 0.8000000119
26893  29.303  -54.805  10.024 0.6000000238
25976  28.800  -55.422  8.688 0.6000000238
135393  28.564  -56.042  8.223 0.6999999881
25985  28.040  -55.297  6.996 0.6999999881
26938  26.985  -54.043  5.742 0.6999999881
25115  27.351  -56.223  3.667 0.6000000238
26952  27.265  -54.405  4.558 0.6000000238
127781  27.392  -53.434  4.706 0.6000000238
119824  28.031  -55.221  3.677 0.6000000238
26951  27.784  -54.118  4.295 0.6000000238
31689  23.996  -50.025  9.219 0.5000000000
140840  23.363  -51.545  9.007 0.5000000000
29807  22.841  -51.620  7.848 0.5000000000
30769  22.783  -50.903  7.285 0.5000000000
116788  24.487  -50.051  10.077 0.5000000000
29775  23.729  -51.540  9.650 0.5000000000
29748  24.742  -51.645  11.155 0.6000000238
26878  29.551  -54.062  10.311 0.6999999881
27887  29.697  -53.392  9.631 0.6000000238
26900  29.067  -53.998  8.546 0.6000000238
27921  28.458  -53.760  7.733 0.6000000238
26919  28.046  -54.413  7.224 0.6999999881
28849  28.097  -52.815  7.277 0.6000000238
127425  27.346  -53.788  6.430 0.6000000238
26945  26.948  -54.240  5.064 0.6999999881
116617  28.668  -55.245  3.591 0.5000000000
117918  28.520  -53.183  4.539 0.4000000060
31707  24.084  -49.246  8.843 0.5000000000
32641  23.845  -48.880  8.185 0.5000000000
31725  23.397  -49.343  7.583 0.5000000000
31739  23.111  -49.000  6.665 0.5000000000
31756  22.368  -49.242  5.169 0.5000000000
31768  21.846  -49.378  4.663 0.5000000000
28829  29.521  -52.602  8.764 0.6000000238
28830  28.764  -52.448  7.846 0.6000000238
28850  27.496  -52.085  6.563 0.4000000060
28860  27.107  -51.916  5.932 0.5000000000
28870  27.346  -51.821  5.351 0.4000000060
28880  27.797  -52.794  4.680 0.4000000060
28881  27.328  -52.596  4.993 0.5000000000
32640  24.320  -48.452  8.826 0.6000000238
32654  23.999  -48.177  8.085 0.5000000000
32655  23.619  -48.372  7.301 0.5000000000
32670  23.260  -48.138  6.264 0.5000000000
125975  22.387  -47.888  5.007 0.5000000000
33650  21.911  -47.993  4.730 0.5000000000
32700  20.703  -48.191  4.670 0.4000000060
31757  18.931  -48.987  5.121 0.5000000000
30794  17.887  -49.923  5.130 0.4000000060
29820  16.958  -51.278  5.729 0.4000000060
28872  16.746  -52.324  5.170 0.4000000060
121133  28.170  -51.005  7.258 0.6000000238
30768  27.697  -50.248  6.619 0.4000000060
29818  27.330  -51.011  5.666 0.4000000060
29843  27.710  -51.870  4.890 0.4000000060
33609  23.993  -47.544  7.600 0.5000000000
129330  23.569  -46.773  6.251 0.4000000060
33634  22.683  -47.196  5.304 0.4000000060
33635  21.939  -47.222  4.901 0.5000000000
34538  20.826  -46.551  5.420 0.4000000060
32686  20.130  -47.901  5.066 0.5000000000
33638  19.819  -47.625  5.719 0.4000000060
32672  19.397  -48.259  6.266 0.5000000000
32673  18.843  -48.861  5.906 0.5000000000
30780  18.184  -50.280  6.661 0.3000000119
30781  17.448  -50.861  6.286 0.3000000119
29810  17.049  -52.220  6.884 0.3000000119
31738  27.531  -49.597  6.181 0.4000000060
34522  24.183  -45.858  6.827 0.5000000000
34523  23.685  -46.048  6.246 0.5000000000
35378  22.638  -45.804  5.555 0.4000000060
35355  24.513  -45.217  7.076 0.4000000060
35364  23.902  -45.263  6.331 0.4000000060
35366  22.568  -45.067  5.715 0.4000000060
136072  21.809  -44.943  5.933 0.4000000060
36213  23.933  -43.740  6.401 0.4000000060
37054  22.975  -43.524  6.108 0.4000000060
36224  22.453  -44.190  5.968 0.4000000060
37044  23.418  -42.845  6.577 0.4000000060
36225  21.863  -44.027  6.328 0.4000000060
35356  21.095  -45.023  7.353 0.4000000060
140410  20.806  -45.568  7.201 0.4000000060
37045  22.515  -42.857  6.495 0.4000000060
37043  24.389  -43.163  7.092 0.3000000119
36214  21.417  -44.016  7.108 0.4000000060
129764  21.259  -44.602  7.959 0.4000000060
34475  20.671  -46.684  8.191 0.4000000060
37903  23.731  -42.334  7.351 0.4000000060
133309  20.863  -47.066  9.009 0.4000000060
33576  20.994  -47.845  9.439 0.4000000060
37892  23.079  -41.765  7.722 0.3000000119
37894  21.991  -42.354  8.124 0.4000000060
37014  21.517  -43.288  8.627 0.4000000060
36198  21.388  -43.984  8.176 0.4000000060
35316  21.304  -45.206  9.401 0.4000000060
34493  21.042  -46.156  8.976 0.4000000060
118758  21.343  -46.051  9.873 0.3000000119
139681  29.385  -53.473  8.890 0.6000000238
29760  24.198  -51.519  10.367 0.5000000000
29790  28.945  -51.733  7.926 0.6000000238
30778  27.339  -50.229  5.931 0.4000000060
19299  26.022  -63.033  9.729 0.6000000238
21158  28.049  -60.172  6.333 0.6999999881
23126  28.258  -58.361  6.576 0.6999999881
23210  28.354  -58.762  1.644 0.5000000000
24202  28.705  -57.298  2.437 0.5000000000
124212  26.991  -59.009  2.443 0.5000000000
24203  27.600  -57.664  2.665 0.4000000060
24189  27.066  -57.667  3.410 0.6000000238
135636  23.100  -56.704  8.455 0.5000000000
125951  28.299  -57.284  10.572 0.6999999881
25104  27.184  -56.911  4.438 0.6000000238
26859  25.229  -53.934  11.687 0.6000000238
23063  28.501  -58.285  9.112 0.6999999881
25060  28.397  -56.535  7.619 0.8000000119
26019  27.280  -55.776  5.377 0.6999999881
27902  22.647  -53.730  8.085 0.4000000060
124221  28.830  -56.097  10.116 0.6000000238
25051  28.567  -56.876  8.495 0.6000000238
26937  27.447  -54.657  6.383 0.6999999881
26003  27.608  -55.515  6.222 0.6999999881
26042  29.005  -55.930  3.200 0.5000000000
25122  29.334  -56.638  2.705 0.5000000000
26025  27.298  -55.343  4.098 0.6000000238
123664  29.123  -54.760  9.068 0.6999999881
26918  28.695  -54.610  8.165 0.6999999881
25984  28.448  -55.269  7.790 0.6999999881
28861  27.021  -52.697  5.485 0.6000000238
119851  27.637  -54.877  3.992 0.6000000238
27949  28.483  -53.961  4.270 0.6000000238
122539  23.547  -50.373  8.596 0.5000000000
116673  23.236  -50.209  7.880 0.5000000000
31726  22.932  -49.896  6.980 0.4000000060
27900  28.932  -53.194  8.159 0.6000000238
27934  27.266  -52.851  6.354 0.6000000238
29848  17.380  -51.145  4.540 0.3000000119
29831  27.627  -51.040  5.259 0.4000000060
33636  21.114  -47.049  4.885 0.5000000000
31742  17.837  -50.039  5.873 0.4000000060
28863  16.751  -52.545  6.142 0.4000000060
37904  22.840  -42.206  7.005 0.4000000060
37905  22.145  -42.523  7.150 0.4000000060
12391  27.546  -70.381  -5.661 0.3000000119
13343  27.663  -69.601  -5.218 0.3000000119
16810  25.016  -64.868  0.334 0.4000000060
16771  26.548  -65.139  2.031 0.4000000060
15849  26.430  -66.029  2.136 0.4000000060
14998  26.638  -66.882  2.136 0.4000000060
18516  25.180  -63.985  0.455 0.4000000060
17677  24.397  -64.250  0.605 0.4000000060
18493  24.354  -63.594  2.194 0.4000000060
17623  23.902  -64.846  3.791 0.5000000000
18465  24.856  -64.043  4.447 0.5000000000
17674  26.785  -63.920  1.053 0.4000000060
17676  25.513  -64.666  0.557 0.5000000000
17691  24.200  -64.924  0.357 0.5000000000
16731  24.357  -64.858  4.756 0.5000000000
17658  27.306  -63.845  1.914 0.5000000000
16792  25.840  -65.323  1.292 0.5000000000
17657  28.015  -64.390  2.859 0.5000000000
15848  27.305  -65.898  2.554 0.4000000060
15847  28.219  -66.299  2.546 0.4000000060
15011  27.280  -67.624  1.835 0.4000000060
15010  28.147  -67.416  1.566 0.4000000060
15047  28.005  -68.301  0.001 0.3000000119
15060  28.129  -67.894  -1.907 0.4000000060
20319  27.420  -62.152  0.445 0.4000000060
20303  25.858  -62.029  1.223 0.4000000060
128220  25.597  -61.746  1.984 0.4000000060
19417  27.791  -62.588  0.541 0.4000000060
18514  26.555  -63.360  0.589 0.4000000060
19420  26.071  -62.670  0.719 0.4000000060
19388  25.237  -62.450  1.604 0.4000000060
140168  24.985  -62.629  2.183 0.5000000000
18481  25.177  -62.972  3.412 0.5000000000
139460  27.625  -63.006  0.600 0.4000000060
18505  26.600  -63.638  0.629 0.4000000060
17688  25.907  -63.983  0.456 0.4000000060
19370  25.411  -62.280  2.799 0.5000000000
19352  25.641  -62.590  3.961 0.5000000000
18455  24.973  -64.342  5.155 0.5000000000
18454  25.483  -63.710  5.169 0.6000000238
18442  26.428  -62.917  6.126 0.6000000238
17612  25.343  -64.348  5.807 0.6000000238
21169  27.498  -60.619  5.340 0.6000000238
20237  27.201  -61.463  5.683 0.6000000238
18443  25.959  -63.729  6.194 0.5000000000
15871  28.623  -66.795  2.015 0.4000000060
19316  26.928  -62.382  7.421 0.5000000000
15026  28.478  -67.684  0.640 0.4000000060
15025  29.197  -67.317  0.188 0.4000000060
15046  28.699  -67.713  -0.416 0.4000000060
21222  26.602  -60.621  1.612 0.4000000060
21207  26.378  -60.338  2.352 0.5000000000
20283  26.038  -61.227  2.812 0.5000000000
21192  26.579  -60.314  3.326 0.5000000000
19339  25.860  -62.958  4.804 0.5000000000
21181  27.049  -60.453  4.360 0.5000000000
120247  26.717  -61.923  5.129 0.6000000238
22147  27.508  -59.840  4.826 0.6000000238
21170  26.961  -61.221  4.809 0.6000000238
11422  27.389  -71.436  -6.181 0.3000000119
13328  29.513  -69.441  -5.032 0.3000000119
15070  30.704  -67.577  -2.705 0.3000000119
20318  29.048  -61.509  -0.009 0.4000000060
116639  28.454  -61.099  0.228 0.4000000060
21231  27.912  -60.417  0.854 0.4000000060
21232  26.924  -61.389  0.903 0.4000000060
22201  26.969  -59.945  1.714 0.4000000060
23212  27.112  -59.260  2.008 0.4000000060
22165  26.724  -59.344  2.875 0.5000000000
19328  26.775  -62.500  6.657 0.6000000238
18430  26.474  -63.226  7.088 0.5000000000
21221  27.206  -60.551  1.189 0.4000000060
18506  25.065  -63.217  0.873 0.4000000060
17613  24.838  -64.762  5.538 0.5000000000
15071  29.852  -67.451  -2.422 0.3000000119
124701  27.696  -61.305  0.541 0.4000000060
140846  26.059  -61.860  3.767 0.5000000000
20251  26.509  -61.682  4.452 0.6000000238
15872  27.617  -66.839  2.267 0.4000000060
15875  24.422  -65.338  0.283 0.4000000060
15900  28.937  -67.100  1.137 0.4000000060
16770  27.302  -64.839  2.493 0.5000000000
17659  26.779  -64.410  1.742 0.5000000000
17675  26.236  -64.406  0.979 0.5000000000
17689  25.289  -64.442  0.433 0.4000000060
17690  24.789  -64.677  0.369 0.5000000000
18453  26.045  -63.193  5.525 0.6000000238
18464  25.281  -63.320  4.218 0.5000000000
18482  24.661  -63.651  3.401 0.5000000000
18504  27.172  -63.397  0.764 0.4000000060
18513  27.125  -63.150  0.557 0.4000000060
18515  25.873  -63.320  0.570 0.4000000060
19338  26.363  -62.586  5.351 0.6000000238
19351  26.210  -62.274  4.585 0.5000000000
19371  24.867  -63.006  2.621 0.5000000000
19389  24.737  -63.013  1.730 0.4000000060
19403  28.292  -62.674  0.672 0.4000000060
19404  25.590  -62.719  0.915 0.4000000060
19418  27.023  -62.839  0.472 0.4000000060
19419  26.471  -62.956  0.524 0.4000000060
20192  27.444  -61.250  9.245 0.6000000238
20202  27.478  -61.477  8.432 0.6000000238
20203  27.143  -61.855  8.989 0.6000000238
20213  27.391  -61.689  7.620 0.6999999881
20265  26.507  -61.107  3.932 0.6000000238
20302  26.344  -61.475  1.238 0.4000000060
20320  26.577  -62.240  0.700 0.4000000060
21107  27.581  -60.183  10.122 0.5000000000
21108  27.085  -60.222  10.572 0.5000000000
21109  26.286  -60.640  10.857 0.6000000238
21146  27.988  -60.583  7.062 0.6999999881
21230  29.070  -60.859  -0.044 0.4000000060
22052  25.065  -59.005  11.360 0.6999999881
22060  28.103  -59.009  10.204 0.6999999881
22063  25.621  -59.806  11.226 0.6000000238
22073  28.318  -58.875  9.672 0.6999999881
22085  28.181  -59.950  8.766 0.6000000238
22086  23.137  -59.241  9.255 0.5000000000
22185  26.759  -59.708  2.129 0.4000000060
22200  27.443  -59.760  1.519 0.4000000060
22212  28.665  -60.254  0.494 0.4000000060
23056  24.053  -58.823  11.038 0.6999999881
23075  28.462  -58.640  8.386 0.6999999881
23098  28.417  -58.363  7.572 0.6999999881
23158  27.070  -58.565  3.733 0.6000000238
23197  27.318  -58.446  2.442 0.5000000000
23211  27.637  -58.970  1.864 0.5000000000
24035  27.669  -57.475  11.168 0.6999999881
24036  26.874  -57.628  11.441 0.6999999881
24037  26.007  -57.715  11.543 0.6999999881
24039  23.926  -57.200  11.134 0.5000000000
24051  27.942  -57.987  10.788 0.6999999881
24052  24.000  -57.899  11.121 0.6000000238
24088  28.489  -58.066  8.296 0.6999999881
24089  23.223  -56.846  9.118 0.5000000000
24090  23.000  -57.069  7.837 0.4000000060
24169  27.204  -57.688  4.172 0.6000000238
24204  27.224  -57.650  2.954 0.5000000000
24986  26.344  -57.042  11.599 0.6999999881
24987  24.918  -56.484  11.559 0.6999999881
24988  24.380  -55.789  11.352 0.6000000238
25026  28.762  -56.296  9.259 0.6000000238
25052  23.101  -56.119  8.810 0.5000000000
25085  27.474  -56.694  5.264 0.6000000238
25105  27.095  -56.469  3.942 0.6000000238
25123  28.442  -56.501  2.960 0.5000000000
25915  26.477  -55.668  11.783 0.6999999881
25940  28.913  -55.534  10.637 0.6000000238
25941  24.163  -55.041  11.081 0.6000000238
25966  29.027  -55.507  9.646 0.6000000238
26020  27.048  -55.179  4.678 0.6999999881
26032  28.218  -55.805  3.387 0.6000000238
26033  27.661  -55.624  3.662 0.6000000238
26857  27.775  -54.603  11.837 0.8000000119
26879  29.185  -54.673  10.944 0.6999999881
26881  23.735  -54.619  10.406 0.6000000238
26892  29.409  -54.097  9.404 0.6999999881
26901  22.908  -54.532  8.749 0.5000000000
26944  27.104  -54.875  5.537 0.6999999881
26961  28.255  -54.648  3.923 0.6000000238
27861  28.822  -53.534  11.916 0.8000000119
27878  29.839  -53.338  10.572 0.8000000119
27879  24.527  -53.373  11.205 0.6000000238
27888  23.390  -53.846  9.732 0.6000000238
27901  22.934  -53.715  8.999 0.5000000000
27922  27.799  -53.521  7.026 0.6000000238
27935  26.968  -53.352  5.870 0.6000000238
27942  26.942  -53.491  5.309 0.6000000238
27950  27.084  -53.149  5.041 0.5000000000
28788  29.830  -52.376  11.728 0.6999999881
28792  25.301  -52.324  11.705 0.6000000238
28803  30.130  -52.640  10.898 0.6000000238
28804  24.146  -52.824  10.637 0.6000000238
28831  22.871  -52.877  8.594 0.4000000060
28851  22.449  -52.656  7.210 0.4000000060
29742  30.602  -51.107  11.448 0.6999999881
29746  26.351  -51.163  12.179 0.6999999881
29776  23.021  -51.953  8.518 0.4000000060
29805  28.107  -51.865  7.216 0.6000000238
29806  27.441  -51.146  6.380 0.5000000000
29830  27.994  -51.095  4.980 0.4000000060
29833  16.838  -51.500  5.093 0.4000000060
30682  29.729  -50.304  12.616 0.6999999881
30704  25.112  -50.791  11.285 0.6000000238
30714  24.924  -50.071  10.819 0.6999999881
30715  24.585  -50.812  10.599 0.5000000000
30734  30.710  -50.455  9.871 0.6000000238
30735  30.356  -51.067  9.366 0.6000000238
30736  24.119  -50.807  9.831 0.5000000000
30737  23.668  -50.894  9.104 0.5000000000
30753  23.196  -51.069  8.332 0.5000000000
30771  17.499  -51.540  6.986 0.3000000119
30791  27.979  -50.307  5.198 0.4000000060
30795  17.278  -50.641  5.328 0.4000000060
31640  30.069  -49.590  12.740 0.6999999881
31641  29.181  -49.628  12.921 0.6999999881
31642  28.229  -49.624  12.822 0.5000000000
31643  27.265  -49.529  12.520 0.5000000000
31686  30.592  -49.905  9.337 0.6000000238
31688  24.504  -49.165  9.596 0.5000000000
31708  23.674  -49.678  8.398 0.5000000000
31724  28.002  -49.424  6.939 0.5000000000
31741  18.449  -49.531  6.305 0.4000000060
31758  18.366  -49.452  5.527 0.5000000000
32579  31.153  -48.150  12.143 0.5000000000
32582  28.612  -48.787  13.079 0.5000000000
32597  31.124  -48.826  11.732 0.5000000000
32599  25.616  -48.502  11.089 0.4000000060
32609  31.273  -48.789  10.864 0.5000000000
32653  27.991  -47.979  6.281 0.5000000000
32668  27.889  -48.083  5.910 0.5000000000
32671  22.798  -48.701  5.780 0.5000000000
32684  22.871  -47.944  5.501 0.5000000000
32685  22.520  -48.450  5.212 0.5000000000
32687  19.404  -48.322  5.428 0.5000000000
32698  22.137  -48.575  4.835 0.5000000000
32699  21.484  -48.590  4.573 0.5000000000
32701  19.892  -48.726  4.785 0.4000000060
33520  30.576  -47.532  13.069 0.4000000060
33522  28.988  -47.200  13.371 0.3000000119
33536  27.087  -47.390  12.352 0.4000000060
33558  25.494  -47.801  10.559 0.5000000000
33574  25.121  -47.742  9.818 0.5000000000
33593  20.535  -47.708  8.466 0.4000000060
33610  23.632  -47.468  6.706 0.5000000000
33620  23.243  -47.317  5.873 0.5000000000
33637  20.426  -47.210  5.224 0.4000000060
33651  21.334  -47.737  4.685 0.5000000000
33652  20.720  -47.566  4.823 0.5000000000
34418  30.415  -46.801  13.276 0.4000000060
34420  28.809  -46.323  13.429 0.3000000119
34451  26.172  -46.791  11.225 0.5000000000
34471  31.504  -46.472  9.918 0.6000000238
34473  25.083  -46.893  9.322 0.6000000238
34508  29.818  -46.132  7.386 0.5000000000
34509  28.962  -46.575  6.697 0.5000000000
34512  24.004  -46.667  7.035 0.5000000000
34521  28.506  -46.767  5.905 0.5000000000
34535  23.072  -46.411  5.680 0.4000000060
34536  22.335  -46.449  5.296 0.4000000060
35257  29.500  -45.735  13.572 0.4000000060
35259  28.019  -45.140  13.253 0.4000000060
35269  31.343  -45.740  12.621 0.4000000060
35299  25.760  -45.305  10.184 0.5000000000
35336  21.147  -45.264  8.406 0.4000000060
35337  20.870  -45.815  7.906 0.4000000060
35365  23.192  -45.470  5.823 0.5000000000
36131  31.325  -44.522  12.492 0.4000000060
36132  30.965  -44.652  13.131 0.4000000060
36166  25.657  -44.065  10.044 0.4000000060
36196  25.190  -44.186  8.259 0.5000000000
36212  24.187  -44.571  6.489 0.4000000060
36223  23.314  -44.482  5.984 0.4000000060
36942  29.228  -43.214  13.735 0.5000000000
36978  26.183  -42.740  11.616 0.4000000060
37030  21.652  -43.151  7.561 0.4000000060
37046  21.874  -43.249  6.702 0.4000000060
37843  26.341  -42.011  12.082 0.3000000119
37872  24.886  -41.984  9.439 0.4000000060
37893  22.528  -42.050  7.604 0.4000000060
38635  29.561  -41.725  13.601 0.3000000119
38637  27.978  -41.363  13.494 0.3000000119
38654  30.382  -41.463  12.882 0.4000000060
38714  30.231  -41.076  9.103 0.3000000119
116511  25.656  -50.731  11.782 0.6999999881
116717  21.428  -44.635  6.518 0.4000000060
117235  23.227  -57.733  9.204 0.5000000000
118540  16.990  -51.703  6.283 0.4000000060
119961  26.041  -61.176  1.801 0.5000000000
120860  28.663  -56.703  10.081 0.6000000238
120868  27.120  -55.826  4.139 0.6000000238
120879  26.218  -63.425  8.915 0.6000000238
122253  21.305  -44.676  8.646 0.4000000060
122508  26.737  -52.722  12.202 0.6999999881
122909  26.796  -62.196  5.942 0.6000000238
123031  23.359  -57.849  10.040 0.5000000000
123167  24.956  -43.538  7.749 0.3000000119
123215  28.278  -61.900  0.203 0.4000000060
123507  25.167  -46.027  9.078 0.5000000000
123820  28.052  -57.653  2.431 0.5000000000
124320  25.439  -43.439  9.779 0.4000000060
124772  27.780  -61.013  7.775 0.6000000238
125218  29.328  -45.015  13.632 0.4000000060
126585  28.288  -67.990  -1.032 0.4000000060
127235  24.327  -64.347  3.878 0.5000000000
127989  25.343  -55.675  11.676 0.6999999881
128185  30.740  -48.179  12.713 0.5000000000
129506  23.472  -58.955  10.443 0.6000000238
129519  27.945  -53.470  4.460 0.4000000060
130184  28.341  -52.430  4.713 0.4000000060
130671  24.379  -46.907  7.987 0.6000000238
130769  26.598  -48.948  12.170 0.4000000060
130896  16.761  -51.862  5.663 0.4000000060
132655  26.444  -43.418  11.893 0.4000000060
132742  27.041  -53.702  4.908 0.6999999881
132845  27.829  -60.422  5.883 0.6999999881
133077  24.459  -63.610  1.183 0.4000000060
133170  27.525  -48.112  12.690 0.4000000060
133975  18.694  -49.805  7.016 0.3000000119
134726  27.178  -48.730  12.484 0.4000000060
135855  25.252  -57.750  11.498 0.6999999881
135940  28.228  -56.933  6.892 0.8000000119
136327  23.162  -57.244  8.555 0.5000000000
136351  24.668  -47.112  8.669 0.6000000238
136785  22.286  -43.499  6.226 0.4000000060
137606  18.482  -49.529  4.932 0.5000000000
137856  24.773  -63.771  0.702 0.4000000060
139617  28.344  -55.843  7.493 0.6999999881
139664  26.990  -66.441  2.362 0.4000000060
139790  25.746  -47.188  10.763 0.5000000000
140982  22.711  -61.880  10.153 0.5000000000
141018  23.901  -56.169  11.101 0.6000000238
141031  17.761  -50.468  4.719 0.3000000119
141055  25.850  -44.649  10.344 0.5000000000
