#!ascii label  , from subject sub-v2s0x30151_ses-1 vox2ras=TkReg
311
120216  26.535  3.649  3.579 0.0000000000
71134  23.789  -4.826  6.866 0.0000000000
128726  24.995  9.166  3.349 0.0000000000
90342  24.443  19.132  1.435 0.0000000000
69453  21.612  -6.094  7.684 0.0000000000
84263  27.783  11.160  5.560 0.0000000000
86650  26.710  14.525  4.858 0.0000000000
76376  23.993  1.837  4.353 0.0000000000
127770  25.175  -0.671  5.082 0.0000000000
76372  27.121  1.600  4.369 0.0000000000
80196  29.618  5.877  4.322 0.0000000000
77939  29.790  3.181  4.414 0.0000000000
79367  25.755  5.959  3.282 0.0000000000
81766  28.377  8.299  4.991 0.0000000000
88217  24.553  16.028  1.431 0.0000000000
88967  27.330  17.407  4.813 0.0000000000
72755  25.336  -2.823  6.146 0.0000000000
128389  25.520  12.936  3.590 0.0000000000
136453  25.611  14.309  3.177 0.0000000000
77206  24.994  3.062  3.685 0.0000000000
76385  26.067  1.819  4.125 0.0000000000
125286  26.890  2.812  3.798 0.0000000000
70274  23.183  -5.496  7.217 0.0000000000
81019  25.148  7.373  3.176 0.0000000000
81007  26.918  7.060  3.971 0.0000000000
81767  26.433  8.722  4.120 0.0000000000
85844  28.976  13.130  5.626 0.0000000000
84247  29.660  11.392  5.516 0.0000000000
89673  23.156  18.221  2.650 0.0000000000
87428  23.483  15.790  2.626 0.0000000000
88987  24.410  17.295  1.289 0.0000000000
92266  28.018  22.216  2.216 0.0000000000
90986  28.413  20.964  3.231 0.0000000000
132654  27.222  19.521  3.781 0.0000000000
139648  28.698  19.594  4.171 0.0000000000
88965  29.291  17.646  5.210 0.0000000000
74507  26.432  -0.500  5.129 0.0000000000
73633  25.013  -1.659  5.491 0.0000000000
69444  21.204  -6.926  8.056 0.0000000000
83460  26.593  10.270  4.553 0.0000000000
84274  25.792  11.454  3.970 0.0000000000
85856  27.006  13.181  5.145 0.0000000000
134086  28.459  14.586  5.592 0.0000000000
74521  23.415  -0.060  4.996 0.0000000000
75461  24.446  0.851  4.562 0.0000000000
118666  26.090  0.336  4.686 0.0000000000
75447  27.310  0.445  4.977 0.0000000000
79365  27.778  4.995  3.768 0.0000000000
77952  28.224  3.309  3.904 0.0000000000
78642  30.060  4.476  4.175 0.0000000000
78648  24.152  4.467  3.519 0.0000000000
79376  23.656  5.735  3.470 0.0000000000
79368  25.613  5.147  3.290 0.0000000000
80198  27.018  6.224  3.746 0.0000000000
80994  28.626  7.417  4.716 0.0000000000
129369  30.513  8.028  4.516 0.0000000000
123280  28.574  9.788  5.518 0.0000000000
82614  30.199  9.749  5.158 0.0000000000
86681  24.475  15.494  1.817 0.0000000000
116448  25.742  19.931  2.024 0.0000000000
89672  26.065  18.413  2.761 0.0000000000
88975  25.981  17.368  2.898 0.0000000000
87425  25.830  15.716  2.982 0.0000000000
88194  27.369  16.484  5.184 0.0000000000
88186  29.423  16.251  5.589 0.0000000000
71952  23.173  -3.544  6.368 0.0000000000
73635  23.436  -1.423  5.408 0.0000000000
121176  28.220  2.244  4.364 0.0000000000
76360  29.333  1.426  5.397 0.0000000000
85879  25.180  13.635  3.080 0.0000000000
86668  24.943  14.297  2.612 0.0000000000
77955  25.543  3.423  3.537 0.0000000000
77205  25.815  2.621  3.783 0.0000000000
77954  26.218  3.101  3.643 0.0000000000
138128  20.831  -7.798  8.475 0.0000000000
130275  23.168  -4.782  6.844 0.0000000000
81792  25.234  8.261  3.300 0.0000000000
81779  26.008  8.091  3.668 0.0000000000
82643  25.656  8.936  3.631 0.0000000000
85843  29.891  13.196  5.413 0.0000000000
85072  30.320  12.589  5.169 0.0000000000
89680  24.029  18.478  1.568 0.0000000000
88982  23.143  17.258  2.694 0.0000000000
88988  23.790  17.087  1.468 0.0000000000
89679  24.595  18.228  1.359 0.0000000000
90977  28.620  20.202  3.767 0.0000000000
139380  29.190  19.029  4.426 0.0000000000
73629  27.502  -0.820  5.690 0.0000000000
73630  26.743  -1.020  5.416 0.0000000000
71942  21.212  -4.142  7.215 0.0000000000
84275  25.147  11.264  3.656 0.0000000000
84286  24.516  11.533  3.424 0.0000000000
85857  26.546  13.817  4.630 0.0000000000
130724  26.279  13.018  4.318 0.0000000000
86641  27.493  14.190  5.375 0.0000000000
86640  28.585  13.872  5.588 0.0000000000
90344  23.520  19.801  1.863 0.0000000000
124903  23.684  1.113  4.675 0.0000000000
76384  26.615  1.664  4.233 0.0000000000
76374  26.222  1.032  4.448 0.0000000000
75457  26.962  0.886  4.669 0.0000000000
74516  26.711  0.184  4.886 0.0000000000
75456  27.601  1.231  4.733 0.0000000000
136397  21.967  -6.884  7.876 0.0000000000
117858  28.601  5.472  4.175 0.0000000000
132585  28.420  4.747  3.984 0.0000000000
79364  29.271  4.993  4.200 0.0000000000
77957  23.816  4.029  3.727 0.0000000000
80212  24.336  6.508  3.161 0.0000000000
119448  25.007  5.815  3.196 0.0000000000
78658  24.910  5.119  3.268 0.0000000000
79366  27.031  5.375  3.589 0.0000000000
138852  26.437  5.831  3.476 0.0000000000
80995  27.615  7.634  4.483 0.0000000000
80993  29.676  7.302  4.662 0.0000000000
81765  29.483  8.138  4.993 0.0000000000
130090  26.957  10.975  4.984 0.0000000000
83459  27.608  10.177  5.311 0.0000000000
83458  29.955  10.574  5.403 0.0000000000
82613  30.996  9.663  4.248 0.0000000000
87427  23.786  15.655  2.191 0.0000000000
87419  23.181  15.278  3.262 0.0000000000
86683  24.075  15.261  2.205 0.0000000000
91620  27.703  21.531  2.709 0.0000000000
91628  27.118  21.990  2.116 0.0000000000
141161  26.296  20.400  2.390 0.0000000000
117410  26.313  19.215  2.984 0.0000000000
89660  26.994  18.219  4.224 0.0000000000
128824  26.463  18.077  3.522 0.0000000000
88968  26.534  17.402  3.985 0.0000000000
88202  26.147  16.554  3.487 0.0000000000
88195  26.677  16.611  4.495 0.0000000000
87418  26.292  15.828  4.048 0.0000000000
88957  28.830  16.966  5.489 0.0000000000
88956  29.691  16.970  5.472 0.0000000000
87401  30.025  15.642  5.543 0.0000000000
72757  21.722  -2.880  6.576 0.0000000000
74508  23.859  -0.747  5.109 0.0000000000
74509  22.912  -0.738  5.304 0.0000000000
73634  24.231  -1.322  5.313 0.0000000000
130217  25.684  -2.160  5.779 0.0000000000
72764  24.494  -2.259  5.704 0.0000000000
71959  24.782  -2.667  5.968 0.0000000000
71950  24.661  -3.366  6.306 0.0000000000
77951  29.270  3.581  4.203 0.0000000000
77202  27.990  2.681  4.006 0.0000000000
85088  25.126  12.116  3.541 0.0000000000
85102  24.773  13.011  3.200 0.0000000000
85868  25.898  13.668  3.734 0.0000000000
86651  26.233  14.406  4.044 0.0000000000
77192  24.600  2.405  3.967 0.0000000000
76375  24.917  1.502  4.249 0.0000000000
76386  25.382  2.086  3.974 0.0000000000
77204  26.461  2.333  3.921 0.0000000000
126221  26.933  2.110  4.043 0.0000000000
70275  22.318  -5.617  7.386 0.0000000000
69452  22.687  -6.411  7.667 0.0000000000
69451  23.718  -6.215  7.654 0.0000000000
80180  29.906  6.636  4.446 0.0000000000
79363  30.434  5.450  4.050 0.0000000000
81020  24.485  7.315  3.077 0.0000000000
80210  25.580  6.761  3.320 0.0000000000
80199  26.220  6.624  3.543 0.0000000000
81018  25.725  7.395  3.452 0.0000000000
81778  26.732  7.882  4.105 0.0000000000
128908  27.337  8.503  4.629 0.0000000000
84249  27.858  11.887  5.583 0.0000000000
84248  28.657  11.636  5.667 0.0000000000
85055  29.504  12.327  5.531 0.0000000000
131261  30.223  11.909  5.284 0.0000000000
88219  23.647  16.311  1.855 0.0000000000
88218  24.150  16.488  1.303 0.0000000000
91619  28.713  21.677  2.507 0.0000000000
90987  27.453  20.821  3.177 0.0000000000
90978  27.342  20.128  3.520 0.0000000000
90327  27.920  19.751  4.007 0.0000000000
122469  27.829  18.291  4.643 0.0000000000
88966  28.317  17.637  5.135 0.0000000000
89659  28.771  18.332  4.774 0.0000000000
89658  29.733  18.308  4.763 0.0000000000
73642  25.913  -0.743  5.176 0.0000000000
73643  25.389  -1.018  5.267 0.0000000000
73631  26.177  -1.097  5.361 0.0000000000
72762  26.319  -1.739  5.720 0.0000000000
69445  20.391  -6.955  8.327 0.0000000000
69454  20.642  -6.180  7.976 0.0000000000
71136  21.594  -5.048  7.357 0.0000000000
71135  22.504  -4.938  7.071 0.0000000000
71146  22.775  -4.256  6.714 0.0000000000
82644  24.461  9.941  3.245 0.0000000000
82630  25.272  9.809  3.585 0.0000000000
83472  25.707  10.565  3.920 0.0000000000
135101  26.313  10.966  4.371 0.0000000000
84265  26.487  11.615  4.578 0.0000000000
85074  26.004  12.237  4.078 0.0000000000
85073  26.699  12.371  4.848 0.0000000000
85057  27.462  12.473  5.408 0.0000000000
85845  27.935  13.218  5.551 0.0000000000
137378  29.411  13.716  5.537 0.0000000000
86639  29.319  14.383  5.567 0.0000000000
90336  23.141  19.322  2.618 0.0000000000
90343  23.954  19.418  1.575 0.0000000000
131620  23.822  0.511  4.768 0.0000000000
74519  25.135  -0.048  4.784 0.0000000000
128234  25.633  1.255  4.325 0.0000000000
75459  25.704  0.479  4.602 0.0000000000
74518  25.686  -0.269  4.913 0.0000000000
74517  26.218  -0.073  4.886 0.0000000000
74506  27.046  -0.316  5.168 0.0000000000
74505  27.807  -0.103  5.418 0.0000000000
78645  26.997  4.341  3.602 0.0000000000
140755  27.066  3.451  3.709 0.0000000000
78644  27.874  4.245  3.789 0.0000000000
78643  28.697  4.117  4.009 0.0000000000
124963  31.126  4.492  3.905 0.0000000000
77950  30.477  3.888  4.249 0.0000000000
77207  24.223  3.260  3.798 0.0000000000
131464  24.403  3.756  3.587 0.0000000000
120982  25.336  4.031  3.385 0.0000000000
78659  24.215  5.111  3.400 0.0000000000
78647  25.471  4.508  3.333 0.0000000000
78646  26.140  4.430  3.401 0.0000000000
120511  26.310  5.157  3.413 0.0000000000
80197  27.808  5.851  4.010 0.0000000000
80182  27.785  6.750  4.279 0.0000000000
80181  28.836  6.450  4.473 0.0000000000
82629  26.090  9.606  4.053 0.0000000000
82617  26.982  9.397  4.665 0.0000000000
82616  27.982  9.167  5.223 0.0000000000
83445  28.782  10.651  5.651 0.0000000000
125360  29.360  9.957  5.496 0.0000000000
82615  29.218  9.092  5.358 0.0000000000
122937  30.335  8.883  4.840 0.0000000000
86669  24.774  15.039  2.143 0.0000000000
90341  24.793  19.636  1.285 0.0000000000
90994  25.218  20.201  1.208 0.0000000000
128655  24.884  18.917  1.430 0.0000000000
89678  25.098  18.471  1.541 0.0000000000
89677  25.506  18.428  1.938 0.0000000000
134855  25.630  17.758  2.158 0.0000000000
89666  26.704  18.912  3.625 0.0000000000
88980  25.376  16.996  1.967 0.0000000000
88209  25.648  16.384  2.437 0.0000000000
87426  25.265  15.614  2.076 0.0000000000
130330  25.395  14.974  2.636 0.0000000000
86659  26.012  15.049  3.531 0.0000000000
130560  26.495  15.130  4.493 0.0000000000
130761  27.110  15.113  5.206 0.0000000000
88958  27.996  16.961  5.339 0.0000000000
88187  28.276  16.150  5.531 0.0000000000
87403  27.943  15.189  5.550 0.0000000000
87402  29.092  15.292  5.626 0.0000000000
86638  30.083  14.855  5.475 0.0000000000
71953  22.325  -3.602  6.604 0.0000000000
71145  23.525  -4.193  6.589 0.0000000000
72765  23.089  -2.120  5.743 0.0000000000
129823  24.519  -1.696  5.481 0.0000000000
126526  23.915  -1.957  5.550 0.0000000000
71961  23.683  -2.726  5.963 0.0000000000
71951  23.948  -3.479  6.279 0.0000000000
77953  27.507  2.971  3.818 0.0000000000
77203  27.454  2.295  4.089 0.0000000000
131443  27.642  1.831  4.421 0.0000000000
77191  29.244  2.505  4.608 0.0000000000
76370  28.833  1.869  4.822 0.0000000000
76371  28.071  1.717  4.639 0.0000000000
75446  28.093  0.639  5.211 0.0000000000
72763  25.145  -2.180  5.714 0.0000000000
73632  25.646  -1.515  5.481 0.0000000000
73644  24.851  -1.198  5.309 0.0000000000
73645  24.640  -0.700  5.068 0.0000000000
74520  24.342  -0.006  4.814 0.0000000000
75458  26.487  0.592  4.670 0.0000000000
75460  25.175  0.711  4.522 0.0000000000
76361  28.430  1.297  5.034 0.0000000000
76373  26.693  1.158  4.481 0.0000000000
77201  28.730  2.872  4.205 0.0000000000
77956  24.873  3.874  3.461 0.0000000000
79375  24.269  5.748  3.260 0.0000000000
80211  25.064  6.592  3.172 0.0000000000
81008  26.285  7.386  3.742 0.0000000000
81793  24.423  8.884  3.074 0.0000000000
82645  23.823  9.678  3.034 0.0000000000
84264  27.169  11.740  5.242 0.0000000000
85056  28.395  12.447  5.626 0.0000000000
85880  24.619  13.695  2.913 0.0000000000
86682  24.367  14.817  2.342 0.0000000000
87410  27.469  15.766  5.347 0.0000000000
87411  26.821  15.842  4.917 0.0000000000
87435  24.785  15.662  1.666 0.0000000000
87436  24.106  15.842  1.664 0.0000000000
88210  25.085  16.182  1.649 0.0000000000
88981  24.786  16.731  1.422 0.0000000000
88986  25.095  17.670  1.573 0.0000000000
88989  23.368  17.072  1.962 0.0000000000
89681  23.592  18.673  2.049 0.0000000000
90318  28.301  19.012  4.391 0.0000000000
90319  27.456  18.991  4.196 0.0000000000
90328  26.755  19.687  3.314 0.0000000000
90335  26.297  19.806  2.685 0.0000000000
90340  25.289  19.222  1.635 0.0000000000
90995  23.680  20.305  1.137 0.0000000000
119792  23.347  17.757  2.157 0.0000000000
123693  23.623  15.119  2.797 0.0000000000
125167  25.896  3.851  3.430 0.0000000000
127955  24.028  17.751  1.363 0.0000000000
128865  24.826  4.510  3.360 0.0000000000
130889  27.564  3.639  3.753 0.0000000000
138127  20.205  -7.427  8.568 0.0000000000
138199  28.045  3.786  3.823 0.0000000000
139207  24.831  0.354  4.654 0.0000000000
