#!ascii label  , from subject sub-v2s0x29045_ses-1 vox2ras=TkReg
1434
115801  -42.996  -12.244  10.146 0.0000000000
66519  -53.748  -15.193  -3.733 0.0000000000
74533  -49.272  -5.841  10.563 0.0000000000
66424  -48.303  -16.632  4.276 0.0000000000
64741  -48.565  -18.430  13.595 0.0000000000
71726  -46.952  -10.043  0.919 0.0000000000
75332  -52.613  -4.357  2.388 0.0000000000
77564  -44.259  -1.969  7.006 0.0000000000
65519  -42.265  -17.460  15.298 0.0000000000
66405  -43.328  -17.006  5.895 0.0000000000
68804  -45.951  -14.201  1.781 0.0000000000
70254  -44.503  -12.187  6.119 0.0000000000
75200  -52.306  -4.702  16.345 0.0000000000
108982  -54.039  -8.352  9.272 0.0000000000
76076  -51.753  -3.338  9.770 0.0000000000
76111  -48.086  -4.262  5.112 0.0000000000
78272  -47.925  -0.116  11.227 0.0000000000
68120  -50.591  -13.674  -6.447 0.0000000000
73131  -40.637  -7.802  10.658 0.0000000000
72402  -46.479  -9.375  10.335 0.0000000000
66390  -53.833  -16.636  6.892 0.0000000000
117503  -48.732  -19.470  8.590 0.0000000000
65587  -42.335  -17.491  10.446 0.0000000000
67936  -42.441  -14.318  15.107 0.0000000000
68875  -48.963  -13.385  -3.784 0.0000000000
71766  -49.036  -8.919  -5.425 0.0000000000
70980  -49.229  -10.217  7.512 0.0000000000
73193  -50.759  -7.033  1.115 0.0000000000
74632  -51.293  -5.073  -5.665 0.0000000000
76901  -49.077  -1.684  -2.985 0.0000000000
78352  -44.775  -0.389  -1.093 0.0000000000
67968  -42.839  -14.448  8.791 0.0000000000
67978  -43.529  -14.320  6.337 0.0000000000
68780  -44.678  -13.720  8.465 0.0000000000
76740  -51.909  -2.479  17.193 0.0000000000
76057  -53.690  -3.668  13.781 0.0000000000
77524  -50.928  -2.070  13.581 0.0000000000
77544  -50.329  -1.939  10.135 0.0000000000
67299  -52.573  -14.297  -5.009 0.0000000000
109034  -38.711  -5.516  11.174 0.0000000000
114034  -41.977  -5.490  10.134 0.0000000000
63968  -48.475  -19.569  10.895 0.0000000000
63978  -44.795  -19.191  9.756 0.0000000000
65581  -45.023  -18.092  11.917 0.0000000000
117697  -42.414  -14.850  16.157 0.0000000000
69471  -38.943  -12.002  15.942 0.0000000000
119566  -38.904  -9.278  15.037 0.0000000000
70206  -36.193  -11.343  14.464 0.0000000000
68001  -49.909  -14.731  2.780 0.0000000000
70279  -45.505  -11.768  1.229 0.0000000000
68841  -47.203  -13.804  -1.135 0.0000000000
70300  -47.348  -11.623  -2.076 0.0000000000
70320  -48.419  -11.483  -5.194 0.0000000000
71040  -48.242  -10.197  -2.000 0.0000000000
73146  -47.841  -7.403  9.517 0.0000000000
70242  -48.887  -11.997  9.428 0.0000000000
70960  -51.003  -10.868  10.321 0.0000000000
73864  -53.355  -6.349  5.482 0.0000000000
73158  -52.771  -7.401  5.499 0.0000000000
73895  -52.944  -5.850  1.874 0.0000000000
73913  -52.195  -6.311  -1.538 0.0000000000
76175  -52.663  -4.165  -1.204 0.0000000000
76190  -50.917  -3.309  -3.815 0.0000000000
76867  -51.373  -3.066  -0.168 0.0000000000
76813  -46.033  -3.167  5.938 0.0000000000
76849  -46.729  -2.841  1.392 0.0000000000
76837  -44.695  -2.309  2.499 0.0000000000
78334  -42.916  -0.566  0.444 0.0000000000
77590  -42.357  -1.869  4.159 0.0000000000
66408  -46.203  -17.274  4.801 0.0000000000
67216  -46.854  -15.589  3.251 0.0000000000
67213  -44.291  -14.825  3.890 0.0000000000
115199  -43.999  -12.817  3.618 0.0000000000
70991  -45.280  -10.484  3.453 0.0000000000
74491  -51.494  -5.466  13.518 0.0000000000
120237  -52.848  -8.405  11.366 0.0000000000
123432  -53.858  -6.184  12.877 0.0000000000
74543  -53.325  -5.549  9.513 0.0000000000
74555  -51.874  -5.578  6.514 0.0000000000
75319  -50.410  -4.471  3.616 0.0000000000
75288  -49.457  -4.624  7.210 0.0000000000
76793  -48.497  -2.336  8.364 0.0000000000
77549  -46.909  -1.462  8.502 0.0000000000
69610  -48.605  -12.268  -7.728 0.0000000000
71650  -43.112  -9.130  11.966 0.0000000000
70954  -44.682  -10.376  10.827 0.0000000000
72399  -43.830  -8.716  10.674 0.0000000000
74539  -44.830  -6.111  9.527 0.0000000000
75265  -46.507  -4.874  11.390 0.0000000000
75206  -44.490  -4.199  14.583 0.0000000000
75230  -47.697  -4.667  13.985 0.0000000000
66396  -51.008  -17.090  5.809 0.0000000000
107070  -51.373  -18.526  7.611 0.0000000000
116968  -48.319  -18.624  6.570 0.0000000000
64811  -45.715  -19.174  7.338 0.0000000000
65595  -42.534  -17.963  7.944 0.0000000000
66333  -48.494  -16.191  15.460 0.0000000000
67122  -45.077  -15.261  17.161 0.0000000000
67928  -45.354  -13.624  15.772 0.0000000000
66363  -45.470  -16.377  13.564 0.0000000000
66369  -43.101  -15.792  12.795 0.0000000000
70223  -41.309  -11.210  11.813 0.0000000000
68066  -53.846  -14.503  -2.226 0.0000000000
68040  -48.721  -14.452  0.896 0.0000000000
119161  -50.109  -14.419  -1.174 0.0000000000
104997  -52.729  -14.262  -3.804 0.0000000000
69589  -51.252  -12.656  -5.651 0.0000000000
70337  -49.840  -11.430  -6.983 0.0000000000
71787  -48.826  -8.993  -7.650 0.0000000000
104017  -47.171  -12.973  9.214 0.0000000000
109963  -47.322  -11.462  7.336 0.0000000000
106885  -47.441  -8.875  4.634 0.0000000000
71676  -52.064  -9.860  7.970 0.0000000000
72445  -49.432  -8.017  4.810 0.0000000000
72475  -48.979  -8.113  1.425 0.0000000000
72502  -50.500  -7.911  -2.056 0.0000000000
113664  -50.095  -7.151  -5.818 0.0000000000
73264  -48.910  -6.483  -7.650 0.0000000000
76851  -48.534  -2.963  0.787 0.0000000000
77643  -46.958  -0.576  -1.953 0.0000000000
76888  -45.289  -2.459  -2.519 0.0000000000
76896  -43.301  -1.217  -2.600 0.0000000000
78360  -40.965  0.102  -2.342 0.0000000000
69504  -42.607  -13.007  9.689 0.0000000000
68779  -43.753  -14.117  8.514 0.0000000000
69505  -43.654  -12.901  9.612 0.0000000000
76756  -51.485  -2.349  15.776 0.0000000000
77523  -49.515  -1.263  13.455 0.0000000000
67288  -53.023  -14.723  -4.351 0.0000000000
63943  -48.040  -19.095  12.402 0.0000000000
64767  -46.724  -18.859  11.876 0.0000000000
106230  -46.645  -18.407  12.429 0.0000000000
114099  -37.318  -12.579  15.141 0.0000000000
107942  -37.597  -11.716  15.398 0.0000000000
66426  -50.195  -16.240  4.499 0.0000000000
67218  -49.393  -15.291  3.207 0.0000000000
114589  -45.961  -10.936  1.218 0.0000000000
70292  -46.634  -11.730  -0.625 0.0000000000
123836  -46.946  -10.999  -0.506 0.0000000000
71033  -47.659  -10.726  -1.592 0.0000000000
71027  -47.811  -9.864  -0.366 0.0000000000
73147  -49.046  -7.044  9.963 0.0000000000
122937  -49.526  -8.845  10.487 0.0000000000
72405  -50.092  -8.357  10.580 0.0000000000
74568  -53.291  -5.500  4.257 0.0000000000
74583  -53.346  -5.621  3.421 0.0000000000
75323  -53.347  -5.130  2.973 0.0000000000
74596  -53.159  -5.214  0.527 0.0000000000
76155  -52.660  -3.922  0.499 0.0000000000
76164  -52.125  -3.462  -0.308 0.0000000000
76144  -51.885  -3.637  1.188 0.0000000000
107126  -45.736  -2.766  6.527 0.0000000000
76822  -45.014  -3.066  4.058 0.0000000000
76821  -44.252  -2.734  4.346 0.0000000000
76828  -43.552  -2.170  3.370 0.0000000000
76811  -43.345  -2.276  5.468 0.0000000000
66406  -44.085  -16.877  5.146 0.0000000000
66421  -44.711  -16.391  4.464 0.0000000000
66420  -43.936  -15.985  4.797 0.0000000000
68787  -43.981  -13.455  6.578 0.0000000000
68793  -43.559  -13.675  4.994 0.0000000000
70260  -44.107  -11.947  5.260 0.0000000000
70267  -44.373  -11.605  3.485 0.0000000000
70261  -44.666  -11.022  4.893 0.0000000000
104527  -52.047  -5.350  14.537 0.0000000000
74504  -52.189  -6.015  13.048 0.0000000000
74493  -53.630  -5.379  13.960 0.0000000000
76781  -52.711  -3.119  11.216 0.0000000000
75268  -53.920  -4.133  11.477 0.0000000000
75282  -52.988  -4.604  9.801 0.0000000000
74546  -51.940  -5.416  8.295 0.0000000000
75285  -51.502  -4.581  8.744 0.0000000000
75289  -50.278  -5.061  7.202 0.0000000000
76080  -50.471  -3.433  8.839 0.0000000000
78279  -49.057  -1.122  11.041 0.0000000000
76787  -49.512  -2.063  9.167 0.0000000000
78284  -48.376  -0.985  9.973 0.0000000000
77550  -47.875  -1.761  8.621 0.0000000000
78283  -47.607  -0.639  9.758 0.0000000000
68912  -49.888  -12.755  -7.228 0.0000000000
107021  -42.252  -8.623  12.112 0.0000000000
72394  -43.512  -8.952  11.371 0.0000000000
73133  -42.396  -7.894  10.224 0.0000000000
75273  -42.554  -4.879  10.436 0.0000000000
74538  -43.852  -5.957  9.615 0.0000000000
74528  -44.363  -5.299  10.103 0.0000000000
116976  -46.104  -5.409  10.170 0.0000000000
75275  -44.937  -4.740  10.878 0.0000000000
76042  -43.989  -3.927  15.071 0.0000000000
75229  -46.712  -4.653  13.944 0.0000000000
75195  -46.635  -4.390  15.491 0.0000000000
75210  -48.186  -4.612  14.906 0.0000000000
76033  -47.193  -4.173  16.144 0.0000000000
66414  -52.243  -16.104  5.722 0.0000000000
66398  -52.603  -16.472  6.318 0.0000000000
64800  -51.636  -18.925  8.156 0.0000000000
64798  -50.073  -19.102  7.904 0.0000000000
64831  -50.145  -18.275  6.659 0.0000000000
64814  -48.790  -18.918  7.215 0.0000000000
64829  -47.454  -18.750  6.548 0.0000000000
64004  -46.599  -19.432  8.125 0.0000000000
107746  -43.439  -18.375  10.386 0.0000000000
107253  -43.329  -18.769  8.666 0.0000000000
65592  -42.164  -17.723  9.734 0.0000000000
66330  -43.692  -17.017  15.915 0.0000000000
102999  -43.902  -14.138  16.270 0.0000000000
106307  -44.071  -13.904  15.697 0.0000000000
108108  -45.656  -14.795  14.721 0.0000000000
67155  -44.383  -15.147  13.905 0.0000000000
66361  -43.982  -15.877  13.179 0.0000000000
67153  -42.650  -14.950  13.396 0.0000000000
70938  -41.640  -9.663  13.437 0.0000000000
70927  -40.660  -10.128  14.982 0.0000000000
68845  -53.953  -14.173  -1.188 0.0000000000
68012  -46.604  -14.653  2.263 0.0000000000
68013  -47.534  -14.693  2.155 0.0000000000
68028  -46.803  -14.442  1.619 0.0000000000
68854  -47.988  -13.870  -1.944 0.0000000000
68062  -48.612  -14.312  -1.477 0.0000000000
111473  -50.046  -14.274  -2.667 0.0000000000
68076  -51.081  -14.337  -2.575 0.0000000000
68866  -50.605  -14.010  -3.443 0.0000000000
68886  -51.769  -13.067  -5.188 0.0000000000
68885  -50.804  -12.964  -4.949 0.0000000000
71061  -48.529  -10.648  -5.745 0.0000000000
70328  -49.209  -11.415  -6.121 0.0000000000
71070  -49.014  -10.545  -6.677 0.0000000000
71079  -49.240  -10.792  -7.403 0.0000000000
71773  -49.047  -8.782  -6.524 0.0000000000
70955  -45.495  -10.574  10.612 0.0000000000
69500  -45.837  -12.002  10.161 0.0000000000
70234  -46.835  -11.340  10.357 0.0000000000
70252  -49.231  -11.627  8.530 0.0000000000
69516  -48.126  -12.419  8.613 0.0000000000
70979  -48.369  -10.367  7.287 0.0000000000
70984  -47.048  -9.922  6.238 0.0000000000
71685  -48.308  -8.972  5.944 0.0000000000
72418  -53.881  -8.772  9.822 0.0000000000
71668  -53.120  -9.791  9.818 0.0000000000
71673  -53.613  -9.239  8.791 0.0000000000
112312  -51.440  -6.986  3.433 0.0000000000
73157  -50.922  -7.699  5.008 0.0000000000
73175  -49.912  -7.442  3.385 0.0000000000
72466  -49.048  -7.763  2.967 0.0000000000
73192  -49.838  -7.470  1.484 0.0000000000
112619  -49.620  -8.361  -0.736 0.0000000000
73208  -50.938  -7.277  -0.683 0.0000000000
73926  -51.997  -5.928  -3.589 0.0000000000
73233  -51.481  -6.530  -3.781 0.0000000000
73930  -51.216  -6.227  -5.113 0.0000000000
73256  -49.614  -7.154  -7.033 0.0000000000
73949  -49.616  -5.839  -7.065 0.0000000000
73946  -47.934  -6.039  -7.360 0.0000000000
75382  -50.068  -4.768  -6.394 0.0000000000
76909  -50.372  -2.581  -3.178 0.0000000000
75369  -49.661  -3.527  -4.507 0.0000000000
75318  -49.381  -4.500  3.844 0.0000000000
76131  -49.246  -3.847  2.123 0.0000000000
76130  -48.152  -3.791  2.446 0.0000000000
77620  -45.570  -1.692  0.568 0.0000000000
77621  -46.730  -1.741  -0.198 0.0000000000
77632  -46.276  -0.951  -1.039 0.0000000000
78364  -46.176  -0.582  -2.462 0.0000000000
78372  -45.349  -0.610  -2.478 0.0000000000
115699  -44.052  -1.236  -2.686 0.0000000000
124607  -43.875  -0.143  -2.164 0.0000000000
78333  -42.249  -0.471  0.729 0.0000000000
78350  -42.113  0.274  -1.789 0.0000000000
121679  -40.695  0.788  -1.678 0.0000000000
79076  -39.740  0.780  -2.163 0.0000000000
67176  -42.946  -15.570  7.231 0.0000000000
67181  -43.196  -15.294  6.409 0.0000000000
67975  -43.427  -14.745  7.235 0.0000000000
67976  -43.987  -13.985  7.310 0.0000000000
68788  -44.712  -13.426  7.392 0.0000000000
75214  -53.557  -4.596  14.887 0.0000000000
76757  -52.625  -3.143  15.504 0.0000000000
76769  -52.917  -2.946  13.046 0.0000000000
76780  -51.965  -2.649  11.169 0.0000000000
76783  -51.100  -2.328  10.543 0.0000000000
77534  -50.404  -1.719  11.923 0.0000000000
78267  -48.925  -0.827  12.994 0.0000000000
68121  -51.521  -13.610  -6.089 0.0000000000
73130  -39.984  -6.942  10.442 0.0000000000
73839  -40.964  -7.047  10.135 0.0000000000
74524  -40.464  -5.301  10.631 0.0000000000
103342  -48.726  -19.666  10.144 0.0000000000
63992  -46.478  -19.550  9.073 0.0000000000
103519  -47.091  -19.453  10.458 0.0000000000
64766  -45.342  -18.684  11.262 0.0000000000
64765  -43.771  -18.097  11.094 0.0000000000
112637  -41.869  -16.465  15.630 0.0000000000
117665  -41.166  -14.927  15.720 0.0000000000
70203  -40.076  -11.090  15.667 0.0000000000
70926  -40.156  -9.887  15.405 0.0000000000
70925  -38.544  -10.318  15.662 0.0000000000
70924  -37.631  -10.290  15.183 0.0000000000
68816  -45.496  -13.448  1.409 0.0000000000
109561  -46.509  -14.032  0.280 0.0000000000
68840  -46.463  -13.299  -0.436 0.0000000000
68852  -46.863  -13.105  -1.244 0.0000000000
113736  -47.661  -12.718  -3.073 0.0000000000
69577  -48.522  -12.717  -4.249 0.0000000000
70311  -47.805  -11.696  -3.769 0.0000000000
71046  -47.995  -10.916  -3.809 0.0000000000
116951  -48.758  -9.641  -3.237 0.0000000000
117041  -47.043  -8.863  10.050 0.0000000000
70235  -47.746  -11.527  10.172 0.0000000000
71661  -48.428  -9.725  10.477 0.0000000000
70959  -49.860  -10.882  10.389 0.0000000000
70968  -50.405  -11.232  8.788 0.0000000000
111166  -53.750  -7.112  7.116 0.0000000000
72430  -53.693  -7.900  7.335 0.0000000000
73159  -53.335  -6.619  5.354 0.0000000000
73177  -52.465  -6.545  3.206 0.0000000000
73894  -52.310  -6.282  1.291 0.0000000000
73200  -51.612  -6.747  -0.195 0.0000000000
73908  -52.782  -5.750  -0.051 0.0000000000
74608  -52.684  -5.287  -1.805 0.0000000000
75365  -52.257  -4.744  -3.188 0.0000000000
75372  -51.200  -4.119  -5.457 0.0000000000
105892  -51.674  -3.657  -3.225 0.0000000000
76182  -51.119  -2.957  -2.713 0.0000000000
76889  -50.215  -2.109  -1.451 0.0000000000
76110  -47.249  -3.888  4.931 0.0000000000
121767  -47.386  -3.639  2.643 0.0000000000
76117  -46.288  -3.539  3.781 0.0000000000
76838  -45.490  -2.650  2.317 0.0000000000
77611  -45.048  -1.804  1.260 0.0000000000
78344  -44.103  -0.330  -0.769 0.0000000000
77609  -43.485  -1.392  1.678 0.0000000000
104024  -42.839  -1.337  1.980 0.0000000000
77598  -42.333  -1.378  2.666 0.0000000000
66409  -47.156  -17.332  4.811 0.0000000000
67203  -47.479  -16.244  3.778 0.0000000000
67202  -46.321  -16.143  3.761 0.0000000000
67215  -45.834  -15.465  3.350 0.0000000000
67997  -45.350  -14.761  3.037 0.0000000000
67199  -43.624  -15.107  4.911 0.0000000000
67990  -43.964  -14.222  3.980 0.0000000000
68803  -44.933  -13.232  2.172 0.0000000000
69533  -44.667  -12.427  2.435 0.0000000000
71011  -45.555  -11.061  1.779 0.0000000000
71001  -46.184  -9.962  2.546 0.0000000000
74502  -49.978  -5.223  11.964 0.0000000000
108840  -50.514  -6.884  10.807 0.0000000000
74521  -51.641  -6.287  12.223 0.0000000000
73127  -53.443  -7.461  11.826 0.0000000000
73139  -54.209  -7.560  10.823 0.0000000000
75253  -54.342  -4.853  12.905 0.0000000000
74535  -54.341  -6.000  10.966 0.0000000000
73856  -53.961  -7.327  8.926 0.0000000000
73858  -53.546  -6.694  7.182 0.0000000000
111158  -52.732  -5.765  5.880 0.0000000000
74567  -52.613  -5.100  4.541 0.0000000000
75331  -51.812  -4.175  2.644 0.0000000000
74557  -50.968  -5.154  5.529 0.0000000000
75297  -49.522  -4.758  5.437 0.0000000000
75296  -48.723  -4.489  5.727 0.0000000000
76795  -50.151  -2.638  9.152 0.0000000000
76802  -48.989  -2.933  8.200 0.0000000000
76090  -47.803  -3.687  6.553 0.0000000000
76807  -47.536  -3.194  6.996 0.0000000000
76799  -46.183  -2.444  7.253 0.0000000000
77556  -45.512  -1.834  7.709 0.0000000000
108575  -42.979  -10.167  11.714 0.0000000000
70231  -44.345  -11.248  10.597 0.0000000000
109411  -44.091  -9.880  11.207 0.0000000000
71656  -44.583  -9.469  10.813 0.0000000000
71658  -45.214  -9.450  10.586 0.0000000000
73141  -42.801  -7.173  9.678 0.0000000000
73143  -44.523  -7.561  9.480 0.0000000000
72414  -45.865  -8.227  9.685 0.0000000000
73850  -46.516  -6.502  9.417 0.0000000000
74541  -47.129  -5.953  9.746 0.0000000000
74517  -47.977  -5.156  10.904 0.0000000000
75248  -44.689  -4.138  12.847 0.0000000000
75249  -45.504  -4.359  13.162 0.0000000000
107526  -47.295  -4.686  12.937 0.0000000000
75267  -49.045  -4.906  12.425 0.0000000000
111231  -49.175  -4.791  13.357 0.0000000000
103464  -50.378  -4.901  14.771 0.0000000000
75199  -51.288  -4.868  16.423 0.0000000000
67190  -51.060  -16.005  4.762 0.0000000000
66411  -49.736  -16.890  4.943 0.0000000000
64818  -52.918  -18.104  7.669 0.0000000000
65603  -52.488  -17.626  7.183 0.0000000000
106516  -51.341  -17.462  6.432 0.0000000000
65617  -49.693  -17.934  6.022 0.0000000000
116994  -48.502  -17.558  5.245 0.0000000000
65626  -47.713  -17.846  5.414 0.0000000000
65613  -45.307  -18.281  5.923 0.0000000000
65612  -44.402  -18.156  6.068 0.0000000000
63991  -45.698  -19.427  8.457 0.0000000000
64809  -43.605  -18.534  7.200 0.0000000000
118230  -42.586  -17.250  7.190 0.0000000000
67173  -42.147  -16.108  8.418 0.0000000000
119915  -46.586  -14.131  17.858 0.0000000000
67120  -43.784  -14.804  16.669 0.0000000000
67103  -45.225  -14.260  17.273 0.0000000000
67929  -46.850  -13.705  16.658 0.0000000000
67135  -46.621  -14.371  15.629 0.0000000000
66349  -46.628  -16.046  14.431 0.0000000000
65563  -46.624  -17.430  13.417 0.0000000000
66371  -45.088  -16.926  13.016 0.0000000000
65572  -43.901  -17.100  12.230 0.0000000000
66375  -42.227  -16.445  11.505 0.0000000000
70229  -41.644  -11.784  10.923 0.0000000000
70947  -42.221  -10.318  12.147 0.0000000000
72375  -42.058  -8.892  13.024 0.0000000000
72383  -41.214  -8.558  12.772 0.0000000000
72391  -39.511  -8.328  11.806 0.0000000000
68054  -54.972  -14.779  -0.947 0.0000000000
68080  -54.769  -14.891  -2.348 0.0000000000
68079  -54.323  -14.740  -2.692 0.0000000000
123753  -48.619  -15.330  3.042 0.0000000000
68015  -49.529  -14.411  2.152 0.0000000000
118149  -48.367  -14.496  0.055 0.0000000000
114501  -49.238  -14.452  0.161 0.0000000000
68051  -50.648  -14.273  -0.595 0.0000000000
68065  -52.072  -14.346  -1.887 0.0000000000
104100  -53.021  -14.384  -2.642 0.0000000000
68089  -53.100  -14.457  -3.949 0.0000000000
68879  -52.538  -13.904  -4.649 0.0000000000
68893  -51.870  -13.276  -5.691 0.0000000000
69603  -51.556  -12.856  -6.019 0.0000000000
69588  -50.282  -12.479  -5.496 0.0000000000
70329  -50.210  -11.911  -6.528 0.0000000000
69612  -50.320  -12.379  -7.070 0.0000000000
69611  -49.585  -12.049  -7.549 0.0000000000
70351  -48.882  -11.061  -7.905 0.0000000000
71086  -48.593  -9.751  -8.114 0.0000000000
69499  -44.972  -12.042  10.134 0.0000000000
118333  -46.287  -13.265  8.994 0.0000000000
119889  -46.104  -13.111  7.790 0.0000000000
69509  -47.773  -12.642  9.293 0.0000000000
69515  -47.456  -12.762  8.299 0.0000000000
113423  -45.715  -11.690  6.722 0.0000000000
70983  -46.269  -10.197  5.901 0.0000000000
71689  -46.047  -9.793  4.241 0.0000000000
71709  -46.763  -9.453  2.559 0.0000000000
72407  -52.053  -9.487  10.853 0.0000000000
70970  -51.968  -10.729  9.350 0.0000000000
107348  -51.102  -9.964  7.788 0.0000000000
72428  -52.151  -8.558  6.636 0.0000000000
72427  -51.073  -8.654  6.453 0.0000000000
71686  -49.186  -8.851  6.187 0.0000000000
72444  -48.647  -8.220  4.502 0.0000000000
72464  -47.916  -8.642  2.513 0.0000000000
71719  -48.026  -9.102  0.777 0.0000000000
72487  -48.945  -8.807  -0.331 0.0000000000
72508  -49.839  -8.371  -3.469 0.0000000000
73225  -51.083  -7.326  -2.495 0.0000000000
72516  -50.420  -7.625  -3.949 0.0000000000
72520  -49.601  -7.918  -5.839 0.0000000000
72527  -49.395  -7.934  -6.845 0.0000000000
72539  -48.808  -8.205  -7.875 0.0000000000
119860  -49.916  -3.845  -5.474 0.0000000000
76143  -50.998  -3.570  1.518 0.0000000000
76152  -50.142  -3.150  0.780 0.0000000000
76876  -49.107  -2.013  -0.727 0.0000000000
76850  -47.674  -2.979  1.045 0.0000000000
76875  -48.146  -1.810  -0.663 0.0000000000
77659  -48.377  -1.220  -2.661 0.0000000000
116879  -47.342  -1.441  -3.120 0.0000000000
76179  -46.183  -2.750  -2.677 0.0000000000
76172  -45.615  -3.523  -1.924 0.0000000000
106401  -42.913  -0.016  -2.091 0.0000000000
78361  -42.094  -0.174  -2.352 0.0000000000
77547  -45.021  -1.013  8.177 0.0000000000
77554  -43.741  -1.322  7.416 0.0000000000
77573  -42.458  -1.812  5.719 0.0000000000
77589  -41.498  -1.455  4.175 0.0000000000
78320  -40.735  -0.906  3.742 0.0000000000
68775  -43.281  -13.702  9.169 0.0000000000
68097  -53.275  -14.675  -3.969 0.0000000000
64756  -48.772  -19.023  12.964 0.0000000000
63944  -49.421  -19.390  12.356 0.0000000000
64755  -47.285  -18.720  12.453 0.0000000000
103849  -47.875  -18.482  13.158 0.0000000000
68748  -37.150  -13.416  14.881 0.0000000000
66425  -49.252  -16.426  4.325 0.0000000000
67205  -49.759  -15.766  3.835 0.0000000000
67204  -48.674  -15.917  3.627 0.0000000000
71018  -46.468  -10.701  0.673 0.0000000000
71025  -46.502  -11.174  0.013 0.0000000000
71019  -47.088  -10.408  0.052 0.0000000000
71026  -47.458  -10.546  -0.785 0.0000000000
71727  -47.589  -9.661  0.449 0.0000000000
73135  -49.873  -7.403  10.389 0.0000000000
73843  -49.606  -6.548  10.372 0.0000000000
75322  -53.132  -4.789  3.012 0.0000000000
74575  -53.343  -5.286  3.601 0.0000000000
75333  -53.217  -4.732  2.150 0.0000000000
75339  -53.123  -4.577  1.073 0.0000000000
76134  -52.607  -4.105  1.467 0.0000000000
122339  -52.336  -3.757  0.935 0.0000000000
76806  -44.923  -2.424  6.614 0.0000000000
104523  -45.095  -2.941  5.676 0.0000000000
76812  -44.155  -2.691  5.201 0.0000000000
76805  -44.045  -2.337  6.141 0.0000000000
113236  -43.366  -15.953  5.539 0.0000000000
69518  -44.581  -12.819  6.715 0.0000000000
69524  -43.996  -12.778  5.899 0.0000000000
70255  -44.981  -11.413  5.972 0.0000000000
75213  -52.404  -5.058  15.456 0.0000000000
74492  -52.717  -5.677  13.933 0.0000000000
75233  -53.207  -5.157  14.781 0.0000000000
76784  -52.189  -3.096  10.488 0.0000000000
76077  -52.644  -3.745  10.111 0.0000000000
75281  -52.059  -4.125  9.445 0.0000000000
75284  -50.793  -4.171  8.573 0.0000000000
76081  -51.242  -3.703  9.142 0.0000000000
78273  -48.467  -0.536  11.556 0.0000000000
77537  -49.069  -1.274  10.213 0.0000000000
78278  -48.447  -0.748  10.713 0.0000000000
77541  -48.185  -1.323  9.325 0.0000000000
78277  -47.793  -0.341  10.463 0.0000000000
68119  -49.333  -13.991  -6.587 0.0000000000
121643  -49.936  -13.338  -6.866 0.0000000000
72397  -41.273  -8.251  11.115 0.0000000000
72398  -42.130  -8.401  11.191 0.0000000000
73132  -41.513  -7.774  10.450 0.0000000000
116355  -43.170  -4.574  10.795 0.0000000000
74527  -43.366  -5.211  10.120 0.0000000000
75274  -43.972  -4.656  10.793 0.0000000000
107528  -44.469  -4.291  11.697 0.0000000000
76032  -46.263  -4.004  15.913 0.0000000000
66400  -54.453  -15.725  6.640 0.0000000000
66399  -53.497  -16.100  6.475 0.0000000000
65620  -52.960  -16.899  6.810 0.0000000000
64007  -49.208  -19.188  7.877 0.0000000000
64006  -48.360  -19.284  7.873 0.0000000000
64813  -47.899  -19.076  7.196 0.0000000000
64005  -47.514  -19.382  7.930 0.0000000000
65588  -43.024  -17.823  10.806 0.0000000000
64778  -42.711  -18.106  10.075 0.0000000000
65586  -41.804  -17.064  10.025 0.0000000000
67926  -43.251  -14.292  15.751 0.0000000000
67937  -43.487  -14.212  15.086 0.0000000000
67938  -44.373  -14.203  14.850 0.0000000000
67950  -43.753  -14.534  14.361 0.0000000000
67154  -43.502  -15.085  13.623 0.0000000000
103750  -43.001  -14.508  14.314 0.0000000000
70937  -40.757  -10.536  14.331 0.0000000000
68843  -52.315  -13.613  -0.237 0.0000000000
68864  -48.491  -13.689  -2.893 0.0000000000
68075  -49.116  -14.248  -2.220 0.0000000000
68865  -49.511  -13.931  -3.189 0.0000000000
68876  -50.100  -13.514  -4.086 0.0000000000
71765  -48.521  -9.871  -5.058 0.0000000000
71772  -48.707  -9.708  -6.175 0.0000000000
71780  -48.904  -9.730  -6.822 0.0000000000
71659  -45.891  -9.688  10.531 0.0000000000
70956  -46.189  -10.418  10.559 0.0000000000
118772  -46.604  -9.942  10.510 0.0000000000
70974  -49.784  -10.981  8.299 0.0000000000
70973  -48.883  -11.104  7.935 0.0000000000
71679  -47.860  -9.681  6.528 0.0000000000
71680  -48.728  -9.525  6.779 0.0000000000
72420  -53.898  -8.849  9.208 0.0000000000
72424  -53.898  -8.390  8.420 0.0000000000
104642  -51.533  -6.767  2.575 0.0000000000
110292  -50.648  -7.077  2.933 0.0000000000
73185  -50.660  -6.978  2.036 0.0000000000
73184  -49.858  -7.370  2.487 0.0000000000
122246  -50.179  -7.457  0.645 0.0000000000
73199  -50.855  -7.153  0.229 0.0000000000
118585  -51.794  -5.165  -4.709 0.0000000000
73931  -51.607  -6.072  -4.517 0.0000000000
73937  -51.458  -5.673  -5.214 0.0000000000
73936  -50.867  -5.863  -5.849 0.0000000000
74631  -50.569  -5.135  -6.261 0.0000000000
74637  -49.787  -5.321  -6.713 0.0000000000
75377  -50.834  -4.422  -5.985 0.0000000000
76902  -49.799  -1.969  -2.812 0.0000000000
76189  -49.664  -2.891  -3.861 0.0000000000
76907  -49.009  -2.276  -3.339 0.0000000000
76119  -48.413  -4.374  4.105 0.0000000000
106068  -48.776  -4.220  3.132 0.0000000000
77631  -45.390  -0.983  -0.409 0.0000000000
102939  -46.054  -1.508  -0.083 0.0000000000
78353  -45.466  -0.449  -1.460 0.0000000000
78363  -45.437  -0.339  -2.133 0.0000000000
78362  -44.745  -0.168  -1.894 0.0000000000
78371  -44.694  -0.416  -2.295 0.0000000000
77607  -41.489  -0.395  1.273 0.0000000000
78341  -41.429  0.154  0.035 0.0000000000
67972  -43.148  -14.905  8.010 0.0000000000
67973  -43.965  -14.234  7.942 0.0000000000
68784  -44.795  -13.734  7.974 0.0000000000
76742  -52.899  -3.862  16.102 0.0000000000
76741  -52.422  -3.238  16.638 0.0000000000
77520  -50.627  -1.926  14.599 0.0000000000
76767  -51.779  -2.484  14.510 0.0000000000
76768  -51.986  -2.458  13.344 0.0000000000
76772  -52.019  -2.476  12.216 0.0000000000
76771  -51.124  -2.077  12.531 0.0000000000
76779  -51.192  -2.140  11.510 0.0000000000
78265  -48.997  -0.684  14.012 0.0000000000
78274  -48.985  -0.965  11.984 0.0000000000
67287  -52.509  -15.054  -4.742 0.0000000000
123358  -52.108  -14.663  -5.241 0.0000000000
68110  -52.030  -14.033  -5.672 0.0000000000
73833  -39.259  -6.216  10.752 0.0000000000
123679  -39.954  -5.936  10.508 0.0000000000
63969  -49.186  -19.635  10.752 0.0000000000
103343  -47.879  -19.595  10.257 0.0000000000
63967  -47.672  -19.439  11.039 0.0000000000
64754  -45.945  -18.391  12.029 0.0000000000
63952  -46.170  -18.977  11.254 0.0000000000
104792  -44.532  -18.355  11.232 0.0000000000
65580  -44.219  -17.784  11.764 0.0000000000
115501  -39.270  -12.646  15.795 0.0000000000
69472  -39.607  -11.834  15.680 0.0000000000
70202  -39.363  -11.148  16.004 0.0000000000
70917  -39.213  -10.497  15.932 0.0000000000
70208  -38.743  -10.841  15.930 0.0000000000
70923  -36.586  -10.277  14.589 0.0000000000
69548  -45.565  -12.688  0.880 0.0000000000
68829  -45.948  -13.386  0.513 0.0000000000
69549  -45.933  -12.687  0.131 0.0000000000
70299  -46.944  -11.911  -1.297 0.0000000000
69562  -46.659  -12.502  -0.962 0.0000000000
69563  -46.985  -12.491  -1.680 0.0000000000
69569  -47.332  -12.581  -2.433 0.0000000000
70305  -47.550  -12.067  -3.038 0.0000000000
124805  -47.817  -10.811  -2.324 0.0000000000
110875  -48.269  -10.371  -2.945 0.0000000000
71757  -48.433  -10.122  -3.964 0.0000000000
71750  -48.765  -9.607  -2.437 0.0000000000
72415  -47.464  -8.137  9.666 0.0000000000
72403  -47.892  -8.910  10.145 0.0000000000
72416  -48.272  -8.123  9.859 0.0000000000
71663  -50.355  -10.234  10.598 0.0000000000
71662  -49.435  -9.773  10.604 0.0000000000
70963  -50.365  -11.336  9.975 0.0000000000
70243  -50.155  -11.493  9.440 0.0000000000
70964  -51.015  -11.187  9.613 0.0000000000
73862  -53.566  -6.737  6.362 0.0000000000
110428  -53.542  -6.809  6.081 0.0000000000
73888  -53.092  -6.017  2.768 0.0000000000
73881  -53.211  -6.128  3.490 0.0000000000
73880  -52.387  -6.376  2.221 0.0000000000
73899  -52.277  -6.263  0.344 0.0000000000
73900  -52.833  -5.755  0.925 0.0000000000
75353  -52.984  -4.602  -0.793 0.0000000000
74602  -53.091  -5.202  -0.406 0.0000000000
75359  -52.734  -4.635  -1.614 0.0000000000
108400  -52.523  -4.791  -2.368 0.0000000000
117710  -52.497  -4.422  -2.128 0.0000000000
121024  -51.985  -4.211  -3.481 0.0000000000
75358  -52.434  -4.076  -1.877 0.0000000000
76891  -51.503  -3.124  -1.833 0.0000000000
76879  -51.494  -3.004  -1.035 0.0000000000
76890  -50.803  -2.517  -1.818 0.0000000000
76878  -50.765  -2.561  -0.869 0.0000000000
76098  -46.742  -3.515  5.641 0.0000000000
76109  -46.494  -3.613  4.661 0.0000000000
76830  -45.203  -2.850  3.133 0.0000000000
76847  -45.130  -2.208  1.876 0.0000000000
77610  -44.649  -1.908  1.813 0.0000000000
107322  -44.261  -1.444  1.222 0.0000000000
77600  -44.079  -1.795  2.121 0.0000000000
76827  -43.112  -2.220  4.055 0.0000000000
77599  -43.298  -1.739  2.574 0.0000000000
77591  -42.789  -1.848  3.388 0.0000000000
123880  -42.092  -1.575  3.515 0.0000000000
66423  -46.744  -16.764  4.293 0.0000000000
66422  -45.729  -16.640  4.304 0.0000000000
67201  -45.270  -15.932  3.873 0.0000000000
67214  -44.909  -15.175  3.589 0.0000000000
105210  -43.358  -14.990  5.697 0.0000000000
67982  -43.470  -14.304  5.366 0.0000000000
68794  -43.740  -13.412  4.285 0.0000000000
68797  -44.193  -13.657  3.457 0.0000000000
68802  -44.432  -13.078  2.887 0.0000000000
69532  -44.305  -12.297  3.145 0.0000000000
70987  -44.666  -10.931  3.923 0.0000000000
70268  -44.828  -11.131  3.043 0.0000000000
71000  -45.487  -10.649  2.547 0.0000000000
70992  -45.814  -10.102  3.141 0.0000000000
74503  -50.989  -5.616  12.493 0.0000000000
74520  -50.545  -5.836  11.617 0.0000000000
74505  -53.328  -6.004  13.372 0.0000000000
73823  -52.962  -6.524  12.735 0.0000000000
73836  -53.895  -6.735  12.230 0.0000000000
73128  -54.014  -7.374  11.584 0.0000000000
73837  -54.302  -6.783  11.417 0.0000000000
114108  -53.660  -4.012  14.780 0.0000000000
75215  -53.950  -4.426  14.219 0.0000000000
76064  -54.154  -4.223  13.328 0.0000000000
75279  -53.875  -5.223  10.342 0.0000000000
75269  -54.353  -5.078  11.329 0.0000000000
74544  -54.089  -6.193  10.141 0.0000000000
74548  -53.691  -6.480  9.281 0.0000000000
73855  -53.474  -6.637  8.328 0.0000000000
74551  -51.804  -5.627  7.465 0.0000000000
106830  -52.879  -6.064  6.729 0.0000000000
74558  -52.006  -5.311  5.505 0.0000000000
75299  -51.541  -4.936  4.799 0.0000000000
76086  -50.044  -4.224  8.079 0.0000000000
75293  -50.038  -5.012  6.152 0.0000000000
75292  -49.125  -4.648  6.375 0.0000000000
118978  -50.686  -2.420  9.785 0.0000000000
76788  -50.103  -2.112  9.576 0.0000000000
107763  -49.099  -2.330  8.673 0.0000000000
76794  -49.513  -2.599  8.756 0.0000000000
76084  -48.588  -3.518  7.497 0.0000000000
122758  -48.092  -3.447  7.143 0.0000000000
76801  -48.144  -2.858  7.667 0.0000000000
77558  -47.283  -1.986  8.107 0.0000000000
77557  -46.509  -1.938  7.923 0.0000000000
77548  -45.971  -1.280  8.353 0.0000000000
112809  -48.444  -13.019  -7.454 0.0000000000
69609  -47.828  -12.067  -7.798 0.0000000000
70943  -42.769  -9.629  12.167 0.0000000000
70948  -43.460  -9.713  11.598 0.0000000000
72395  -44.105  -9.143  10.996 0.0000000000
72400  -44.686  -8.945  10.526 0.0000000000
73840  -41.477  -6.264  10.038 0.0000000000
73140  -41.868  -7.111  9.901 0.0000000000
73841  -42.357  -6.281  9.762 0.0000000000
73848  -44.171  -6.779  9.387 0.0000000000
120777  -44.866  -6.945  9.296 0.0000000000
116654  -45.327  -7.536  9.391 0.0000000000
73144  -46.157  -7.405  9.350 0.0000000000
73849  -45.578  -6.711  9.326 0.0000000000
121294  -46.464  -5.152  10.684 0.0000000000
121283  -46.467  -5.815  9.782 0.0000000000
74530  -46.804  -5.466  10.209 0.0000000000
74531  -47.566  -5.519  10.262 0.0000000000
75277  -47.125  -5.129  10.838 0.0000000000
110177  -43.776  -3.890  13.154 0.0000000000
75226  -44.327  -4.081  13.794 0.0000000000
75227  -45.025  -4.308  13.877 0.0000000000
105543  -48.083  -4.810  12.383 0.0000000000
75251  -48.312  -4.727  13.197 0.0000000000
75231  -48.722  -4.710  14.090 0.0000000000
75197  -48.696  -4.587  15.828 0.0000000000
75211  -49.443  -4.742  15.065 0.0000000000
75198  -49.962  -4.747  16.264 0.0000000000
75212  -50.675  -4.908  15.587 0.0000000000
67193  -53.551  -14.861  5.501 0.0000000000
66413  -51.429  -16.409  5.451 0.0000000000
66412  -50.606  -16.668  5.175 0.0000000000
64801  -52.521  -18.868  8.324 0.0000000000
64817  -52.079  -18.323  7.633 0.0000000000
65602  -51.585  -17.956  7.068 0.0000000000
64830  -49.231  -18.468  6.580 0.0000000000
65627  -49.271  -17.488  5.397 0.0000000000
65616  -48.674  -18.103  5.856 0.0000000000
120110  -47.854  -18.366  6.040 0.0000000000
122795  -46.284  -19.009  6.844 0.0000000000
64828  -46.643  -18.750  6.459 0.0000000000
64827  -45.855  -18.734  6.482 0.0000000000
64826  -44.981  -18.684  6.583 0.0000000000
63979  -45.642  -19.436  9.426 0.0000000000
63990  -44.825  -19.329  8.816 0.0000000000
64795  -42.629  -18.279  8.702 0.0000000000
64797  -43.991  -19.032  8.116 0.0000000000
64796  -43.071  -18.490  7.919 0.0000000000
65601  -42.817  -17.883  7.202 0.0000000000
65600  -42.398  -17.341  7.676 0.0000000000
66388  -42.162  -16.833  8.110 0.0000000000
66351  -48.018  -16.576  14.911 0.0000000000
65508  -44.967  -16.267  16.723 0.0000000000
66300  -45.687  -16.036  17.131 0.0000000000
67105  -46.663  -14.910  17.885 0.0000000000
67104  -45.916  -14.871  17.585 0.0000000000
108754  -42.168  -15.506  16.037 0.0000000000
66329  -42.788  -16.443  15.908 0.0000000000
66312  -42.930  -15.240  16.309 0.0000000000
67927  -44.721  -13.701  16.243 0.0000000000
67914  -44.520  -14.159  16.786 0.0000000000
108962  -45.140  -13.743  16.844 0.0000000000
67915  -45.752  -13.607  17.148 0.0000000000
106651  -46.089  -13.597  16.087 0.0000000000
66348  -45.787  -15.668  14.206 0.0000000000
67145  -46.283  -15.100  14.865 0.0000000000
66365  -46.999  -16.946  14.074 0.0000000000
66364  -46.223  -16.635  13.812 0.0000000000
65562  -45.851  -17.178  13.204 0.0000000000
66370  -44.358  -16.654  12.815 0.0000000000
118024  -43.691  -16.431  12.620 0.0000000000
66376  -43.064  -16.657  12.027 0.0000000000
66368  -42.472  -16.023  12.147 0.0000000000
70222  -40.560  -11.983  12.012 0.0000000000
69491  -40.521  -12.878  11.420 0.0000000000
69492  -40.897  -12.068  11.302 0.0000000000
69496  -41.107  -12.615  10.656 0.0000000000
71646  -41.612  -9.124  13.576 0.0000000000
71632  -39.298  -9.849  15.600 0.0000000000
71633  -39.728  -9.266  15.088 0.0000000000
72382  -39.427  -8.524  12.760 0.0000000000
111679  -40.269  -8.535  12.735 0.0000000000
117957  -39.241  -7.937  11.214 0.0000000000
68053  -54.569  -14.230  -0.818 0.0000000000
68067  -54.480  -14.603  -1.869 0.0000000000
67217  -47.847  -15.544  3.152 0.0000000000
68029  -47.820  -14.524  1.426 0.0000000000
68014  -48.489  -14.618  2.137 0.0000000000
68830  -46.962  -14.077  -0.344 0.0000000000
68048  -47.737  -14.331  -0.509 0.0000000000
68063  -49.366  -14.428  -1.336 0.0000000000
68049  -48.699  -14.448  -0.690 0.0000000000
68050  -49.716  -14.438  -0.541 0.0000000000
68052  -51.633  -14.118  -0.826 0.0000000000
68064  -50.897  -14.365  -1.496 0.0000000000
68088  -51.767  -14.018  -3.680 0.0000000000
68077  -52.189  -14.310  -2.939 0.0000000000
68878  -52.202  -13.617  -4.642 0.0000000000
68887  -52.127  -13.362  -5.227 0.0000000000
69590  -51.704  -12.958  -5.660 0.0000000000
69595  -51.091  -12.539  -6.132 0.0000000000
69586  -48.182  -12.056  -4.501 0.0000000000
69587  -49.045  -12.188  -5.255 0.0000000000
70336  -49.593  -11.230  -6.791 0.0000000000
70330  -50.383  -12.160  -6.717 0.0000000000
70345  -49.879  -11.651  -7.259 0.0000000000
106988  -48.899  -9.833  -7.394 0.0000000000
71087  -48.906  -10.436  -7.795 0.0000000000
70350  -48.502  -10.585  -8.113 0.0000000000
112190  -48.670  -9.585  -8.043 0.0000000000
69498  -44.007  -12.109  10.137 0.0000000000
69508  -46.497  -12.619  9.669 0.0000000000
69507  -45.629  -12.757  9.600 0.0000000000
68782  -46.277  -13.269  8.320 0.0000000000
69511  -47.005  -13.140  8.611 0.0000000000
70236  -48.670  -11.660  10.019 0.0000000000
70241  -48.167  -12.222  9.613 0.0000000000
107817  -47.842  -12.155  7.949 0.0000000000
70250  -47.054  -12.321  7.661 0.0000000000
70256  -46.492  -11.591  7.038 0.0000000000
70977  -45.914  -10.959  6.335 0.0000000000
70257  -46.760  -10.742  6.671 0.0000000000
71684  -47.408  -9.220  5.516 0.0000000000
71683  -46.704  -9.324  4.607 0.0000000000
71698  -46.438  -9.523  3.453 0.0000000000
71690  -47.227  -8.902  3.859 0.0000000000
73844  -51.539  -7.405  11.404 0.0000000000
73136  -50.811  -7.856  10.893 0.0000000000
109415  -51.983  -8.452  11.269 0.0000000000
71672  -52.969  -10.027  9.268 0.0000000000
70966  -52.526  -10.344  9.867 0.0000000000
71671  -52.382  -10.286  8.712 0.0000000000
70976  -51.587  -10.526  8.531 0.0000000000
72429  -53.152  -8.296  6.932 0.0000000000
72437  -52.713  -7.946  6.195 0.0000000000
73167  -50.186  -7.604  4.311 0.0000000000
72435  -50.573  -8.224  5.702 0.0000000000
72426  -50.081  -8.732  6.358 0.0000000000
72434  -49.687  -8.343  5.596 0.0000000000
72433  -48.863  -8.466  5.357 0.0000000000
72465  -48.581  -8.193  2.239 0.0000000000
119039  -48.352  -8.254  2.925 0.0000000000
72474  -48.144  -8.730  1.553 0.0000000000
71728  -48.267  -9.231  0.059 0.0000000000
72481  -48.750  -8.616  0.594 0.0000000000
72493  -49.826  -8.424  -1.607 0.0000000000
72501  -49.916  -8.440  -2.494 0.0000000000
73209  -51.672  -6.832  -1.122 0.0000000000
73218  -51.659  -6.828  -2.030 0.0000000000
73240  -51.000  -6.813  -4.449 0.0000000000
73232  -51.027  -7.146  -3.409 0.0000000000
72521  -50.283  -7.396  -5.007 0.0000000000
73247  -49.784  -7.320  -6.435 0.0000000000
73265  -49.297  -6.876  -7.500 0.0000000000
72531  -49.116  -7.851  -7.461 0.0000000000
73273  -48.816  -7.259  -7.840 0.0000000000
114388  -48.512  -8.415  -8.126 0.0000000000
73272  -48.125  -7.216  -7.937 0.0000000000
76194  -51.088  -3.787  -4.851 0.0000000000
111555  -50.577  -3.933  -5.539 0.0000000000
76193  -50.309  -3.421  -4.608 0.0000000000
75368  -49.073  -3.906  -4.239 0.0000000000
110770  -49.408  -4.098  -5.120 0.0000000000
76121  -50.868  -4.202  2.820 0.0000000000
116682  -51.229  -3.935  2.205 0.0000000000
76142  -49.257  -3.343  1.228 0.0000000000
76852  -49.267  -2.906  0.573 0.0000000000
76865  -49.646  -2.559  -0.008 0.0000000000
76864  -48.760  -2.457  0.053 0.0000000000
76139  -46.762  -3.301  2.335 0.0000000000
76140  -47.496  -3.379  1.890 0.0000000000
106766  -47.238  -1.332  -0.999 0.0000000000
77622  -47.413  -1.994  -0.218 0.0000000000
104371  -47.913  -1.022  -1.661 0.0000000000
107919  -47.724  -0.832  -2.364 0.0000000000
77658  -47.537  -1.024  -2.883 0.0000000000
78365  -47.000  -0.738  -2.593 0.0000000000
76898  -45.903  -1.638  -3.004 0.0000000000
76171  -44.749  -3.204  -1.782 0.0000000000
76886  -43.541  -1.945  -2.317 0.0000000000
76885  -42.671  -1.563  -2.280 0.0000000000
78343  -43.416  -0.430  -0.211 0.0000000000
78351  -43.325  0.038  -1.473 0.0000000000
79078  -41.362  0.314  -2.112 0.0000000000
77641  -41.377  -0.574  -2.328 0.0000000000
123230  -40.992  -1.095  -2.031 0.0000000000
77553  -42.965  -1.134  7.230 0.0000000000
77562  -42.668  -1.510  6.565 0.0000000000
78299  -42.210  -0.909  7.034 0.0000000000
77572  -41.588  -1.381  5.586 0.0000000000
68776  -44.295  -13.528  9.057 0.0000000000
114894  -50.416  -1.602  15.379 0.0000000000
119478  -50.124  -1.666  13.805 0.0000000000
77519  -49.705  -1.262  14.572 0.0000000000
78263  -49.409  -0.463  15.017 0.0000000000
78998  -49.175  0.437  14.891 0.0000000000
74516  -39.615  -5.163  10.979 0.0000000000
103883  -48.719  -19.336  12.196 0.0000000000
63953  -48.246  -19.402  11.651 0.0000000000
63942  -47.461  -19.188  11.791 0.0000000000
69470  -38.109  -12.270  15.653 0.0000000000
70201  -38.486  -11.464  15.839 0.0000000000
67206  -50.675  -15.535  4.082 0.0000000000
67219  -50.301  -15.107  3.390 0.0000000000
70280  -46.025  -11.437  0.601 0.0000000000
70287  -46.094  -11.940  -0.007 0.0000000000
70293  -47.181  -11.262  -1.134 0.0000000000
71034  -48.044  -10.023  -1.189 0.0000000000
119762  -48.512  -7.445  9.767 0.0000000000
72404  -48.768  -8.880  10.306 0.0000000000
73134  -49.150  -7.990  10.149 0.0000000000
116505  -50.258  -9.351  10.689 0.0000000000
74569  -53.466  -5.926  4.829 0.0000000000
73873  -53.457  -6.095  4.714 0.0000000000
109301  -53.418  -5.724  4.170 0.0000000000
74582  -53.283  -5.408  2.474 0.0000000000
74590  -53.219  -5.270  1.514 0.0000000000
75346  -53.078  -4.552  0.085 0.0000000000
76165  -52.712  -3.995  -0.488 0.0000000000
76154  -51.975  -3.474  0.496 0.0000000000
76097  -45.915  -3.315  5.190 0.0000000000
107954  -45.302  -3.189  4.822 0.0000000000
76829  -44.344  -2.554  3.442 0.0000000000
76836  -43.993  -2.127  2.799 0.0000000000
109776  -43.761  -2.450  3.964 0.0000000000
76820  -43.556  -2.457  4.645 0.0000000000
76819  -42.767  -2.143  4.841 0.0000000000
66407  -45.167  -17.186  4.821 0.0000000000
67200  -44.313  -15.484  4.211 0.0000000000
68790  -43.659  -13.564  5.685 0.0000000000
69523  -43.705  -12.929  5.078 0.0000000000
69527  -43.818  -12.413  4.377 0.0000000000
69529  -44.024  -12.098  3.761 0.0000000000
70265  -44.178  -11.596  4.290 0.0000000000
74506  -54.042  -5.528  13.244 0.0000000000
76070  -53.436  -3.501  11.742 0.0000000000
76071  -54.135  -4.089  12.371 0.0000000000
75278  -53.541  -4.310  10.609 0.0000000000
74547  -52.862  -5.868  8.710 0.0000000000
75286  -52.398  -5.027  9.056 0.0000000000
74550  -51.073  -5.368  7.120 0.0000000000
74554  -50.955  -5.319  6.332 0.0000000000
75290  -50.941  -5.020  7.971 0.0000000000
77538  -49.735  -1.541  10.544 0.0000000000
77543  -49.663  -1.710  9.810 0.0000000000
77542  -48.977  -1.516  9.528 0.0000000000
77551  -48.760  -1.853  8.908 0.0000000000
76792  -47.839  -2.297  8.057 0.0000000000
78290  -47.319  -1.043  9.106 0.0000000000
68902  -48.991  -13.403  -7.114 0.0000000000
68911  -49.168  -12.714  -7.503 0.0000000000
72385  -42.475  -8.829  12.429 0.0000000000
104774  -42.807  -8.757  11.765 0.0000000000
108792  -43.010  -8.530  10.871 0.0000000000
72411  -43.283  -8.067  10.022 0.0000000000
74526  -42.649  -5.522  9.958 0.0000000000
74540  -45.795  -5.933  9.634 0.0000000000
74529  -45.297  -5.355  10.127 0.0000000000
75276  -45.825  -4.937  10.859 0.0000000000
75207  -45.307  -4.429  14.698 0.0000000000
75228  -45.824  -4.546  13.958 0.0000000000
75208  -46.180  -4.570  14.756 0.0000000000
75209  -47.139  -4.591  14.802 0.0000000000
75196  -47.624  -4.460  15.633 0.0000000000
67182  -53.090  -15.677  5.960 0.0000000000
66397  -51.789  -16.792  6.089 0.0000000000
64799  -50.877  -18.995  8.016 0.0000000000
64816  -50.678  -18.523  7.299 0.0000000000
64815  -49.694  -18.771  7.237 0.0000000000
64812  -46.886  -19.170  7.176 0.0000000000
64787  -43.980  -19.086  9.161 0.0000000000
64786  -43.190  -18.588  9.506 0.0000000000
64785  -42.528  -18.158  9.431 0.0000000000
115614  -42.181  -17.860  9.121 0.0000000000
66387  -41.843  -16.745  8.771 0.0000000000
65591  -41.895  -17.286  9.277 0.0000000000
67913  -43.084  -14.588  16.176 0.0000000000
114494  -44.729  -13.785  15.545 0.0000000000
67939  -45.889  -14.167  15.299 0.0000000000
111865  -45.192  -14.121  15.044 0.0000000000
67144  -45.089  -14.897  14.387 0.0000000000
67156  -45.103  -15.652  13.862 0.0000000000
66362  -44.746  -16.109  13.370 0.0000000000
69489  -40.392  -12.639  12.384 0.0000000000
70218  -40.456  -11.825  12.949 0.0000000000
70219  -40.786  -11.290  12.574 0.0000000000
70941  -41.424  -10.440  12.873 0.0000000000
113064  -41.216  -10.233  13.746 0.0000000000
70928  -41.180  -9.660  14.243 0.0000000000
105826  -53.979  -13.503  -0.237 0.0000000000
68844  -53.246  -13.695  -0.649 0.0000000000
68856  -53.161  -14.217  -1.586 0.0000000000
67999  -47.235  -15.099  2.696 0.0000000000
68061  -48.002  -14.231  -1.172 0.0000000000
105544  -50.068  -14.420  -1.923 0.0000000000
68877  -51.293  -13.505  -4.373 0.0000000000
71071  -49.254  -10.631  -7.207 0.0000000000
71781  -49.010  -8.795  -7.232 0.0000000000
70232  -45.244  -11.219  10.491 0.0000000000
70233  -46.032  -11.226  10.440 0.0000000000
69501  -46.515  -11.930  10.141 0.0000000000
70240  -47.294  -12.286  9.810 0.0000000000
70247  -48.954  -12.028  8.896 0.0000000000
70251  -48.572  -11.894  8.274 0.0000000000
70972  -48.120  -11.310  7.613 0.0000000000
70978  -47.559  -10.547  6.997 0.0000000000
72408  -53.531  -8.901  10.427 0.0000000000
113754  -52.907  -8.932  10.975 0.0000000000
72417  -53.447  -9.350  9.954 0.0000000000
71669  -53.544  -9.341  9.529 0.0000000000
71677  -52.939  -9.629  8.336 0.0000000000
73168  -52.178  -6.957  4.048 0.0000000000
119661  -51.947  -7.410  4.849 0.0000000000
106288  -51.202  -7.322  4.216 0.0000000000
73176  -50.657  -7.273  3.653 0.0000000000
72457  -49.242  -7.773  3.946 0.0000000000
116769  -49.238  -7.760  2.120 0.0000000000
108026  -49.366  -8.305  0.002 0.0000000000
72482  -49.504  -7.959  0.656 0.0000000000
72483  -50.108  -7.771  -0.158 0.0000000000
72494  -50.345  -7.857  -1.154 0.0000000000
73920  -52.099  -6.197  -2.467 0.0000000000
73226  -51.584  -6.677  -2.956 0.0000000000
108217  -50.667  -6.681  -5.446 0.0000000000
73248  -50.132  -6.606  -6.354 0.0000000000
73257  -49.709  -6.415  -7.079 0.0000000000
73948  -49.256  -6.128  -7.416 0.0000000000
73954  -48.382  -6.507  -7.695 0.0000000000
74643  -49.195  -5.523  -7.112 0.0000000000
74642  -48.932  -5.407  -7.190 0.0000000000
116624  -50.198  -2.903  -3.744 0.0000000000
76120  -49.839  -4.232  2.945 0.0000000000
76141  -48.378  -3.429  1.570 0.0000000000
76861  -46.310  -2.138  0.600 0.0000000000
77656  -45.640  -0.943  -2.834 0.0000000000
76897  -44.996  -1.467  -2.750 0.0000000000
77655  -44.777  -0.819  -2.647 0.0000000000
77654  -44.086  -0.568  -2.545 0.0000000000
121856  -43.684  -0.453  -2.439 0.0000000000
78342  -42.431  -0.010  -0.569 0.0000000000
78349  -41.403  0.522  -1.215 0.0000000000
79077  -40.540  0.612  -2.078 0.0000000000
78359  -40.105  0.366  -2.260 0.0000000000
79071  -39.908  1.021  -1.871 0.0000000000
115994  -42.945  -16.261  6.467 0.0000000000
104726  -52.999  -4.648  15.565 0.0000000000
76043  -53.227  -4.245  15.487 0.0000000000
117965  -53.201  -3.755  15.297 0.0000000000
76758  -52.968  -3.168  14.358 0.0000000000
76773  -52.819  -2.953  11.973 0.0000000000
76789  -51.389  -2.778  10.064 0.0000000000
123380  -51.644  -2.705  10.532 0.0000000000
77539  -50.439  -1.818  10.974 0.0000000000
77527  -50.259  -1.676  12.917 0.0000000000
77526  -49.608  -1.326  12.430 0.0000000000
77533  -49.707  -1.428  11.445 0.0000000000
112958  -40.651  -6.162  10.296 0.0000000000
74525  -41.206  -5.446  10.374 0.0000000000
75271  -41.029  -4.807  10.776 0.0000000000
75272  -41.746  -4.766  10.652 0.0000000000
63982  -49.115  -19.623  9.397 0.0000000000
63981  -48.134  -19.621  9.337 0.0000000000
63993  -47.316  -19.547  8.778 0.0000000000
104125  -47.214  -19.572  9.649 0.0000000000
63980  -46.420  -19.485  9.960 0.0000000000
103882  -46.921  -19.229  11.185 0.0000000000
63966  -46.452  -19.301  10.663 0.0000000000
63965  -45.646  -19.205  10.435 0.0000000000
64779  -44.738  -18.829  10.577 0.0000000000
112937  -41.220  -16.535  15.426 0.0000000000
66328  -41.355  -15.635  15.747 0.0000000000
67133  -40.592  -15.315  15.621 0.0000000000
67134  -41.798  -14.903  15.964 0.0000000000
67925  -42.270  -14.498  15.806 0.0000000000
70919  -40.311  -10.497  15.455 0.0000000000
70918  -39.838  -10.477  15.794 0.0000000000
109386  -38.311  -9.695  15.187 0.0000000000
70207  -37.994  -10.934  15.584 0.0000000000
68817  -46.159  -14.043  1.050 0.0000000000
69555  -46.282  -12.442  -0.422 0.0000000000
68853  -47.245  -13.212  -1.884 0.0000000000
68863  -47.702  -13.239  -2.653 0.0000000000
68874  -48.120  -13.100  -3.437 0.0000000000
69576  -47.908  -12.439  -3.706 0.0000000000
71039  -47.748  -11.239  -2.993 0.0000000000
70312  -48.017  -11.403  -4.431 0.0000000000
71053  -48.189  -10.756  -4.741 0.0000000000
71758  -48.987  -9.109  -4.074 0.0000000000
70957  -47.159  -10.584  10.489 0.0000000000
71660  -47.390  -9.719  10.410 0.0000000000
70958  -48.212  -10.707  10.440 0.0000000000
109742  -49.082  -11.125  10.268 0.0000000000
112109  -48.994  -10.458  10.488 0.0000000000
70237  -49.568  -11.577  9.849 0.0000000000
115441  -49.515  -11.772  9.273 0.0000000000
70248  -49.847  -11.638  8.926 0.0000000000
73152  -53.801  -7.592  7.692 0.0000000000
73155  -53.697  -7.191  6.806 0.0000000000
73154  -53.449  -7.384  6.320 0.0000000000
104975  -52.856  -6.841  4.710 0.0000000000
73872  -53.017  -6.438  4.012 0.0000000000
73186  -51.558  -6.687  1.656 0.0000000000
73194  -51.581  -6.700  0.735 0.0000000000
73907  -52.285  -6.304  -0.613 0.0000000000
73914  -52.731  -5.731  -1.067 0.0000000000
73921  -52.460  -5.825  -1.919 0.0000000000
74615  -52.379  -5.448  -2.734 0.0000000000
74621  -52.118  -5.190  -3.677 0.0000000000
105321  -51.937  -4.593  -4.046 0.0000000000
75378  -51.403  -4.551  -5.410 0.0000000000
75373  -51.581  -4.317  -4.866 0.0000000000
121765  -51.587  -3.942  -4.112 0.0000000000
76183  -51.897  -3.579  -2.288 0.0000000000
121156  -50.413  -2.344  -2.565 0.0000000000
77646  -50.001  -1.917  -2.161 0.0000000000
103958  -47.679  -4.146  4.329 0.0000000000
111389  -47.731  -4.007  3.408 0.0000000000
76118  -47.007  -3.906  4.045 0.0000000000
76129  -46.856  -3.624  3.173 0.0000000000
76128  -46.052  -3.180  2.910 0.0000000000
76116  -45.662  -3.227  3.633 0.0000000000
76839  -46.132  -2.919  2.060 0.0000000000
76848  -45.763  -2.346  1.444 0.0000000000
108265  -44.845  -1.292  0.455 0.0000000000
77630  -44.656  -0.777  -0.290 0.0000000000
77619  -44.136  -0.898  0.229 0.0000000000
77618  -43.531  -0.948  0.816 0.0000000000
113115  -42.890  -0.951  1.266 0.0000000000
77608  -42.242  -0.915  1.728 0.0000000000
77597  -41.551  -0.857  2.264 0.0000000000
116993  -48.016  -17.260  4.779 0.0000000000
116992  -47.540  -16.852  4.383 0.0000000000
67998  -46.284  -15.038  2.807 0.0000000000
68011  -45.702  -14.453  2.428 0.0000000000
114504  -43.914  -14.770  4.326 0.0000000000
67989  -43.663  -14.238  4.647 0.0000000000
67996  -44.541  -14.436  3.417 0.0000000000
68798  -44.837  -13.958  2.722 0.0000000000
124881  -45.345  -13.857  2.091 0.0000000000
69541  -45.108  -12.542  1.662 0.0000000000
70270  -44.588  -11.795  2.827 0.0000000000
70271  -45.033  -11.604  2.178 0.0000000000
71012  -46.042  -10.445  1.856 0.0000000000
71718  -46.717  -9.799  1.782 0.0000000000
74519  -49.677  -5.533  11.186 0.0000000000
74534  -50.117  -6.116  10.908 0.0000000000
73834  -51.043  -6.561  11.490 0.0000000000
73137  -52.697  -7.853  11.637 0.0000000000
73835  -52.480  -7.046  12.087 0.0000000000
73138  -53.576  -8.134  11.182 0.0000000000
72409  -53.973  -8.309  10.440 0.0000000000
109649  -54.123  -8.085  9.974 0.0000000000
75234  -53.800  -4.924  14.388 0.0000000000
74494  -54.113  -4.914  13.741 0.0000000000
74522  -54.358  -5.638  12.403 0.0000000000
116698  -54.366  -4.711  12.092 0.0000000000
110138  -54.418  -6.075  11.733 0.0000000000
73845  -54.353  -6.781  10.734 0.0000000000
73853  -54.223  -7.261  9.969 0.0000000000
73150  -53.999  -7.861  8.596 0.0000000000
73859  -53.823  -7.295  7.902 0.0000000000
122884  -53.456  -6.535  6.426 0.0000000000
74552  -52.669  -6.116  7.845 0.0000000000
73861  -53.353  -6.245  5.702 0.0000000000
74559  -53.117  -5.637  5.045 0.0000000000
75312  -52.966  -4.913  3.756 0.0000000000
75321  -52.442  -4.478  3.200 0.0000000000
75311  -52.078  -4.649  4.005 0.0000000000
75320  -51.456  -4.411  3.402 0.0000000000
75310  -50.987  -4.690  4.218 0.0000000000
75298  -50.475  -4.925  5.072 0.0000000000
75309  -49.949  -4.695  4.488 0.0000000000
75308  -48.995  -4.572  4.801 0.0000000000
76075  -50.946  -2.994  9.467 0.0000000000
76079  -49.729  -3.220  8.490 0.0000000000
76085  -49.230  -3.784  7.817 0.0000000000
76092  -48.797  -4.212  7.114 0.0000000000
76100  -48.156  -4.132  6.099 0.0000000000
76099  -47.553  -3.834  5.772 0.0000000000
76089  -47.256  -3.485  6.326 0.0000000000
103033  -46.669  -3.076  6.625 0.0000000000
76800  -47.185  -2.535  7.511 0.0000000000
76798  -45.464  -2.338  7.086 0.0000000000
77565  -44.944  -2.044  7.229 0.0000000000
70224  -42.508  -10.932  11.257 0.0000000000
70230  -43.340  -11.415  10.636 0.0000000000
70225  -43.678  -10.467  11.139 0.0000000000
71655  -43.898  -9.410  11.265 0.0000000000
70949  -44.489  -9.762  10.932 0.0000000000
70950  -45.232  -9.921  10.709 0.0000000000
72401  -45.662  -8.995  10.303 0.0000000000
124575  -42.885  -6.504  9.600 0.0000000000
73142  -43.697  -7.443  9.574 0.0000000000
72412  -44.158  -8.247  9.917 0.0000000000
72413  -45.032  -8.304  9.817 0.0000000000
123631  -46.350  -8.770  10.016 0.0000000000
116743  -46.657  -8.144  9.607 0.0000000000
73145  -47.023  -7.370  9.369 0.0000000000
73851  -47.461  -6.646  9.483 0.0000000000
74542  -47.941  -6.086  9.841 0.0000000000
74532  -48.404  -5.641  10.368 0.0000000000
74518  -48.844  -5.312  10.968 0.0000000000
107527  -45.626  -4.478  12.008 0.0000000000
75250  -46.275  -4.525  13.053 0.0000000000
117750  -46.625  -4.684  12.228 0.0000000000
75266  -47.425  -4.889  11.748 0.0000000000
111471  -48.419  -5.017  11.642 0.0000000000
119139  -49.194  -5.160  11.587 0.0000000000
75252  -50.192  -5.018  13.077 0.0000000000
104441  -49.761  -4.823  14.067 0.0000000000
75232  -50.847  -5.097  14.152 0.0000000000
109423  -51.351  -5.091  15.074 0.0000000000
117791  -51.683  -4.998  15.847 0.0000000000
104776  -51.803  -4.651  17.008 0.0000000000
75187  -49.876  -4.547  17.114 0.0000000000
67192  -52.675  -15.366  5.360 0.0000000000
67191  -51.865  -15.702  5.088 0.0000000000
65619  -52.139  -17.216  6.648 0.0000000000
64832  -50.890  -18.005  6.723 0.0000000000
65618  -50.557  -17.691  6.207 0.0000000000
65628  -50.169  -17.326  5.570 0.0000000000
66410  -48.852  -17.070  4.801 0.0000000000
65625  -46.690  -17.841  5.342 0.0000000000
65615  -47.099  -18.368  5.907 0.0000000000
65614  -46.221  -18.329  5.880 0.0000000000
65624  -45.721  -17.780  5.351 0.0000000000
65623  -44.744  -17.684  5.454 0.0000000000
65622  -43.957  -17.557  5.744 0.0000000000
64003  -44.942  -19.285  7.981 0.0000000000
64810  -44.544  -18.926  7.285 0.0000000000
64825  -44.167  -18.491  6.661 0.0000000000
111738  -43.504  -17.888  6.414 0.0000000000
66395  -42.849  -17.177  6.678 0.0000000000
66389  -42.554  -16.532  7.423 0.0000000000
67174  -42.634  -15.686  7.910 0.0000000000
67971  -42.430  -15.239  8.561 0.0000000000
68774  -42.239  -13.833  9.365 0.0000000000
69497  -41.991  -12.361  10.230 0.0000000000
65565  -48.124  -17.956  13.916 0.0000000000
111598  -47.317  -15.659  17.840 0.0000000000
115937  -47.246  -14.343  18.109 0.0000000000
67900  -47.234  -13.731  17.905 0.0000000000
66313  -43.603  -15.877  16.399 0.0000000000
66314  -44.334  -15.537  16.791 0.0000000000
67121  -44.537  -14.766  17.024 0.0000000000
67899  -45.982  -13.987  17.577 0.0000000000
67916  -46.558  -13.644  17.421 0.0000000000
67917  -47.269  -13.671  17.465 0.0000000000
67136  -47.416  -14.605  15.946 0.0000000000
66332  -47.770  -15.732  15.344 0.0000000000
67146  -47.031  -15.398  15.120 0.0000000000
66350  -47.388  -16.357  14.681 0.0000000000
65564  -47.406  -17.711  13.647 0.0000000000
64740  -47.021  -18.108  12.972 0.0000000000
65575  -46.252  -17.892  12.788 0.0000000000
65574  -45.472  -17.665  12.576 0.0000000000
65573  -44.679  -17.393  12.406 0.0000000000
65579  -43.430  -17.463  11.536 0.0000000000
65578  -42.646  -17.149  11.202 0.0000000000
67949  -42.145  -14.343  14.080 0.0000000000
67955  -41.827  -14.707  13.092 0.0000000000
106374  -41.579  -15.052  12.322 0.0000000000
67160  -42.231  -15.394  12.583 0.0000000000
67164  -41.732  -15.702  11.771 0.0000000000
66382  -41.956  -16.795  10.783 0.0000000000
121538  -42.456  -11.710  10.593 0.0000000000
70942  -42.126  -9.685  12.765 0.0000000000
71649  -42.451  -9.151  12.602 0.0000000000
72393  -41.613  -8.471  11.975 0.0000000000
72392  -40.604  -8.370  11.673 0.0000000000
71634  -40.582  -9.328  14.765 0.0000000000
73126  -39.789  -7.893  10.970 0.0000000000
73125  -39.044  -7.321  10.890 0.0000000000
73832  -38.449  -6.487  11.019 0.0000000000
73124  -38.159  -7.367  11.223 0.0000000000
67259  -55.057  -15.476  -1.501 0.0000000000
68068  -54.882  -14.856  -1.691 0.0000000000
67267  -54.995  -15.349  -2.299 0.0000000000
67266  -54.644  -15.132  -2.842 0.0000000000
68090  -53.914  -14.873  -3.358 0.0000000000
68000  -49.016  -14.882  2.646 0.0000000000
111873  -48.141  -15.035  2.616 0.0000000000
68038  -46.900  -14.365  0.939 0.0000000000
68039  -47.517  -14.418  0.380 0.0000000000
68041  -50.305  -14.214  0.302 0.0000000000
68855  -52.521  -14.019  -0.993 0.0000000000
68078  -53.576  -14.588  -3.168 0.0000000000
68096  -52.728  -14.252  -4.514 0.0000000000
68111  -52.380  -13.723  -5.158 0.0000000000
68904  -51.398  -13.148  -6.273 0.0000000000
68884  -49.557  -12.925  -4.682 0.0000000000
69594  -49.811  -12.031  -5.913 0.0000000000
113712  -50.634  -12.267  -5.950 0.0000000000
69602  -51.093  -12.807  -6.426 0.0000000000
68903  -50.609  -13.070  -6.739 0.0000000000
70344  -49.235  -11.282  -7.647 0.0000000000
69617  -48.926  -11.630  -7.836 0.0000000000
69616  -48.352  -11.424  -7.977 0.0000000000
69506  -44.669  -12.815  9.588 0.0000000000
68777  -45.273  -13.390  9.028 0.0000000000
68781  -45.562  -13.447  8.452 0.0000000000
68785  -45.566  -13.402  7.924 0.0000000000
69519  -45.410  -12.944  7.376 0.0000000000
69512  -47.670  -12.824  8.864 0.0000000000
69514  -46.751  -12.985  7.983 0.0000000000
69520  -46.140  -12.458  7.349 0.0000000000
114796  -45.195  -12.226  6.742 0.0000000000
70982  -45.472  -10.555  5.439 0.0000000000
70988  -45.362  -10.321  4.392 0.0000000000
70989  -46.034  -9.886  5.028 0.0000000000
71688  -45.780  -10.030  3.735 0.0000000000
72406  -51.041  -8.920  10.902 0.0000000000
71664  -51.144  -9.937  10.674 0.0000000000
71666  -52.881  -9.690  10.303 0.0000000000
71665  -51.985  -10.334  10.370 0.0000000000
70965  -51.763  -10.797  9.921 0.0000000000
70969  -51.097  -11.117  8.990 0.0000000000
70975  -50.699  -10.689  8.366 0.0000000000
71675  -50.139  -10.050  7.697 0.0000000000
72423  -53.476  -8.795  7.859 0.0000000000
72422  -52.613  -9.100  7.454 0.0000000000
72436  -51.720  -8.013  5.732 0.0000000000
71682  -51.581  -9.231  7.223 0.0000000000
71681  -50.560  -9.278  7.103 0.0000000000
110353  -49.621  -9.383  6.969 0.0000000000
72432  -48.069  -8.652  5.034 0.0000000000
72443  -47.934  -8.532  4.168 0.0000000000
72456  -48.492  -8.148  3.646 0.0000000000
72455  -47.849  -8.574  3.335 0.0000000000
71699  -47.239  -9.004  2.965 0.0000000000
71710  -47.349  -9.136  2.095 0.0000000000
72473  -47.450  -9.394  1.259 0.0000000000
71736  -48.496  -9.399  -0.760 0.0000000000
71744  -48.681  -9.517  -1.593 0.0000000000
73217  -51.056  -7.362  -1.600 0.0000000000
72509  -50.526  -7.846  -2.961 0.0000000000
72515  -49.701  -8.207  -4.610 0.0000000000
71795  -48.700  -8.977  -8.006 0.0000000000
75376  -49.881  -4.395  -6.134 0.0000000000
75371  -49.448  -4.425  -6.022 0.0000000000
76133  -51.922  -3.919  1.907 0.0000000000
76153  -51.181  -3.244  0.655 0.0000000000
117627  -50.005  -3.552  1.572 0.0000000000
76866  -50.539  -2.779  -0.050 0.0000000000
76877  -49.978  -2.219  -0.773 0.0000000000
77645  -49.433  -1.643  -1.607 0.0000000000
76862  -47.111  -2.411  0.477 0.0000000000
76863  -47.926  -2.456  0.264 0.0000000000
77633  -48.651  -1.460  -1.385 0.0000000000
76900  -48.197  -1.623  -3.109 0.0000000000
76899  -47.610  -2.237  -3.132 0.0000000000
76180  -47.070  -3.031  -2.796 0.0000000000
77657  -46.625  -1.018  -3.041 0.0000000000
107353  -46.776  -1.916  -3.120 0.0000000000
76173  -46.552  -3.932  -2.104 0.0000000000
76887  -44.397  -2.205  -2.399 0.0000000000
76170  -43.908  -2.887  -1.649 0.0000000000
111112  -44.187  -0.092  -1.610 0.0000000000
78370  -43.168  -0.370  -2.396 0.0000000000
77642  -42.819  -0.766  -2.568 0.0000000000
120962  -39.807  0.165  -2.229 0.0000000000
79003  -47.949  0.786  12.589 0.0000000000
78282  -46.806  -0.274  9.489 0.0000000000
78289  -46.415  -0.740  8.899 0.0000000000
77555  -44.572  -1.505  7.621 0.0000000000
78295  -44.013  -0.690  8.014 0.0000000000
77574  -43.178  -1.978  6.146 0.0000000000
77561  -41.896  -1.245  6.323 0.0000000000
77583  -41.959  -1.743  4.926 0.0000000000
120924  -41.494  -1.185  3.187 0.0000000000
63994  -48.009  -19.491  8.494 0.0000000000
65594  -42.149  -17.511  8.481 0.0000000000
66374  -41.620  -16.199  11.112 0.0000000000
68734  -45.539  -13.517  16.509 0.0000000000
68735  -46.156  -13.461  16.797 0.0000000000
69510  -48.264  -12.429  9.113 0.0000000000
70244  -50.500  -11.367  9.164 0.0000000000
70286  -45.761  -12.130  0.533 0.0000000000
71647  -42.013  -9.220  13.114 0.0000000000
72446  -50.132  -7.938  5.103 0.0000000000
72538  -48.503  -7.825  -8.058 0.0000000000
73148  -54.114  -7.876  9.375 0.0000000000
73842  -48.762  -6.283  10.056 0.0000000000
73847  -43.395  -6.631  9.508 0.0000000000
73852  -48.274  -6.783  9.654 0.0000000000
73882  -53.451  -6.035  4.065 0.0000000000
73943  -50.130  -5.847  -6.603 0.0000000000
73947  -48.653  -5.863  -7.370 0.0000000000
74537  -43.068  -5.967  9.663 0.0000000000
75364  -52.231  -4.196  -2.669 0.0000000000
75381  -49.293  -4.999  -6.631 0.0000000000
76021  -50.022  -4.205  17.733 0.0000000000
76063  -53.612  -3.502  12.698 0.0000000000
76073  -53.090  -3.600  10.905 0.0000000000
76091  -48.309  -3.918  6.853 0.0000000000
76108  -45.772  -3.368  4.348 0.0000000000
76132  -50.377  -3.878  2.196 0.0000000000
76174  -52.171  -3.599  -1.287 0.0000000000
76908  -49.703  -2.338  -3.308 0.0000000000
77563  -43.459  -1.746  6.764 0.0000000000
77582  -41.298  -1.387  4.974 0.0000000000
77644  -48.601  -1.077  -2.116 0.0000000000
77653  -43.514  -0.734  -2.626 0.0000000000
77660  -49.209  -1.494  -2.453 0.0000000000
78321  -40.762  -0.660  2.752 0.0000000000
78354  -46.096  -0.389  -1.892 0.0000000000
78358  -39.399  0.528  -2.167 0.0000000000
79009  -48.035  0.097  11.942 0.0000000000
79072  -41.219  0.551  -1.838 0.0000000000
104083  -44.745  -2.996  4.827 0.0000000000
104403  -44.019  -18.822  10.023 0.0000000000
106701  -50.900  -4.702  17.064 0.0000000000
107967  -42.136  -0.843  -2.448 0.0000000000
111533  -48.876  -9.953  -7.621 0.0000000000
117971  -52.974  -5.128  -1.143 0.0000000000
119750  -46.656  -9.638  5.473 0.0000000000
120944  -46.430  -10.377  1.294 0.0000000000
122049  -53.330  -6.339  4.562 0.0000000000
122500  -44.096  -18.512  10.670 0.0000000000
124466  -48.587  -4.325  6.463 0.0000000000
