#!ascii label  , from subject sub-v2s0x29045_ses-1 vox2ras=TkReg
948
59804  -21.965  -25.288  -34.764 0.5555555820
59810  -22.531  -24.849  -35.191 0.6666666865
60623  -23.206  -24.280  -35.711 0.7777777910
60628  -23.945  -23.940  -36.238 0.7777777910
62114  -23.500  -22.401  -36.402 0.8888888955
61370  -25.852  -23.247  -37.431 0.8888888955
59803  -21.104  -25.299  -34.360 0.5555555820
60610  -20.747  -24.390  -34.305 0.5555555820
60621  -21.694  -23.760  -35.111 0.6666666865
61355  -22.057  -23.173  -35.540 0.8888888955
61363  -24.292  -23.387  -36.595 0.8888888955
62115  -24.222  -22.768  -36.727 0.8888888955
62122  -25.414  -22.097  -37.465 1.0000000000
62123  -25.911  -22.587  -37.573 0.8888888955
62835  -26.127  -22.007  -37.734 1.0000000000
61354  -21.234  -23.228  -35.024 0.7777777910
62806  -21.546  -21.646  -35.578 1.0000000000
112949  -22.426  -20.846  -36.199 1.0000000000
123536  -22.789  -21.387  -36.254 1.0000000000
63562  -24.192  -20.749  -37.152 1.0000000000
62832  -23.096  -20.930  -36.508 1.0000000000
63561  -23.495  -20.280  -36.844 1.0000000000
64388  -24.197  -20.017  -37.259 1.0000000000
63563  -24.846  -20.582  -37.481 1.0000000000
63571  -26.445  -20.456  -38.159 1.0000000000
63569  -24.868  -19.666  -37.633 1.0000000000
63570  -25.612  -20.130  -37.873 1.0000000000
64401  -27.262  -19.846  -38.555 1.0000000000
65235  -26.361  -18.677  -38.508 1.0000000000
118288  -27.237  -18.994  -38.725 0.7777777910
63549  -21.997  -20.162  -36.133 0.8888888955
63550  -22.685  -20.177  -36.453 1.0000000000
64387  -22.967  -19.396  -36.674 1.0000000000
117878  -23.652  -19.370  -37.082 1.0000000000
65233  -24.767  -18.667  -37.865 1.0000000000
65234  -25.586  -18.414  -38.312 1.0000000000
65243  -26.140  -17.881  -38.676 1.0000000000
65244  -27.081  -18.182  -38.967 1.0000000000
64406  -27.936  -18.555  -39.198 0.8888888955
66070  -27.836  -17.687  -39.390 1.0000000000
65245  -28.547  -18.202  -39.472 0.7777777910
65253  -28.947  -17.876  -39.689 0.7777777910
65205  -21.941  -18.534  -36.208 0.5555555820
116457  -22.463  -16.965  -36.974 0.7777777910
66039  -22.820  -17.736  -36.981 0.8888888955
108541  -24.214  -17.858  -37.840 1.0000000000
64399  -23.921  -18.597  -37.432 1.0000000000
66055  -23.798  -17.265  -37.828 0.8888888955
120361  -24.340  -17.238  -38.176 1.0000000000
66057  -25.084  -17.697  -38.342 1.0000000000
66069  -26.794  -17.390  -39.167 1.0000000000
66075  -27.393  -16.885  -39.543 0.8888888955
66864  -28.957  -16.664  -40.104 0.7777777910
116499  -29.354  -16.717  -40.169 0.6666666865
66874  -29.094  -16.097  -40.354 0.6666666865
66799  -21.427  -16.009  -35.963 0.4444444478
66038  -21.981  -16.901  -36.478 0.7777777910
67615  -22.003  -15.432  -36.870 0.6666666865
66851  -23.667  -15.815  -38.205 0.7777777910
66838  -23.889  -16.573  -38.121 0.8888888955
66056  -24.828  -16.797  -38.538 0.8888888955
66068  -25.800  -17.100  -38.852 1.0000000000
66852  -24.481  -15.929  -38.680 1.0000000000
66853  -25.502  -16.322  -39.043 1.0000000000
66861  -27.066  -16.183  -39.678 1.0000000000
66871  -27.486  -15.823  -39.960 0.8888888955
66872  -28.037  -15.819  -40.167 0.7777777910
66873  -28.684  -15.993  -40.272 0.7777777910
123093  -29.820  -16.645  -40.228 0.5555555820
67680  -28.860  -15.457  -40.493 0.7777777910
67681  -29.318  -15.452  -40.505 0.6666666865
67637  -22.090  -14.786  -37.347 0.6666666865
67638  -23.124  -15.335  -38.030 0.7777777910
113108  -22.599  -14.734  -37.827 0.7777777910
67652  -23.795  -15.230  -38.487 0.8888888955
67653  -24.570  -15.139  -38.958 0.8888888955
67666  -25.261  -14.966  -39.358 1.0000000000
67667  -26.081  -15.050  -39.678 1.0000000000
66860  -26.228  -15.884  -39.477 0.8888888955
67689  -27.376  -14.449  -40.346 0.8888888955
67678  -27.827  -15.044  -40.375 0.8888888955
67679  -28.419  -15.335  -40.425 0.7777777910
68463  -26.879  -13.853  -40.323 0.8888888955
67690  -27.786  -14.215  -40.468 0.7777777910
68472  -28.435  -14.191  -40.570 0.7777777910
68465  -29.056  -14.804  -40.618 0.7777777910
68466  -29.574  -14.667  -40.510 0.6666666865
117775  -21.816  -14.341  -37.302 0.6666666865
68415  -21.624  -14.613  -36.842 0.5555555820
117993  -22.663  -14.091  -38.048 0.7777777910
68427  -23.187  -14.619  -38.270 0.8888888955
68440  -23.948  -14.507  -38.733 0.8888888955
69227  -24.298  -13.687  -39.130 1.0000000000
68441  -24.768  -14.472  -39.243 1.0000000000
68453  -26.313  -14.154  -39.986 1.0000000000
67676  -26.850  -14.719  -40.105 0.8888888955
106451  -28.146  -13.467  -40.624 0.7777777910
69256  -28.154  -12.776  -40.820 0.7777777910
69248  -29.065  -13.337  -40.730 0.6666666865
69976  -29.707  -12.888  -40.485 0.5555555820
69249  -29.712  -13.798  -40.475 0.5555555820
68426  -22.087  -14.042  -37.649 0.7777777910
69215  -21.717  -13.168  -37.526 0.6666666865
69239  -25.112  -13.148  -39.667 1.0000000000
69973  -26.464  -12.286  -40.503 0.8888888955
69246  -26.399  -13.259  -40.296 0.8888888955
104957  -26.881  -11.940  -40.698 0.8888888955
68470  -27.336  -13.573  -40.493 0.8888888955
69988  -27.750  -11.964  -40.976 0.7777777910
69974  -28.241  -12.005  -41.095 0.7777777910
115525  -27.236  -10.494  -41.463 0.7777777910
113691  -28.830  -11.593  -41.027 0.5555555820
69962  -29.593  -11.970  -40.581 0.5555555820
70703  -28.795  -10.832  -41.148 0.6666666865
69908  -21.289  -12.419  -37.224 0.4444444478
69926  -21.886  -12.581  -37.782 0.5555555820
69941  -22.354  -12.298  -38.196 0.7777777910
69226  -23.637  -12.960  -38.855 1.0000000000
69225  -22.888  -12.923  -38.393 0.8888888955
69959  -24.012  -12.157  -39.282 1.0000000000
69960  -25.056  -12.099  -39.878 0.8888888955
69961  -25.956  -11.653  -40.447 0.8888888955
69987  -26.523  -11.309  -40.746 0.8888888955
102517  -27.130  -11.550  -40.888 0.8888888955
70702  -28.207  -10.933  -41.442 0.6666666865
70692  -29.449  -11.087  -40.719 0.5555555820
71359  -21.881  -10.649  -38.186 0.6666666865
119078  -21.694  -11.363  -37.882 0.6666666865
116191  -23.010  -10.892  -38.927 0.7777777910
70689  -24.448  -11.247  -39.757 0.8888888955
116046  -23.885  -10.546  -39.596 0.7777777910
115196  -24.829  -10.223  -40.193 0.7777777910
70690  -25.381  -10.952  -40.342 0.8888888955
71383  -25.633  -9.920  -40.695 0.7777777910
70691  -26.112  -10.614  -40.766 0.8888888955
71392  -26.214  -9.652  -41.065 0.7777777910
70701  -26.592  -10.354  -41.100 0.7777777910
72091  -26.698  -8.487  -41.757 0.6666666865
72099  -27.232  -8.753  -42.080 0.6666666865
71401  -27.262  -9.605  -41.798 0.6666666865
118791  -27.556  -10.419  -41.627 0.5555555820
72814  -27.408  -7.600  -42.669 0.6666666865
72806  -28.148  -8.216  -42.314 0.5555555820
72092  -28.311  -9.134  -41.856 0.5555555820
71384  -29.215  -10.252  -40.958 0.4444444478
73495  -20.141  -7.752  -36.904 0.3333333433
72764  -20.839  -8.306  -37.673 0.3333333433
115159  -21.808  -8.965  -38.450 0.5555555820
72062  -22.174  -9.605  -38.584 0.6666666865
72787  -22.529  -8.547  -38.962 0.5555555820
72073  -22.914  -9.171  -39.172 0.7777777910
71381  -24.299  -9.521  -39.976 0.7777777910
116290  -24.954  -7.983  -40.467 0.6666666865
71382  -25.133  -9.252  -40.554 0.6666666865
72082  -24.648  -8.601  -40.291 0.6666666865
116095  -25.979  -8.310  -41.183 0.6666666865
72805  -26.378  -8.017  -41.628 0.6666666865
73542  -26.696  -7.306  -42.327 0.6666666865
120578  -27.137  -7.262  -42.666 0.6666666865
106257  -28.616  -7.831  -42.030 0.5555555820
73537  -28.753  -7.214  -42.028 0.5555555820
73536  -28.137  -7.380  -42.523 0.6666666865
73496  -20.617  -7.551  -37.407 0.4444444478
72749  -19.736  -7.493  -36.481 0.4444444478
72776  -21.537  -8.211  -38.316 0.4444444478
74188  -21.138  -6.768  -37.624 0.5555555820
121990  -22.202  -8.075  -38.773 0.5555555820
114287  -22.868  -7.615  -39.125 0.6666666865
72788  -23.329  -8.142  -39.410 0.6666666865
72794  -24.244  -7.850  -39.930 0.6666666865
72803  -25.465  -7.787  -40.834 0.6666666865
72804  -25.935  -7.565  -41.325 0.6666666865
73535  -26.394  -7.392  -41.845 0.6666666865
73543  -27.393  -6.860  -42.685 0.6666666865
74234  -28.186  -6.669  -42.484 0.5555555820
117553  -21.060  -6.261  -37.137 0.4444444478
73520  -23.183  -6.790  -39.186 0.6666666865
73521  -23.654  -7.283  -39.510 0.6666666865
73527  -24.711  -6.746  -40.199 0.6666666865
72795  -24.863  -7.402  -40.365 0.6666666865
114123  -26.962  -6.790  -42.563 0.6666666865
61361  -22.867  -22.753  -35.943 0.8888888955
62113  -22.829  -21.990  -36.119 1.0000000000
62827  -23.348  -21.651  -36.488 1.0000000000
62834  -25.651  -21.195  -37.704 1.0000000000
66818  -21.821  -16.118  -36.425 0.5555555820
67668  -26.879  -15.488  -39.865 0.8888888955
107506  -21.556  -13.853  -37.180 0.5555555820
70646  -21.291  -11.642  -37.371 0.5555555820
69216  -22.349  -13.265  -38.013 0.7777777910
69238  -24.408  -12.827  -39.372 1.0000000000
102518  -27.474  -11.965  -40.836 0.8888888955
116501  -20.777  -11.708  -36.405 0.2222222239
71395  -28.494  -10.122  -41.491 0.6666666865
72093  -28.915  -9.534  -41.342 0.4444444478
73509  -22.294  -7.244  -38.703 0.6666666865
74204  -22.781  -6.279  -38.843 0.6666666865
67598  -21.640  -15.324  -36.456 0.4444444478
69195  -21.206  -13.695  -36.344 0.4444444478
74235  -29.032  -6.510  -41.922 0.5555555820
73538  -29.429  -7.024  -41.500 0.5555555820
74163  -19.635  -6.572  -36.217 0.2222222239
74174  -20.304  -6.903  -36.880 0.3333333433
120173  -21.370  -26.640  -34.217 0.5555555820
58227  -23.151  -26.756  -35.140 0.5555555820
59811  -23.290  -25.201  -35.504 0.5555555820
59816  -23.933  -24.732  -35.943 0.5555555820
60637  -25.400  -23.872  -37.044 0.7777777910
107422  -24.450  -24.395  -36.331 0.6666666865
60629  -24.686  -23.848  -36.643 0.8888888955
61371  -26.764  -23.542  -37.644 0.7777777910
62124  -26.496  -22.846  -37.724 0.7777777910
122566  -26.995  -22.166  -38.079 0.8888888955
59788  -19.833  -25.372  -33.009 0.4444444478
61340  -20.589  -23.460  -34.385 0.5555555820
62840  -26.635  -21.300  -38.084 1.0000000000
62059  -20.489  -22.598  -34.420 0.2222222239
62103  -20.883  -21.759  -35.071 0.6666666865
63572  -28.036  -20.225  -38.708 0.8888888955
63580  -28.688  -19.637  -39.127 0.6666666865
65246  -29.028  -18.562  -39.535 0.6666666865
62805  -21.111  -20.971  -35.369 0.5555555820
65254  -29.313  -18.209  -39.657 0.6666666865
64355  -21.289  -19.493  -35.515 0.4444444478
66079  -29.668  -17.922  -39.791 0.5555555820
115020  -30.276  -16.134  -40.191 0.5555555820
66003  -21.320  -17.498  -35.620 0.2222222239
67669  -30.133  -15.311  -40.324 0.5555555820
68454  -30.353  -14.320  -40.210 0.5555555820
68385  -21.263  -14.144  -35.716 0.3333333433
111969  -30.580  -13.297  -40.012 0.5555555820
69943  -31.227  -12.443  -39.544 0.4444444478
69887  -20.956  -12.322  -36.338 0.3333333433
70693  -30.256  -11.337  -40.221 0.5555555820
71385  -30.019  -10.418  -40.374 0.4444444478
72750  -20.046  -8.526  -36.727 0.3333333433
115712  -20.525  -9.072  -37.157 0.3333333433
72049  -20.801  -10.025  -37.177 0.4444444478
72807  -28.970  -8.634  -41.547 0.4444444478
73529  -29.417  -7.759  -41.355 0.4444444478
74236  -29.798  -6.438  -41.184 0.2222222239
74203  -21.985  -6.544  -38.282 0.6666666865
107001  -23.984  -6.533  -39.633 0.6666666865
74232  -25.941  -6.736  -41.405 0.6666666865
74233  -26.320  -6.118  -41.707 0.6666666865
119666  -26.570  -5.647  -41.873 0.6666666865
74929  -26.920  -5.542  -42.208 0.6666666865
74242  -27.152  -6.188  -42.547 0.6666666865
74243  -27.659  -6.061  -42.559 0.6666666865
74244  -28.516  -5.872  -42.242 0.4444444478
74217  -23.447  -6.010  -39.285 0.5555555820
60611  -21.655  -24.495  -34.827 0.6666666865
60622  -22.358  -24.014  -35.354 0.6666666865
61356  -22.940  -23.529  -35.780 0.8888888955
121956  -23.440  -23.738  -35.992 0.8888888955
62120  -24.068  -21.991  -36.814 1.0000000000
61362  -23.600  -23.220  -36.259 0.8888888955
118826  -25.385  -22.708  -37.355 1.0000000000
61369  -24.941  -23.175  -37.043 0.8888888955
58997  -21.062  -26.032  -34.187 0.5555555820
59790  -20.589  -25.747  -33.905 0.4444444478
59789  -20.231  -25.054  -33.672 0.4444444478
116800  -21.161  -23.869  -34.755 0.6666666865
62121  -24.784  -22.393  -37.158 1.0000000000
119376  -24.673  -21.498  -37.277 1.0000000000
121923  -26.338  -22.447  -37.748 1.0000000000
62079  -20.757  -22.560  -34.803 0.6666666865
62104  -21.383  -22.460  -35.341 0.8888888955
62105  -22.150  -22.258  -35.747 1.0000000000
62826  -22.261  -21.499  -35.940 0.8888888955
62825  -21.768  -20.888  -35.834 0.8888888955
62833  -23.819  -21.201  -36.849 1.0000000000
124099  -27.196  -20.602  -38.392 0.8888888955
105224  -26.418  -19.548  -38.320 1.0000000000
64400  -25.591  -19.188  -38.080 1.0000000000
124318  -24.263  -19.279  -37.434 1.0000000000
64407  -28.010  -19.352  -38.999 0.8888888955
105246  -28.610  -18.921  -39.337 0.7777777910
64371  -22.266  -19.382  -36.343 1.0000000000
64370  -21.874  -19.437  -36.160 0.5555555820
63526  -21.419  -20.210  -35.689 0.6666666865
65221  -23.223  -18.565  -36.981 1.0000000000
65220  -22.539  -18.548  -36.588 0.8888888955
66076  -28.195  -17.047  -39.747 0.8888888955
66077  -28.779  -17.188  -39.851 0.7777777910
66078  -29.238  -17.414  -39.891 0.6666666865
106221  -21.489  -18.538  -35.763 0.5555555820
65204  -21.718  -17.659  -36.108 0.6666666865
65219  -22.209  -17.707  -36.538 0.6666666865
66819  -22.265  -16.206  -36.860 0.6666666865
66837  -23.175  -16.071  -37.752 0.8888888955
66054  -23.169  -16.946  -37.485 0.8888888955
111581  -23.501  -17.814  -37.417 1.0000000000
66854  -26.467  -16.628  -39.318 1.0000000000
66862  -27.824  -16.380  -39.864 0.8888888955
66863  -28.479  -16.514  -40.009 0.8888888955
66866  -30.333  -16.848  -40.030 0.5555555820
66875  -29.615  -16.098  -40.367 0.6666666865
66798  -21.065  -15.874  -35.256 0.3333333433
66022  -21.269  -16.709  -35.596 0.3333333433
66023  -21.575  -16.817  -36.061 0.4444444478
67616  -22.550  -15.551  -37.431 0.6666666865
67654  -25.332  -15.579  -39.229 1.0000000000
67677  -27.438  -15.236  -40.188 0.7777777910
67692  -28.646  -14.837  -40.562 0.7777777910
68452  -25.574  -14.390  -39.635 1.0000000000
68464  -28.588  -13.620  -40.686 0.7777777910
119930  -28.831  -14.303  -40.627 0.7777777910
111132  -29.131  -14.108  -40.641 0.6666666865
68403  -21.348  -14.630  -36.208 0.4444444478
68439  -23.240  -13.740  -38.465 0.8888888955
112586  -25.104  -13.896  -39.541 1.0000000000
69240  -25.773  -13.605  -39.904 0.8888888955
69255  -27.771  -12.678  -40.733 0.7777777910
69247  -28.551  -12.872  -40.849 0.6666666865
69963  -30.424  -12.265  -40.099 0.5555555820
69206  -21.198  -12.935  -36.914 0.5555555820
69245  -25.844  -12.687  -40.189 1.0000000000
69253  -26.881  -12.919  -40.551 0.8888888955
104926  -27.347  -11.276  -41.120 0.8888888955
69975  -28.956  -12.490  -40.872 0.6666666865
102767  -26.881  -10.624  -41.202 0.8888888955
69909  -21.464  -12.312  -37.462 0.5555555820
69942  -23.164  -12.255  -38.671 1.0000000000
70675  -22.793  -11.669  -38.588 0.7777777910
70661  -21.776  -11.944  -37.843 0.7777777910
70676  -23.505  -11.477  -39.139 0.7777777910
109024  -21.181  -10.328  -37.529 0.5555555820
71358  -21.441  -10.897  -37.700 0.5555555820
72061  -21.637  -9.856  -38.135 0.4444444478
71370  -22.551  -10.275  -38.740 0.6666666865
70662  -22.226  -11.346  -38.306 0.7777777910
70647  -21.430  -11.566  -37.558 0.6666666865
71371  -23.381  -9.860  -39.372 0.7777777910
119887  -26.232  -8.933  -41.230 0.6666666865
71400  -26.892  -9.909  -41.521 0.6666666865
72098  -26.898  -9.114  -41.762 0.6666666865
72812  -26.751  -7.858  -42.091 0.6666666865
115511  -27.047  -8.298  -42.199 0.6666666865
72100  -27.563  -8.910  -42.114 0.5555555820
71394  -27.797  -9.863  -41.842 0.5555555820
72084  -29.697  -9.409  -40.717 0.4444444478
72050  -21.127  -9.323  -37.744 0.4444444478
72074  -23.804  -8.803  -39.702 0.7777777910
73508  -21.325  -7.412  -38.095 0.5555555820
73528  -25.396  -7.084  -40.781 0.6666666865
74241  -26.725  -6.205  -42.249 0.6666666865
122751  -20.986  -11.144  -37.107 0.3333333433
67597  -21.330  -15.333  -35.883 0.4444444478
68402  -21.168  -13.941  -36.350 0.4444444478
73530  -30.064  -7.156  -40.803 0.3333333433
74924  -29.379  -5.751  -41.620 0.3333333433
58998  -21.747  -25.984  -34.548 0.5555555820
60638  -26.197  -24.061  -37.354 0.6666666865
58984  -20.129  -25.848  -33.356 0.4444444478
114133  -20.605  -26.442  -33.748 0.5555555820
62841  -27.553  -21.177  -38.394 0.7777777910
60595  -20.138  -24.163  -33.686 0.4444444478
65203  -21.411  -17.564  -35.732 0.3333333433
66780  -21.162  -16.501  -35.453 0.1111111119
118011  -21.329  -14.863  -36.032 0.4444444478
117505  -21.240  -13.420  -36.066 0.3333333433
69194  -21.128  -13.018  -36.875 0.3333333433
71344  -20.733  -10.348  -37.025 0.3333333433
74930  -27.352  -5.432  -42.337 0.6666666865
74931  -27.953  -5.255  -42.292 0.4444444478
57429  -25.545  -27.795  -35.958 0.4444444478
56624  -28.163  -29.136  -35.204 0.2222222239
58220  -22.873  -27.631  -34.802 0.4444444478
58228  -23.664  -27.514  -35.230 0.4444444478
59006  -24.097  -26.702  -35.620 0.4444444478
58239  -26.109  -27.183  -36.341 0.4444444478
57432  -27.969  -27.937  -35.959 0.2222222239
59005  -23.988  -25.613  -35.784 0.4444444478
117437  -25.110  -25.844  -36.344 0.4444444478
59013  -25.903  -26.128  -36.606 0.4444444478
58241  -28.285  -27.274  -36.303 0.1111111119
58231  -29.457  -27.576  -35.514 0.1111111119
59025  -27.388  -26.097  -36.916 0.3333333433
59817  -24.640  -25.145  -36.225 0.4444444478
59014  -26.701  -25.747  -36.945 0.3333333433
59026  -28.088  -25.986  -37.005 0.3333333433
59016  -28.599  -26.578  -36.635 0.2222222239
59819  -26.056  -25.295  -36.877 0.4444444478
59818  -25.409  -25.212  -36.602 0.4444444478
59831  -28.352  -25.261  -37.340 0.2222222239
59832  -29.205  -25.094  -37.276 0.1111111119
60631  -30.749  -24.641  -36.868 0.1111111119
107692  -27.845  -24.662  -37.532 0.3333333433
60640  -28.581  -24.481  -37.550 0.3333333433
61380  -27.354  -22.988  -37.921 0.5555555820
116350  -27.871  -22.446  -38.187 0.6666666865
62133  -29.331  -22.476  -38.153 0.4444444478
62842  -28.023  -21.750  -38.390 0.6666666865
62836  -30.722  -21.701  -37.999 0.3333333433
122712  -28.718  -21.484  -38.560 0.6666666865
116637  -29.165  -20.882  -38.854 0.5555555820
120661  -28.400  -20.945  -38.672 0.6666666865
63581  -29.284  -19.990  -39.174 0.5555555820
63574  -29.780  -20.638  -38.965 0.5555555820
62843  -30.262  -21.177  -38.550 0.4444444478
63583  -30.233  -19.872  -39.111 0.3333333433
63573  -28.753  -20.293  -38.944 0.5555555820
65255  -29.662  -18.533  -39.614 0.4444444478
64410  -30.026  -19.178  -39.440 0.4444444478
66080  -30.281  -17.583  -39.801 0.4444444478
74231  -25.195  -6.258  -40.576 0.5555555820
74224  -24.516  -6.185  -39.999 0.5555555820
74225  -25.761  -5.839  -41.088 0.5555555820
74923  -26.186  -5.370  -41.378 0.5555555820
75682  -27.102  -4.807  -41.909 0.5555555820
57411  -25.035  -28.381  -35.649 0.4444444478
57414  -27.668  -28.623  -35.657 0.2222222239
59004  -22.656  -25.829  -34.989 0.4444444478
59027  -28.913  -25.876  -37.012 0.2222222239
59820  -29.704  -25.654  -36.817 0.1111111119
104622  -28.744  -23.756  -37.730 0.4444444478
60641  -29.528  -24.215  -37.503 0.3333333433
61372  -27.807  -23.831  -37.747 0.4444444478
62132  -28.619  -22.159  -38.319 0.6666666865
117043  -29.292  -21.692  -38.487 0.4444444478
65248  -30.206  -18.353  -39.582 0.4444444478
67670  -30.785  -15.553  -39.943 0.4444444478
74915  -24.878  -4.943  -40.145 0.5555555820
62125  -30.095  -22.754  -37.865 0.2222222239
56607  -23.364  -29.245  -34.690 0.4444444478
108251  -24.798  -29.638  -35.313 0.4444444478
56622  -25.677  -29.630  -35.478 0.4444444478
56623  -26.522  -29.507  -35.507 0.2222222239
56609  -27.870  -29.845  -34.934 0.2222222239
111678  -28.320  -30.166  -34.540 0.1111111119
120314  -22.086  -27.768  -34.418 0.4444444478
57400  -22.600  -28.569  -34.480 0.4444444478
57415  -28.438  -28.426  -35.475 0.1111111119
57416  -29.098  -28.186  -35.319 0.1111111119
56610  -28.569  -29.588  -34.710 0.1111111119
58221  -30.213  -27.310  -35.158 0.1111111119
59018  -30.136  -26.118  -36.212 0.1111111119
59812  -30.797  -25.746  -35.863 0.1111111119
60643  -31.016  -23.821  -37.170 0.1111111119
112966  -30.835  -22.983  -37.550 0.2222222239
62844  -30.810  -20.997  -38.234 0.1111111119
62126  -30.611  -22.322  -37.829 0.2222222239
63576  -30.894  -20.218  -38.519 0.2222222239
64402  -31.230  -19.490  -38.453 0.2222222239
65249  -30.889  -18.776  -39.008 0.3333333433
110026  -30.928  -16.204  -39.760 0.3333333433
67655  -31.456  -15.326  -39.357 0.3333333433
68455  -30.957  -14.775  -39.856 0.4444444478
71345  -21.109  -10.899  -37.312 0.4444444478
70694  -31.044  -11.548  -39.674 0.4444444478
72796  -29.765  -8.501  -40.834 0.3333333433
74892  -21.762  -5.963  -37.762 0.4444444478
75684  -28.105  -4.631  -41.915 0.5555555820
74218  -24.058  -5.785  -39.648 0.5555555820
74914  -24.234  -5.096  -39.687 0.5555555820
74916  -25.612  -4.953  -40.732 0.5555555820
116447  -26.132  -4.688  -41.097 0.5555555820
75674  -26.834  -4.137  -41.388 0.5555555820
109725  -23.852  -4.658  -39.393 0.5555555820
124956  -21.620  -27.273  -34.241 0.4444444478
110410  -22.230  -26.841  -34.619 0.4444444478
60630  -25.051  -24.467  -36.623 0.5555555820
59828  -25.749  -24.596  -36.977 0.5555555820
64408  -29.126  -19.230  -39.377 0.5555555820
65247  -29.429  -18.874  -39.521 0.4444444478
69241  -31.032  -13.974  -39.747 0.4444444478
118392  -23.441  -26.008  -35.407 0.4444444478
60639  -27.076  -24.373  -37.512 0.3333333433
59829  -26.515  -24.891  -37.217 0.3333333433
58229  -24.705  -27.554  -35.702 0.4444444478
57413  -26.852  -28.751  -35.780 0.4444444478
57412  -25.893  -28.757  -35.744 0.3333333433
57430  -26.408  -28.028  -36.055 0.4444444478
113818  -27.370  -29.348  -35.392 0.3333333433
57401  -23.478  -28.358  -34.935 0.4444444478
57410  -24.255  -28.171  -35.363 0.4444444478
122353  -24.180  -27.484  -35.471 0.4444444478
59012  -25.136  -26.762  -36.124 0.4444444478
57431  -27.204  -28.063  -36.059 0.4444444478
117679  -26.823  -27.501  -36.332 0.4444444478
119377  -26.889  -26.709  -36.654 0.4444444478
58230  -28.720  -27.758  -35.789 0.1111111119
59007  -29.801  -26.842  -35.835 0.1111111119
57403  -29.800  -28.197  -34.816 0.1111111119
59830  -27.422  -25.311  -37.281 0.3333333433
59017  -29.383  -26.384  -36.472 0.2222222239
59833  -30.031  -24.913  -37.121 0.1111111119
60642  -30.349  -24.265  -37.298 0.1111111119
59821  -30.431  -25.364  -36.541 0.1111111119
61381  -28.440  -23.006  -38.011 0.4444444478
62134  -30.034  -21.911  -38.250 0.3333333433
61373  -29.405  -23.296  -37.818 0.4444444478
61374  -30.238  -23.577  -37.566 0.3333333433
114937  -29.737  -21.251  -38.673 0.4444444478
64409  -29.560  -19.475  -39.371 0.5555555820
63575  -30.306  -20.499  -38.820 0.3333333433
66855  -30.980  -17.021  -39.596 0.4444444478
113793  -25.236  -5.534  -40.516 0.5555555820
114832  -24.671  -5.637  -40.081 0.5555555820
74928  -26.588  -4.899  -41.605 0.5555555820
110341  -24.672  -28.861  -35.401 0.4444444478
112516  -25.218  -29.058  -35.512 0.4444444478
75663  -24.406  -4.270  -39.713 0.5555555820
56608  -24.026  -29.866  -34.913 0.4444444478
56621  -24.080  -29.035  -35.141 0.4444444478
55886  -27.080  -30.118  -35.127 0.2222222239
106901  -21.411  -27.854  -34.035 0.4444444478
57402  -28.992  -28.867  -34.890 0.1111111119
49911  -25.998  -37.009  -32.992 0.1111111119
53359  -21.633  -33.421  -32.963 0.3333333433
52459  -24.233  -34.820  -33.699 0.2222222239
51611  -24.819  -35.583  -33.642 0.2222222239
50734  -25.525  -36.201  -33.406 0.1111111119
51612  -25.518  -35.394  -33.585 0.1111111119
55062  -20.482  -31.059  -32.940 0.3333333433
55053  -20.473  -31.856  -32.745 0.3333333433
54207  -21.085  -32.657  -32.818 0.3333333433
121146  -23.161  -33.124  -33.714 0.3333333433
53377  -23.930  -33.288  -34.034 0.3333333433
117602  -23.967  -34.074  -33.814 0.2222222239
52470  -24.715  -33.968  -33.951 0.2222222239
111255  -25.134  -34.795  -33.759 0.2222222239
51613  -26.183  -35.538  -33.419 0.1111111119
57366  -19.133  -28.490  -31.933 0.2222222239
56571  -20.103  -29.446  -32.971 0.2222222239
55838  -19.811  -30.285  -32.662 0.2222222239
124754  -20.899  -31.524  -33.044 0.3333333433
113978  -21.278  -31.972  -33.123 0.3333333433
54222  -22.611  -32.582  -33.595 0.3333333433
52460  -25.574  -34.135  -33.913 0.1111111119
57382  -20.428  -28.624  -33.292 0.2222222239
57383  -21.237  -28.549  -33.803 0.3333333433
56587  -21.992  -29.781  -33.911 0.3333333433
55853  -21.672  -30.400  -33.635 0.3333333433
55870  -22.579  -30.455  -34.067 0.3333333433
55082  -23.436  -31.703  -34.191 0.3333333433
107809  -23.365  -30.931  -34.359 0.3333333433
55083  -24.038  -31.404  -34.563 0.3333333433
106686  -24.745  -31.692  -34.752 0.3333333433
54239  -25.086  -32.382  -34.602 0.3333333433
53395  -25.542  -32.947  -34.383 0.1111111119
110042  -25.754  -32.344  -34.596 0.2222222239
58202  -19.747  -27.177  -32.815 0.2222222239
57381  -19.960  -27.810  -32.962 0.2222222239
104544  -20.704  -27.870  -33.574 0.3333333433
121023  -21.836  -28.373  -34.190 0.3333333433
55871  -23.327  -30.114  -34.498 0.3333333433
55872  -23.988  -30.645  -34.699 0.3333333433
55084  -25.495  -31.772  -34.864 0.3333333433
55085  -26.317  -31.819  -34.668 0.1111111119
58968  -19.559  -26.637  -32.254 0.3333333433
58203  -20.261  -27.120  -33.349 0.3333333433
55883  -24.627  -30.478  -35.076 0.3333333433
55884  -25.389  -30.410  -35.315 0.3333333433
55885  -26.231  -30.318  -35.323 0.3333333433
66071  -30.943  -17.857  -39.350 0.2222222239
66856  -31.527  -16.280  -39.135 0.2222222239
66839  -31.547  -17.154  -38.894 0.2222222239
69228  -31.444  -13.281  -39.365 0.2222222239
53375  -22.513  -33.454  -33.374 0.3333333433
53376  -23.357  -33.792  -33.617 0.3333333433
111448  -25.929  -34.824  -33.671 0.1111111119
57367  -19.631  -28.568  -32.592 0.3333333433
55852  -20.742  -30.318  -33.226 0.3333333433
55065  -22.766  -31.839  -33.796 0.3333333433
54223  -23.360  -32.478  -33.951 0.3333333433
56586  -21.141  -29.462  -33.587 0.3333333433
55099  -25.896  -31.119  -35.162 0.3333333433
50733  -24.565  -36.428  -33.475 0.1111111119
49910  -25.095  -37.078  -33.235 0.1111111119
54206  -20.284  -32.648  -32.444 0.3333333433
53358  -20.837  -33.399  -32.542 0.3333333433
52446  -21.382  -34.146  -32.667 0.3333333433
121355  -22.407  -34.639  -33.099 0.3333333433
113583  -23.425  -35.060  -33.446 0.3333333433
51610  -23.969  -35.755  -33.551 0.3333333433
50735  -26.463  -36.255  -33.130 0.1111111119
55052  -19.646  -31.128  -32.467 0.3333333433
56570  -19.162  -29.398  -32.160 0.2222222239
106899  -26.774  -34.877  -33.411 0.1111111119
53378  -25.962  -33.489  -34.085 0.1111111119
54224  -26.941  -32.711  -33.843 0.1111111119
105306  -19.437  -27.792  -32.287 0.2222222239
54241  -26.843  -32.185  -34.164 0.1111111119
59748  -19.694  -26.154  -32.203 0.1111111119
69944  -31.929  -12.495  -38.959 0.2222222239
59771  -19.770  -24.728  -33.013 0.2222222239
118415  -20.028  -26.483  -33.160 0.3333333433
58204  -20.995  -27.206  -33.864 0.4444444478
58983  -19.782  -26.099  -32.669 0.2222222239
68442  -31.652  -14.186  -39.178 0.2222222239
54221  -21.842  -32.677  -33.265 0.3333333433
52457  -22.879  -34.380  -33.325 0.3333333433
52458  -23.579  -34.434  -33.595 0.3333333433
55837  -18.930  -30.359  -32.000 0.2222222239
54205  -19.598  -31.950  -32.219 0.2222222239
113722  -22.002  -31.911  -33.488 0.3333333433
53394  -24.791  -33.100  -34.326 0.2222222239
55063  -21.332  -31.195  -33.317 0.3333333433
52461  -26.331  -34.130  -33.742 0.1111111119
56606  -21.897  -29.054  -34.065 0.3333333433
55064  -22.207  -31.172  -33.724 0.3333333433
55081  -22.872  -31.221  -34.029 0.3333333433
53393  -24.192  -32.316  -34.407 0.3333333433
55098  -25.116  -31.127  -35.092 0.3333333433
53379  -26.656  -33.366  -33.779 0.1111111119
103529  -22.625  -29.539  -34.292 0.3333333433
55873  -26.740  -30.951  -34.929 0.1111111119
49909  -24.341  -37.148  -33.280 0.1111111119
53343  -20.042  -33.317  -32.164 0.2222222239
52447  -21.944  -34.894  -32.818 0.3333333433
114150  -22.696  -35.098  -33.142 0.3333333433
55051  -18.795  -31.218  -31.854 0.2222222239
66840  -32.033  -16.417  -38.423 0.1111111119
66059  -32.051  -17.285  -38.032 0.1111111119
66820  -32.408  -16.496  -37.791 0.1111111119
67639  -32.516  -14.907  -38.231 0.1111111119
68429  -32.960  -14.293  -37.858 0.1111111119
68428  -32.460  -13.988  -38.454 0.1111111119
69229  -32.122  -13.256  -38.772 0.1111111119
71386  -30.855  -10.645  -39.823 0.2222222239
72798  -31.349  -9.104  -39.761 0.1111111119
110438  -30.518  -8.798  -40.250 0.2222222239
72797  -30.340  -7.937  -40.521 0.1111111119
72086  -31.499  -9.968  -39.555 0.1111111119
72789  -31.325  -8.187  -39.926 0.1111111119
74878  -22.282  -5.008  -37.885 0.4444444478
74908  -23.643  -5.275  -39.342 0.4444444478
74219  -31.308  -6.691  -39.784 0.1111111119
74917  -28.825  -4.991  -41.867 0.3333333433
105767  -30.129  -5.681  -40.783 0.1111111119
74226  -30.549  -6.522  -40.440 0.1111111119
74909  -30.857  -5.916  -40.000 0.1111111119
75664  -25.130  -4.178  -40.278 0.4444444478
76469  -25.420  -3.455  -40.340 0.4444444478
75665  -25.783  -4.102  -40.707 0.4444444478
76478  -26.542  -3.438  -40.939 0.4444444478
76479  -26.999  -3.479  -41.157 0.4444444478
76480  -27.489  -3.534  -41.256 0.4444444478
75676  -27.823  -4.136  -41.594 0.2222222239
76470  -28.936  -3.564  -40.994 0.2222222239
75666  -29.313  -4.442  -41.224 0.2222222239
75667  -29.784  -4.064  -40.526 0.2222222239
75656  -30.354  -4.648  -39.950 0.2222222239
78679  -29.833  0.091  -39.178 0.1111111119
77950  -29.391  -1.048  -39.124 0.1111111119
76451  -30.487  -3.739  -38.492 0.1111111119
75640  -23.258  -3.826  -38.880 0.4444444478
76448  -23.749  -3.401  -39.033 0.4444444478
75655  -23.777  -4.039  -39.262 0.4444444478
76467  -24.265  -3.538  -39.451 0.3333333433
76468  -24.816  -3.543  -39.906 0.4444444478
77208  -25.730  -2.852  -40.329 0.4444444478
77209  -26.502  -2.506  -40.502 0.4444444478
77220  -26.714  -2.880  -40.789 0.4444444478
120085  -26.590  -2.157  -40.280 0.3333333433
77222  -27.691  -2.955  -41.048 0.3333333433
77210  -28.041  -2.399  -40.734 0.1111111119
77211  -28.834  -2.583  -40.537 0.1111111119
76461  -29.569  -3.210  -40.181 0.1111111119
77201  -29.445  -2.472  -39.803 0.1111111119
76447  -22.920  -3.541  -38.358 0.2222222239
76460  -24.670  -3.100  -39.593 0.3333333433
77200  -25.530  -2.426  -39.846 0.3333333433
121426  -26.126  -2.332  -40.207 0.3333333433
77971  -26.926  -2.303  -40.555 0.4444444478
77960  -27.567  -1.659  -40.087 0.2222222239
77962  -28.381  -1.772  -40.245 0.1111111119
78691  -27.970  -0.502  -39.536 0.1111111119
118682  -28.198  -0.897  -39.799 0.1111111119
108022  -29.089  -1.796  -39.895 0.1111111119
78692  -28.225  -0.728  -39.694 0.1111111119
123137  -28.666  -1.156  -39.774 0.1111111119
76459  -24.281  -2.981  -39.165 0.3333333433
77199  -24.897  -2.559  -39.364 0.3333333433
77937  -24.877  -1.887  -38.612 0.3333333433
77947  -25.397  -2.042  -39.292 0.3333333433
77949  -26.581  -1.758  -39.810 0.2222222239
77959  -27.114  -1.672  -39.992 0.2222222239
78693  -28.245  0.411  -40.084 0.1111111119
119277  -28.747  -0.283  -39.628 0.1111111119
79993  -29.466  1.520  -39.763 0.1111111119
77914  -23.655  -0.731  -36.832 0.1111111119
78650  -24.435  -0.789  -37.127 0.1111111119
77928  -25.199  -1.194  -37.835 0.2222222239
78677  -25.770  -1.354  -38.779 0.3333333433
79352  -26.520  -0.675  -38.645 0.2222222239
77948  -25.958  -1.870  -39.587 0.3333333433
79353  -27.085  -0.233  -38.929 0.1111111119
79991  -27.076  0.842  -39.473 0.1111111119
79369  -27.557  0.346  -39.429 0.1111111119
79370  -27.956  0.841  -40.070 0.1111111119
116127  -28.482  0.528  -39.903 0.1111111119
79371  -28.092  0.974  -40.296 0.1111111119
121941  -29.715  0.832  -39.474 0.1111111119
78640  -24.750  0.063  -36.640 0.1111111119
79965  -25.937  0.525  -37.148 0.1111111119
79978  -26.395  0.359  -37.887 0.1111111119
79337  -26.744  0.165  -38.593 0.2222222239
80652  -27.216  1.437  -39.443 0.1111111119
79992  -27.292  1.415  -39.832 0.1111111119
109652  -27.821  1.174  -40.323 0.1111111119
79307  -24.850  0.661  -36.085 0.1111111119
118391  -24.631  0.851  -35.504 0.1111111119
79955  -25.570  0.712  -36.254 0.1111111119
79966  -26.298  0.785  -37.174 0.1111111119
110274  -26.574  0.815  -37.997 0.1111111119
80625  -26.870  1.083  -37.946 0.1111111119
80638  -27.116  1.407  -38.733 0.1111111119
79943  -25.796  1.168  -35.350 0.1111111119
79956  -26.313  0.951  -36.279 0.1111111119
67656  -32.025  -15.567  -38.651 0.1111111119
67617  -32.507  -15.761  -37.999 0.1111111119
67618  -32.929  -15.111  -37.539 0.1111111119
70678  -32.560  -11.745  -38.726 0.1111111119
69927  -32.517  -12.555  -38.603 0.1111111119
112289  -32.291  -11.044  -39.017 0.1111111119
75654  -23.308  -4.638  -39.031 0.4444444478
75683  -27.579  -4.723  -41.958 0.4444444478
75677  -28.494  -4.211  -41.525 0.3333333433
74918  -30.010  -4.846  -40.722 0.1111111119
76477  -26.009  -3.410  -40.693 0.4444444478
113872  -30.295  -2.227  -38.331 0.1111111119
78661  -25.986  -0.494  -37.981 0.2222222239
79316  -25.295  0.406  -36.596 0.1111111119
80613  -26.955  1.107  -37.269 0.1111111119
66803  -33.248  -16.228  -36.401 0.1111111119
66821  -32.859  -16.078  -37.215 0.1111111119
72085  -30.654  -9.722  -40.031 0.2222222239
73522  -30.922  -7.307  -40.173 0.1111111119
111637  -22.841  -5.010  -38.591 0.4444444478
77219  -26.260  -2.854  -40.606 0.4444444478
77207  -25.159  -2.954  -39.940 0.4444444478
77221  -27.161  -2.902  -40.935 0.4444444478
77972  -27.446  -2.352  -40.667 0.2222222239
78632  -24.214  0.534  -36.010 0.1111111119
79306  -24.159  0.697  -35.162 0.1111111119
79942  -25.142  1.007  -35.427 0.1111111119
122994  -32.876  -16.754  -36.754 0.1111111119
66058  -31.524  -18.010  -38.605 0.1111111119
66802  -32.541  -16.981  -37.301 0.1111111119
66804  -33.748  -15.698  -35.854 0.1111111119
68406  -33.734  -14.443  -36.690 0.1111111119
69207  -33.550  -13.122  -37.486 0.1111111119
69217  -32.762  -13.055  -38.363 0.1111111119
69928  -33.080  -12.222  -38.293 0.1111111119
71373  -32.309  -10.173  -39.106 0.1111111119
72076  -32.527  -9.428  -38.981 0.1111111119
72790  -32.056  -8.157  -39.345 0.1111111119
74893  -22.487  -5.698  -38.442 0.4444444478
73513  -32.292  -7.588  -38.991 0.1111111119
73523  -31.730  -7.457  -39.633 0.1111111119
74898  -30.843  -5.296  -39.469 0.1111111119
74899  -31.457  -6.032  -39.111 0.1111111119
75639  -22.813  -4.289  -38.479 0.4444444478
111178  -31.205  -4.329  -38.135 0.1111111119
105033  -30.531  -2.981  -38.148 0.1111111119
76438  -23.204  -2.938  -38.181 0.2222222239
124407  -23.358  -3.290  -38.633 0.3333333433
77188  -23.830  -2.813  -38.527 0.2222222239
77189  -24.403  -2.480  -38.787 0.2222222239
77938  -30.936  -1.464  -38.177 0.1111111119
77913  -23.758  -1.410  -37.402 0.1111111119
77927  -24.487  -1.495  -37.786 0.2222222239
78680  -31.071  0.130  -38.672 0.1111111119
77170  -23.229  -1.072  -36.834 0.1111111119
77905  -23.111  -0.362  -36.253 0.1111111119
78631  -23.539  0.279  -35.718 0.1111111119
79355  -30.604  1.024  -39.203 0.1111111119
79297  -24.317  0.704  -34.208 0.1111111119
80653  -27.663  1.913  -39.742 0.1111111119
80668  -28.125  2.300  -39.986 0.1111111119
80013  -28.688  2.107  -40.025 0.1111111119
80014  -29.886  2.638  -39.914 0.1111111119
79298  -24.922  1.075  -34.642 0.1111111119
79931  -25.485  1.293  -34.684 0.1111111119
123262  -27.624  1.895  -38.833 0.1111111119
75675  -27.314  -4.145  -41.534 0.4444444478
68443  -32.016  -14.776  -38.755 0.1111111119
68416  -33.353  -14.457  -37.244 0.1111111119
69218  -33.056  -13.513  -37.980 0.1111111119
109361  -31.854  -8.696  -39.495 0.1111111119
72075  -32.001  -9.348  -39.316 0.1111111119
119214  -30.479  -5.271  -40.211 0.1111111119
76481  -28.089  -3.561  -41.305 0.2222222239
76462  -30.103  -3.872  -39.529 0.2222222239
79354  -28.950  0.655  -39.800 0.1111111119
120037  -30.103  -1.509  -38.601 0.1111111119
78662  -30.444  -0.744  -38.596 0.1111111119
76452  -31.245  -3.419  -37.817 0.1111111119
75645  -30.623  -4.569  -38.963 0.1111111119
77191  -29.861  -2.969  -38.965 0.2222222239
77961  -27.884  -1.697  -40.222 0.2222222239
77181  -24.158  -2.080  -38.137 0.1111111119
78678  -26.597  -1.211  -39.150 0.2222222239
78690  -27.371  -0.984  -39.277 0.1111111119
79372  -28.297  1.205  -40.217 0.1111111119
78651  -25.235  -0.518  -37.259 0.1111111119
80010  -27.525  1.078  -40.098 0.1111111119
80012  -27.998  1.568  -40.228 0.1111111119
78639  -23.871  -0.099  -36.506 0.1111111119
79324  -25.628  0.053  -37.164 0.1111111119
79979  -26.794  0.919  -38.786 0.1111111119
80639  -27.729  2.086  -39.334 0.1111111119
80011  -27.690  1.457  -40.154 0.1111111119
66040  -32.357  -17.840  -37.360 0.1111111119
67601  -33.442  -15.254  -36.718 0.1111111119
71372  -31.669  -10.848  -39.391 0.1111111119
77192  -31.349  -2.339  -37.807 0.1111111119
81372  -28.171  2.683  -39.736 0.1111111119
80614  -27.764  1.529  -37.323 0.1111111119
110033  -32.330  -8.812  -39.090 0.1111111119
78663  -31.505  -0.655  -38.257 0.1111111119
77169  -23.291  -1.828  -37.086 0.1111111119
81349  -28.139  2.546  -38.883 0.1111111119
113112  -21.202  -34.795  -32.410 0.2222222239
63510  -20.876  -20.234  -34.883 0.2222222239
64354  -21.178  -18.910  -35.337 0.2222222239
61318  -20.208  -23.544  -33.866 0.3333333433
62804  -20.628  -21.006  -34.453 0.3333333433
63525  -21.018  -20.283  -35.202 0.4444444478
119607  -21.060  -19.619  -35.154 0.3333333433
74175  -21.466  -5.545  -37.107 0.3333333433
75616  -21.962  -4.073  -37.226 0.1111111119
75627  -22.411  -3.972  -37.782 0.2222222239
72033  -20.373  -9.624  -36.771 0.2222222239
62780  -20.517  -21.610  -34.566 0.2222222239
71329  -20.427  -9.933  -36.760 0.1111111119
73474  -19.422  -7.146  -36.185 0.1111111119
74144  -19.026  -6.681  -33.455 0.1111111119
74846  -20.447  -4.347  -34.626 0.1111111119
75603  -21.748  -3.551  -35.485 0.1111111119
76428  -22.562  -3.470  -37.584 0.1111111119
76437  -22.788  -3.261  -37.915 0.1111111119
74867  -20.552  -6.055  -36.602 0.2222222239
74152  -19.515  -6.304  -36.036 0.1111111119
115184  -20.559  -21.890  -34.654 0.3333333433
74855  -20.189  -5.852  -36.230 0.1111111119
67585  -21.193  -15.471  -35.528 0.3333333433
75626  -21.780  -4.720  -37.133 0.3333333433
74845  -19.750  -5.010  -34.668 0.1111111119
74868  -21.084  -5.329  -36.541 0.1111111119
102450  -19.316  -6.747  -32.160 0.1111111119
75615  -21.405  -4.739  -36.700 0.1111111119
75569  -20.312  -4.713  -32.804 0.1111111119
75578  -21.092  -4.452  -33.343 0.1111111119
75602  -21.075  -3.960  -35.066 0.1111111119
108020  -19.462  -5.094  -33.730 0.1111111119
61364  -31.638  -23.660  -36.724 0.1111111119
51600  -20.642  -35.118  -32.026 0.1111111119
51602  -22.362  -35.742  -32.837 0.1111111119
50723  -22.814  -36.527  -32.955 0.1111111119
123130  -18.769  -34.491  -31.265 0.1111111119
111839  -19.711  -33.822  -31.850 0.1111111119
119205  -19.593  -32.652  -32.068 0.1111111119
60578  -19.738  -24.548  -32.900 0.1111111119
65150  -20.946  -18.884  -34.108 0.1111111119
64343  -20.958  -19.186  -34.889 0.1111111119
69174  -21.138  -12.819  -36.101 0.2222222239
69861  -20.960  -12.023  -36.033 0.2222222239
52436  -19.701  -34.631  -31.663 0.1111111119
65170  -21.099  -18.522  -35.698 0.1111111119
51593  -19.114  -35.347  -31.216 0.1111111119
115106  -20.776  -35.869  -31.977 0.1111111119
50722  -22.021  -36.470  -32.566 0.1111111119
52435  -18.939  -33.811  -31.483 0.1111111119
54194  -17.658  -31.994  -31.123 0.1111111119
54195  -18.717  -32.155  -31.657 0.1111111119
55822  -18.210  -30.572  -31.400 0.1111111119
61303  -20.515  -23.145  -32.315 0.1111111119
109441  -20.513  -21.201  -34.747 0.1111111119
64326  -21.299  -19.389  -33.503 0.1111111119
69156  -21.383  -12.967  -35.731 0.2222222239
118279  -20.926  -11.404  -35.777 0.2222222239
70609  -20.654  -11.127  -36.036 0.1111111119
50732  -23.676  -36.673  -33.288 0.1111111119
108622  -20.587  -11.057  -36.445 0.1111111119
105931  -21.239  -13.456  -35.818 0.2222222239
65188  -21.193  -18.159  -35.279 0.1111111119
113092  -19.889  -24.157  -33.260 0.1111111119
57353  -18.783  -29.112  -31.539 0.1111111119
57354  -19.079  -28.423  -31.610 0.1111111119
108912  -19.377  -27.263  -32.104 0.1111111119
118734  -19.725  -25.018  -32.592 0.1111111119
52445  -20.508  -34.186  -32.208 0.1111111119
114341  -19.222  -33.127  -31.775 0.1111111119
51601  -21.464  -35.627  -32.392 0.1111111119
63496  -20.660  -20.845  -34.636 0.1111111119
51594  -20.073  -35.596  -31.640 0.1111111119
61288  -21.081  -23.676  -31.550 0.1111111119
53342  -18.220  -32.937  -31.361 0.1111111119
55039  -17.489  -31.367  -30.775 0.1111111119
60564  -20.775  -24.486  -31.555 0.1111111119
62049  -20.371  -22.429  -32.899 0.1111111119
70596  -21.144  -11.156  -35.533 0.1111111119
70595  -20.780  -10.891  -35.697 0.1111111119
72740  -20.042  -9.044  -36.597 0.1111111119
112263  -21.296  -13.943  -35.353 0.1111111119
123285  -20.268  -9.646  -36.614 0.1111111119
72729  -19.349  -8.460  -35.189 0.1111111119
118062  -19.716  -8.077  -36.414 0.1111111119
51609  -23.163  -35.819  -33.223 0.3333333433
52456  -22.125  -34.160  -33.049 0.3333333433
52471  -25.323  -33.541  -34.155 0.1111111119
54240  -26.286  -32.705  -34.245 0.2222222239
58240  -27.499  -27.392  -36.374 0.2222222239
58242  -29.064  -27.108  -36.142 0.2222222239
59015  -27.799  -26.708  -36.706 0.3333333433
63582  -29.807  -20.020  -39.210 0.5555555820
64411  -30.626  -19.538  -38.952 0.3333333433
65252  -28.528  -17.601  -39.631 0.7777777910
66836  -22.707  -16.334  -37.292 0.6666666865
66865  -29.719  -17.232  -40.034 0.5555555820
67691  -28.199  -14.671  -40.498 0.8888888955
68471  -27.757  -13.421  -40.570 0.7777777910
69254  -27.318  -12.564  -40.675 0.8888888955
70677  -31.801  -11.691  -39.186 0.1111111119
70711  -27.656  -11.194  -41.328 0.8888888955
71391  -25.819  -9.032  -40.947 0.6666666865
71393  -26.602  -9.335  -41.415 0.7777777910
72022  -20.194  -9.726  -35.594 0.1111111119
72083  -25.391  -8.454  -40.742 0.6666666865
72090  -26.400  -8.572  -41.444 0.6666666865
72763  -20.370  -8.258  -37.156 0.3333333433
72813  -27.116  -7.730  -42.520 0.6666666865
74151  -19.433  -6.602  -36.033 0.1111111119
74832  -19.141  -5.754  -33.078 0.1111111119
74833  -19.580  -4.972  -32.939 0.1111111119
74834  -21.862  -4.657  -32.903 0.1111111119
74844  -19.198  -5.817  -34.148 0.1111111119
74856  -20.872  -5.228  -36.356 0.1111111119
74907  -23.119  -5.482  -38.940 0.4444444478
75589  -20.125  -4.467  -33.735 0.1111111119
75590  -21.128  -4.092  -34.186 0.1111111119
75673  -26.344  -4.097  -41.063 0.4444444478
77190  -29.573  -2.021  -39.003 0.1111111119
77223  -28.297  -3.000  -41.029 0.2222222239
103677  -26.824  -11.130  -40.930 0.8888888955
109681  -27.344  -8.208  -42.456 0.5555555820
114659  -26.553  -6.776  -42.081 0.6666666865
118477  -28.098  -14.016  -40.534 0.7777777910
119304  -24.307  -7.121  -39.883 0.6666666865
119760  -29.587  -5.115  -41.304 0.1111111119
121507  -24.508  -31.076  -34.845 0.3333333433
122187  -29.848  -19.640  -39.334 0.3333333433
122832  -24.571  -26.006  -36.043 0.4444444478
123111  -26.753  -10.032  -41.344 0.7777777910
