#!ascii label  , from subject sub-v2s0x29045_ses-1 vox2ras=TkReg
1240
28970  15.456  -47.389  36.311 0.0000000000
47740  45.249  -25.255  13.506 0.0000000000
32411  33.285  -43.086  24.882 0.0000000000
33935  43.228  -42.020  27.024 0.0000000000
118989  26.164  -39.271  27.049 0.0000000000
33082  23.130  -43.096  35.201 0.0000000000
55973  51.456  -15.129  9.262 0.0000000000
52747  52.844  -19.920  15.749 0.0000000000
41915  40.786  -32.467  22.514 0.0000000000
58455  54.865  -12.354  2.888 0.0000000000
32347  32.646  -43.391  30.117 0.0000000000
30630  19.320  -45.259  35.770 0.0000000000
54281  52.922  -18.227  12.868 0.0000000000
53530  48.154  -19.249  11.082 0.0000000000
46705  45.912  -27.191  18.307 0.0000000000
119165  48.910  -24.953  18.586 0.0000000000
45034  41.470  -28.741  17.458 0.0000000000
35590  39.792  -39.780  22.117 0.0000000000
32395  38.399  -43.313  25.394 0.0000000000
34657  29.287  -41.129  31.003 0.0000000000
34629  27.266  -40.728  35.018 0.0000000000
33902  24.486  -40.854  31.261 0.0000000000
109117  20.556  -43.845  30.927 0.0000000000
33963  29.816  -41.079  25.426 0.0000000000
58404  55.817  -12.557  10.498 0.0000000000
55915  56.048  -15.537  14.432 0.0000000000
50390  49.396  -22.474  14.526 0.0000000000
44974  42.546  -28.835  22.754 0.0000000000
37272  42.918  -37.164  24.162 0.0000000000
56835  53.383  -14.713  5.562 0.0000000000
106475  57.452  -14.069  6.298 0.0000000000
56858  60.501  -14.389  3.047 0.0000000000
32318  32.309  -43.078  31.941 0.0000000000
29833  17.274  -46.242  35.701 0.0000000000
30608  18.473  -45.314  39.173 0.0000000000
118652  16.801  -46.562  38.966 0.0000000000
53549  47.537  -18.128  9.775 0.0000000000
101026  45.693  -27.208  20.238 0.0000000000
107701  47.086  -25.927  20.949 0.0000000000
25928  12.085  -51.628  39.644 0.0000000000
45064  41.418  -28.773  15.209 0.0000000000
33233  33.925  -42.567  22.497 0.0000000000
33230  36.533  -42.438  22.535 0.0000000000
103262  35.940  -43.661  25.236 0.0000000000
35509  27.695  -39.806  28.440 0.0000000000
34677  26.763  -40.209  30.797 0.0000000000
35500  25.118  -39.909  28.750 0.0000000000
103534  28.191  -39.584  26.767 0.0000000000
33924  29.688  -40.986  28.436 0.0000000000
113717  25.573  -41.283  35.591 0.0000000000
57613  53.658  -13.932  9.517 0.0000000000
56754  55.860  -14.202  12.429 0.0000000000
55949  54.440  -15.434  11.477 0.0000000000
52764  52.671  -19.180  14.051 0.0000000000
54260  54.860  -17.820  15.396 0.0000000000
49509  44.702  -23.304  12.204 0.0000000000
51234  46.830  -22.028  12.540 0.0000000000
49476  47.105  -23.968  13.755 0.0000000000
44256  38.767  -29.853  21.354 0.0000000000
44998  40.289  -28.526  20.951 0.0000000000
110042  41.395  -30.084  22.688 0.0000000000
33970  41.348  -41.180  24.687 0.0000000000
35574  41.660  -38.837  23.305 0.0000000000
35539  43.452  -39.276  25.118 0.0000000000
56809  50.375  -14.998  6.961 0.0000000000
56854  51.148  -14.212  4.820 0.0000000000
100119  52.105  -14.761  6.938 0.0000000000
57636  53.991  -14.031  8.145 0.0000000000
58468  57.433  -12.870  1.077 0.0000000000
103559  56.478  -14.077  2.389 0.0000000000
56846  58.863  -14.234  4.267 0.0000000000
99380  55.626  -14.345  3.602 0.0000000000
32376  32.866  -43.264  27.022 0.0000000000
31576  35.361  -44.196  27.068 0.0000000000
31529  34.692  -44.326  29.461 0.0000000000
31435  21.352  -44.333  35.887 0.0000000000
32239  23.195  -44.076  38.613 0.0000000000
31413  20.808  -44.583  39.276 0.0000000000
55983  49.583  -15.674  8.267 0.0000000000
55116  52.207  -16.755  10.926 0.0000000000
102764  50.068  -17.563  10.511 0.0000000000
53520  50.496  -18.954  12.026 0.0000000000
52766  51.115  -19.813  13.343 0.0000000000
46729  45.721  -26.851  15.505 0.0000000000
119115  47.575  -25.399  15.925 0.0000000000
47687  47.141  -26.227  18.171 0.0000000000
41091  40.270  -33.508  21.106 0.0000000000
35505  44.817  -40.140  28.075 0.0000000000
112177  13.594  -48.515  36.176 0.0000000000
28221  15.475  -47.959  39.102 0.0000000000
27477  13.829  -49.885  39.485 0.0000000000
47743  42.875  -25.893  12.996 0.0000000000
45878  44.102  -27.510  15.017 0.0000000000
112179  43.664  -28.464  17.441 0.0000000000
45838  43.450  -27.887  20.058 0.0000000000
34799  37.840  -40.930  21.215 0.0000000000
33984  38.698  -41.857  23.370 0.0000000000
103045  40.820  -42.834  26.012 0.0000000000
99821  37.937  -44.755  27.599 0.0000000000
99847  40.186  -44.705  27.883 0.0000000000
33881  30.243  -41.790  32.722 0.0000000000
33864  29.876  -41.721  35.247 0.0000000000
34636  28.314  -40.887  33.446 0.0000000000
34638  25.529  -40.779  33.233 0.0000000000
33874  23.988  -41.861  33.333 0.0000000000
33925  23.344  -41.459  28.864 0.0000000000
33122  22.377  -42.560  30.518 0.0000000000
32308  22.185  -43.243  33.046 0.0000000000
31464  19.610  -44.785  33.461 0.0000000000
30644  17.635  -45.866  34.193 0.0000000000
29845  15.496  -46.879  34.049 0.0000000000
33235  32.070  -42.299  22.576 0.0000000000
33987  29.689  -41.182  23.361 0.0000000000
114922  31.785  -42.551  25.565 0.0000000000
33165  30.888  -42.017  27.647 0.0000000000
33121  30.770  -42.041  30.251 0.0000000000
56731  58.493  -13.405  15.289 0.0000000000
55096  54.800  -16.812  13.305 0.0000000000
52788  46.294  -19.866  10.985 0.0000000000
52019  48.980  -20.800  12.832 0.0000000000
51202  51.206  -21.266  15.319 0.0000000000
48599  49.075  -24.046  16.239 0.0000000000
50357  51.114  -22.383  16.816 0.0000000000
98926  39.080  -28.237  18.135 0.0000000000
45824  41.687  -27.874  20.774 0.0000000000
45790  43.793  -27.351  22.888 0.0000000000
38294  40.968  -36.164  21.746 0.0000000000
40234  41.856  -34.417  22.834 0.0000000000
36372  44.613  -38.136  26.598 0.0000000000
39278  44.052  -35.168  25.572 0.0000000000
41895  43.183  -32.676  24.139 0.0000000000
42697  44.301  -31.329  24.340 0.0000000000
106206  45.952  -29.842  25.631 0.0000000000
57665  53.513  -13.722  3.582 0.0000000000
56834  54.789  -14.612  5.246 0.0000000000
57622  56.458  -13.336  8.424 0.0000000000
32288  33.556  -43.806  33.588 0.0000000000
29826  15.942  -46.917  35.867 0.0000000000
29815  16.756  -46.580  37.240 0.0000000000
29807  16.195  -47.016  37.717 0.0000000000
46666  45.160  -26.896  21.584 0.0000000000
46665  45.915  -26.422  21.715 0.0000000000
26713  10.192  -50.919  39.259 0.0000000000
32424  34.035  -43.062  24.001 0.0000000000
32423  34.878  -43.171  23.969 0.0000000000
118803  34.915  -43.592  25.201 0.0000000000
35521  27.000  -39.359  27.516 0.0000000000
35511  25.967  -39.634  28.648 0.0000000000
103417  25.433  -39.684  27.774 0.0000000000
35547  27.476  -38.737  25.161 0.0000000000
103474  26.877  -39.052  26.751 0.0000000000
35520  27.849  -39.641  27.580 0.0000000000
33088  24.389  -42.097  35.321 0.0000000000
33071  24.142  -42.861  36.776 0.0000000000
56791  52.146  -14.726  9.279 0.0000000000
56764  53.950  -14.990  10.802 0.0000000000
55958  53.174  -15.412  10.512 0.0000000000
52756  52.931  -19.479  14.919 0.0000000000
52746  53.449  -19.361  15.673 0.0000000000
48674  45.175  -23.979  12.701 0.0000000000
49507  46.268  -23.368  12.914 0.0000000000
48654  46.380  -24.119  13.361 0.0000000000
42718  39.322  -31.754  21.681 0.0000000000
42711  39.425  -30.694  22.042 0.0000000000
43511  39.835  -30.278  22.116 0.0000000000
43503  40.888  -30.931  22.706 0.0000000000
33959  42.521  -41.285  25.577 0.0000000000
34762  42.409  -40.119  24.589 0.0000000000
34730  43.151  -40.890  25.928 0.0000000000
112784  50.901  -14.868  7.952 0.0000000000
56808  51.211  -14.838  7.069 0.0000000000
56792  51.629  -14.741  8.634 0.0000000000
56799  52.471  -14.400  8.654 0.0000000000
58460  55.998  -12.661  1.964 0.0000000000
58461  55.285  -12.892  2.334 0.0000000000
56869  55.663  -14.054  2.698 0.0000000000
58462  54.633  -13.197  2.703 0.0000000000
114713  32.613  -43.317  28.848 0.0000000000
32363  34.124  -44.075  28.785 0.0000000000
32327  33.784  -43.938  30.315 0.0000000000
31428  20.027  -44.865  36.099 0.0000000000
109616  21.011  -44.509  37.398 0.0000000000
99975  20.230  -44.821  37.037 0.0000000000
30593  18.743  -44.893  41.507 0.0000000000
31396  19.298  -44.756  40.871 0.0000000000
55153  48.122  -16.305  8.014 0.0000000000
101512  49.816  -16.531  9.563 0.0000000000
55134  48.234  -17.032  9.154 0.0000000000
105663  47.991  -18.805  10.587 0.0000000000
53529  49.432  -18.639  11.147 0.0000000000
52785  49.748  -19.126  11.748 0.0000000000
52775  50.827  -19.412  12.635 0.0000000000
52028  49.542  -20.150  12.602 0.0000000000
46720  45.866  -27.072  16.391 0.0000000000
46719  46.517  -26.646  16.814 0.0000000000
46712  46.563  -26.730  17.754 0.0000000000
103390  49.131  -15.573  7.409 0.0000000000
27489  13.257  -49.502  37.752 0.0000000000
27484  12.746  -50.022  38.180 0.0000000000
46767  42.511  -26.591  13.319 0.0000000000
46748  43.742  -26.985  14.224 0.0000000000
46749  42.841  -27.197  13.994 0.0000000000
45048  41.677  -28.896  16.067 0.0000000000
45062  43.211  -28.486  16.120 0.0000000000
45022  42.985  -28.595  18.017 0.0000000000
45852  43.460  -28.162  18.965 0.0000000000
45853  42.382  -28.239  18.943 0.0000000000
34029  35.986  -41.424  20.580 0.0000000000
33201  37.203  -43.042  24.311 0.0000000000
33985  37.934  -42.236  23.202 0.0000000000
99174  38.923  -42.731  24.940 0.0000000000
33199  39.641  -42.398  24.926 0.0000000000
32394  39.425  -43.087  25.600 0.0000000000
31527  36.192  -44.745  28.966 0.0000000000
31561  36.556  -44.511  27.305 0.0000000000
100068  37.803  -44.914  28.475 0.0000000000
31542  39.928  -45.067  28.675 0.0000000000
31557  41.074  -44.396  27.936 0.0000000000
33891  29.798  -41.527  31.819 0.0000000000
33872  29.654  -41.523  33.279 0.0000000000
34658  28.429  -40.816  31.453 0.0000000000
98970  25.163  -40.374  31.056 0.0000000000
34660  26.316  -40.322  31.583 0.0000000000
34662  25.045  -40.592  31.841 0.0000000000
33883  24.494  -41.357  32.911 0.0000000000
33893  23.836  -41.475  31.538 0.0000000000
34724  23.783  -40.844  27.414 0.0000000000
32333  21.006  -43.408  29.533 0.0000000000
33123  21.701  -43.000  30.054 0.0000000000
33113  21.819  -43.063  31.012 0.0000000000
33105  21.866  -43.191  32.060 0.0000000000
102050  21.192  -43.638  32.134 0.0000000000
32296  20.945  -44.065  33.381 0.0000000000
31478  20.115  -44.289  32.185 0.0000000000
30645  16.855  -46.194  33.835 0.0000000000
34013  32.141  -41.932  21.132 0.0000000000
34015  30.699  -41.649  21.432 0.0000000000
34770  28.814  -40.093  24.541 0.0000000000
113638  29.994  -41.338  24.767 0.0000000000
104859  30.466  -41.702  24.397 0.0000000000
33974  30.431  -41.631  25.265 0.0000000000
33178  31.471  -42.413  26.471 0.0000000000
33949  30.335  -41.467  27.170 0.0000000000
117146  29.084  -40.767  29.497 0.0000000000
33135  30.243  -41.618  29.700 0.0000000000
33901  29.782  -41.343  30.227 0.0000000000
33890  30.540  -41.951  31.830 0.0000000000
104841  29.113  -41.357  35.490 0.0000000000
28212  15.189  -48.754  40.841 0.0000000000
28942  16.105  -47.617  40.784 0.0000000000
57587  56.563  -12.616  12.016 0.0000000000
56741  56.152  -14.517  13.316 0.0000000000
56740  57.051  -13.609  13.996 0.0000000000
55914  56.806  -14.697  15.132 0.0000000000
55905  57.277  -14.796  16.053 0.0000000000
100850  52.069  -17.471  11.385 0.0000000000
55105  53.848  -16.950  12.215 0.0000000000
54289  53.434  -17.590  12.525 0.0000000000
54259  55.536  -17.236  15.997 0.0000000000
50403  48.214  -22.553  13.610 0.0000000000
51233  47.538  -21.487  12.510 0.0000000000
99236  48.942  -22.102  13.847 0.0000000000
114390  49.927  -21.115  13.800 0.0000000000
51204  50.131  -21.987  14.905 0.0000000000
48588  48.171  -25.180  17.228 0.0000000000
48600  48.553  -24.507  16.100 0.0000000000
48587  48.748  -24.651  16.889 0.0000000000
45037  38.192  -28.110  18.017 0.0000000000
44983  41.134  -28.732  22.054 0.0000000000
45811  40.952  -28.185  20.905 0.0000000000
45800  42.192  -27.933  21.941 0.0000000000
45809  42.626  -27.707  21.615 0.0000000000
45791  43.298  -27.826  22.635 0.0000000000
35618  39.131  -39.149  20.831 0.0000000000
36435  39.668  -38.778  21.260 0.0000000000
36396  42.695  -38.136  24.049 0.0000000000
37292  41.157  -37.461  22.369 0.0000000000
38274  42.036  -36.299  23.072 0.0000000000
110997  41.831  -35.363  22.736 0.0000000000
39308  42.379  -35.677  23.356 0.0000000000
109912  44.813  -39.514  27.449 0.0000000000
113904  44.420  -34.845  26.104 0.0000000000
115833  43.756  -34.139  24.895 0.0000000000
41048  44.044  -33.512  25.093 0.0000000000
108558  43.695  -32.000  24.288 0.0000000000
41874  44.935  -32.789  25.980 0.0000000000
56853  51.836  -14.462  4.817 0.0000000000
56851  53.153  -14.199  4.136 0.0000000000
56850  54.650  -14.482  4.453 0.0000000000
102833  54.155  -14.696  5.652 0.0000000000
57624  54.578  -13.564  8.834 0.0000000000
57623  55.510  -13.468  8.631 0.0000000000
58424  56.131  -12.836  9.202 0.0000000000
58415  56.840  -12.180  9.767 0.0000000000
56882  58.544  -14.060  1.761 0.0000000000
57652  58.337  -13.901  6.029 0.0000000000
57643  59.204  -13.379  6.586 0.0000000000
57644  58.067  -13.674  6.786 0.0000000000
32329  32.548  -43.311  30.973 0.0000000000
32316  34.045  -43.986  31.162 0.0000000000
32302  33.657  -43.772  32.807 0.0000000000
30624  17.996  -45.849  36.015 0.0000000000
30616  18.803  -45.466  37.348 0.0000000000
30617  17.984  -45.771  37.541 0.0000000000
30603  17.747  -45.625  39.869 0.0000000000
30595  17.287  -45.912  40.725 0.0000000000
53550  46.868  -18.332  9.727 0.0000000000
52795  46.546  -19.057  10.355 0.0000000000
46694  45.915  -27.109  19.367 0.0000000000
46693  46.602  -26.621  19.473 0.0000000000
46679  46.493  -26.390  20.941 0.0000000000
47649  46.762  -25.894  21.797 0.0000000000
26719  12.213  -50.616  38.529 0.0000000000
25936  10.926  -51.169  38.933 0.0000000000
25929  11.275  -51.754  39.461 0.0000000000
45894  41.335  -27.994  14.001 0.0000000000
102314  41.090  -28.883  16.713 0.0000000000
33249  36.099  -42.297  21.940 0.0000000000
33231  35.696  -42.574  22.495 0.0000000000
32421  36.484  -43.042  23.873 0.0000000000
100421  37.024  -43.452  25.074 0.0000000000
109610  28.597  -40.580  29.665 0.0000000000
34676  27.626  -40.509  30.937 0.0000000000
35484  27.004  -39.993  30.013 0.0000000000
35499  25.653  -39.849  29.482 0.0000000000
34696  24.846  -40.171  29.579 0.0000000000
103749  19.494  -44.511  31.795 0.0000000000
31514  18.343  -44.510  30.036 0.0000000000
35546  28.211  -39.153  24.977 0.0000000000
34736  28.851  -39.968  26.301 0.0000000000
116535  29.870  -41.006  26.835 0.0000000000
34722  28.657  -40.015  27.306 0.0000000000
34708  28.432  -40.079  28.211 0.0000000000
34623  26.169  -40.939  35.794 0.0000000000
57601  54.270  -13.770  10.090 0.0000000000
57588  55.694  -12.991  11.155 0.0000000000
57589  54.866  -13.749  10.739 0.0000000000
56755  55.108  -14.892  11.905 0.0000000000
55937  55.503  -15.205  12.698 0.0000000000
53512  53.192  -18.564  13.632 0.0000000000
54272  53.927  -18.186  14.048 0.0000000000
53506  54.163  -18.429  14.956 0.0000000000
53498  54.549  -18.367  15.759 0.0000000000
51242  45.076  -21.591  11.551 0.0000000000
50412  46.096  -22.601  12.459 0.0000000000
50405  46.857  -22.820  12.958 0.0000000000
50392  48.119  -23.204  14.018 0.0000000000
48579  49.909  -24.219  17.905 0.0000000000
45012  37.361  -28.404  19.919 0.0000000000
45011  38.233  -28.449  19.989 0.0000000000
44993  39.057  -29.211  21.080 0.0000000000
44984  40.527  -28.975  21.821 0.0000000000
44243  42.098  -29.415  22.772 0.0000000000
34775  40.613  -40.447  23.444 0.0000000000
35589  40.418  -39.255  22.359 0.0000000000
35559  41.871  -39.610  23.887 0.0000000000
35558  42.757  -39.205  24.405 0.0000000000
36395  43.306  -38.484  24.737 0.0000000000
56839  49.071  -14.450  5.571 0.0000000000
57653  50.254  -13.684  4.925 0.0000000000
56838  50.681  -14.634  5.451 0.0000000000
56819  51.410  -14.890  6.173 0.0000000000
56818  52.874  -14.777  6.402 0.0000000000
56817  53.849  -14.702  6.420 0.0000000000
100121  53.380  -14.530  7.362 0.0000000000
57625  53.765  -13.761  8.968 0.0000000000
59352  56.821  -12.404  1.707 0.0000000000
57667  56.717  -13.718  1.796 0.0000000000
99330  58.263  -14.240  2.691 0.0000000000
56859  59.190  -14.246  3.336 0.0000000000
56860  57.240  -14.273  2.972 0.0000000000
56847  57.611  -14.342  4.512 0.0000000000
56832  56.421  -14.456  5.205 0.0000000000
32389  32.951  -43.160  26.232 0.0000000000
102387  34.496  -43.645  25.812 0.0000000000
32374  34.312  -44.085  27.921 0.0000000000
31547  34.875  -44.348  28.572 0.0000000000
107735  36.035  -44.738  29.770 0.0000000000
32269  22.609  -43.616  35.719 0.0000000000
32255  23.639  -43.363  37.290 0.0000000000
32248  22.235  -43.964  37.342 0.0000000000
32240  22.310  -44.102  38.494 0.0000000000
31414  19.888  -44.789  38.861 0.0000000000
31402  20.948  -44.789  40.350 0.0000000000
100667  50.766  -15.531  9.205 0.0000000000
55959  52.254  -15.872  10.330 0.0000000000
55132  50.513  -16.196  9.669 0.0000000000
54303  50.920  -17.231  10.599 0.0000000000
104368  51.315  -17.738  11.225 0.0000000000
54317  48.702  -17.472  9.761 0.0000000000
53534  49.886  -18.132  10.921 0.0000000000
53519  52.116  -18.518  12.531 0.0000000000
52774  51.614  -19.161  12.950 0.0000000000
52765  51.907  -19.510  13.674 0.0000000000
52010  51.751  -20.331  14.691 0.0000000000
47730  45.810  -25.738  14.215 0.0000000000
47729  46.705  -25.305  14.505 0.0000000000
47713  46.922  -25.755  15.441 0.0000000000
47702  47.617  -25.587  16.804 0.0000000000
47694  48.421  -25.313  18.039 0.0000000000
47676  47.127  -26.192  19.079 0.0000000000
47675  47.730  -25.755  19.534 0.0000000000
48572  49.149  -24.873  19.501 0.0000000000
41924  40.469  -33.021  21.869 0.0000000000
33934  43.911  -41.508  27.570 0.0000000000
56840  48.217  -14.395  5.581 0.0000000000
56821  49.165  -14.978  6.116 0.0000000000
55988  49.995  -15.218  7.655 0.0000000000
60161  56.040  -10.307  4.307 0.0000000000
60162  55.272  -10.532  4.383 0.0000000000
28240  14.313  -48.031  35.944 0.0000000000
99548  15.123  -48.011  38.030 0.0000000000
28227  14.482  -48.534  37.644 0.0000000000
27482  14.320  -49.250  39.064 0.0000000000
27469  14.636  -49.558  41.138 0.0000000000
26711  13.373  -50.572  39.861 0.0000000000
48676  43.550  -24.421  12.364 0.0000000000
47757  43.235  -25.173  12.648 0.0000000000
47741  44.507  -25.600  13.407 0.0000000000
46747  44.587  -26.790  14.453 0.0000000000
46730  44.959  -27.153  15.208 0.0000000000
45862  45.256  -27.644  16.889 0.0000000000
45880  42.660  -27.937  14.654 0.0000000000
45871  43.854  -28.350  16.700 0.0000000000
45850  45.248  -27.718  17.870 0.0000000000
45836  45.215  -27.673  18.898 0.0000000000
46681  45.092  -27.330  20.819 0.0000000000
116613  44.563  -26.916  22.035 0.0000000000
34798  38.532  -40.551  21.479 0.0000000000
33996  36.783  -41.969  21.843 0.0000000000
33994  38.271  -41.588  22.517 0.0000000000
33993  39.134  -41.219  22.865 0.0000000000
33982  40.248  -41.154  23.846 0.0000000000
33961  40.988  -41.687  25.013 0.0000000000
33175  41.661  -42.450  26.093 0.0000000000
32386  35.319  -43.948  26.347 0.0000000000
31574  36.707  -44.245  26.540 0.0000000000
32384  38.203  -43.943  26.123 0.0000000000
31543  38.588  -44.919  28.170 0.0000000000
31559  38.729  -44.647  27.365 0.0000000000
31572  38.864  -44.181  26.644 0.0000000000
32383  40.633  -43.458  26.531 0.0000000000
33162  41.978  -42.973  26.903 0.0000000000
33161  42.843  -42.858  27.516 0.0000000000
117280  31.366  -42.516  34.169 0.0000000000
33871  30.283  -41.815  33.691 0.0000000000
100220  29.102  -41.273  33.823 0.0000000000
34628  27.765  -40.767  34.264 0.0000000000
34659  27.653  -40.654  31.893 0.0000000000
116632  27.040  -40.675  33.130 0.0000000000
105519  26.907  -40.670  33.986 0.0000000000
34631  25.261  -41.042  33.987 0.0000000000
33866  24.172  -41.977  34.275 0.0000000000
33096  23.545  -42.471  33.775 0.0000000000
35512  24.505  -40.233  27.952 0.0000000000
34709  23.896  -40.843  28.428 0.0000000000
34679  24.038  -40.831  29.535 0.0000000000
33136  22.133  -42.523  28.639 0.0000000000
33904  22.777  -42.140  30.030 0.0000000000
33894  23.117  -41.922  30.869 0.0000000000
33111  23.223  -42.109  31.948 0.0000000000
33097  22.869  -42.831  33.360 0.0000000000
32294  22.468  -43.320  33.797 0.0000000000
32281  21.669  -43.977  34.598 0.0000000000
31449  20.518  -44.616  34.698 0.0000000000
31437  19.894  -44.903  35.222 0.0000000000
31479  19.500  -44.656  32.567 0.0000000000
31451  18.997  -45.192  33.973 0.0000000000
30643  18.407  -45.562  34.533 0.0000000000
30632  17.818  -45.864  35.109 0.0000000000
29834  16.520  -46.594  35.331 0.0000000000
29835  15.765  -46.917  34.962 0.0000000000
28980  14.542  -47.669  35.197 0.0000000000
115799  13.574  -48.063  35.150 0.0000000000
33252  33.415  -42.322  21.754 0.0000000000
33234  33.031  -42.496  22.539 0.0000000000
111224  32.423  -42.618  24.118 0.0000000000
33986  31.190  -42.066  22.981 0.0000000000
33204  31.796  -42.449  24.517 0.0000000000
33203  32.575  -42.829  24.927 0.0000000000
33177  32.218  -42.838  26.502 0.0000000000
33163  32.208  -42.935  27.440 0.0000000000
101002  32.167  -42.986  29.428 0.0000000000
33936  30.278  -41.462  28.017 0.0000000000
33150  30.882  -42.073  29.214 0.0000000000
33133  32.039  -42.924  30.334 0.0000000000
33110  31.520  -42.663  31.495 0.0000000000
33102  31.581  -42.687  32.359 0.0000000000
101146  16.014  -47.330  39.093 0.0000000000
28941  16.566  -46.928  40.643 0.0000000000
57582  56.526  -13.268  12.632 0.0000000000
55951  52.926  -16.275  11.015 0.0000000000
55104  54.547  -16.577  12.533 0.0000000000
55095  55.443  -16.260  13.803 0.0000000000
54271  54.626  -17.721  14.500 0.0000000000
55084  55.692  -16.392  14.695 0.0000000000
55906  56.395  -15.637  15.364 0.0000000000
117264  45.640  -18.917  10.036 0.0000000000
99797  46.996  -19.628  10.974 0.0000000000
52031  46.718  -21.199  12.026 0.0000000000
116298  47.464  -20.819  12.073 0.0000000000
52029  48.722  -20.102  12.144 0.0000000000
52018  49.777  -20.682  13.234 0.0000000000
52011  51.110  -20.819  14.620 0.0000000000
52003  51.721  -20.719  15.247 0.0000000000
48632  47.327  -24.543  14.358 0.0000000000
49455  48.664  -24.006  15.405 0.0000000000
49454  49.363  -23.476  15.681 0.0000000000
49422  50.303  -23.694  17.403 0.0000000000
49440  50.136  -23.408  16.686 0.0000000000
50372  50.350  -22.439  15.669 0.0000000000
51188  50.894  -22.107  16.105 0.0000000000
51187  51.475  -21.713  16.445 0.0000000000
45050  39.331  -28.782  16.623 0.0000000000
45035  40.587  -28.678  17.477 0.0000000000
45842  39.662  -28.220  19.636 0.0000000000
45841  40.641  -28.063  19.616 0.0000000000
45854  41.390  -28.192  18.939 0.0000000000
45823  42.591  -27.813  20.624 0.0000000000
46667  43.851  -27.214  21.919 0.0000000000
46637  44.661  -26.728  23.881 0.0000000000
37293  40.673  -37.798  22.023 0.0000000000
40256  40.865  -34.708  21.469 0.0000000000
41082  40.900  -33.897  21.771 0.0000000000
41081  41.122  -33.302  22.419 0.0000000000
35516  44.108  -40.015  26.353 0.0000000000
36373  44.278  -38.658  26.011 0.0000000000
37262  43.902  -37.192  25.468 0.0000000000
38236  44.490  -36.614  26.450 0.0000000000
38248  43.724  -36.428  25.141 0.0000000000
40217  42.767  -34.590  23.846 0.0000000000
113685  42.900  -34.013  24.019 0.0000000000
41906  41.921  -32.418  23.250 0.0000000000
42704  42.190  -31.808  23.354 0.0000000000
42702  43.509  -31.247  23.848 0.0000000000
43494  44.104  -30.574  23.885 0.0000000000
42685  45.522  -31.477  25.716 0.0000000000
43493  44.928  -30.532  24.446 0.0000000000
44232  44.444  -29.111  23.735 0.0000000000
44967  44.615  -28.174  23.957 0.0000000000
59338  54.223  -11.257  4.145 0.0000000000
58456  54.149  -12.622  3.140 0.0000000000
106324  54.931  -14.371  3.878 0.0000000000
56849  55.516  -14.496  4.629 0.0000000000
56815  56.545  -14.337  6.179 0.0000000000
56807  54.395  -14.456  7.234 0.0000000000
56806  55.330  -14.364  7.141 0.0000000000
57633  56.778  -13.727  7.659 0.0000000000
57621  57.414  -13.110  8.221 0.0000000000
33086  32.261  -43.368  35.035 0.0000000000
32289  32.891  -43.572  34.121 0.0000000000
29816  16.071  -46.976  36.786 0.0000000000
28961  15.507  -47.566  37.282 0.0000000000
46656  45.176  -26.425  22.474 0.0000000000
47630  45.545  -25.866  23.363 0.0000000000
32410  33.749  -43.185  24.603 0.0000000000
32409  34.454  -43.403  24.778 0.0000000000
100424  26.288  -39.484  27.907 0.0000000000
33081  23.882  -42.689  35.761 0.0000000000
33080  24.655  -42.306  36.355 0.0000000000
56776  52.619  -14.943  9.898 0.0000000000
55972  51.948  -15.265  9.733 0.0000000000
52732  53.372  -19.660  16.428 0.0000000000
105100  44.879  -24.665  13.009 0.0000000000
48655  45.613  -24.480  13.191 0.0000000000
48634  46.100  -24.932  13.766 0.0000000000
41916  40.039  -32.168  22.064 0.0000000000
101676  39.098  -31.105  21.874 0.0000000000
42710  39.703  -31.348  22.160 0.0000000000
100927  40.099  -30.840  22.361 0.0000000000
42709  40.451  -31.587  22.513 0.0000000000
33947  42.887  -41.634  26.247 0.0000000000
33946  43.517  -41.250  26.613 0.0000000000
55981  51.017  -15.027  8.713 0.0000000000
59348  55.593  -12.124  2.601 0.0000000000
57669  55.205  -13.550  2.497 0.0000000000
103824  32.780  -43.459  29.439 0.0000000000
32364  33.305  -43.712  28.966 0.0000000000
32346  33.265  -43.725  29.851 0.0000000000
30615  19.463  -45.192  36.691 0.0000000000
113306  48.536  -16.511  8.632 0.0000000000
55143  47.691  -16.811  8.424 0.0000000000
53535  48.651  -18.699  10.827 0.0000000000
52786  48.916  -19.333  11.501 0.0000000000
105335  49.392  -19.655  12.082 0.0000000000
46713  45.903  -27.171  17.330 0.0000000000
27490  12.421  -49.746  37.461 0.0000000000
46787  41.221  -26.233  12.575 0.0000000000
46768  41.731  -26.732  13.123 0.0000000000
45908  42.154  -27.127  13.583 0.0000000000
108877  41.815  -28.863  16.810 0.0000000000
45033  42.312  -28.764  17.329 0.0000000000
45023  41.945  -28.563  18.165 0.0000000000
32406  37.656  -43.251  24.980 0.0000000000
33200  38.179  -42.777  24.500 0.0000000000
31503  36.789  -44.865  29.693 0.0000000000
31526  36.981  -44.845  28.743 0.0000000000
111718  37.667  -44.965  29.470 0.0000000000
34644  29.095  -41.082  32.004 0.0000000000
33892  24.444  -41.115  32.105 0.0000000000
105311  21.135  -43.438  30.504 0.0000000000
32322  21.213  -43.516  31.412 0.0000000000
32323  20.635  -43.898  31.775 0.0000000000
32310  20.761  -43.973  32.560 0.0000000000
34753  29.225  -40.390  25.425 0.0000000000
33975  29.494  -40.838  24.674 0.0000000000
33962  30.271  -41.419  26.215 0.0000000000
34674  29.162  -40.895  30.061 0.0000000000
33900  30.191  -41.693  30.933 0.0000000000
113937  27.964  -40.814  35.119 0.0000000000
28204  14.995  -49.129  41.558 0.0000000000
28203  15.607  -48.489  41.511 0.0000000000
58396  56.671  -12.022  11.272 0.0000000000
55926  56.500  -14.643  14.191 0.0000000000
54290  52.623  -17.764  12.080 0.0000000000
51215  49.691  -21.741  14.125 0.0000000000
113343  48.593  -24.949  17.487 0.0000000000
99125  49.123  -24.719  17.777 0.0000000000
114529  37.762  -28.010  18.666 0.0000000000
44982  41.922  -28.609  22.325 0.0000000000
44990  41.547  -28.261  21.838 0.0000000000
44981  42.658  -28.187  22.418 0.0000000000
44973  43.169  -28.568  22.940 0.0000000000
35603  39.447  -39.500  21.483 0.0000000000
36422  39.942  -39.159  21.798 0.0000000000
37284  42.234  -37.272  23.437 0.0000000000
38261  42.639  -36.366  23.724 0.0000000000
40204  44.764  -34.884  26.793 0.0000000000
40210  44.188  -34.295  25.534 0.0000000000
41047  44.561  -33.494  25.769 0.0000000000
115743  44.470  -32.796  25.293 0.0000000000
56836  52.467  -14.713  5.343 0.0000000000
56852  52.405  -14.351  4.545 0.0000000000
112505  53.054  -14.544  4.856 0.0000000000
99226  53.886  -14.548  4.773 0.0000000000
108043  55.226  -12.883  9.972 0.0000000000
57611  55.220  -13.057  9.431 0.0000000000
58416  55.889  -12.500  9.917 0.0000000000
56867  59.584  -14.225  2.372 0.0000000000
56831  57.391  -14.276  5.489 0.0000000000
32317  33.257  -43.653  31.794 0.0000000000
32303  33.021  -43.430  32.901 0.0000000000
116098  18.184  -45.761  36.780 0.0000000000
29824  17.453  -46.133  36.755 0.0000000000
29806  16.792  -46.587  38.171 0.0000000000
112870  17.260  -46.143  38.831 0.0000000000
29798  17.032  -46.184  39.754 0.0000000000
53551  46.041  -18.475  9.626 0.0000000000
111669  46.283  -26.777  20.168 0.0000000000
46680  45.796  -26.866  20.909 0.0000000000
26721  10.692  -50.483  38.459 0.0000000000
25930  10.503  -51.754  39.535 0.0000000000
25118  10.847  -52.462  39.899 0.0000000000
33251  34.315  -42.340  21.708 0.0000000000
33232  34.823  -42.589  22.466 0.0000000000
32408  35.372  -43.482  24.736 0.0000000000
32422  35.744  -43.168  23.923 0.0000000000
32407  36.325  -43.398  24.632 0.0000000000
32396  36.533  -43.667  25.381 0.0000000000
34694  28.164  -40.157  29.081 0.0000000000
34695  27.778  -40.326  29.974 0.0000000000
35497  27.359  -39.914  29.230 0.0000000000
34678  25.377  -40.082  30.287 0.0000000000
116239  28.046  -39.171  25.869 0.0000000000
119648  27.961  -38.923  25.356 0.0000000000
34754  28.648  -39.740  25.428 0.0000000000
33850  25.912  -41.350  36.380 0.0000000000
56774  54.268  -14.301  10.494 0.0000000000
56763  54.662  -14.566  11.134 0.0000000000
55938  54.842  -15.778  12.222 0.0000000000
53507  53.425  -18.826  14.431 0.0000000000
53499  53.993  -18.806  15.711 0.0000000000
51236  44.688  -22.348  11.781 0.0000000000
50413  45.323  -22.729  12.191 0.0000000000
49495  46.843  -23.502  13.279 0.0000000000
50404  47.511  -23.176  13.520 0.0000000000
49475  47.759  -23.818  14.164 0.0000000000
45002  36.983  -28.886  20.445 0.0000000000
44257  38.196  -29.422  20.939 0.0000000000
45000  38.633  -28.845  20.555 0.0000000000
43510  40.489  -30.202  22.334 0.0000000000
44250  40.006  -29.599  21.916 0.0000000000
44249  40.820  -29.446  22.212 0.0000000000
44248  41.462  -29.243  22.421 0.0000000000
34764  40.956  -40.817  24.086 0.0000000000
34774  41.246  -40.197  23.752 0.0000000000
34763  41.665  -40.479  24.312 0.0000000000
35540  43.000  -39.844  24.994 0.0000000000
103754  49.915  -14.881  5.992 0.0000000000
102948  49.841  -14.337  5.361 0.0000000000
112566  52.103  -14.838  6.044 0.0000000000
117103  52.744  -14.676  7.129 0.0000000000
102618  52.594  -14.509  7.755 0.0000000000
108107  53.170  -14.057  9.008 0.0000000000
57612  54.487  -13.425  9.638 0.0000000000
57668  55.876  -13.481  2.002 0.0000000000
58469  56.620  -13.148  1.493 0.0000000000
56868  57.392  -14.088  2.097 0.0000000000
105126  58.011  -14.323  3.607 0.0000000000
56861  56.416  -14.291  3.267 0.0000000000
56848  56.519  -14.420  4.277 0.0000000000
118272  56.967  -14.397  4.887 0.0000000000
114708  33.400  -43.432  26.618 0.0000000000
32375  33.651  -43.673  27.322 0.0000000000
31528  35.455  -44.565  29.224 0.0000000000
31505  35.368  -44.547  30.325 0.0000000000
32270  21.869  -43.963  35.348 0.0000000000
32257  22.049  -43.968  36.291 0.0000000000
31420  21.368  -44.370  38.449 0.0000000000
115519  21.685  -44.197  37.726 0.0000000000
31412  21.750  -44.517  39.395 0.0000000000
31415  19.065  -45.115  38.444 0.0000000000
31404  19.207  -44.858  39.658 0.0000000000
55974  49.945  -15.893  9.082 0.0000000000
55122  50.281  -16.852  10.112 0.0000000000
102232  47.929  -17.675  9.501 0.0000000000
102765  50.186  -18.552  11.399 0.0000000000
53528  50.939  -18.371  11.621 0.0000000000
101471  51.292  -18.772  12.267 0.0000000000
52757  52.156  -19.790  14.424 0.0000000000
52758  51.430  -20.134  14.086 0.0000000000
46746  45.418  -26.509  14.692 0.0000000000
47714  46.208  -26.150  15.015 0.0000000000
47696  47.049  -26.108  17.271 0.0000000000
47703  46.992  -25.966  16.367 0.0000000000
47695  47.701  -25.725  17.675 0.0000000000
47664  46.977  -26.133  20.079 0.0000000000
47674  48.416  -25.349  19.973 0.0000000000
47685  48.414  -25.383  19.020 0.0000000000
41936  39.382  -32.746  20.226 0.0000000000
41925  39.745  -32.675  21.223 0.0000000000
102639  48.624  -14.866  5.874 0.0000000000
56001  48.622  -15.339  6.470 0.0000000000
55142  48.791  -16.003  8.078 0.0000000000
55982  50.362  -15.308  8.497 0.0000000000
60170  55.710  -10.976  3.903 0.0000000000
28233  14.323  -48.352  36.782 0.0000000000
28228  13.654  -48.922  37.147 0.0000000000
27483  13.578  -49.704  38.572 0.0000000000
27476  14.542  -49.392  40.099 0.0000000000
27470  14.040  -50.071  40.497 0.0000000000
25935  11.700  -51.159  38.960 0.0000000000
26712  12.549  -50.936  39.317 0.0000000000
49510  43.790  -23.656  12.081 0.0000000000
47758  42.377  -25.347  12.446 0.0000000000
47742  43.719  -25.748  13.202 0.0000000000
47731  44.960  -26.033  14.015 0.0000000000
46765  44.164  -26.303  13.773 0.0000000000
45892  43.353  -27.571  14.612 0.0000000000
45869  45.209  -27.454  15.998 0.0000000000
114403  44.588  -27.652  15.680 0.0000000000
45075  41.843  -28.317  14.624 0.0000000000
45063  42.398  -28.549  15.468 0.0000000000
45863  44.446  -28.116  17.397 0.0000000000
45851  44.459  -28.036  18.441 0.0000000000
45837  44.351  -27.914  19.490 0.0000000000
45821  44.230  -27.699  20.626 0.0000000000
101235  44.400  -27.280  21.448 0.0000000000
34809  37.430  -40.572  20.484 0.0000000000
34808  38.189  -40.233  20.790 0.0000000000
34776  39.871  -40.816  23.172 0.0000000000
33983  39.479  -41.510  23.633 0.0000000000
33176  40.239  -42.637  25.474 0.0000000000
33189  40.373  -42.003  24.972 0.0000000000
33188  40.968  -42.228  25.471 0.0000000000
32387  34.595  -43.938  26.961 0.0000000000
31560  37.309  -44.523  27.058 0.0000000000
31573  37.443  -44.174  26.321 0.0000000000
100654  38.083  -44.442  26.817 0.0000000000
100656  39.355  -44.845  27.952 0.0000000000
31558  39.549  -44.441  27.194 0.0000000000
103008  39.710  -43.747  26.435 0.0000000000
32373  40.420  -44.107  27.161 0.0000000000
32372  41.374  -43.672  27.218 0.0000000000
33870  30.872  -42.139  33.522 0.0000000000
33863  30.771  -42.072  34.778 0.0000000000
34635  29.026  -41.109  32.888 0.0000000000
34627  28.601  -40.985  34.652 0.0000000000
103354  27.035  -40.433  31.512 0.0000000000
34648  25.786  -40.511  32.342 0.0000000000
34647  26.823  -40.548  32.337 0.0000000000
34637  26.334  -40.634  33.163 0.0000000000
106747  26.005  -40.764  34.017 0.0000000000
33873  24.656  -41.498  33.741 0.0000000000
33938  23.262  -41.441  27.811 0.0000000000
33151  22.019  -42.498  27.603 0.0000000000
33137  21.574  -42.983  29.075 0.0000000000
103546  22.233  -42.548  29.604 0.0000000000
33112  22.523  -42.603  31.482 0.0000000000
33104  22.674  -42.714  32.460 0.0000000000
109112  22.386  -43.578  34.644 0.0000000000
32295  21.762  -43.748  33.779 0.0000000000
31463  20.379  -44.519  33.856 0.0000000000
32282  21.092  -44.224  34.221 0.0000000000
31450  19.763  -44.870  34.354 0.0000000000
31495  19.105  -44.523  30.896 0.0000000000
30658  18.201  -45.507  33.616 0.0000000000
31465  18.748  -45.059  32.963 0.0000000000
29844  16.308  -46.570  34.406 0.0000000000
28987  14.085  -47.514  34.247 0.0000000000
33254  31.906  -42.061  21.758 0.0000000000
33253  32.572  -42.230  21.793 0.0000000000
33219  32.688  -42.577  23.378 0.0000000000
33999  29.818  -41.296  22.595 0.0000000000
33998  30.549  -41.679  22.352 0.0000000000
101834  30.372  -41.637  23.389 0.0000000000
33205  31.084  -42.106  24.929 0.0000000000
33220  31.116  -42.086  23.965 0.0000000000
33190  32.523  -42.901  25.749 0.0000000000
118892  31.302  -42.324  27.113 0.0000000000
113043  31.749  -42.619  27.038 0.0000000000
33164  31.551  -42.549  27.670 0.0000000000
33148  32.019  -42.883  28.404 0.0000000000
33149  31.242  -42.359  28.397 0.0000000000
33937  29.797  -40.961  27.566 0.0000000000
33134  31.438  -42.565  29.818 0.0000000000
33120  31.416  -42.576  30.675 0.0000000000
33889  31.086  -42.370  31.866 0.0000000000
33880  30.965  -42.254  32.573 0.0000000000
33095  31.499  -42.610  33.304 0.0000000000
33856  30.418  -42.149  35.876 0.0000000000
32247  23.050  -43.762  37.870 0.0000000000
32246  23.827  -43.654  38.080 0.0000000000
28955  15.788  -47.500  38.285 0.0000000000
28934  16.518  -47.419  41.098 0.0000000000
29783  16.927  -46.730  41.201 0.0000000000
29774  16.796  -47.332  41.233 0.0000000000
56762  55.956  -13.409  11.944 0.0000000000
56732  57.436  -13.782  14.907 0.0000000000
55928  55.184  -16.065  12.977 0.0000000000
54270  55.297  -17.153  15.022 0.0000000000
55074  55.953  -16.460  15.670 0.0000000000
55894  56.760  -15.687  16.380 0.0000000000
52789  45.471  -20.186  10.996 0.0000000000
52796  45.605  -19.511  10.469 0.0000000000
118689  46.206  -21.841  12.175 0.0000000000
52032  45.843  -21.377  11.747 0.0000000000
51224  48.389  -21.640  13.097 0.0000000000
51232  48.168  -20.861  12.409 0.0000000000
52030  47.887  -20.276  11.821 0.0000000000
100216  50.722  -21.443  14.916 0.0000000000
51214  50.370  -21.292  14.340 0.0000000000
48617  47.464  -25.042  15.089 0.0000000000
49439  50.713  -23.068  17.096 0.0000000000
50358  50.541  -22.762  16.380 0.0000000000
50359  49.939  -23.068  16.009 0.0000000000
99390  38.772  -28.449  17.310 0.0000000000
45036  39.672  -28.580  17.432 0.0000000000
45826  39.151  -28.474  20.130 0.0000000000
45843  38.766  -28.210  19.498 0.0000000000
45825  40.170  -28.346  20.365 0.0000000000
110508  40.999  -28.011  20.363 0.0000000000
45840  41.748  -27.957  19.874 0.0000000000
45798  43.451  -27.407  22.314 0.0000000000
45808  43.302  -27.404  21.936 0.0000000000
46648  43.836  -27.137  22.437 0.0000000000
46647  44.236  -26.855  23.136 0.0000000000
35588  41.090  -38.454  22.601 0.0000000000
36434  40.272  -38.444  21.806 0.0000000000
117293  41.187  -36.749  22.202 0.0000000000
38284  40.673  -37.009  21.676 0.0000000000
39325  40.695  -35.432  21.206 0.0000000000
39324  41.211  -35.411  21.966 0.0000000000
40245  41.356  -34.633  22.200 0.0000000000
107077  41.408  -33.971  22.419 0.0000000000
41077  41.725  -33.602  22.904 0.0000000000
34715  44.456  -40.805  27.774 0.0000000000
34716  44.027  -40.698  26.931 0.0000000000
109519  44.527  -40.077  27.139 0.0000000000
36361  44.912  -38.764  27.424 0.0000000000
35527  44.572  -39.234  26.614 0.0000000000
108754  44.110  -37.951  25.781 0.0000000000
39266  44.442  -35.730  26.319 0.0000000000
109094  43.966  -35.870  25.558 0.0000000000
38237  44.133  -36.516  25.856 0.0000000000
39290  43.592  -35.510  24.853 0.0000000000
41060  43.408  -33.573  24.439 0.0000000000
41061  42.736  -33.317  23.852 0.0000000000
104371  42.123  -33.114  23.336 0.0000000000
41905  42.529  -32.538  23.607 0.0000000000
41893  44.368  -32.062  24.860 0.0000000000
43500  43.271  -30.437  23.454 0.0000000000
41865  45.788  -32.372  27.056 0.0000000000
42677  45.908  -31.555  26.564 0.0000000000
43483  45.559  -30.688  25.217 0.0000000000
111328  45.546  -29.980  24.816 0.0000000000
44233  44.518  -29.947  23.951 0.0000000000
43492  45.057  -29.610  24.323 0.0000000000
44231  45.018  -28.846  24.286 0.0000000000
44222  45.608  -29.086  24.900 0.0000000000
60163  54.631  -10.722  4.419 0.0000000000
58457  53.500  -12.915  3.433 0.0000000000
58448  53.764  -12.018  3.691 0.0000000000
57664  54.039  -13.523  3.153 0.0000000000
56863  54.126  -14.185  3.806 0.0000000000
56833  55.637  -14.544  5.681 0.0000000000
57634  55.857  -13.887  7.800 0.0000000000
56805  56.213  -14.214  7.047 0.0000000000
58414  58.100  -11.942  9.571 0.0000000000
58467  58.309  -12.456  0.765 0.0000000000
58485  58.451  -13.205  0.721 0.0000000000
29825  16.679  -46.588  36.273 0.0000000000
28954  16.346  -46.975  38.615 0.0000000000
33217  34.415  -42.825  23.242 0.0000000000
35510  26.894  -39.623  28.457 0.0000000000
110504  27.191  -38.850  26.081 0.0000000000
35531  27.526  -39.231  26.758 0.0000000000
118488  27.362  -39.599  28.002 0.0000000000
33859  25.153  -41.715  35.943 0.0000000000
33070  24.814  -42.629  37.098 0.0000000000
56790  52.915  -14.366  9.405 0.0000000000
56775  53.504  -14.451  10.079 0.0000000000
52755  53.592  -18.990  15.114 0.0000000000
53482  53.834  -19.121  16.301 0.0000000000
49508  45.574  -23.315  12.540 0.0000000000
115153  45.807  -23.848  12.943 0.0000000000
113142  38.762  -30.552  21.584 0.0000000000
44251  39.333  -30.098  21.782 0.0000000000
34747  42.067  -40.866  24.980 0.0000000000
34746  42.817  -40.540  25.243 0.0000000000
34745  43.523  -40.096  25.617 0.0000000000
56800  51.799  -14.639  7.889 0.0000000000
56862  54.805  -14.065  3.040 0.0000000000
103614  32.883  -43.396  28.025 0.0000000000
103615  33.648  -43.806  28.202 0.0000000000
32345  33.938  -44.006  29.615 0.0000000000
31506  34.426  -44.237  30.324 0.0000000000
31436  20.644  -44.637  35.544 0.0000000000
31426  21.523  -44.307  36.815 0.0000000000
31427  20.795  -44.607  36.434 0.0000000000
31421  20.496  -44.672  38.101 0.0000000000
30602  18.522  -44.999  40.494 0.0000000000
113437  49.521  -16.326  9.191 0.0000000000
55141  49.240  -16.171  8.780 0.0000000000
55133  49.078  -16.734  9.311 0.0000000000
54316  49.512  -17.163  9.993 0.0000000000
54305  48.212  -18.200  10.160 0.0000000000
52776  50.054  -19.566  12.347 0.0000000000
52767  50.296  -20.008  13.016 0.0000000000
46728  46.452  -26.502  15.883 0.0000000000
47663  47.754  -25.657  20.554 0.0000000000
28234  12.856  -48.980  36.469 0.0000000000
27496  12.902  -49.343  37.108 0.0000000000
46786  42.046  -26.043  12.796 0.0000000000
46766  43.327  -26.474  13.555 0.0000000000
45047  42.443  -28.765  16.465 0.0000000000
45046  43.113  -28.668  17.011 0.0000000000
45864  43.824  -28.338  18.062 0.0000000000
34800  36.930  -41.359  21.031 0.0000000000
33214  37.055  -42.638  23.344 0.0000000000
116777  37.740  -42.598  23.832 0.0000000000
33213  38.325  -42.344  23.812 0.0000000000
33973  39.031  -42.216  24.204 0.0000000000
33972  39.896  -41.785  24.344 0.0000000000
118313  40.160  -43.151  26.006 0.0000000000
31546  35.628  -44.537  28.353 0.0000000000
31562  35.828  -44.437  27.551 0.0000000000
31545  36.380  -44.671  28.118 0.0000000000
31544  37.151  -44.755  27.862 0.0000000000
31541  40.825  -44.908  28.720 0.0000000000
33882  29.542  -41.431  32.519 0.0000000000
34645  28.371  -40.869  32.392 0.0000000000
98901  25.899  -40.124  30.926 0.0000000000
34661  25.632  -40.351  31.554 0.0000000000
34649  24.992  -40.817  32.634 0.0000000000
33884  23.883  -41.699  32.448 0.0000000000
33926  22.696  -42.000  28.225 0.0000000000
32309  21.466  -43.653  32.827 0.0000000000
108552  20.237  -44.404  33.007 0.0000000000
30659  17.398  -45.792  33.275 0.0000000000
29858  16.007  -46.477  33.459 0.0000000000
34014  31.443  -41.807  21.243 0.0000000000
33997  31.303  -41.953  22.053 0.0000000000
34781  29.296  -40.719  23.823 0.0000000000
103869  29.859  -41.280  24.071 0.0000000000
33191  30.955  -42.070  25.863 0.0000000000
33179  30.863  -41.971  26.745 0.0000000000
34693  28.970  -40.566  28.886 0.0000000000
33913  29.596  -41.082  29.382 0.0000000000
118151  30.241  -41.674  30.275 0.0000000000
33899  30.922  -42.205  31.165 0.0000000000
28217  14.970  -48.663  39.658 0.0000000000
28216  15.603  -48.083  40.242 0.0000000000
28211  15.779  -48.086  40.956 0.0000000000
28935  16.002  -47.922  41.451 0.0000000000
56753  56.524  -13.776  13.130 0.0000000000
56725  57.872  -14.022  15.652 0.0000000000
54298  52.781  -17.061  11.469 0.0000000000
54297  53.244  -17.227  11.967 0.0000000000
54288  54.149  -17.268  12.883 0.0000000000
54242  55.061  -17.897  16.349 0.0000000000
51225  47.548  -22.269  13.058 0.0000000000
51223  49.301  -21.370  13.462 0.0000000000
48601  48.083  -24.965  16.441 0.0000000000
48616  48.065  -24.718  15.616 0.0000000000
99389  37.877  -28.319  17.167 0.0000000000
44991  40.881  -28.490  21.459 0.0000000000
45810  41.734  -27.965  21.400 0.0000000000
108813  42.328  -27.760  21.187 0.0000000000
45799  42.898  -27.619  22.088 0.0000000000
36407  42.018  -38.195  23.422 0.0000000000
36408  41.615  -37.774  22.952 0.0000000000
108544  41.618  -36.952  22.752 0.0000000000
38283  41.491  -36.158  22.413 0.0000000000
40233  42.377  -34.916  23.343 0.0000000000
101227  45.058  -39.347  28.248 0.0000000000
107089  44.937  -37.827  27.591 0.0000000000
40211  43.782  -34.738  25.047 0.0000000000
41894  43.867  -32.770  24.684 0.0000000000
41881  44.966  -32.125  25.492 0.0000000000
103122  54.845  -14.625  6.280 0.0000000000
57635  54.928  -13.984  7.958 0.0000000000
58423  57.134  -12.627  8.967 0.0000000000
57678  59.002  -13.804  0.939 0.0000000000
56881  59.977  -14.164  1.456 0.0000000000
56830  58.579  -14.122  5.179 0.0000000000
32328  33.238  -43.692  30.689 0.0000000000
30623  18.735  -45.554  36.327 0.0000000000
104295  18.444  -45.524  38.172 0.0000000000
29814  17.343  -46.150  37.822 0.0000000000
30609  17.852  -45.739  38.539 0.0000000000
30594  18.042  -45.360  41.322 0.0000000000
30588  17.375  -45.970  41.233 0.0000000000
54318  47.209  -17.793  9.267 0.0000000000
53536  47.443  -18.630  10.209 0.0000000000
52794  47.467  -19.197  10.728 0.0000000000
26725  11.864  -50.191  37.884 0.0000000000
26726  11.080  -50.071  37.826 0.0000000000
26720  11.362  -50.629  38.377 0.0000000000
25921  11.651  -52.258  40.067 0.0000000000
45049  40.726  -28.984  15.796 0.0000000000
33215  36.131  -42.833  23.210 0.0000000000
33216  35.281  -42.876  23.210 0.0000000000
34675  28.481  -40.715  30.518 0.0000000000
119747  27.280  -40.283  30.423 0.0000000000
35498  26.531  -39.795  29.345 0.0000000000
35485  26.211  -39.939  30.160 0.0000000000
107182  24.617  -40.538  30.399 0.0000000000
32352  20.141  -43.687  28.984 0.0000000000
32334  20.425  -43.769  30.017 0.0000000000
31494  19.973  -44.216  31.347 0.0000000000
31512  19.830  -44.118  30.453 0.0000000000
33950  29.576  -40.715  26.205 0.0000000000
34721  29.343  -40.499  27.023 0.0000000000
34707  29.156  -40.503  27.905 0.0000000000
57600  55.045  -13.187  10.311 0.0000000000
99667  55.363  -13.996  11.517 0.0000000000
55927  55.774  -15.412  13.545 0.0000000000
51235  45.533  -22.067  12.014 0.0000000000
50391  48.702  -22.871  14.235 0.0000000000
48580  49.604  -24.644  18.621 0.0000000000
45026  37.030  -28.050  19.106 0.0000000000
99357  37.916  -28.146  19.359 0.0000000000
44999  39.540  -28.730  20.732 0.0000000000
44255  39.429  -29.575  21.462 0.0000000000
44992  39.956  -28.985  21.339 0.0000000000
34787  40.242  -40.082  22.754 0.0000000000
35575  41.047  -39.568  23.134 0.0000000000
35573  42.241  -38.816  23.774 0.0000000000
116702  43.236  -37.756  24.543 0.0000000000
56820  50.725  -14.924  6.289 0.0000000000
56837  51.592  -14.711  5.367 0.0000000000
56798  53.192  -14.171  8.361 0.0000000000
59351  57.695  -11.945  1.459 0.0000000000
57679  57.623  -13.557  1.358 0.0000000000
118058  57.137  -14.364  3.748 0.0000000000
32399  33.125  -43.118  25.502 0.0000000000
32398  33.783  -43.348  25.244 0.0000000000
32388  33.613  -43.411  25.983 0.0000000000
31563  35.089  -44.293  27.733 0.0000000000
31487  35.748  -44.674  31.713 0.0000000000
35534  25.272  -39.556  26.740 0.0000000000
33072  23.363  -43.219  36.237 0.0000000000
32256  22.826  -43.664  36.779 0.0000000000
32234  22.558  -44.496  39.198 0.0000000000
112696  19.640  -44.985  37.704 0.0000000000
31403  20.057  -44.674  40.096 0.0000000000
55131  51.328  -15.842  9.861 0.0000000000
55121  51.553  -16.590  10.449 0.0000000000
118043  50.918  -16.538  10.150 0.0000000000
54302  51.620  -17.175  10.911 0.0000000000
53527  51.730  -18.118  11.853 0.0000000000
54304  49.211  -17.982  10.472 0.0000000000
114225  50.549  -17.930  11.055 0.0000000000
53513  52.406  -18.869  13.279 0.0000000000
52748  52.282  -20.140  15.137 0.0000000000
46704  46.572  -26.711  18.685 0.0000000000
47686  47.748  -25.769  18.578 0.0000000000
41926  38.982  -32.061  20.850 0.0000000000
33933  44.437  -41.416  28.340 0.0000000000
56000  49.541  -15.188  6.758 0.0000000000
59337  54.958  -11.145  4.019 0.0000000000
28971  14.892  -47.827  36.591 0.0000000000
28962  14.860  -48.038  37.281 0.0000000000
28222  14.747  -48.599  38.586 0.0000000000
28223  13.997  -49.060  38.136 0.0000000000
26718  13.081  -50.322  38.953 0.0000000000
27463  14.130  -50.192  41.536 0.0000000000
27462  14.554  -49.718  41.875 0.0000000000
48675  44.395  -24.192  12.494 0.0000000000
48656  44.145  -24.989  12.902 0.0000000000
117233  44.701  -25.132  13.200 0.0000000000
45893  42.068  -27.660  14.067 0.0000000000
45879  43.303  -28.052  15.285 0.0000000000
99838  43.964  -28.041  15.859 0.0000000000
45870  44.572  -27.906  16.417 0.0000000000
46695  45.130  -27.601  19.917 0.0000000000
35619  38.511  -39.484  20.445 0.0000000000
35604  38.841  -39.858  21.143 0.0000000000
34797  39.204  -40.216  21.774 0.0000000000
34009  36.096  -41.890  21.326 0.0000000000
34008  37.589  -41.539  21.806 0.0000000000
33995  37.378  -42.109  22.516 0.0000000000
34007  38.237  -41.129  21.810 0.0000000000
34789  38.824  -40.875  22.152 0.0000000000
34788  39.520  -40.503  22.469 0.0000000000
33971  40.640  -41.452  24.476 0.0000000000
33960  41.704  -41.673  25.376 0.0000000000
33948  42.255  -41.874  25.973 0.0000000000
33174  42.522  -42.347  26.567 0.0000000000
32397  35.359  -43.711  25.541 0.0000000000
32385  36.102  -43.911  25.956 0.0000000000
31575  35.976  -44.260  26.775 0.0000000000
31588  36.872  -43.920  25.877 0.0000000000
31587  37.505  -43.691  25.607 0.0000000000
101259  38.915  -43.642  26.050 0.0000000000
32382  41.293  -43.089  26.529 0.0000000000
33087  31.624  -42.757  35.043 0.0000000000
109733  29.833  -41.626  34.228 0.0000000000
112715  29.294  -41.415  34.663 0.0000000000
34646  27.629  -40.737  32.763 0.0000000000
100499  27.532  -40.734  33.492 0.0000000000
34630  26.473  -40.751  34.937 0.0000000000
33858  25.697  -40.977  34.863 0.0000000000
34639  24.951  -41.037  33.299 0.0000000000
33865  24.953  -41.476  34.814 0.0000000000
33089  23.694  -42.580  34.731 0.0000000000
35522  24.745  -39.936  27.179 0.0000000000
34697  24.483  -40.373  28.868 0.0000000000
33903  23.894  -41.181  30.590 0.0000000000
33915  22.747  -42.025  29.224 0.0000000000
33914  23.338  -41.601  29.866 0.0000000000
33103  23.375  -42.302  32.876 0.0000000000
33090  23.009  -42.982  34.236 0.0000000000
31448  21.220  -44.350  35.034 0.0000000000
30642  19.169  -45.250  34.880 0.0000000000
30631  18.580  -45.576  35.437 0.0000000000
29843  17.088  -46.250  34.762 0.0000000000
28979  15.287  -47.313  35.472 0.0000000000
28986  15.003  -47.265  34.611 0.0000000000
107354  14.903  -47.641  35.900 0.0000000000
28241  12.749  -48.545  35.664 0.0000000000
28235  12.039  -48.938  36.095 0.0000000000
34011  33.758  -42.046  20.986 0.0000000000
34012  32.900  -42.006  21.052 0.0000000000
33218  33.549  -42.731  23.303 0.0000000000
33202  33.187  -42.882  24.168 0.0000000000
99329  31.871  -42.367  23.588 0.0000000000
33923  30.226  -41.518  28.860 0.0000000000
112069  30.699  -41.889  28.425 0.0000000000
118756  31.526  -42.598  29.048 0.0000000000
33119  31.969  -42.891  31.063 0.0000000000
33063  24.163  -42.939  37.496 0.0000000000
28948  16.024  -47.426  39.934 0.0000000000
28947  16.523  -46.826  39.620 0.0000000000
30589  16.931  -46.353  40.887 0.0000000000
55950  53.700  -15.859  11.193 0.0000000000
55115  53.468  -16.643  11.595 0.0000000000
55114  54.171  -16.252  11.844 0.0000000000
54280  53.676  -17.908  13.255 0.0000000000
54279  54.397  -17.525  13.653 0.0000000000
55085  54.996  -16.972  14.153 0.0000000000
52787  47.640  -19.747  11.264 0.0000000000
52041  45.329  -20.915  11.305 0.0000000000
52040  46.132  -20.651  11.411 0.0000000000
52039  47.026  -20.318  11.502 0.0000000000
102972  48.273  -19.761  11.547 0.0000000000
52017  50.586  -20.570  13.759 0.0000000000
52002  52.265  -20.577  15.862 0.0000000000
48633  46.742  -24.592  13.932 0.0000000000
49456  48.004  -24.345  14.823 0.0000000000
49474  48.419  -23.613  14.571 0.0000000000
50374  49.045  -23.208  14.947 0.0000000000
48586  49.580  -24.081  17.014 0.0000000000
119831  49.636  -23.638  16.310 0.0000000000
50373  49.713  -22.785  15.278 0.0000000000
51203  50.755  -21.810  15.453 0.0000000000
118782  51.213  -21.619  15.834 0.0000000000
51987  51.674  -21.163  15.896 0.0000000000
52733  52.782  -20.297  16.561 0.0000000000
113557  40.204  -28.861  16.663 0.0000000000
105474  38.494  -28.070  18.783 0.0000000000
45856  39.333  -28.120  18.929 0.0000000000
111329  40.053  -28.149  19.090 0.0000000000
45025  40.051  -28.353  18.310 0.0000000000
45855  40.628  -28.201  18.841 0.0000000000
45024  41.016  -28.483  18.207 0.0000000000
45839  42.720  -27.976  19.699 0.0000000000
45822  43.384  -27.698  20.902 0.0000000000
46668  43.106  -27.588  21.414 0.0000000000
46682  43.745  -27.505  21.357 0.0000000000
46657  44.395  -26.821  22.587 0.0000000000
107214  40.519  -34.156  21.043 0.0000000000
34729  43.697  -40.602  26.252 0.0000000000
35528  43.995  -39.319  25.824 0.0000000000
36383  43.829  -38.598  25.401 0.0000000000
37271  43.660  -37.854  25.099 0.0000000000
102903  43.484  -37.126  24.773 0.0000000000
38225  44.746  -36.358  27.059 0.0000000000
37250  44.707  -37.188  26.909 0.0000000000
37251  44.348  -37.269  26.163 0.0000000000
38260  43.240  -36.340  24.417 0.0000000000
39291  42.892  -35.428  24.002 0.0000000000
40216  43.310  -34.574  24.430 0.0000000000
41076  42.371  -33.998  23.434 0.0000000000
41914  41.472  -32.798  22.946 0.0000000000
41907  41.300  -31.853  23.009 0.0000000000
43502  41.760  -31.014  23.111 0.0000000000
42703  42.961  -31.903  23.785 0.0000000000
108999  42.669  -31.125  23.435 0.0000000000
43501  42.361  -30.271  23.100 0.0000000000
44242  43.007  -29.487  23.124 0.0000000000
117822  45.350  -32.795  26.551 0.0000000000
41873  45.467  -32.208  26.187 0.0000000000
42686  44.970  -31.388  24.984 0.0000000000
44241  43.891  -29.791  23.516 0.0000000000
101818  43.718  -29.040  23.283 0.0000000000
44972  43.900  -28.187  23.278 0.0000000000
44966  45.214  -28.157  24.605 0.0000000000
45789  44.306  -27.390  23.580 0.0000000000
59344  54.520  -11.802  3.528 0.0000000000
56816  55.707  -14.460  6.476 0.0000000000
57645  57.104  -13.967  6.932 0.0000000000
57632  57.750  -13.455  7.514 0.0000000000
58422  58.057  -12.490  8.738 0.0000000000
29791  16.859  -46.393  40.397 0.0000000000
45001  37.751  -28.870  20.484 0.0000000000
117977  41.589  -38.312  23.080 0.0000000000
118670  33.943  -43.648  26.530 0.0000000000
119216  36.973  -43.681  25.492 0.0000000000
