#!ascii label  , from subject sub-v2s0x29052_ses-1 vox2ras=TkReg
625
12317  -44.303  -77.600  -7.068 0.0000000000
13716  -43.117  -74.960  -18.299 0.0000000000
15113  -37.288  -73.631  -8.348 0.0000000000
13660  -44.638  -75.964  -12.637 0.0000000000
15155  -35.792  -73.933  -13.676 0.0000000000
111930  -37.137  -80.472  -7.495 0.0000000000
14350  -32.172  -74.477  -4.188 0.0000000000
123507  -41.121  -73.769  -3.968 0.0000000000
16493  -32.849  -71.844  -9.044 0.0000000000
14406  -36.821  -74.134  -11.264 0.0000000000
130457  -32.995  -71.657  -11.740 0.0000000000
12308  -33.712  -77.726  -7.038 0.0000000000
12296  -32.764  -77.858  -3.944 0.0000000000
16453  -44.553  -71.438  -6.420 0.0000000000
16429  -38.526  -71.432  -4.567 0.0000000000
112531  -45.763  -78.453  -10.335 0.0000000000
117353  -43.353  -76.239  -15.242 0.0000000000
12378  -47.093  -76.909  -15.755 0.0000000000
12389  -46.288  -76.511  -18.162 0.0000000000
13613  -40.294  -75.152  -8.155 0.0000000000
13626  -44.767  -75.821  -9.427 0.0000000000
13670  -40.064  -75.574  -13.241 0.0000000000
14450  -39.670  -75.131  -15.926 0.0000000000
12952  -37.305  -76.302  -7.449 0.0000000000
15088  -33.913  -73.762  -6.793 0.0000000000
16449  -31.614  -71.258  -6.250 0.0000000000
12923  -37.801  -76.999  -3.274 0.0000000000
120691  -36.086  -74.170  -3.451 0.0000000000
17136  -34.702  -70.680  -3.946 0.0000000000
18636  -33.896  -68.326  -6.182 0.0000000000
11685  -47.258  -77.789  -12.373 0.0000000000
16566  -38.683  -71.292  -19.170 0.0000000000
15214  -42.743  -73.309  -20.283 0.0000000000
13078  -43.624  -77.186  -22.128 0.0000000000
17202  -31.713  -70.671  -8.862 0.0000000000
16500  -32.788  -71.823  -10.005 0.0000000000
11610  -45.638  -77.697  -8.123 0.0000000000
13706  -43.191  -75.743  -16.883 0.0000000000
13707  -45.819  -75.940  -16.996 0.0000000000
13710  -45.899  -75.701  -18.100 0.0000000000
13032  -45.928  -75.989  -19.650 0.0000000000
14469  -45.549  -74.832  -19.547 0.0000000000
13611  -38.577  -74.448  -8.228 0.0000000000
14395  -38.727  -74.123  -9.609 0.0000000000
14422  -36.568  -74.407  -12.205 0.0000000000
14424  -38.856  -75.220  -12.109 0.0000000000
14432  -38.056  -75.177  -13.569 0.0000000000
111478  -39.853  -75.559  -14.082 0.0000000000
14442  -38.171  -75.063  -14.489 0.0000000000
114947  -38.569  -77.785  -7.469 0.0000000000
114948  -36.814  -78.176  -7.502 0.0000000000
12944  -32.460  -76.426  -6.003 0.0000000000
13598  -33.860  -76.044  -6.877 0.0000000000
14367  -32.824  -74.580  -6.198 0.0000000000
15763  -32.664  -72.958  -6.363 0.0000000000
15752  -31.891  -73.011  -5.403 0.0000000000
14340  -39.291  -74.803  -3.599 0.0000000000
13570  -36.564  -75.713  -3.484 0.0000000000
15058  -38.762  -73.518  -3.762 0.0000000000
17858  -38.102  -69.867  -5.710 0.0000000000
16427  -36.797  -71.267  -4.125 0.0000000000
113818  -36.411  -69.619  -5.368 0.0000000000
17855  -34.350  -69.319  -5.022 0.0000000000
13650  -45.083  -75.823  -11.160 0.0000000000
13639  -46.544  -76.467  -10.711 0.0000000000
13662  -46.817  -76.225  -12.607 0.0000000000
11024  -46.109  -79.188  -15.303 0.0000000000
15856  -37.457  -71.767  -19.052 0.0000000000
15872  -40.929  -72.315  -19.763 0.0000000000
13760  -41.676  -75.590  -21.549 0.0000000000
15787  -35.145  -72.894  -8.242 0.0000000000
112073  -36.758  -73.433  -9.701 0.0000000000
131357  -34.904  -73.008  -10.143 0.0000000000
15141  -34.620  -73.201  -11.697 0.0000000000
15825  -34.249  -72.601  -12.924 0.0000000000
125128  -35.830  -78.991  -7.495 0.0000000000
115168  -32.484  -78.028  -5.821 0.0000000000
12935  -32.532  -76.635  -4.118 0.0000000000
15744  -42.382  -72.731  -4.851 0.0000000000
15742  -40.334  -72.412  -4.489 0.0000000000
16441  -41.301  -71.471  -5.426 0.0000000000
17176  -40.529  -70.233  -6.257 0.0000000000
17868  -40.122  -69.623  -6.736 0.0000000000
13672  -43.838  -76.229  -13.800 0.0000000000
128158  -46.248  -76.211  -13.883 0.0000000000
13702  -46.506  -76.373  -15.358 0.0000000000
13014  -46.653  -76.453  -16.722 0.0000000000
11755  -45.281  -78.380  -17.642 0.0000000000
126820  -45.100  -77.814  -18.382 0.0000000000
11765  -43.575  -78.012  -18.838 0.0000000000
11790  -43.724  -77.767  -20.646 0.0000000000
12957  -42.711  -76.533  -7.481 0.0000000000
12964  -45.191  -76.622  -8.218 0.0000000000
111150  -42.854  -75.268  -9.837 0.0000000000
13648  -42.365  -75.603  -11.523 0.0000000000
14408  -38.499  -74.411  -10.555 0.0000000000
132836  -40.404  -75.402  -11.853 0.0000000000
13658  -42.565  -75.872  -12.418 0.0000000000
117355  -42.171  -76.151  -14.096 0.0000000000
121418  -41.763  -75.866  -15.794 0.0000000000
13705  -41.541  -75.249  -17.205 0.0000000000
115545  -40.857  -77.334  -7.283 0.0000000000
116784  -39.008  -76.036  -7.589 0.0000000000
14376  -37.064  -74.566  -7.634 0.0000000000
12951  -35.363  -76.926  -7.367 0.0000000000
13601  -35.759  -75.839  -7.299 0.0000000000
15099  -35.489  -73.830  -7.476 0.0000000000
15786  -34.278  -72.647  -7.846 0.0000000000
16467  -32.243  -71.460  -7.832 0.0000000000
116720  -31.351  -69.906  -7.238 0.0000000000
12922  -35.684  -76.845  -3.416 0.0000000000
13568  -34.683  -75.364  -3.403 0.0000000000
14334  -33.167  -74.512  -3.432 0.0000000000
15739  -37.810  -72.251  -3.909 0.0000000000
15728  -35.039  -72.145  -3.459 0.0000000000
15726  -32.962  -72.495  -3.468 0.0000000000
131442  -32.472  -70.692  -4.267 0.0000000000
17853  -31.800  -69.280  -5.845 0.0000000000
12331  -46.391  -77.208  -9.563 0.0000000000
11684  -46.868  -78.171  -11.451 0.0000000000
11719  -47.277  -77.490  -14.074 0.0000000000
10994  -45.946  -79.818  -13.551 0.0000000000
15170  -37.925  -73.910  -16.064 0.0000000000
129625  -40.041  -74.512  -17.095 0.0000000000
14459  -41.177  -74.378  -17.950 0.0000000000
15184  -41.554  -72.814  -19.305 0.0000000000
14467  -43.651  -74.209  -19.274 0.0000000000
14502  -44.911  -74.263  -20.739 0.0000000000
13060  -44.611  -76.801  -21.465 0.0000000000
17882  -31.216  -69.273  -8.524 0.0000000000
125140  -31.577  -70.375  -9.967 0.0000000000
123090  -45.331  -78.133  -7.972 0.0000000000
11609  -45.255  -78.024  -7.555 0.0000000000
129984  -43.125  -75.423  -17.569 0.0000000000
114855  -45.033  -75.543  -17.762 0.0000000000
13717  -44.320  -74.973  -18.629 0.0000000000
13718  -45.341  -75.119  -18.824 0.0000000000
15114  -38.023  -73.873  -8.549 0.0000000000
110891  -38.735  -74.110  -8.818 0.0000000000
14430  -36.498  -74.461  -13.137 0.0000000000
127769  -37.113  -74.732  -12.652 0.0000000000
14431  -37.284  -74.858  -13.495 0.0000000000
130419  -37.687  -75.015  -13.995 0.0000000000
14441  -37.334  -74.688  -14.391 0.0000000000
111650  -38.092  -80.622  -7.459 0.0000000000
114952  -37.739  -79.741  -7.486 0.0000000000
11603  -38.387  -78.910  -7.455 0.0000000000
11602  -37.332  -78.896  -7.506 0.0000000000
13589  -32.244  -75.805  -5.201 0.0000000000
13592  -32.609  -75.477  -6.057 0.0000000000
14362  -32.227  -74.800  -5.236 0.0000000000
15086  -32.380  -73.847  -5.796 0.0000000000
15080  -31.971  -73.849  -4.786 0.0000000000
15061  -41.973  -73.821  -4.082 0.0000000000
14352  -42.856  -74.046  -4.044 0.0000000000
132643  -41.559  -74.170  -3.835 0.0000000000
14342  -41.076  -74.555  -3.661 0.0000000000
14341  -40.138  -74.529  -3.678 0.0000000000
14339  -38.574  -74.324  -3.641 0.0000000000
123951  -39.410  -74.041  -3.735 0.0000000000
120796  -38.430  -69.523  -6.227 0.0000000000
17857  -37.297  -69.753  -5.584 0.0000000000
17864  -35.799  -68.958  -5.893 0.0000000000
18638  -36.476  -68.643  -6.715 0.0000000000
110441  -44.194  -75.885  -11.984 0.0000000000
13651  -46.068  -76.019  -11.341 0.0000000000
113877  -45.259  -75.891  -12.034 0.0000000000
15211  -39.992  -73.298  -20.313 0.0000000000
14515  -42.133  -74.508  -21.228 0.0000000000
14498  -41.070  -74.807  -21.053 0.0000000000
15796  -34.380  -72.536  -8.861 0.0000000000
15807  -35.202  -72.877  -9.346 0.0000000000
15795  -33.546  -72.268  -9.512 0.0000000000
16507  -32.711  -71.691  -10.982 0.0000000000
15805  -33.439  -72.304  -10.545 0.0000000000
15812  -33.426  -72.190  -11.472 0.0000000000
15816  -34.007  -72.615  -12.134 0.0000000000
116901  -33.467  -71.938  -12.224 0.0000000000
12298  -32.339  -77.383  -5.333 0.0000000000
133038  -32.822  -77.209  -3.865 0.0000000000
15756  -44.142  -72.552  -5.506 0.0000000000
15755  -43.394  -72.242  -5.519 0.0000000000
15753  -41.725  -72.197  -4.990 0.0000000000
16443  -43.052  -71.692  -5.817 0.0000000000
17869  -41.014  -69.766  -6.842 0.0000000000
11656  -45.405  -78.726  -11.144 0.0000000000
13690  -43.980  -76.287  -14.631 0.0000000000
132957  -44.786  -76.262  -14.860 0.0000000000
121399  -45.176  -76.213  -15.416 0.0000000000
117373  -46.387  -76.136  -17.446 0.0000000000
114999  -46.544  -76.593  -17.381 0.0000000000
12382  -46.336  -77.162  -17.796 0.0000000000
11052  -44.495  -78.703  -17.835 0.0000000000
13043  -45.543  -76.323  -20.312 0.0000000000
12387  -45.286  -77.216  -19.139 0.0000000000
12397  -45.055  -77.092  -19.892 0.0000000000
11773  -43.817  -77.673  -19.649 0.0000000000
12396  -44.411  -77.384  -20.273 0.0000000000
13606  -41.312  -75.915  -7.738 0.0000000000
12962  -43.121  -76.012  -8.019 0.0000000000
110788  -43.091  -75.527  -10.772 0.0000000000
13636  -42.185  -75.300  -10.649 0.0000000000
15136  -37.168  -73.781  -10.294 0.0000000000
14394  -37.969  -73.979  -9.948 0.0000000000
14407  -37.673  -74.285  -10.915 0.0000000000
13645  -39.795  -75.272  -11.733 0.0000000000
13656  -40.266  -75.501  -12.423 0.0000000000
13657  -41.693  -75.692  -12.247 0.0000000000
111199  -40.940  -75.735  -12.967 0.0000000000
13671  -41.918  -75.950  -13.163 0.0000000000
13686  -39.615  -75.359  -15.044 0.0000000000
13687  -40.578  -75.703  -14.657 0.0000000000
124280  -41.022  -75.712  -15.429 0.0000000000
129895  -41.603  -75.590  -16.471 0.0000000000
13704  -40.982  -75.438  -16.312 0.0000000000
12313  -37.925  -77.024  -7.467 0.0000000000
113144  -38.756  -76.804  -7.479 0.0000000000
12953  -38.199  -75.946  -7.534 0.0000000000
14377  -38.002  -74.880  -7.772 0.0000000000
13602  -37.474  -75.430  -7.530 0.0000000000
11600  -35.140  -78.592  -7.442 0.0000000000
115471  -36.016  -78.354  -7.486 0.0000000000
12309  -34.667  -77.742  -7.335 0.0000000000
13599  -34.461  -75.221  -6.956 0.0000000000
13600  -35.237  -75.245  -7.163 0.0000000000
14374  -35.042  -74.453  -7.128 0.0000000000
14375  -35.979  -74.710  -7.383 0.0000000000
15098  -34.622  -73.697  -7.119 0.0000000000
15110  -34.905  -73.231  -7.577 0.0000000000
15097  -33.803  -73.032  -7.025 0.0000000000
15762  -31.988  -72.400  -6.133 0.0000000000
130671  -32.459  -72.322  -6.678 0.0000000000
16466  -31.822  -71.193  -7.136 0.0000000000
17185  -31.506  -70.486  -7.397 0.0000000000
17173  -31.468  -70.392  -6.563 0.0000000000
12286  -36.725  -77.338  -3.306 0.0000000000
14336  -35.827  -75.099  -3.451 0.0000000000
13569  -35.656  -75.968  -3.442 0.0000000000
125839  -35.159  -74.541  -3.408 0.0000000000
13567  -33.478  -75.189  -3.430 0.0000000000
14335  -34.125  -74.393  -3.357 0.0000000000
16431  -39.998  -71.789  -4.811 0.0000000000
15731  -38.242  -72.848  -3.805 0.0000000000
15740  -38.602  -72.100  -4.192 0.0000000000
16426  -35.856  -70.843  -4.087 0.0000000000
16415  -36.036  -71.774  -3.674 0.0000000000
16413  -34.324  -71.484  -3.560 0.0000000000
15727  -33.953  -72.299  -3.386 0.0000000000
16412  -33.355  -71.670  -3.555 0.0000000000
124757  -32.486  -71.854  -3.763 0.0000000000
17148  -33.130  -70.422  -4.134 0.0000000000
18626  -34.137  -68.806  -5.584 0.0000000000
17844  -32.595  -69.302  -5.230 0.0000000000
18624  -32.321  -68.680  -5.924 0.0000000000
18633  -31.777  -68.704  -6.464 0.0000000000
13616  -44.535  -75.968  -8.702 0.0000000000
12965  -45.923  -76.957  -8.631 0.0000000000
12970  -46.140  -76.747  -9.295 0.0000000000
12356  -47.251  -77.281  -11.665 0.0000000000
12347  -46.891  -77.453  -10.723 0.0000000000
10986  -46.147  -79.019  -11.903 0.0000000000
10987  -46.715  -78.657  -12.430 0.0000000000
13012  -46.930  -76.527  -14.862 0.0000000000
13006  -47.013  -76.505  -13.935 0.0000000000
12367  -47.207  -77.394  -15.019 0.0000000000
10352  -44.861  -80.850  -15.530 0.0000000000
11003  -45.820  -79.838  -14.582 0.0000000000
15169  -37.266  -73.625  -15.700 0.0000000000
15838  -37.217  -72.725  -16.028 0.0000000000
14457  -39.814  -73.787  -17.344 0.0000000000
14458  -40.448  -74.043  -17.667 0.0000000000
15179  -40.293  -73.179  -17.902 0.0000000000
15873  -41.382  -72.548  -20.015 0.0000000000
15859  -41.332  -72.519  -19.689 0.0000000000
15200  -42.013  -72.891  -19.893 0.0000000000
15185  -42.198  -73.266  -19.448 0.0000000000
14482  -43.016  -73.405  -19.808 0.0000000000
14483  -44.009  -73.701  -19.953 0.0000000000
14500  -43.399  -73.686  -20.742 0.0000000000
13058  -43.332  -76.419  -22.030 0.0000000000
13762  -43.879  -75.403  -21.669 0.0000000000
13059  -44.084  -76.573  -21.894 0.0000000000
16482  -32.255  -71.355  -8.577 0.0000000000
16492  -32.169  -71.274  -9.487 0.0000000000
16499  -32.149  -71.238  -10.354 0.0000000000
128142  -32.113  -71.128  -10.965 0.0000000000
16452  -43.593  -71.222  -6.341 0.0000000000
17180  -44.211  -70.744  -6.900 0.0000000000
132208  -46.024  -78.114  -9.602 0.0000000000
13699  -43.771  -76.107  -16.102 0.0000000000
13700  -44.923  -76.059  -16.252 0.0000000000
129964  -45.063  -75.837  -16.991 0.0000000000
13720  -46.162  -75.921  -18.303 0.0000000000
12399  -46.044  -76.322  -18.874 0.0000000000
13719  -45.882  -75.453  -18.916 0.0000000000
13729  -45.886  -75.373  -19.610 0.0000000000
14485  -45.694  -74.841  -20.184 0.0000000000
13612  -39.456  -74.871  -8.195 0.0000000000
14387  -40.005  -74.616  -8.615 0.0000000000
14396  -39.548  -74.300  -9.216 0.0000000000
114049  -40.009  -74.513  -9.900 0.0000000000
15143  -35.960  -73.998  -11.686 0.0000000000
14417  -37.368  -74.629  -11.851 0.0000000000
14423  -37.917  -75.067  -12.592 0.0000000000
13669  -39.309  -75.432  -13.523 0.0000000000
128515  -40.530  -75.725  -13.764 0.0000000000
13668  -38.661  -75.320  -13.786 0.0000000000
13685  -39.069  -75.350  -14.317 0.0000000000
14443  -38.837  -75.135  -15.022 0.0000000000
12312  -37.677  -78.016  -7.501 0.0000000000
12311  -37.062  -77.281  -7.467 0.0000000000
12945  -33.182  -76.886  -6.697 0.0000000000
12950  -34.238  -76.897  -7.142 0.0000000000
114719  -33.082  -76.011  -6.496 0.0000000000
13593  -33.482  -75.161  -6.607 0.0000000000
14368  -33.508  -74.324  -6.590 0.0000000000
15087  -33.159  -73.727  -6.483 0.0000000000
15751  -31.666  -72.148  -5.444 0.0000000000
113042  -39.879  -75.924  -3.279 0.0000000000
113044  -38.105  -76.179  -3.416 0.0000000000
113045  -37.189  -76.365  -3.420 0.0000000000
13571  -37.480  -75.511  -3.515 0.0000000000
14338  -37.693  -74.638  -3.577 0.0000000000
120486  -37.022  -74.163  -3.535 0.0000000000
17151  -38.140  -70.909  -4.792 0.0000000000
16428  -37.763  -71.538  -4.265 0.0000000000
17150  -37.343  -70.807  -4.614 0.0000000000
17162  -36.112  -70.161  -4.702 0.0000000000
17847  -35.339  -70.203  -4.402 0.0000000000
17846  -34.538  -69.912  -4.453 0.0000000000
17856  -35.383  -69.545  -5.002 0.0000000000
18627  -34.918  -69.011  -5.496 0.0000000000
18637  -34.837  -68.565  -6.075 0.0000000000
13638  -44.932  -75.789  -10.249 0.0000000000
13627  -45.702  -76.213  -9.653 0.0000000000
111301  -45.905  -76.112  -10.445 0.0000000000
13652  -46.746  -76.313  -11.632 0.0000000000
12992  -47.129  -76.619  -12.089 0.0000000000
126498  -46.686  -78.385  -15.179 0.0000000000
15869  -38.037  -72.352  -19.424 0.0000000000
15870  -39.182  -71.916  -19.555 0.0000000000
15871  -40.230  -71.869  -19.490 0.0000000000
15885  -40.540  -72.436  -20.018 0.0000000000
15212  -41.021  -72.906  -20.347 0.0000000000
15213  -41.900  -73.028  -20.330 0.0000000000
14499  -42.525  -73.617  -20.817 0.0000000000
13761  -42.756  -75.441  -21.651 0.0000000000
13057  -42.348  -76.435  -22.033 0.0000000000
15122  -35.957  -73.132  -8.577 0.0000000000
15123  -36.734  -73.314  -8.838 0.0000000000
110276  -36.065  -73.225  -9.547 0.0000000000
15135  -36.216  -73.621  -10.588 0.0000000000
15806  -34.302  -72.733  -10.063 0.0000000000
15133  -34.740  -73.135  -10.778 0.0000000000
15142  -35.326  -73.547  -11.212 0.0000000000
15146  -35.208  -73.684  -12.183 0.0000000000
15147  -35.817  -74.113  -12.673 0.0000000000
15154  -35.189  -73.607  -13.106 0.0000000000
114953  -36.873  -79.631  -7.512 0.0000000000
11599  -34.165  -78.479  -7.229 0.0000000000
11592  -32.772  -78.672  -6.285 0.0000000000
12302  -32.937  -77.847  -6.529 0.0000000000
12301  -32.529  -77.246  -6.091 0.0000000000
12939  -32.242  -76.657  -5.019 0.0000000000
13584  -32.253  -75.352  -4.338 0.0000000000
15070  -42.609  -73.348  -4.500 0.0000000000
15069  -41.654  -73.058  -4.447 0.0000000000
15068  -40.716  -73.046  -4.214 0.0000000000
15743  -41.050  -72.516  -4.592 0.0000000000
16432  -40.814  -71.928  -4.897 0.0000000000
16440  -40.458  -71.319  -5.298 0.0000000000
16451  -42.640  -70.987  -6.228 0.0000000000
17168  -40.909  -70.846  -5.836 0.0000000000
17167  -40.086  -70.698  -5.690 0.0000000000
17166  -39.283  -70.560  -5.528 0.0000000000
17174  -38.866  -69.960  -5.902 0.0000000000
17867  -39.151  -69.434  -6.612 0.0000000000
13673  -44.634  -76.098  -13.357 0.0000000000
115296  -45.401  -75.976  -12.857 0.0000000000
123482  -45.505  -76.126  -13.683 0.0000000000
13692  -45.761  -76.219  -14.708 0.0000000000
12380  -46.855  -76.817  -16.488 0.0000000000
11041  -45.490  -78.811  -17.007 0.0000000000
11766  -44.490  -77.576  -19.193 0.0000000000
127484  -42.833  -78.406  -18.651 0.0000000000
11772  -42.930  -77.950  -19.537 0.0000000000
121126  -43.310  -77.403  -7.010 0.0000000000
12959  -44.757  -77.021  -7.560 0.0000000000
12958  -43.748  -76.741  -7.465 0.0000000000
12963  -44.180  -76.275  -8.055 0.0000000000
13625  -43.768  -75.517  -9.267 0.0000000000
123832  -42.953  -75.330  -9.097 0.0000000000
13637  -43.909  -75.531  -10.063 0.0000000000
13649  -44.062  -75.678  -10.978 0.0000000000
13659  -43.242  -75.768  -11.692 0.0000000000
15125  -38.219  -73.833  -9.166 0.0000000000
14409  -39.309  -74.455  -10.187 0.0000000000
14418  -38.216  -74.818  -11.517 0.0000000000
14419  -39.096  -74.869  -11.149 0.0000000000
13647  -41.518  -75.407  -11.356 0.0000000000
130044  -43.339  -75.973  -12.479 0.0000000000
111648  -42.947  -76.150  -13.329 0.0000000000
117354  -43.091  -76.269  -14.350 0.0000000000
115579  -41.256  -75.937  -13.906 0.0000000000
13688  -41.516  -75.990  -14.813 0.0000000000
13689  -42.418  -76.172  -15.029 0.0000000000
13698  -42.755  -76.049  -15.947 0.0000000000
111601  -42.199  -75.692  -16.621 0.0000000000
13708  -42.498  -75.359  -17.463 0.0000000000
115869  -42.329  -77.204  -7.132 0.0000000000
130954  -41.545  -77.021  -7.271 0.0000000000
12956  -41.058  -76.446  -7.493 0.0000000000
12315  -40.023  -77.158  -7.398 0.0000000000
12954  -39.519  -76.588  -7.497 0.0000000000
13604  -39.732  -75.676  -7.767 0.0000000000
13603  -38.848  -75.246  -7.834 0.0000000000
14385  -37.029  -73.863  -7.905 0.0000000000
11601  -36.507  -78.939  -7.512 0.0000000000
113047  -36.399  -76.573  -7.403 0.0000000000
124473  -36.686  -75.552  -7.418 0.0000000000
15100  -36.360  -73.898  -7.721 0.0000000000
15112  -36.568  -73.467  -8.147 0.0000000000
15111  -35.787  -73.366  -7.897 0.0000000000
15785  -33.575  -72.219  -8.464 0.0000000000
15779  -32.986  -72.544  -6.987 0.0000000000
110378  -33.373  -72.384  -7.582 0.0000000000
16468  -32.838  -71.853  -8.115 0.0000000000
17186  -31.797  -70.878  -7.993 0.0000000000
17201  -31.364  -70.078  -8.081 0.0000000000
113046  -36.379  -76.447  -3.438 0.0000000000
115290  -34.761  -76.382  -3.424 0.0000000000
112215  -33.991  -76.780  -3.457 0.0000000000
12921  -33.782  -76.034  -3.463 0.0000000000
15067  -32.612  -74.145  -3.632 0.0000000000
15732  -39.089  -72.835  -3.989 0.0000000000
15056  -36.770  -73.462  -3.531 0.0000000000
16416  -37.050  -72.018  -3.794 0.0000000000
15729  -36.356  -72.648  -3.542 0.0000000000
120677  -35.451  -72.857  -3.404 0.0000000000
126386  -34.113  -73.601  -3.349 0.0000000000
115611  -33.571  -73.097  -3.357 0.0000000000
15066  -32.102  -73.631  -3.990 0.0000000000
15725  -32.110  -72.704  -3.882 0.0000000000
15738  -31.909  -71.951  -4.173 0.0000000000
17146  -31.923  -70.691  -4.743 0.0000000000
17845  -33.486  -69.716  -4.602 0.0000000000
17161  -31.857  -69.959  -5.255 0.0000000000
110735  -31.547  -69.916  -5.929 0.0000000000
17863  -31.458  -69.408  -6.650 0.0000000000
18644  -31.479  -68.631  -7.185 0.0000000000
12319  -45.514  -77.402  -7.959 0.0000000000
12330  -46.128  -77.309  -9.051 0.0000000000
11628  -46.221  -77.601  -9.378 0.0000000000
12971  -46.443  -76.948  -9.694 0.0000000000
11641  -46.587  -77.506  -10.039 0.0000000000
11657  -46.231  -78.581  -11.013 0.0000000000
10985  -45.463  -79.069  -11.839 0.0000000000
121786  -46.224  -76.070  -13.132 0.0000000000
12995  -47.114  -76.499  -13.060 0.0000000000
130978  -47.392  -77.469  -12.937 0.0000000000
11718  -46.929  -78.256  -14.228 0.0000000000
10995  -46.521  -78.959  -13.378 0.0000000000
129815  -31.467  -69.788  -10.751 0.0000000000
117483  -33.551  -71.596  -12.884 0.0000000000
15824  -34.144  -72.002  -13.427 0.0000000000
132269  -35.258  -73.463  -13.689 0.0000000000
15163  -36.137  -73.676  -14.614 0.0000000000
15164  -36.845  -74.098  -14.959 0.0000000000
14447  -37.592  -74.421  -15.231 0.0000000000
14449  -39.056  -74.889  -15.766 0.0000000000
15172  -37.726  -73.136  -16.256 0.0000000000
14451  -38.664  -74.146  -16.364 0.0000000000
14452  -39.441  -74.487  -16.620 0.0000000000
14454  -40.655  -74.871  -17.171 0.0000000000
14460  -42.056  -74.724  -18.175 0.0000000000
15857  -40.237  -71.479  -18.847 0.0000000000
15848  -40.390  -72.241  -18.412 0.0000000000
15183  -40.941  -73.169  -18.486 0.0000000000
14465  -41.759  -73.689  -18.748 0.0000000000
14466  -42.632  -74.009  -19.015 0.0000000000
14468  -44.742  -74.364  -19.558 0.0000000000
119868  -44.664  -73.944  -20.170 0.0000000000
13741  -45.470  -74.992  -20.820 0.0000000000
13763  -44.823  -75.085  -21.360 0.0000000000
12413  -44.253  -77.450  -21.190 0.0000000000
10922  -33.213  -79.293  -6.622 0.0000000000
10926  -33.788  -79.078  -7.038 0.0000000000
11004  -46.332  -79.114  -14.372 0.0000000000
11593  -33.383  -78.516  -6.834 0.0000000000
11617  -45.868  -77.597  -8.621 0.0000000000
11640  -46.396  -78.047  -10.109 0.0000000000
11658  -46.690  -77.965  -10.587 0.0000000000
11701  -47.178  -78.006  -13.254 0.0000000000
12283  -33.566  -77.500  -3.569 0.0000000000
12295  -32.464  -77.316  -4.478 0.0000000000
12303  -43.872  -78.326  -6.781 0.0000000000
12310  -36.201  -77.536  -7.457 0.0000000000
12314  -39.386  -77.467  -7.418 0.0000000000
12318  -44.997  -77.732  -7.359 0.0000000000
12325  -45.919  -77.366  -8.618 0.0000000000
12326  -46.208  -77.102  -9.130 0.0000000000
12336  -46.676  -77.102  -10.151 0.0000000000
12357  -47.440  -76.998  -12.716 0.0000000000
12358  -47.406  -77.194  -13.465 0.0000000000
12368  -47.303  -76.816  -14.320 0.0000000000
12398  -45.637  -76.677  -19.557 0.0000000000
12415  -45.289  -76.735  -20.156 0.0000000000
12936  -33.177  -76.668  -3.645 0.0000000000
12955  -40.294  -76.469  -7.525 0.0000000000
12969  -45.505  -76.355  -8.923 0.0000000000
12978  -46.331  -76.590  -9.969 0.0000000000
12979  -46.614  -76.825  -10.261 0.0000000000
12988  -46.892  -76.824  -10.972 0.0000000000
12996  -47.298  -76.733  -13.506 0.0000000000
13016  -46.325  -76.208  -17.945 0.0000000000
13022  -46.044  -75.836  -18.943 0.0000000000
13023  -46.201  -76.113  -18.407 0.0000000000
13042  -45.322  -76.005  -21.124 0.0000000000
13572  -38.494  -75.284  -3.532 0.0000000000
13573  -39.297  -75.459  -3.485 0.0000000000
13574  -40.519  -75.273  -3.431 0.0000000000
13585  -32.749  -75.857  -3.734 0.0000000000
13594  -34.204  -74.403  -6.843 0.0000000000
13605  -40.640  -75.791  -7.754 0.0000000000
13607  -42.028  -75.770  -7.983 0.0000000000
13614  -41.118  -75.388  -8.111 0.0000000000
13615  -43.520  -75.699  -8.617 0.0000000000
13654  -38.717  -75.295  -13.042 0.0000000000
13661  -46.173  -75.991  -12.261 0.0000000000
13674  -46.752  -76.288  -13.499 0.0000000000
13691  -44.727  -76.224  -14.173 0.0000000000
13693  -46.613  -76.350  -14.377 0.0000000000
13697  -40.324  -75.422  -15.634 0.0000000000
13709  -43.838  -75.446  -17.677 0.0000000000
13742  -45.759  -75.574  -20.338 0.0000000000
14337  -36.780  -74.878  -3.520 0.0000000000
14351  -32.644  -74.936  -3.718 0.0000000000
14386  -37.696  -74.117  -7.992 0.0000000000
14397  -40.556  -74.550  -9.284 0.0000000000
14440  -36.598  -74.362  -14.073 0.0000000000
14448  -38.337  -74.664  -15.519 0.0000000000
14453  -40.137  -75.054  -16.487 0.0000000000
14484  -45.254  -74.314  -20.107 0.0000000000
14501  -44.118  -73.802  -20.487 0.0000000000
15052  -32.704  -73.341  -3.531 0.0000000000
15053  -33.327  -73.857  -3.385 0.0000000000
15054  -35.060  -73.697  -3.378 0.0000000000
15055  -35.954  -73.365  -3.438 0.0000000000
15057  -37.777  -73.675  -3.638 0.0000000000
15059  -39.476  -73.398  -3.884 0.0000000000
15060  -40.204  -73.685  -3.891 0.0000000000
15065  -31.703  -72.426  -4.632 0.0000000000
15124  -37.501  -73.556  -9.220 0.0000000000
15134  -35.407  -73.237  -10.289 0.0000000000
15145  -34.612  -73.163  -12.639 0.0000000000
15162  -35.434  -73.269  -14.260 0.0000000000
15168  -36.579  -73.239  -15.434 0.0000000000
15201  -43.487  -73.516  -20.249 0.0000000000
15730  -37.347  -72.805  -3.680 0.0000000000
15733  -39.900  -72.925  -4.103 0.0000000000
15741  -39.521  -72.279  -4.363 0.0000000000
15745  -43.281  -72.855  -5.047 0.0000000000
15754  -42.662  -72.216  -5.301 0.0000000000
15761  -31.703  -71.858  -6.025 0.0000000000
15778  -32.003  -71.837  -6.604 0.0000000000
15813  -34.051  -72.759  -11.132 0.0000000000
15815  -33.878  -72.164  -12.721 0.0000000000
15826  -34.733  -72.921  -13.653 0.0000000000
15858  -40.826  -72.204  -19.188 0.0000000000
15886  -41.018  -72.425  -20.067 0.0000000000
16414  -35.201  -71.368  -3.706 0.0000000000
16424  -31.681  -71.531  -4.861 0.0000000000
16425  -32.141  -71.289  -4.217 0.0000000000
16430  -39.204  -71.622  -4.662 0.0000000000
16437  -31.610  -71.512  -5.613 0.0000000000
16438  -38.892  -71.014  -4.996 0.0000000000
16439  -39.651  -71.173  -5.168 0.0000000000
16442  -42.182  -71.588  -5.615 0.0000000000
16444  -43.914  -71.885  -5.925 0.0000000000
16450  -41.737  -70.971  -5.985 0.0000000000
16506  -32.396  -71.094  -11.660 0.0000000000
17134  -32.840  -71.098  -3.852 0.0000000000
17135  -33.697  -70.896  -3.765 0.0000000000
17147  -32.512  -70.089  -4.640 0.0000000000
17149  -36.621  -70.655  -4.490 0.0000000000
17160  -31.624  -70.738  -5.575 0.0000000000
17163  -36.924  -70.223  -4.994 0.0000000000
17164  -37.723  -70.324  -5.167 0.0000000000
17165  -38.506  -70.434  -5.343 0.0000000000
17175  -39.681  -70.068  -6.099 0.0000000000
17177  -41.365  -70.384  -6.388 0.0000000000
17219  -31.355  -69.991  -8.962 0.0000000000
17238  -31.802  -70.508  -11.087 0.0000000000
17854  -33.547  -69.134  -5.192 0.0000000000
17866  -37.735  -69.356  -6.182 0.0000000000
18625  -33.204  -68.671  -5.665 0.0000000000
18634  -32.238  -68.278  -6.461 0.0000000000
18635  -32.929  -68.189  -6.261 0.0000000000
111491  -44.299  -75.815  -16.930 0.0000000000
111647  -43.893  -76.061  -12.937 0.0000000000
113140  -46.832  -76.567  -15.845 0.0000000000
113206  -31.367  -69.021  -10.932 0.0000000000
113333  -32.515  -71.974  -7.293 0.0000000000
116385  -36.088  -79.596  -7.510 0.0000000000
116513  -34.823  -76.037  -7.161 0.0000000000
117352  -44.300  -76.234  -15.422 0.0000000000
120734  -34.530  -72.950  -3.339 0.0000000000
121404  -44.216  -78.176  -18.438 0.0000000000
121906  -44.640  -75.993  -21.629 0.0000000000
123280  -40.906  -75.529  -12.012 0.0000000000
125602  -31.827  -73.145  -4.448 0.0000000000
125903  -39.825  -75.197  -3.505 0.0000000000
126529  -41.807  -76.432  -7.505 0.0000000000
126816  -45.789  -77.673  -17.970 0.0000000000
127377  -32.362  -76.917  -5.650 0.0000000000
128246  -45.648  -79.765  -15.425 0.0000000000
129016  -32.317  -76.067  -4.427 0.0000000000
129434  -33.905  -70.297  -4.128 0.0000000000
130254  -35.732  -72.350  -3.500 0.0000000000
131016  -40.637  -74.130  -3.791 0.0000000000
131690  -35.484  -77.838  -7.441 0.0000000000
131879  -45.371  -74.541  -20.479 0.0000000000
132048  -31.859  -70.844  -10.614 0.0000000000
132748  -39.264  -74.453  -8.581 0.0000000000
133046  -47.163  -76.728  -15.186 0.0000000000
