#!ascii label  , from subject sub-v2s0x29052_ses-1 vox2ras=TkReg
860
117870  41.083  25.197  0.887 0.0000000000
91379  45.242  31.868  0.212 0.0000000000
87529  46.762  26.144  7.933 0.0000000000
108629  37.043  25.107  4.486 0.0000000000
86531  39.406  23.221  6.713 0.0000000000
106527  45.579  27.359  -4.133 0.0000000000
94700  45.541  38.067  3.065 0.0000000000
93579  43.228  35.188  -0.606 0.0000000000
86518  50.352  23.591  8.781 0.0000000000
84385  46.789  19.924  4.693 0.0000000000
114532  46.555  25.080  -0.980 0.0000000000
118243  44.059  25.428  4.147 0.0000000000
89468  45.575  28.534  3.049 0.0000000000
90102  46.767  29.333  7.925 0.0000000000
95781  43.440  39.408  -4.239 0.0000000000
92004  49.092  31.831  -2.207 0.0000000000
119891  42.526  21.783  7.369 0.0000000000
87587  39.811  25.360  2.219 0.0000000000
87075  38.377  24.567  4.713 0.0000000000
87563  40.656  25.107  4.042 0.0000000000
87634  42.652  25.206  -2.806 0.0000000000
119517  39.615  26.468  -0.578 0.0000000000
94714  41.511  37.213  2.732 0.0000000000
85501  50.279  21.316  9.419 0.0000000000
118140  50.081  20.246  6.286 0.0000000000
83143  49.862  17.904  7.709 0.0000000000
94775  46.437  38.051  -8.121 0.0000000000
89508  45.853  28.220  -1.486 0.0000000000
122424  46.187  26.919  1.209 0.0000000000
89484  44.022  28.982  1.033 0.0000000000
113457  40.164  30.556  6.196 0.0000000000
110931  43.393  29.827  5.794 0.0000000000
89427  42.641  28.564  8.239 0.0000000000
88771  46.587  27.722  10.190 0.0000000000
93568  47.483  35.003  0.352 0.0000000000
93083  46.556  34.208  -1.923 0.0000000000
91389  48.172  31.950  -0.526 0.0000000000
89515  48.625  27.598  -3.069 0.0000000000
88154  45.191  25.964  6.194 0.0000000000
87047  42.828  24.362  7.614 0.0000000000
86524  44.198  23.935  8.284 0.0000000000
86051  37.294  22.289  6.524 0.0000000000
84991  38.398  20.027  6.005 0.0000000000
90839  47.576  30.618  -4.971 0.0000000000
90824  44.429  30.633  -3.407 0.0000000000
92530  45.727  34.843  2.495 0.0000000000
91976  42.864  32.079  1.693 0.0000000000
95761  37.139  39.778  -0.996 0.0000000000
95284  40.251  37.740  -1.898 0.0000000000
94136  44.217  36.398  1.013 0.0000000000
119591  48.263  24.811  8.639 0.0000000000
86032  46.383  22.996  8.377 0.0000000000
85509  48.755  21.845  7.075 0.0000000000
84402  49.091  19.414  4.007 0.0000000000
87089  44.376  24.586  -0.345 0.0000000000
87584  42.688  25.086  2.529 0.0000000000
120867  45.458  25.032  2.081 0.0000000000
113921  46.553  26.239  3.820 0.0000000000
88817  47.378  27.771  5.103 0.0000000000
90150  43.555  29.502  3.406 0.0000000000
90133  46.108  29.528  5.423 0.0000000000
88148  48.504  28.220  7.716 0.0000000000
88141  49.692  27.306  9.629 0.0000000000
87027  49.892  25.354  10.941 0.0000000000
96241  44.523  41.273  -5.542 0.0000000000
93606  45.545  36.059  -6.035 0.0000000000
93089  45.222  34.261  -4.041 0.0000000000
92583  48.637  33.132  -5.322 0.0000000000
90227  49.104  28.638  -4.499 0.0000000000
87641  46.205  24.451  -4.251 0.0000000000
123104  41.279  24.974  5.581 0.0000000000
85516  40.847  21.949  7.306 0.0000000000
84410  40.343  19.290  4.838 0.0000000000
84965  44.388  20.745  6.318 0.0000000000
87598  40.352  25.342  1.356 0.0000000000
87586  40.254  25.230  2.840 0.0000000000
112538  40.735  25.190  2.272 0.0000000000
87616  42.049  25.178  -0.715 0.0000000000
87626  40.877  25.844  -1.399 0.0000000000
87610  40.528  25.488  0.389 0.0000000000
118568  39.354  25.635  1.445 0.0000000000
84359  49.541  19.914  9.830 0.0000000000
83739  50.258  19.035  8.860 0.0000000000
83740  50.124  18.254  9.287 0.0000000000
84428  37.453  19.640  3.327 0.0000000000
90792  45.326  30.436  -0.621 0.0000000000
89499  44.842  28.564  -0.318 0.0000000000
90782  44.153  30.618  0.233 0.0000000000
90118  40.298  29.681  7.506 0.0000000000
90117  41.334  29.591  7.162 0.0000000000
109356  46.876  32.888  0.472 0.0000000000
92558  48.233  33.562  -0.187 0.0000000000
91390  46.950  31.666  -0.453 0.0000000000
90802  47.024  30.092  -1.460 0.0000000000
87530  45.625  25.659  7.692 0.0000000000
87531  44.719  25.363  7.537 0.0000000000
87042  45.471  24.489  8.389 0.0000000000
87567  36.305  25.350  4.641 0.0000000000
87077  36.652  24.750  5.055 0.0000000000
87064  38.863  24.096  5.519 0.0000000000
86533  37.726  23.000  6.380 0.0000000000
86050  38.114  22.334  6.685 0.0000000000
84971  37.989  20.717  6.475 0.0000000000
85530  38.638  21.505  6.792 0.0000000000
90213  46.763  29.264  -4.319 0.0000000000
90823  45.360  30.917  -3.865 0.0000000000
106010  44.185  28.824  -3.151 0.0000000000
88185  37.168  26.009  3.045 0.0000000000
88186  36.407  26.290  3.398 0.0000000000
93553  45.757  36.218  3.094 0.0000000000
93060  44.852  34.808  2.961 0.0000000000
94100  44.626  36.397  4.028 0.0000000000
110198  43.768  38.115  2.537 0.0000000000
94111  43.304  37.165  2.070 0.0000000000
94723  45.201  37.868  1.882 0.0000000000
93563  46.392  36.476  1.816 0.0000000000
86519  49.701  23.758  8.475 0.0000000000
86030  48.969  23.082  8.043 0.0000000000
86038  49.440  22.397  7.533 0.0000000000
83747  49.825  18.669  5.961 0.0000000000
84382  49.698  19.629  5.076 0.0000000000
83169  49.555  18.193  3.713 0.0000000000
87098  45.755  24.592  -1.112 0.0000000000
87606  44.909  24.630  0.586 0.0000000000
108045  46.145  24.939  0.676 0.0000000000
88845  46.331  27.453  2.278 0.0000000000
88196  46.711  26.173  1.973 0.0000000000
88836  46.887  27.537  3.513 0.0000000000
88173  46.933  26.850  4.511 0.0000000000
89454  47.039  28.272  4.180 0.0000000000
91366  42.134  31.891  2.254 0.0000000000
90173  42.738  30.260  2.110 0.0000000000
90760  41.960  30.390  3.478 0.0000000000
120189  44.881  29.325  7.356 0.0000000000
90125  45.047  29.707  6.034 0.0000000000
109732  46.381  29.601  6.839 0.0000000000
89435  47.897  29.266  7.000 0.0000000000
89422  48.257  29.185  7.827 0.0000000000
88145  49.084  27.995  8.471 0.0000000000
89406  48.317  28.894  8.694 0.0000000000
88110  47.259  26.503  11.896 0.0000000000
109579  48.965  26.939  11.142 0.0000000000
95780  44.305  40.050  -4.721 0.0000000000
95300  45.254  39.271  -5.858 0.0000000000
109872  44.219  37.427  -5.313 0.0000000000
94150  40.849  36.418  -1.737 0.0000000000
110776  41.237  36.718  -2.377 0.0000000000
93589  43.036  35.013  -2.034 0.0000000000
110589  48.319  33.288  -1.791 0.0000000000
92574  46.148  33.927  -2.849 0.0000000000
92579  46.922  33.524  -3.599 0.0000000000
124352  47.452  33.591  -4.710 0.0000000000
92016  48.701  32.486  -3.903 0.0000000000
111253  49.196  30.376  -4.820 0.0000000000
117113  49.413  30.482  -3.582 0.0000000000
88873  46.848  26.485  -2.322 0.0000000000
88227  48.304  25.716  -4.024 0.0000000000
117284  46.471  24.677  -2.677 0.0000000000
87105  45.013  24.434  -2.721 0.0000000000
87572  43.949  25.264  3.371 0.0000000000
128025  42.487  25.267  3.768 0.0000000000
87547  42.608  25.322  5.418 0.0000000000
86044  42.501  22.463  7.677 0.0000000000
86528  41.483  23.465  7.482 0.0000000000
85515  41.743  22.023  7.450 0.0000000000
84969  40.286  20.637  6.544 0.0000000000
120103  41.660  20.711  6.527 0.0000000000
84963  46.477  20.781  6.134 0.0000000000
85512  45.282  21.776  7.540 0.0000000000
84985  44.930  20.305  5.587 0.0000000000
87577  38.399  25.377  3.237 0.0000000000
87076  37.483  24.637  4.847 0.0000000000
87565  38.860  24.989  3.963 0.0000000000
87074  39.313  24.637  4.732 0.0000000000
114095  39.800  24.440  5.545 0.0000000000
88244  43.981  25.424  -4.114 0.0000000000
87588  38.038  25.993  2.058 0.0000000000
85500  50.609  21.894  8.820 0.0000000000
85507  50.383  21.517  7.374 0.0000000000
84955  50.541  20.640  8.576 0.0000000000
83745  50.030  18.750  7.513 0.0000000000
88874  46.100  27.100  -1.560 0.0000000000
88211  46.537  25.312  0.019 0.0000000000
88867  45.318  27.514  -0.143 0.0000000000
88861  45.423  27.547  0.780 0.0000000000
125078  44.942  28.321  1.977 0.0000000000
91344  40.030  31.314  5.097 0.0000000000
90144  42.010  30.118  4.927 0.0000000000
122455  42.228  29.910  6.197 0.0000000000
90116  42.761  29.473  7.116 0.0000000000
89425  44.787  28.895  8.034 0.0000000000
88791  46.164  28.263  9.348 0.0000000000
88792  44.798  27.856  9.306 0.0000000000
88128  45.683  26.980  10.767 0.0000000000
88111  46.039  26.457  11.581 0.0000000000
96228  42.727  40.472  -3.326 0.0000000000
93577  46.078  35.593  -0.136 0.0000000000
93075  44.631  34.864  -1.263 0.0000000000
93073  47.384  34.909  -0.284 0.0000000000
92565  48.245  33.740  -0.757 0.0000000000
91403  49.029  31.555  -1.532 0.0000000000
90812  49.402  29.935  -2.798 0.0000000000
90801  48.474  30.395  -1.595 0.0000000000
114286  46.739  28.400  -1.958 0.0000000000
120350  45.097  25.802  5.259 0.0000000000
87546  43.431  25.476  5.676 0.0000000000
87046  43.835  25.078  7.412 0.0000000000
87044  43.621  24.419  7.876 0.0000000000
85514  43.316  21.955  7.534 0.0000000000
84421  47.024  19.251  3.248 0.0000000000
84405  45.317  19.468  4.031 0.0000000000
86053  35.385  22.166  5.914 0.0000000000
86546  37.353  23.567  5.912 0.0000000000
86534  36.908  22.919  6.291 0.0000000000
84973  36.293  21.117  6.096 0.0000000000
112742  36.478  20.478  5.601 0.0000000000
84395  37.032  19.896  5.161 0.0000000000
126562  37.940  19.438  4.264 0.0000000000
92028  46.501  32.172  -5.719 0.0000000000
91452  44.803  31.897  -4.466 0.0000000000
123293  45.913  33.489  1.231 0.0000000000
91981  43.840  31.860  0.891 0.0000000000
92544  44.318  33.359  1.782 0.0000000000
123284  43.482  33.555  2.416 0.0000000000
92526  41.641  33.397  3.396 0.0000000000
127059  40.221  32.709  4.329 0.0000000000
91940  39.246  32.278  5.501 0.0000000000
95767  38.609  39.269  -1.561 0.0000000000
94152  39.935  36.573  -0.994 0.0000000000
93581  41.615  35.467  -0.664 0.0000000000
93572  43.547  35.581  0.293 0.0000000000
121929  46.176  36.553  0.842 0.0000000000
93065  46.946  34.880  1.522 0.0000000000
87040  47.553  25.311  8.541 0.0000000000
86522  45.893  23.782  8.541 0.0000000000
86521  46.965  23.761  8.552 0.0000000000
85510  47.512  21.770  7.286 0.0000000000
84962  47.661  20.838  6.000 0.0000000000
85519  50.096  21.151  6.551 0.0000000000
84981  49.427  20.308  5.371 0.0000000000
84403  47.796  19.507  3.819 0.0000000000
87608  42.480  24.910  0.201 0.0000000000
87596  42.301  24.995  1.765 0.0000000000
110942  42.935  24.816  1.098 0.0000000000
106409  44.487  24.894  2.023 0.0000000000
87582  44.920  25.157  2.771 0.0000000000
87605  46.508  25.588  1.400 0.0000000000
123729  46.133  25.455  2.482 0.0000000000
87559  45.867  25.698  3.766 0.0000000000
88174  46.036  25.986  4.543 0.0000000000
88153  46.201  26.487  6.466 0.0000000000
88152  47.194  27.278  6.706 0.0000000000
91381  43.608  30.999  0.733 0.0000000000
90172  43.425  29.587  1.768 0.0000000000
123184  44.604  29.071  3.390 0.0000000000
90142  43.230  29.712  4.255 0.0000000000
90141  45.096  29.287  4.279 0.0000000000
89455  46.288  28.891  4.193 0.0000000000
121057  47.392  28.872  5.443 0.0000000000
88809  48.008  28.201  6.942 0.0000000000
88149  47.547  27.218  7.460 0.0000000000
87524  48.896  26.790  8.514 0.0000000000
87523  49.703  26.438  8.874 0.0000000000
87522  50.064  26.079  9.322 0.0000000000
88769  49.081  27.704  10.273 0.0000000000
88125  49.547  26.935  10.556 0.0000000000
87033  50.302  24.823  10.166 0.0000000000
115225  50.272  22.966  10.024 0.0000000000
95310  45.388  39.763  -7.116 0.0000000000
94176  46.980  37.016  -7.454 0.0000000000
93109  47.721  34.785  -7.000 0.0000000000
93085  44.130  34.590  -2.954 0.0000000000
127087  44.135  35.442  -4.843 0.0000000000
93102  45.146  35.160  -5.396 0.0000000000
93100  47.484  34.433  -6.122 0.0000000000
92586  48.780  33.091  -6.324 0.0000000000
91467  49.113  31.999  -5.735 0.0000000000
90838  48.623  29.957  -5.082 0.0000000000
109478  47.717  27.488  -4.894 0.0000000000
89525  49.218  27.772  -3.802 0.0000000000
88909  47.870  26.434  -4.900 0.0000000000
88894  45.988  26.083  -4.608 0.0000000000
87643  43.711  24.884  -3.819 0.0000000000
87624  43.091  24.846  -2.057 0.0000000000
87574  42.091  25.199  3.196 0.0000000000
87549  41.013  25.067  4.853 0.0000000000
87055  40.357  24.307  6.295 0.0000000000
87053  42.329  24.811  6.959 0.0000000000
87049  41.026  24.089  6.965 0.0000000000
86530  40.049  23.119  7.096 0.0000000000
85529  39.616  21.155  6.823 0.0000000000
116140  39.277  19.992  6.041 0.0000000000
86033  45.373  23.085  8.385 0.0000000000
85513  44.303  21.834  7.539 0.0000000000
84966  43.459  20.729  6.369 0.0000000000
111628  44.077  19.517  4.486 0.0000000000
84988  42.037  20.103  5.781 0.0000000000
82503  49.494  16.895  8.841 0.0000000000
82518  48.732  17.196  6.979 0.0000000000
87597  41.324  25.110  1.618 0.0000000000
87609  41.414  25.257  0.068 0.0000000000
87617  41.305  25.486  -0.848 0.0000000000
84369  49.944  19.111  9.437 0.0000000000
91391  45.786  31.362  -0.346 0.0000000000
90793  44.586  30.325  -0.212 0.0000000000
91392  44.847  31.047  -0.128 0.0000000000
91988  46.331  32.190  0.080 0.0000000000
90791  46.386  30.807  -0.872 0.0000000000
87526  45.927  25.253  8.216 0.0000000000
86544  38.905  23.594  6.215 0.0000000000
86532  38.542  23.056  6.509 0.0000000000
86049  38.956  22.444  6.812 0.0000000000
89526  46.477  28.269  -4.299 0.0000000000
90214  45.771  29.408  -3.790 0.0000000000
89527  45.185  28.576  -3.597 0.0000000000
87578  37.635  25.574  3.365 0.0000000000
87579  36.907  25.626  3.856 0.0000000000
94098  45.799  37.184  3.078 0.0000000000
109497  45.200  36.334  3.584 0.0000000000
94099  45.286  37.314  3.695 0.0000000000
95250  44.607  38.708  2.781 0.0000000000
94713  44.555  38.004  2.209 0.0000000000
94712  45.352  38.217  2.478 0.0000000000
94711  45.888  37.706  2.417 0.0000000000
114878  50.063  24.477  8.926 0.0000000000
86029  50.122  22.888  8.096 0.0000000000
83162  49.627  18.229  4.553 0.0000000000
87623  46.315  24.829  -1.506 0.0000000000
87093  45.555  24.606  -0.204 0.0000000000
87614  46.247  24.872  -0.456 0.0000000000
89476  45.631  28.115  2.378 0.0000000000
89467  46.456  27.823  2.862 0.0000000000
114913  46.453  28.337  3.543 0.0000000000
91966  41.570  32.047  2.832 0.0000000000
124747  41.820  30.792  2.914 0.0000000000
90761  41.282  31.008  3.506 0.0000000000
89437  45.855  29.368  7.502 0.0000000000
105829  45.462  29.574  6.805 0.0000000000
90113  47.037  29.542  7.227 0.0000000000
89423  47.577  29.223  8.265 0.0000000000
112998  43.852  40.339  -4.265 0.0000000000
95296  43.906  38.957  -4.756 0.0000000000
94761  44.462  38.556  -5.293 0.0000000000
93580  42.340  35.248  -0.977 0.0000000000
93590  41.941  35.611  -2.183 0.0000000000
110288  42.890  35.095  -1.348 0.0000000000
92005  48.675  32.454  -2.624 0.0000000000
92572  48.014  33.053  -3.078 0.0000000000
92015  49.092  31.859  -3.531 0.0000000000
91433  49.289  31.226  -4.328 0.0000000000
121886  49.269  31.246  -3.191 0.0000000000
115372  46.649  24.937  -1.903 0.0000000000
87622  47.117  25.094  -2.771 0.0000000000
87104  45.766  24.527  -2.191 0.0000000000
120330  43.209  25.324  3.939 0.0000000000
87561  43.315  25.402  4.759 0.0000000000
120102  42.124  21.287  6.983 0.0000000000
84984  46.014  20.333  5.469 0.0000000000
87576  39.444  25.238  3.133 0.0000000000
119185  40.241  25.159  3.433 0.0000000000
87564  39.786  25.012  4.009 0.0000000000
87063  40.190  24.833  4.786 0.0000000000
88245  43.067  25.497  -3.558 0.0000000000
88883  42.311  26.305  -3.163 0.0000000000
88229  42.441  25.642  -3.097 0.0000000000
88212  40.231  26.142  -1.016 0.0000000000
88220  40.553  26.383  -1.781 0.0000000000
125189  38.754  25.588  2.290 0.0000000000
112802  50.374  22.336  9.537 0.0000000000
124024  50.555  21.204  8.875 0.0000000000
83742  50.132  18.190  8.600 0.0000000000
83744  50.191  19.106  8.128 0.0000000000
119030  49.886  18.456  6.828 0.0000000000
94776  45.700  38.471  -8.198 0.0000000000
94777  44.624  38.445  -8.003 0.0000000000
89498  45.419  27.817  -0.938 0.0000000000
90179  44.269  29.215  0.244 0.0000000000
89491  44.661  28.350  0.462 0.0000000000
89483  44.757  28.297  1.304 0.0000000000
89477  44.215  28.816  1.894 0.0000000000
90755  40.467  30.726  5.375 0.0000000000
90138  41.000  30.308  5.915 0.0000000000
89440  42.108  29.147  7.609 0.0000000000
89439  43.100  29.080  7.605 0.0000000000
89438  44.031  29.162  7.508 0.0000000000
89426  43.639  28.644  8.139 0.0000000000
89409  44.226  28.228  8.693 0.0000000000
88773  44.188  27.256  9.848 0.0000000000
88129  44.557  26.805  10.515 0.0000000000
88112  44.923  26.347  11.255 0.0000000000
120792  46.953  35.491  0.094 0.0000000000
93074  46.517  35.097  -0.577 0.0000000000
91986  48.348  32.790  -0.232 0.0000000000
91985  48.679  32.905  -0.657 0.0000000000
91993  48.929  32.389  -1.215 0.0000000000
91404  48.758  31.340  -1.153 0.0000000000
90800  49.158  30.618  -1.911 0.0000000000
90197  46.079  29.270  -1.437 0.0000000000
90196  47.095  29.201  -1.842 0.0000000000
89507  46.491  27.567  -1.961 0.0000000000
87545  44.272  25.676  5.924 0.0000000000
87534  44.434  25.629  6.818 0.0000000000
87043  44.335  24.717  7.978 0.0000000000
86043  43.224  22.830  7.916 0.0000000000
86034  43.979  23.103  8.155 0.0000000000
86535  36.106  22.625  6.234 0.0000000000
87065  37.885  24.090  5.385 0.0000000000
86052  36.630  22.250  6.398 0.0000000000
85532  36.817  21.609  6.421 0.0000000000
84972  37.079  20.878  6.316 0.0000000000
84992  37.462  20.188  5.894 0.0000000000
84394  37.928  19.619  5.172 0.0000000000
91468  48.792  31.716  -5.924 0.0000000000
91450  47.489  31.549  -5.477 0.0000000000
91434  45.345  31.464  -4.237 0.0000000000
91435  44.579  31.416  -3.851 0.0000000000
91436  43.716  31.338  -3.505 0.0000000000
92543  45.484  33.932  1.823 0.0000000000
91974  44.999  33.099  1.207 0.0000000000
93061  43.978  34.350  2.973 0.0000000000
92532  42.485  33.403  2.844 0.0000000000
92522  41.118  33.870  4.142 0.0000000000
92523  39.903  33.121  4.841 0.0000000000
113463  38.212  40.068  -1.427 0.0000000000
95768  37.715  39.191  -1.309 0.0000000000
125919  39.125  37.198  -0.971 0.0000000000
94144  40.063  36.091  -0.332 0.0000000000
93582  40.875  35.762  -0.481 0.0000000000
118502  43.409  36.523  1.467 0.0000000000
93564  42.938  35.863  0.916 0.0000000000
93571  44.646  35.884  0.358 0.0000000000
94135  45.441  36.658  0.868 0.0000000000
93059  46.577  35.467  2.002 0.0000000000
93066  46.311  34.631  1.942 0.0000000000
92542  46.534  34.128  1.473 0.0000000000
119530  47.444  24.470  8.601 0.0000000000
86039  48.176  22.382  7.702 0.0000000000
85521  48.164  21.323  6.575 0.0000000000
84958  50.351  20.749  6.975 0.0000000000
84401  49.637  19.153  4.411 0.0000000000
84383  49.216  19.863  4.736 0.0000000000
84384  48.107  19.954  4.628 0.0000000000
84420  48.153  19.090  3.028 0.0000000000
84419  49.073  18.957  3.240 0.0000000000
87615  43.126  24.784  -0.745 0.0000000000
87607  43.622  24.683  0.378 0.0000000000
87594  45.294  24.825  1.413 0.0000000000
88860  46.271  26.427  0.465 0.0000000000
88206  46.593  25.586  0.782 0.0000000000
88197  46.627  26.213  1.286 0.0000000000
88191  46.688  26.117  2.592 0.0000000000
88184  46.486  25.908  3.174 0.0000000000
88161  47.048  27.189  5.654 0.0000000000
118444  43.453  32.171  1.331 0.0000000000
91370  43.206  31.510  1.261 0.0000000000
90164  43.050  29.750  2.678 0.0000000000
90163  43.871  29.190  2.633 0.0000000000
90136  42.629  29.940  5.577 0.0000000000
105851  42.695  29.927  4.819 0.0000000000
90135  43.357  29.798  5.133 0.0000000000
90134  45.076  29.574  5.129 0.0000000000
90140  45.963  29.330  4.755 0.0000000000
89446  46.923  28.998  4.887 0.0000000000
90132  47.059  29.321  5.716 0.0000000000
88808  48.371  28.885  7.354 0.0000000000
88811  47.910  28.766  6.520 0.0000000000
88146  48.102  27.119  8.035 0.0000000000
88144  49.624  27.324  8.939 0.0000000000
87038  49.855  25.475  8.911 0.0000000000
88143  49.892  26.798  9.257 0.0000000000
88790  47.568  28.458  9.543 0.0000000000
88770  47.948  27.913  10.349 0.0000000000
88108  49.276  26.357  11.497 0.0000000000
87518  49.822  26.187  10.798 0.0000000000
87520  50.216  25.743  10.066 0.0000000000
86512  50.232  23.810  10.244 0.0000000000
96673  44.276  41.842  -4.985 0.0000000000
96674  43.809  42.352  -4.467 0.0000000000
96688  43.222  41.936  -5.236 0.0000000000
95797  45.117  40.220  -6.638 0.0000000000
94171  46.220  37.133  -6.663 0.0000000000
94759  45.979  38.132  -6.559 0.0000000000
93612  47.359  35.898  -7.375 0.0000000000
93613  46.588  36.160  -6.661 0.0000000000
93079  45.807  34.650  -1.416 0.0000000000
93080  43.847  34.709  -2.123 0.0000000000
117066  44.809  34.503  -2.214 0.0000000000
92580  45.859  33.987  -3.592 0.0000000000
93090  44.402  34.572  -3.753 0.0000000000
93095  44.000  34.971  -4.198 0.0000000000
93094  44.663  34.738  -4.541 0.0000000000
93607  44.683  35.911  -5.519 0.0000000000
93093  45.613  34.440  -4.867 0.0000000000
93092  46.795  34.120  -5.211 0.0000000000
92587  48.125  33.727  -5.772 0.0000000000
92582  49.046  32.514  -5.666 0.0000000000
92039  48.925  32.353  -6.221 0.0000000000
90837  49.098  29.466  -4.785 0.0000000000
90228  48.609  28.981  -4.935 0.0000000000
106795  47.710  28.564  -4.798 0.0000000000
89542  48.569  27.883  -4.808 0.0000000000
90195  49.049  29.500  -2.380 0.0000000000
112076  49.437  29.035  -3.120 0.0000000000
90204  49.144  28.279  -3.151 0.0000000000
88242  47.684  25.068  -4.282 0.0000000000
88256  48.178  25.944  -4.453 0.0000000000
88257  47.437  25.408  -4.692 0.0000000000
107779  47.030  25.872  -4.875 0.0000000000
87649  46.027  24.726  -4.463 0.0000000000
88243  45.326  25.206  -4.544 0.0000000000
87642  45.017  24.631  -4.221 0.0000000000
87094  44.087  24.603  -1.351 0.0000000000
87100  44.123  24.577  -2.464 0.0000000000
87585  41.689  25.136  2.430 0.0000000000
87548  41.807  25.208  5.090 0.0000000000
87562  41.653  25.201  4.072 0.0000000000
87062  40.605  24.740  5.576 0.0000000000
87054  41.113  24.667  6.262 0.0000000000
87052  43.091  24.982  7.132 0.0000000000
87536  42.802  25.234  6.342 0.0000000000
86045  41.154  22.703  7.473 0.0000000000
86529  40.694  23.320  7.247 0.0000000000
86046  40.404  22.598  7.277 0.0000000000
85517  40.057  21.888  7.155 0.0000000000
84990  40.086  20.084  6.042 0.0000000000
84392  39.789  19.620  5.462 0.0000000000
84411  39.518  19.262  4.744 0.0000000000
86041  45.805  22.364  7.998 0.0000000000
85524  44.821  21.259  6.931 0.0000000000
85525  43.865  21.274  6.975 0.0000000000
84986  43.970  20.263  5.699 0.0000000000
84423  44.412  19.011  3.236 0.0000000000
123697  44.762  19.594  4.465 0.0000000000
84406  44.562  19.342  3.931 0.0000000000
87575  41.046  25.182  3.178 0.0000000000
108441  41.677  25.512  -1.653 0.0000000000
87635  41.962  25.656  -2.516 0.0000000000
87618  40.682  25.658  -0.514 0.0000000000
87619  39.987  25.908  -0.165 0.0000000000
87611  39.741  25.703  0.659 0.0000000000
84953  50.066  20.319  9.467 0.0000000000
84368  50.343  19.929  9.062 0.0000000000
83140  49.931  17.437  8.772 0.0000000000
118293  45.390  29.654  -0.926 0.0000000000
90187  45.233  28.855  -0.964 0.0000000000
90188  44.723  29.556  -0.429 0.0000000000
117524  44.206  29.919  0.085 0.0000000000
90130  40.026  30.246  6.910 0.0000000000
90129  40.748  30.062  6.692 0.0000000000
92541  47.315  34.237  1.028 0.0000000000
107362  47.732  34.300  0.450 0.0000000000
91978  47.684  33.436  0.418 0.0000000000
91987  47.486  32.507  0.017 0.0000000000
91405  47.660  31.065  -1.004 0.0000000000
90803  45.959  30.092  -1.119 0.0000000000
87533  45.326  25.959  7.055 0.0000000000
87527  45.079  25.006  8.078 0.0000000000
126939  44.783  24.395  8.281 0.0000000000
86545  38.209  23.590  6.013 0.0000000000
85531  37.631  21.528  6.624 0.0000000000
90840  46.289  31.181  -4.503 0.0000000000
90822  46.360  30.236  -4.177 0.0000000000
109347  45.309  30.213  -3.615 0.0000000000
90216  43.842  29.846  -3.020 0.0000000000
88192  37.436  26.278  2.355 0.0000000000
88175  35.974  25.964  4.138 0.0000000000
93559  46.190  35.938  2.559 0.0000000000
93554  44.995  35.481  3.346 0.0000000000
93055  44.327  34.917  3.354 0.0000000000
112254  42.677  37.653  2.631 0.0000000000
94112  42.036  36.718  2.184 0.0000000000
94124  44.347  37.239  1.666 0.0000000000
94123  45.285  37.301  1.427 0.0000000000
94722  45.777  37.745  1.900 0.0000000000
94110  46.141  36.922  2.494 0.0000000000
119080  49.337  24.701  8.678 0.0000000000
86520  48.333  23.909  8.522 0.0000000000
84372  49.989  19.244  6.544 0.0000000000
84374  49.844  19.496  5.654 0.0000000000
83755  49.756  18.837  4.971 0.0000000000
122488  49.664  18.595  4.218 0.0000000000
83762  49.526  18.667  3.748 0.0000000000
88851  46.550  26.845  1.852 0.0000000000
88844  46.764  26.878  2.660 0.0000000000
88183  46.844  26.711  3.466 0.0000000000
88827  47.141  27.573  4.259 0.0000000000
91371  42.624  31.286  1.754 0.0000000000
115404  42.184  30.930  2.280 0.0000000000
90766  42.358  30.313  2.784 0.0000000000
90151  42.712  29.920  3.455 0.0000000000
90126  43.902  29.717  6.277 0.0000000000
90114  44.444  29.547  6.856 0.0000000000
90124  46.258  29.614  6.198 0.0000000000
90123  47.178  29.459  6.479 0.0000000000
88805  48.666  28.716  8.141 0.0000000000
88804  48.972  28.514  8.780 0.0000000000
88788  49.366  28.001  9.218 0.0000000000
88127  46.946  27.148  11.020 0.0000000000
88126  48.166  27.138  11.162 0.0000000000
88109  48.414  26.293  12.018 0.0000000000
96663  44.063  41.775  -4.245 0.0000000000
96231  44.333  41.051  -4.697 0.0000000000
95779  44.716  40.534  -5.336 0.0000000000
95787  45.146  40.104  -5.916 0.0000000000
95301  44.724  39.643  -5.288 0.0000000000
94760  45.177  38.238  -5.862 0.0000000000
94172  45.084  37.005  -5.892 0.0000000000
94748  40.715  37.083  -2.034 0.0000000000
126870  41.891  36.160  -2.764 0.0000000000
126339  45.643  34.285  -2.309 0.0000000000
92573  47.234  33.639  -2.445 0.0000000000
92584  46.218  33.962  -4.322 0.0000000000
92578  48.170  33.097  -4.239 0.0000000000
92027  48.883  32.669  -4.868 0.0000000000
92026  49.184  32.035  -4.899 0.0000000000
90821  49.436  29.418  -3.941 0.0000000000
88882  47.548  27.328  -2.663 0.0000000000
88881  48.472  26.711  -3.550 0.0000000000
117100  47.761  25.945  -3.243 0.0000000000
88228  47.696  25.054  -3.782 0.0000000000
87630  46.995  24.498  -3.834 0.0000000000
87631  45.748  24.368  -3.495 0.0000000000
87099  44.986  24.511  -1.747 0.0000000000
87573  43.015  25.205  3.231 0.0000000000
106277  42.504  25.298  4.491 0.0000000000
86527  42.414  23.431  7.780 0.0000000000
87048  41.909  24.186  7.368 0.0000000000
119817  41.843  22.821  7.645 0.0000000000
85528  40.501  21.276  6.957 0.0000000000
85527  41.300  21.324  7.022 0.0000000000
84989  40.991  20.234  6.105 0.0000000000
84391  40.612  19.707  5.497 0.0000000000
85511  46.348  21.749  7.439 0.0000000000
85523  45.845  21.245  6.860 0.0000000000
84964  45.384  20.754  6.236 0.0000000000
87566  37.823  25.119  4.050 0.0000000000
87056  39.558  23.936  6.227 0.0000000000
88895  44.760  26.331  -4.216 0.0000000000
108366  44.464  27.670  -3.592 0.0000000000
88219  41.211  26.016  -2.172 0.0000000000
88198  39.080  25.944  0.823 0.0000000000
88199  38.489  26.061  1.382 0.0000000000
87589  37.891  25.769  2.699 0.0000000000
94701  43.429  38.739  3.057 0.0000000000
86028  50.495  22.724  8.765 0.0000000000
85503  50.514  22.156  8.082 0.0000000000
85506  50.613  21.406  8.206 0.0000000000
84957  50.535  20.708  7.741 0.0000000000
84370  50.417  19.869  8.300 0.0000000000
84371  50.299  19.822  7.308 0.0000000000
83154  49.673  18.149  5.514 0.0000000000
88218  46.602  25.805  -1.714 0.0000000000
88866  46.157  26.398  -0.751 0.0000000000
88852  45.698  27.663  1.669 0.0000000000
91364  40.755  31.553  3.853 0.0000000000
90757  41.546  30.465  4.243 0.0000000000
90758  40.707  30.983  4.452 0.0000000000
90137  41.783  30.119  5.696 0.0000000000
90128  41.561  29.957  6.424 0.0000000000
119475  42.165  29.664  6.834 0.0000000000
90127  42.942  29.753  6.410 0.0000000000
90115  43.515  29.502  6.990 0.0000000000
89424  45.818  29.010  8.172 0.0000000000
89408  46.479  28.896  8.583 0.0000000000
120032  45.340  28.505  8.705 0.0000000000
88772  45.298  27.455  9.993 0.0000000000
87505  46.419  25.843  12.409 0.0000000000
95776  43.125  40.015  -3.745 0.0000000000
107521  44.050  35.108  -0.754 0.0000000000
93584  43.576  34.965  -1.364 0.0000000000
122655  45.589  35.113  -0.734 0.0000000000
93078  46.992  34.598  -1.027 0.0000000000
93072  47.902  34.369  -0.111 0.0000000000
93077  47.713  34.378  -0.657 0.0000000000
92566  47.593  34.038  -1.410 0.0000000000
91994  48.817  32.603  -1.658 0.0000000000
91417  49.301  30.897  -2.432 0.0000000000
120501  48.057  28.568  -2.456 0.0000000000
113367  47.999  29.546  -1.896 0.0000000000
106270  44.164  25.546  5.008 0.0000000000
87535  43.607  25.399  6.580 0.0000000000
126510  43.331  24.705  7.540 0.0000000000
86526  43.347  23.692  8.025 0.0000000000
84404  46.336  19.545  4.022 0.0000000000
84422  45.885  19.279  3.389 0.0000000000
87066  37.014  24.164  5.448 0.0000000000
86547  36.369  23.564  5.939 0.0000000000
85533  36.098  21.818  6.214 0.0000000000
85540  35.519  21.354  5.662 0.0000000000
125234  35.924  20.869  5.657 0.0000000000
84413  37.206  19.716  4.360 0.0000000000
91451  45.895  31.833  -4.840 0.0000000000
89528  43.501  27.970  -3.200 0.0000000000
90205  43.275  29.055  -2.846 0.0000000000
91979  45.794  32.778  0.675 0.0000000000
91980  44.674  32.299  0.735 0.0000000000
110017  44.092  32.598  1.258 0.0000000000
91975  43.434  32.775  1.730 0.0000000000
92531  44.624  34.120  2.425 0.0000000000
91965  42.668  32.755  2.221 0.0000000000
118453  41.912  32.681  2.753 0.0000000000
91955  40.664  32.250  3.775 0.0000000000
91355  40.149  31.824  4.415 0.0000000000
91356  39.649  31.855  5.072 0.0000000000
91345  39.418  31.525  5.700 0.0000000000
95285  39.114  38.578  -1.595 0.0000000000
95286  38.342  38.461  -1.355 0.0000000000
94743  39.616  37.238  -1.299 0.0000000000
94742  40.285  36.851  -1.537 0.0000000000
93587  41.136  35.832  -1.257 0.0000000000
94126  41.436  36.068  1.572 0.0000000000
93574  41.358  35.550  0.147 0.0000000000
93573  42.387  35.375  0.041 0.0000000000
117659  44.049  35.371  -0.199 0.0000000000
93570  45.685  36.057  0.344 0.0000000000
93569  47.029  35.646  0.739 0.0000000000
94122  46.092  37.041  1.436 0.0000000000
94121  46.626  36.347  1.094 0.0000000000
93070  47.335  34.971  0.946 0.0000000000
92551  46.767  33.516  0.916 0.0000000000
116257  46.761  25.480  8.325 0.0000000000
87041  46.483  24.644  8.504 0.0000000000
86040  46.920  22.352  7.868 0.0000000000
86031  47.582  23.018  8.280 0.0000000000
85522  46.958  21.272  6.734 0.0000000000
84983  47.217  20.401  5.361 0.0000000000
86037  50.180  22.211  7.545 0.0000000000
85508  49.803  21.808  7.003 0.0000000000
85520  49.326  21.333  6.435 0.0000000000
84980  49.802  20.099  5.617 0.0000000000
84960  49.726  20.723  5.943 0.0000000000
84961  48.859  20.893  5.865 0.0000000000
84982  48.447  20.418  5.288 0.0000000000
112594  41.897  25.003  0.955 0.0000000000
105913  43.361  24.895  1.898 0.0000000000
87595  44.100  24.722  1.264 0.0000000000
87583  43.721  25.062  2.639 0.0000000000
87571  44.899  25.407  3.588 0.0000000000
87593  46.126  25.217  1.673 0.0000000000
87592  46.541  25.685  2.009 0.0000000000
121782  45.720  25.467  3.148 0.0000000000
87560  44.993  25.596  4.378 0.0000000000
88162  46.139  26.340  5.465 0.0000000000
88150  46.380  26.420  7.277 0.0000000000
91380  44.350  31.463  0.411 0.0000000000
90180  43.686  29.940  0.733 0.0000000000
90775  43.043  30.584  1.405 0.0000000000
90162  44.745  28.678  2.567 0.0000000000
90143  42.331  30.068  4.183 0.0000000000
106854  44.140  29.726  5.527 0.0000000000
106298  44.142  29.607  4.739 0.0000000000
124158  44.095  29.450  4.020 0.0000000000
89456  45.608  28.861  3.681 0.0000000000
89445  47.334  28.326  4.902 0.0000000000
88816  47.566  28.516  5.664 0.0000000000
89443  47.628  29.091  6.105 0.0000000000
88812  47.637  28.042  6.024 0.0000000000
87525  47.609  26.133  8.343 0.0000000000
126447  48.146  25.990  8.561 0.0000000000
87039  48.875  25.685  8.680 0.0000000000
89407  47.280  28.828  8.906 0.0000000000
88789  48.700  28.388  9.481 0.0000000000
88140  50.020  26.596  9.903 0.0000000000
87036  50.262  25.169  9.387 0.0000000000
106515  50.367  24.211  9.439 0.0000000000
86516  50.415  23.291  9.455 0.0000000000
85492  50.038  21.704  9.909 0.0000000000
95320  46.119  38.796  -7.635 0.0000000000
95786  45.519  39.676  -6.546 0.0000000000
106329  46.221  38.813  -7.083 0.0000000000
94175  47.035  37.469  -8.094 0.0000000000
127942  47.310  36.702  -7.989 0.0000000000
95293  42.600  38.846  -3.728 0.0000000000
95297  43.035  38.304  -4.259 0.0000000000
93084  45.101  34.249  -3.129 0.0000000000
94167  43.435  36.771  -4.736 0.0000000000
94755  43.571  37.840  -4.786 0.0000000000
93608  44.075  36.360  -5.205 0.0000000000
93101  46.248  34.739  -5.670 0.0000000000
125076  46.019  35.403  -6.020 0.0000000000
93099  48.220  33.898  -6.666 0.0000000000
91449  48.649  30.934  -5.435 0.0000000000
91448  49.141  31.381  -5.348 0.0000000000
90229  47.662  29.612  -4.789 0.0000000000
90212  49.392  28.418  -3.783 0.0000000000
89541  49.068  27.768  -4.281 0.0000000000
88893  48.732  26.598  -4.119 0.0000000000
88908  48.569  26.984  -4.524 0.0000000000
127969  48.261  27.155  -4.847 0.0000000000
88910  46.813  26.893  -4.733 0.0000000000
87644  43.028  25.188  -3.374 0.0000000000
87632  44.447  24.547  -3.490 0.0000000000
87633  43.415  24.829  -3.152 0.0000000000
87625  42.318  25.280  -2.154 0.0000000000
115336  42.415  25.122  -1.454 0.0000000000
87537  41.906  25.072  6.098 0.0000000000
111696  41.637  24.588  6.790 0.0000000000
87050  40.180  23.686  6.788 0.0000000000
86047  39.693  22.543  7.066 0.0000000000
119842  39.380  21.898  6.991 0.0000000000
119956  38.908  20.580  6.513 0.0000000000
84970  39.623  20.460  6.429 0.0000000000
84393  38.924  19.576  5.388 0.0000000000
86523  45.015  23.828  8.451 0.0000000000
123839  44.630  23.281  8.328 0.0000000000
86042  44.728  22.515  8.043 0.0000000000
117678  43.901  22.439  7.858 0.0000000000
85526  42.971  21.262  6.975 0.0000000000
84386  45.488  19.835  4.778 0.0000000000
84387  44.460  19.847  5.046 0.0000000000
106156  43.835  19.191  3.851 0.0000000000
84987  43.050  20.243  5.723 0.0000000000
84967  42.551  20.696  6.416 0.0000000000
125040  41.340  19.767  5.478 0.0000000000
83138  49.963  17.440  9.507 0.0000000000
83141  49.609  17.345  8.296 0.0000000000
82510  49.048  17.029  7.978 0.0000000000
83144  49.408  17.527  7.300 0.0000000000
82502  49.863  16.961  9.334 0.0000000000
83146  49.743  17.993  6.555 0.0000000000
84952  50.378  20.681  9.145 0.0000000000
84968  40.944  20.802  6.672 0.0000000000
87640  46.898  24.705  -4.489 0.0000000000
88258  46.508  25.175  -4.713 0.0000000000
88880  48.971  27.359  -3.671 0.0000000000
88907  49.027  27.252  -4.108 0.0000000000
89436  47.629  29.414  7.643 0.0000000000
90215  44.773  29.620  -3.332 0.0000000000
90754  41.222  30.418  5.084 0.0000000000
90767  41.655  31.396  2.818 0.0000000000
91388  48.830  32.188  -0.799 0.0000000000
91945  39.709  32.462  4.896 0.0000000000
92564  48.742  33.094  -1.031 0.0000000000
93560  45.539  35.419  2.958 0.0000000000
93562  46.846  35.652  1.317 0.0000000000
93578  44.949  35.416  -0.340 0.0000000000
93585  42.379  35.279  -1.800 0.0000000000
93586  41.761  35.511  -1.503 0.0000000000
93605  46.964  35.247  -6.476 0.0000000000
94151  40.495  36.195  -1.072 0.0000000000
94185  44.956  37.687  -8.386 0.0000000000
94744  38.924  37.750  -1.265 0.0000000000
94765  46.589  38.060  -7.438 0.0000000000
95299  45.797  38.998  -6.489 0.0000000000
95309  45.934  39.404  -7.156 0.0000000000
95775  43.821  40.987  -4.003 0.0000000000
96240  44.839  40.776  -6.107 0.0000000000
96664  43.744  42.420  -3.804 0.0000000000
110104  45.068  19.249  3.483 0.0000000000
110247  39.895  30.988  5.673 0.0000000000
111084  46.171  37.356  1.994 0.0000000000
116315  49.796  17.147  8.872 0.0000000000
119445  46.499  36.016  0.522 0.0000000000
120733  43.524  30.650  -3.120 0.0000000000
121212  44.993  24.540  -0.899 0.0000000000
121769  41.408  35.972  -2.012 0.0000000000
123205  49.496  25.727  11.554 0.0000000000
125317  42.608  30.747  1.861 0.0000000000
126355  39.551  37.996  -1.627 0.0000000000
127323  48.517  33.316  -0.634 0.0000000000
