#!ascii label  , from subject sub-v2s0x29015_ses-1 vox2ras=TkReg
967
113309  9.672  -23.351  79.334 0.0000000000
42739  0.019  -26.702  64.425 0.0000000000
42529  1.099  -26.912  79.705 0.0000000000
46512  4.634  -22.353  75.756 0.0000000000
46588  -1.961  -21.512  68.926 0.0000000000
106454  5.937  -25.306  81.016 0.0000000000
48371  5.069  -20.039  81.729 0.0000000000
42556  10.616  -26.884  77.322 0.0000000000
39396  6.497  -28.864  78.609 0.0000000000
38416  1.978  -30.035  79.327 0.0000000000
49303  -1.383  -19.478  77.523 0.0000000000
47549  1.323  -21.390  72.409 0.0000000000
50253  -3.954  -18.540  74.075 0.0000000000
41588  -2.792  -27.716  76.110 0.0000000000
43646  1.413  -25.869  73.675 0.0000000000
44583  3.398  -24.455  78.645 0.0000000000
49279  1.943  -18.648  80.059 0.0000000000
43668  4.544  -25.378  70.191 0.0000000000
45692  4.119  -23.442  65.221 0.0000000000
45727  -1.211  -23.244  62.724 0.0000000000
49413  -3.529  -19.440  66.090 0.0000000000
45559  8.258  -23.961  80.573 0.0000000000
103700  8.335  -21.438  81.072 0.0000000000
44580  10.114  -25.110  78.589 0.0000000000
40442  9.094  -27.542  77.869 0.0000000000
115744  8.564  -25.956  79.707 0.0000000000
41540  6.227  -27.508  80.190 0.0000000000
49325  -2.968  -19.741  76.398 0.0000000000
42548  -0.727  -27.059  78.052 0.0000000000
43614  0.020  -26.011  77.292 0.0000000000
43578  1.323  -25.964  79.405 0.0000000000
51103  5.333  -17.500  80.794 0.0000000000
48375  3.953  -19.671  81.150 0.0000000000
40427  1.384  -28.312  79.840 0.0000000000
37516  -0.453  -30.740  78.311 0.0000000000
40433  -1.206  -28.535  78.699 0.0000000000
40462  -3.182  -28.864  77.054 0.0000000000
43625  3.966  -24.922  74.835 0.0000000000
43663  2.892  -25.660  72.034 0.0000000000
45621  5.440  -23.340  73.426 0.0000000000
105982  0.148  -21.642  70.609 0.0000000000
106308  3.186  -22.391  68.955 0.0000000000
46615  1.039  -22.906  67.344 0.0000000000
115791  1.669  -23.517  63.891 0.0000000000
45697  -1.965  -22.830  66.021 0.0000000000
107472  2.639  -26.093  80.596 0.0000000000
45561  3.319  -24.413  80.614 0.0000000000
46467  5.733  -22.336  81.623 0.0000000000
50188  7.011  -18.743  81.425 0.0000000000
99926  11.561  -27.540  75.498 0.0000000000
112665  9.844  -28.551  73.946 0.0000000000
39419  9.151  -28.410  76.094 0.0000000000
39421  7.657  -29.365  76.677 0.0000000000
38414  4.176  -30.020  78.815 0.0000000000
40418  3.647  -28.072  80.542 0.0000000000
48414  1.184  -20.472  76.909 0.0000000000
47519  2.571  -21.222  74.265 0.0000000000
47507  -0.601  -20.499  75.464 0.0000000000
117180  -1.363  -20.556  73.390 0.0000000000
112204  -1.993  -20.520  71.817 0.0000000000
46501  10.608  -22.565  76.545 0.0000000000
40502  14.083  -27.840  74.751 0.0000000000
42555  15.836  -26.885  76.625 0.0000000000
42577  12.910  -26.617  75.865 0.0000000000
44601  11.124  -25.014  76.171 0.0000000000
41607  -3.478  -27.823  73.635 0.0000000000
42591  -2.119  -27.078  73.157 0.0000000000
42583  -0.580  -26.468  74.594 0.0000000000
110222  2.214  -25.301  75.844 0.0000000000
45585  4.716  -23.469  77.307 0.0000000000
46475  4.010  -22.857  80.658 0.0000000000
111787  4.384  -21.420  79.322 0.0000000000
48400  3.107  -20.690  77.706 0.0000000000
49296  0.241  -19.244  78.571 0.0000000000
104963  -0.056  -26.418  71.173 0.0000000000
42653  1.506  -26.288  69.265 0.0000000000
42688  2.428  -26.380  67.342 0.0000000000
46556  4.774  -22.482  71.448 0.0000000000
44668  5.753  -23.983  68.068 0.0000000000
42735  3.860  -26.086  64.210 0.0000000000
44740  3.346  -25.196  61.761 0.0000000000
45743  1.553  -24.359  60.390 0.0000000000
52065  -3.518  -17.180  71.968 0.0000000000
49382  -2.879  -19.457  69.925 0.0000000000
50305  -2.769  -18.182  68.422 0.0000000000
47608  -3.424  -21.065  67.204 0.0000000000
46646  -3.078  -21.874  64.531 0.0000000000
44565  8.953  -23.885  80.175 0.0000000000
110354  9.262  -22.257  80.202 0.0000000000
105009  9.762  -22.218  79.069 0.0000000000
45575  10.208  -24.234  78.444 0.0000000000
43586  9.652  -25.751  78.905 0.0000000000
44581  9.546  -24.916  79.328 0.0000000000
43567  8.111  -25.548  80.126 0.0000000000
113284  -0.969  -26.840  63.203 0.0000000000
42753  -0.042  -26.704  63.449 0.0000000000
42539  0.064  -26.952  78.640 0.0000000000
43580  0.477  -26.513  78.783 0.0000000000
43570  1.378  -26.247  79.707 0.0000000000
40514  10.897  -28.095  73.168 0.0000000000
41543  1.142  -27.473  79.788 0.0000000000
110093  0.001  -28.963  79.229 0.0000000000
111039  -0.004  -27.955  79.045 0.0000000000
41565  -1.456  -28.025  78.307 0.0000000000
45604  5.146  -23.478  75.548 0.0000000000
44630  5.311  -24.016  74.072 0.0000000000
117084  5.241  -22.926  74.397 0.0000000000
46586  -0.780  -21.865  69.666 0.0000000000
106296  0.584  -22.508  69.020 0.0000000000
46598  -0.876  -22.542  68.474 0.0000000000
46627  0.255  -23.064  66.893 0.0000000000
46618  -1.304  -22.657  67.799 0.0000000000
42522  4.352  -26.248  80.928 0.0000000000
104602  4.571  -24.885  81.318 0.0000000000
113042  5.383  -24.865  81.279 0.0000000000
48372  8.022  -19.775  81.191 0.0000000000
51102  6.988  -17.772  80.432 0.0000000000
41583  10.803  -27.480  76.292 0.0000000000
40474  10.675  -27.677  75.779 0.0000000000
40457  10.074  -27.738  76.531 0.0000000000
105775  8.203  -27.835  78.292 0.0000000000
39406  7.973  -28.772  77.110 0.0000000000
39408  6.517  -29.556  77.642 0.0000000000
39397  5.749  -29.348  78.628 0.0000000000
43561  6.552  -25.821  80.654 0.0000000000
41542  4.599  -27.760  80.535 0.0000000000
41533  4.585  -27.005  80.729 0.0000000000
41535  3.262  -27.415  80.633 0.0000000000
48403  -0.212  -19.932  77.450 0.0000000000
47491  0.662  -20.520  76.221 0.0000000000
47493  -1.191  -20.301  76.370 0.0000000000
49335  -3.562  -19.474  75.155 0.0000000000
48435  -2.107  -20.525  74.607 0.0000000000
48444  -2.811  -20.283  73.896 0.0000000000
47553  -1.753  -20.567  72.358 0.0000000000
49353  -3.059  -19.892  72.849 0.0000000000
42568  13.064  -27.124  76.035 0.0000000000
41595  -2.831  -27.594  75.152 0.0000000000
42585  -2.052  -27.066  74.728 0.0000000000
42580  -2.159  -27.175  75.719 0.0000000000
44592  2.095  -25.128  77.947 0.0000000000
43613  1.295  -25.476  76.465 0.0000000000
43596  2.987  -24.909  77.208 0.0000000000
43595  3.741  -24.667  76.675 0.0000000000
44582  4.206  -23.984  78.071 0.0000000000
46470  4.634  -22.038  81.084 0.0000000000
45560  3.641  -23.756  80.696 0.0000000000
47453  4.634  -21.244  81.101 0.0000000000
49286  3.182  -19.381  80.579 0.0000000000
109167  3.619  -20.157  80.224 0.0000000000
48387  2.973  -19.790  79.773 0.0000000000
47470  4.149  -21.024  78.772 0.0000000000
48388  1.985  -19.628  79.237 0.0000000000
114290  1.365  -19.796  78.461 0.0000000000
49288  1.506  -19.001  79.605 0.0000000000
39445  8.820  -29.111  74.710 0.0000000000
106444  9.002  -29.434  72.854 0.0000000000
37513  2.383  -30.988  78.407 0.0000000000
36673  2.257  -31.714  77.309 0.0000000000
37514  1.623  -31.129  78.319 0.0000000000
101922  -1.170  -30.334  78.370 0.0000000000
37524  -1.306  -31.274  77.285 0.0000000000
41576  -2.973  -28.320  77.023 0.0000000000
40491  -3.610  -28.667  76.004 0.0000000000
42589  -0.404  -26.454  73.661 0.0000000000
42620  -0.786  -26.612  71.856 0.0000000000
42604  0.701  -26.170  72.577 0.0000000000
43669  3.644  -25.620  70.760 0.0000000000
42635  2.095  -25.909  70.712 0.0000000000
42651  2.718  -26.085  69.240 0.0000000000
42671  2.207  -26.355  68.115 0.0000000000
43681  3.553  -25.855  68.722 0.0000000000
47534  2.380  -21.430  73.424 0.0000000000
118321  3.954  -22.196  72.598 0.0000000000
46544  2.624  -21.996  71.893 0.0000000000
46613  3.607  -22.554  67.359 0.0000000000
46595  4.694  -22.603  68.375 0.0000000000
44686  5.318  -23.741  66.599 0.0000000000
113472  4.864  -25.178  66.044 0.0000000000
43712  4.509  -24.750  64.413 0.0000000000
114603  3.662  -25.899  62.790 0.0000000000
44709  4.161  -24.380  63.865 0.0000000000
45715  0.574  -23.543  63.559 0.0000000000
45724  1.533  -23.807  61.889 0.0000000000
105709  0.548  -23.686  61.812 0.0000000000
52064  -3.027  -16.599  71.388 0.0000000000
106352  -2.736  -18.212  70.904 0.0000000000
116627  -2.454  -17.885  70.156 0.0000000000
114727  -2.679  -17.840  66.660 0.0000000000
103545  -3.180  -18.434  66.959 0.0000000000
49396  -3.441  -19.878  67.855 0.0000000000
49414  -3.824  -20.016  66.365 0.0000000000
47612  -3.506  -21.221  66.508 0.0000000000
102028  -3.504  -20.906  65.356 0.0000000000
43560  6.895  -24.947  80.798 0.0000000000
104316  7.093  -23.499  81.204 0.0000000000
45553  8.440  -22.363  80.869 0.0000000000
107088  10.578  -26.252  77.650 0.0000000000
41561  10.164  -27.073  77.679 0.0000000000
42546  9.869  -26.484  78.330 0.0000000000
117687  8.749  -26.876  78.949 0.0000000000
40430  7.536  -27.821  79.023 0.0000000000
106192  6.251  -28.365  79.571 0.0000000000
41539  7.091  -26.979  80.022 0.0000000000
43568  7.342  -25.454  80.472 0.0000000000
50229  -2.386  -18.969  77.210 0.0000000000
48406  -2.370  -19.812  76.825 0.0000000000
50230  -3.077  -18.636  76.428 0.0000000000
119248  -3.627  -18.627  75.936 0.0000000000
104493  -4.307  -17.865  74.742 0.0000000000
42560  -1.929  -27.436  77.306 0.0000000000
42572  -1.385  -26.905  77.056 0.0000000000
43599  -0.292  -26.473  77.780 0.0000000000
43587  0.918  -25.998  78.839 0.0000000000
44584  2.483  -24.911  78.932 0.0000000000
49273  5.720  -19.003  81.792 0.0000000000
104906  4.705  -19.536  81.665 0.0000000000
50190  4.674  -18.433  81.543 0.0000000000
51105  3.686  -17.692  80.782 0.0000000000
51106  2.775  -17.726  80.402 0.0000000000
51114  1.531  -17.750  79.664 0.0000000000
38411  1.646  -29.508  79.553 0.0000000000
37510  0.982  -30.681  78.670 0.0000000000
39393  0.323  -29.483  79.225 0.0000000000
38419  -1.073  -29.728  78.767 0.0000000000
38425  -1.810  -29.875  78.294 0.0000000000
114558  -2.844  -29.573  77.562 0.0000000000
40445  -1.957  -28.602  78.317 0.0000000000
41566  -2.153  -28.173  77.925 0.0000000000
43638  2.483  -25.490  74.410 0.0000000000
43657  1.987  -25.766  73.087 0.0000000000
43644  3.491  -25.360  73.358 0.0000000000
43643  4.310  -25.139  73.009 0.0000000000
44653  5.221  -24.770  71.671 0.0000000000
46560  0.512  -21.522  71.182 0.0000000000
105985  2.261  -22.031  71.193 0.0000000000
102077  1.241  -22.263  69.700 0.0000000000
113900  2.698  -22.501  68.276 0.0000000000
46625  3.104  -22.660  66.677 0.0000000000
45703  2.463  -23.385  64.523 0.0000000000
45683  1.501  -23.030  66.052 0.0000000000
104431  -0.056  -23.279  65.412 0.0000000000
45706  -1.372  -23.186  64.463 0.0000000000
116161  -2.159  -18.701  65.758 0.0000000000
49432  -3.140  -19.943  64.803 0.0000000000
49421  -1.720  -19.112  65.254 0.0000000000
42525  1.843  -26.920  80.326 0.0000000000
43569  1.981  -25.931  80.138 0.0000000000
43564  3.230  -25.335  80.796 0.0000000000
44562  4.199  -24.137  81.278 0.0000000000
111138  5.400  -21.411  81.624 0.0000000000
46466  6.705  -22.113  81.645 0.0000000000
47447  6.944  -20.209  81.771 0.0000000000
49270  5.889  -19.357  81.793 0.0000000000
50193  6.635  -18.144  81.155 0.0000000000
40489  11.790  -27.727  74.863 0.0000000000
39442  11.356  -27.821  74.572 0.0000000000
39429  10.971  -27.877  74.780 0.0000000000
40458  9.535  -27.743  77.203 0.0000000000
115929  8.301  -28.962  76.310 0.0000000000
38444  7.409  -30.253  75.266 0.0000000000
37511  3.873  -30.881  77.901 0.0000000000
38415  3.322  -30.127  79.121 0.0000000000
40431  5.521  -28.630  79.819 0.0000000000
39384  4.099  -29.165  79.875 0.0000000000
39386  2.641  -29.020  79.934 0.0000000000
40426  2.127  -28.457  80.127 0.0000000000
41537  2.046  -27.381  80.429 0.0000000000
47489  2.662  -21.056  75.993 0.0000000000
47518  3.507  -21.645  74.769 0.0000000000
120107  1.965  -20.823  75.466 0.0000000000
102513  0.823  -20.624  74.818 0.0000000000
47536  0.309  -20.767  73.549 0.0000000000
105777  -1.842  -20.313  76.160 0.0000000000
47522  -0.892  -20.558  74.620 0.0000000000
118341  -0.256  -20.721  73.168 0.0000000000
47562  -0.721  -20.857  71.826 0.0000000000
46562  -0.926  -21.011  70.966 0.0000000000
47574  -1.645  -20.778  70.635 0.0000000000
46486  10.217  -23.340  78.341 0.0000000000
40503  13.238  -27.737  74.967 0.0000000000
41570  17.007  -27.079  77.128 0.0000000000
42554  16.532  -26.568  77.297 0.0000000000
114201  16.232  -27.286  76.305 0.0000000000
40471  14.599  -27.520  75.535 0.0000000000
40472  13.901  -27.590  75.434 0.0000000000
110979  12.933  -27.820  74.967 0.0000000000
110300  11.719  -27.203  75.994 0.0000000000
118174  11.670  -26.756  76.318 0.0000000000
43608  12.103  -26.385  75.941 0.0000000000
43609  11.387  -25.950  76.562 0.0000000000
43610  10.974  -25.248  77.030 0.0000000000
45583  10.508  -23.879  77.673 0.0000000000
42584  -1.248  -26.747  74.255 0.0000000000
42582  0.191  -26.179  74.363 0.0000000000
43630  -0.174  -25.995  76.452 0.0000000000
43629  0.588  -25.766  75.883 0.0000000000
43627  2.177  -25.469  75.064 0.0000000000
43626  3.021  -25.184  75.191 0.0000000000
44604  4.356  -24.382  76.230 0.0000000000
46502  4.685  -22.434  76.439 0.0000000000
44569  2.345  -25.447  80.190 0.0000000000
44576  2.957  -24.460  79.801 0.0000000000
45578  3.901  -23.758  79.243 0.0000000000
47456  4.361  -21.135  80.756 0.0000000000
46482  4.378  -21.843  80.171 0.0000000000
46488  4.592  -22.106  79.204 0.0000000000
47469  4.560  -21.854  78.319 0.0000000000
47476  3.993  -21.226  77.735 0.0000000000
103787  4.034  -21.515  76.878 0.0000000000
48401  2.231  -20.550  77.335 0.0000000000
48395  0.477  -19.744  78.075 0.0000000000
49298  -0.805  -19.373  77.963 0.0000000000
51115  0.700  -17.952  79.359 0.0000000000
51124  -0.310  -18.180  78.512 0.0000000000
50219  -1.033  -18.660  78.070 0.0000000000
36689  1.933  -31.871  75.306 0.0000000000
37522  0.575  -31.506  77.688 0.0000000000
42618  1.400  -26.049  71.293 0.0000000000
42637  0.410  -26.382  70.179 0.0000000000
42720  1.373  -26.581  65.254 0.0000000000
46532  4.750  -22.483  73.535 0.0000000000
46555  5.142  -22.682  72.059 0.0000000000
44657  5.852  -23.980  70.301 0.0000000000
46573  3.841  -22.277  70.577 0.0000000000
45649  5.784  -23.313  69.648 0.0000000000
44663  5.167  -25.019  69.096 0.0000000000
43688  4.117  -25.704  67.634 0.0000000000
42719  2.748  -26.454  65.537 0.0000000000
42737  1.833  -26.557  64.522 0.0000000000
106300  1.700  -26.614  63.044 0.0000000000
45714  3.218  -24.017  62.874 0.0000000000
44742  2.293  -24.692  60.711 0.0000000000
52048  -4.410  -16.509  73.953 0.0000000000
100787  -4.118  -15.948  73.073 0.0000000000
51187  -3.705  -17.852  72.645 0.0000000000
49362  -2.895  -19.822  71.881 0.0000000000
49371  -2.815  -19.766  70.806 0.0000000000
47586  -2.557  -20.592  69.189 0.0000000000
50295  -2.890  -18.915  69.150 0.0000000000
48487  -3.212  -20.258  68.206 0.0000000000
47607  -2.983  -21.148  67.858 0.0000000000
46630  -2.568  -22.319  66.674 0.0000000000
46638  -2.851  -22.318  65.813 0.0000000000
45718  -2.135  -22.873  64.011 0.0000000000
46661  -2.885  -21.911  63.043 0.0000000000
46481  9.542  -22.798  79.630 0.0000000000
45576  9.877  -23.707  78.983 0.0000000000
118719  9.842  -24.390  79.024 0.0000000000
45567  9.487  -23.848  79.585 0.0000000000
44575  9.156  -24.532  79.820 0.0000000000
42740  -0.990  -26.903  64.586 0.0000000000
99741  -0.673  -26.800  63.917 0.0000000000
42530  0.490  -27.055  79.196 0.0000000000
42538  0.747  -26.606  79.175 0.0000000000
40512  12.195  -27.652  73.943 0.0000000000
40513  11.477  -27.809  73.907 0.0000000000
41544  0.612  -27.581  79.414 0.0000000000
41552  -0.032  -27.477  78.845 0.0000000000
46522  5.054  -22.788  75.108 0.0000000000
46587  -1.393  -21.638  69.387 0.0000000000
109854  -0.390  -22.362  69.092 0.0000000000
114994  -1.155  -22.125  69.015 0.0000000000
46599  -1.680  -22.140  68.418 0.0000000000
43562  4.962  -25.557  81.151 0.0000000000
41582  11.025  -27.210  76.597 0.0000000000
41572  10.575  -27.286  77.018 0.0000000000
40443  7.264  -28.404  78.475 0.0000000000
39395  6.902  -28.952  77.982 0.0000000000
118771  6.296  -29.292  78.183 0.0000000000
42521  5.462  -26.296  80.814 0.0000000000
48404  -0.952  -19.766  77.400 0.0000000000
48416  -0.687  -20.096  76.943 0.0000000000
99680  -1.323  -19.991  76.942 0.0000000000
101620  -3.579  -19.354  74.314 0.0000000000
48437  -3.120  -20.056  74.500 0.0000000000
49344  -3.146  -19.932  73.709 0.0000000000
48443  -2.617  -20.333  73.331 0.0000000000
49354  -3.505  -19.222  73.423 0.0000000000
101845  2.932  -24.802  78.070 0.0000000000
44591  3.649  -24.539  77.605 0.0000000000
47450  4.946  -21.014  81.462 0.0000000000
49278  2.723  -18.733  80.532 0.0000000000
49287  2.308  -19.179  80.082 0.0000000000
109712  2.115  -31.453  77.916 0.0000000000
37509  1.773  -30.542  78.849 0.0000000000
38431  -1.921  -30.444  77.855 0.0000000000
112272  -1.988  -30.856  77.408 0.0000000000
41584  -2.603  -27.818  76.889 0.0000000000
41585  -3.190  -28.260  76.390 0.0000000000
41589  -3.473  -28.227  75.578 0.0000000000
42588  0.604  -26.123  73.468 0.0000000000
99962  0.077  -26.337  72.905 0.0000000000
42587  1.236  -25.950  73.001 0.0000000000
43675  3.442  -25.787  69.820 0.0000000000
43674  4.357  -25.479  69.326 0.0000000000
47548  2.213  -21.679  72.560 0.0000000000
117470  2.865  -21.976  72.358 0.0000000000
46624  4.131  -22.799  66.637 0.0000000000
45680  4.938  -23.170  66.639 0.0000000000
45691  4.790  -23.801  65.490 0.0000000000
102609  4.795  -24.422  65.239 0.0000000000
45701  4.451  -24.060  64.719 0.0000000000
43725  4.241  -25.047  63.551 0.0000000000
45716  -0.354  -23.476  63.159 0.0000000000
45725  0.578  -23.613  62.628 0.0000000000
45726  -0.302  -23.512  62.253 0.0000000000
52951  -3.152  -15.509  71.507 0.0000000000
52073  -2.391  -16.097  70.711 0.0000000000
100995  -2.481  -17.162  70.653 0.0000000000
50325  -3.164  -18.616  66.415 0.0000000000
116699  -2.706  -17.812  67.134 0.0000000000
50326  -3.607  -19.263  66.697 0.0000000000
49424  -3.609  -20.178  65.588 0.0000000000
44559  7.394  -24.092  80.882 0.0000000000
45558  8.654  -23.169  80.563 0.0000000000
47462  9.531  -21.844  79.745 0.0000000000
118850  10.467  -25.610  77.986 0.0000000000
42557  10.292  -26.548  77.881 0.0000000000
43585  10.190  -25.956  78.276 0.0000000000
43577  9.083  -25.919  79.347 0.0000000000
42547  9.211  -26.534  78.834 0.0000000000
42537  8.539  -26.580  79.340 0.0000000000
41549  8.302  -27.252  78.974 0.0000000000
41550  7.739  -27.155  79.505 0.0000000000
42526  7.933  -26.418  79.870 0.0000000000
44566  8.594  -24.665  80.156 0.0000000000
44567  7.787  -24.772  80.478 0.0000000000
51160  -3.606  -17.873  75.763 0.0000000000
110360  -3.589  -17.000  75.659 0.0000000000
105954  -3.936  -18.227  75.393 0.0000000000
51170  -4.151  -17.175  75.280 0.0000000000
42559  -1.335  -27.175  77.602 0.0000000000
42558  -0.828  -26.820  77.620 0.0000000000
109092  -0.449  -26.767  77.946 0.0000000000
43588  0.494  -26.333  78.704 0.0000000000
44585  1.672  -25.468  79.062 0.0000000000
109723  2.231  -25.105  79.685 0.0000000000
50189  5.414  -18.503  81.627 0.0000000000
49274  5.025  -18.957  81.799 0.0000000000
51100  5.016  -17.934  81.338 0.0000000000
51112  3.218  -17.202  80.144 0.0000000000
51113  2.401  -17.396  79.886 0.0000000000
107956  1.405  -28.944  79.717 0.0000000000
38412  1.037  -29.469  79.432 0.0000000000
39388  0.804  -28.797  79.549 0.0000000000
40432  -0.385  -28.474  78.999 0.0000000000
119389  -0.367  -29.492  79.042 0.0000000000
39394  -0.802  -29.079  78.986 0.0000000000
39398  -1.608  -29.203  78.612 0.0000000000
39399  -2.371  -29.279  78.085 0.0000000000
41564  -0.759  -27.506  78.347 0.0000000000
41574  -1.580  -27.608  77.843 0.0000000000
41575  -2.357  -27.953  77.461 0.0000000000
43637  3.312  -25.269  74.228 0.0000000000
43636  4.160  -25.049  73.919 0.0000000000
44637  4.873  -24.664  73.531 0.0000000000
44636  5.423  -24.081  73.064 0.0000000000
44647  5.053  -24.746  72.597 0.0000000000
44646  5.627  -24.045  72.133 0.0000000000
46576  0.866  -21.889  70.486 0.0000000000
109608  0.896  -22.788  68.188 0.0000000000
106307  1.730  -22.552  68.794 0.0000000000
46596  1.838  -22.710  67.823 0.0000000000
46614  2.723  -22.574  67.461 0.0000000000
46626  1.959  -22.788  66.851 0.0000000000
45682  2.531  -22.874  65.983 0.0000000000
102553  1.056  -22.992  66.649 0.0000000000
45685  -0.688  -23.123  66.295 0.0000000000
45684  0.515  -23.158  66.116 0.0000000000
45705  -0.498  -23.321  64.764 0.0000000000
45696  -1.199  -23.149  65.330 0.0000000000
50341  -1.887  -18.033  66.017 0.0000000000
102055  -1.364  -18.555  65.755 0.0000000000
42524  2.235  -26.781  80.487 0.0000000000
43566  2.082  -26.284  80.357 0.0000000000
44561  5.124  -24.206  81.458 0.0000000000
44558  4.817  -23.559  81.458 0.0000000000
45552  5.057  -22.906  81.480 0.0000000000
46469  7.658  -21.987  81.392 0.0000000000
45555  7.215  -22.796  81.369 0.0000000000
48373  7.530  -20.012  81.528 0.0000000000
48368  6.909  -19.630  81.688 0.0000000000
48369  6.339  -19.671  81.770 0.0000000000
49272  6.480  -19.157  81.685 0.0000000000
50194  6.197  -18.589  81.585 0.0000000000
112468  11.808  -27.889  75.078 0.0000000000
99580  11.464  -27.638  75.275 0.0000000000
100032  9.846  -27.914  76.158 0.0000000000
39418  10.037  -27.976  75.635 0.0000000000
118219  9.737  -27.395  77.620 0.0000000000
40459  8.621  -28.130  77.373 0.0000000000
39433  7.859  -29.599  75.825 0.0000000000
38434  7.185  -30.110  76.143 0.0000000000
37527  5.617  -31.274  76.031 0.0000000000
38421  4.755  -30.147  78.299 0.0000000000
38422  3.610  -30.521  78.497 0.0000000000
117368  6.082  -28.114  79.956 0.0000000000
40424  4.539  -28.555  80.238 0.0000000000
102483  3.497  -28.771  80.169 0.0000000000
39385  3.356  -29.259  79.823 0.0000000000
40425  2.810  -28.364  80.330 0.0000000000
42523  2.914  -26.759  80.646 0.0000000000
41536  2.542  -27.363  80.544 0.0000000000
48413  2.197  -20.758  76.637 0.0000000000
47490  1.622  -20.711  76.108 0.0000000000
47506  0.276  -20.541  75.457 0.0000000000
47505  1.171  -20.641  75.459 0.0000000000
47520  0.981  -20.771  74.077 0.0000000000
47521  0.022  -20.602  74.519 0.0000000000
99864  -2.426  -20.121  76.339 0.0000000000
47524  -1.733  -20.580  73.953 0.0000000000
47523  -1.567  -20.546  74.655 0.0000000000
47537  -1.167  -20.561  73.931 0.0000000000
101520  -0.512  -20.604  73.825 0.0000000000
107194  -0.858  -20.606  73.257 0.0000000000
47551  -0.452  -20.769  72.581 0.0000000000
47552  -1.214  -20.623  72.633 0.0000000000
47563  -1.454  -20.694  71.680 0.0000000000
47564  -1.961  -20.547  71.242 0.0000000000
46491  10.470  -22.910  77.502 0.0000000000
47474  10.363  -21.957  77.273 0.0000000000
40510  14.383  -27.666  74.551 0.0000000000
101926  13.601  -27.653  74.501 0.0000000000
43594  16.112  -26.277  77.077 0.0000000000
41571  16.335  -26.968  76.790 0.0000000000
113716  15.331  -27.446  75.697 0.0000000000
41578  15.349  -27.295  76.072 0.0000000000
40488  13.780  -27.861  74.974 0.0000000000
40473  13.244  -27.607  75.391 0.0000000000
41581  12.850  -27.349  75.742 0.0000000000
42569  12.356  -26.982  76.139 0.0000000000
103026  11.658  -27.219  76.159 0.0000000000
43624  11.807  -25.466  75.678 0.0000000000
100976  10.860  -25.777  77.376 0.0000000000
45593  10.675  -23.485  76.762 0.0000000000
44602  10.777  -24.435  76.918 0.0000000000
41608  -4.130  -28.138  73.223 0.0000000000
114819  -1.902  -26.999  73.900 0.0000000000
42571  -0.636  -26.429  77.135 0.0000000000
100997  -0.906  -26.478  76.296 0.0000000000
43628  1.460  -25.598  75.431 0.0000000000
43611  3.038  -25.017  76.234 0.0000000000
44590  4.286  -24.222  77.078 0.0000000000
45595  4.694  -23.977  76.587 0.0000000000
45594  4.957  -23.462  76.378 0.0000000000
45584  4.868  -22.775  76.825 0.0000000000
44564  3.046  -24.941  80.594 0.0000000000
44568  2.818  -24.980  80.384 0.0000000000
45570  3.143  -24.414  80.433 0.0000000000
45569  3.553  -23.668  80.324 0.0000000000
49275  4.298  -18.936  81.540 0.0000000000
48374  4.533  -20.380  81.324 0.0000000000
48386  4.042  -20.801  79.655 0.0000000000
47463  4.257  -21.102  80.070 0.0000000000
45577  4.597  -22.949  78.524 0.0000000000
48393  3.437  -20.585  78.443 0.0000000000
47477  3.178  -21.043  76.917 0.0000000000
49295  1.009  -19.309  78.881 0.0000000000
48396  -0.323  -19.568  77.964 0.0000000000
49297  -0.307  -19.197  78.370 0.0000000000
39443  10.470  -28.108  74.514 0.0000000000
39452  10.532  -28.195  73.731 0.0000000000
117292  1.730  -31.873  76.953 0.0000000000
36680  1.451  -31.929  76.263 0.0000000000
38423  0.236  -30.522  78.643 0.0000000000
37515  0.311  -31.035  78.216 0.0000000000
41597  -4.137  -28.280  74.148 0.0000000000
119104  -1.573  -26.888  71.019 0.0000000000
109222  -1.004  -26.697  71.057 0.0000000000
42638  -0.547  -26.617  70.331 0.0000000000
42602  2.255  -25.752  72.368 0.0000000000
42603  1.490  -25.960  72.241 0.0000000000
42617  2.152  -25.816  71.642 0.0000000000
103549  1.738  -26.126  69.940 0.0000000000
42636  1.243  -26.173  70.478 0.0000000000
106468  1.102  -26.282  69.787 0.0000000000
42655  -0.273  -26.600  69.474 0.0000000000
42654  0.651  -26.439  69.078 0.0000000000
42689  1.606  -26.487  67.470 0.0000000000
116926  2.038  -26.505  66.990 0.0000000000
100178  1.099  -26.609  66.046 0.0000000000
42705  1.654  -26.547  66.613 0.0000000000
46524  4.172  -22.136  74.114 0.0000000000
47533  3.308  -21.745  73.797 0.0000000000
112835  4.392  -22.345  72.030 0.0000000000
46542  4.627  -22.432  72.742 0.0000000000
45639  5.676  -23.179  71.621 0.0000000000
46571  5.276  -22.716  71.116 0.0000000000
46574  2.838  -22.198  70.472 0.0000000000
101144  3.517  -22.304  69.751 0.0000000000
108251  5.590  -23.461  67.879 0.0000000000
46594  5.204  -22.709  69.110 0.0000000000
45655  5.702  -23.332  68.615 0.0000000000
112372  5.781  -24.137  69.018 0.0000000000
44669  5.387  -24.706  68.308 0.0000000000
43687  4.997  -25.162  67.768 0.0000000000
44673  5.413  -24.532  67.466 0.0000000000
43700  4.230  -25.769  64.809 0.0000000000
43690  4.260  -25.759  65.586 0.0000000000
42718  3.639  -26.217  65.110 0.0000000000
114564  2.120  -26.541  65.141 0.0000000000
42736  2.860  -26.469  64.514 0.0000000000
42752  2.301  -26.533  63.721 0.0000000000
42779  3.459  -25.681  62.107 0.0000000000
42798  2.661  -26.035  60.959 0.0000000000
100345  2.891  -23.654  63.679 0.0000000000
112295  2.359  -23.691  63.144 0.0000000000
113737  1.859  -24.138  61.047 0.0000000000
45723  2.489  -24.299  61.482 0.0000000000
44755  1.859  -25.000  60.024 0.0000000000
52952  -3.771  -15.508  72.335 0.0000000000
52057  -4.003  -16.881  72.866 0.0000000000
50261  -3.303  -18.966  72.456 0.0000000000
51186  -3.202  -18.123  71.780 0.0000000000
50284  -2.856  -19.103  70.659 0.0000000000
49372  -2.811  -19.948  69.850 0.0000000000
47576  -2.541  -20.287  69.854 0.0000000000
51225  -2.440  -17.408  67.705 0.0000000000
52094  -1.869  -16.593  68.165 0.0000000000
51215  -2.280  -17.365  68.711 0.0000000000
111006  -2.545  -18.059  69.349 0.0000000000
48496  -3.533  -20.434  67.475 0.0000000000
47597  -2.928  -20.626  68.436 0.0000000000
46619  -2.967  -21.712  67.223 0.0000000000
118422  -3.297  -21.452  66.846 0.0000000000
46639  -3.334  -21.585  65.569 0.0000000000
103305  -2.929  -22.197  65.066 0.0000000000
46645  -2.653  -22.356  64.325 0.0000000000
48513  -3.184  -20.533  64.154 0.0000000000
46472  9.181  -23.080  80.133 0.0000000000
116085  9.718  -21.454  79.009 0.0000000000
117671  9.334  -25.456  79.348 0.0000000000
43576  8.965  -25.288  79.720 0.0000000000
42766  -0.245  -26.746  62.559 0.0000000000
42765  0.710  -26.662  62.780 0.0000000000
43589  0.018  -26.614  78.311 0.0000000000
43579  0.859  -26.304  79.132 0.0000000000
40428  1.013  -28.028  79.687 0.0000000000
40429  0.367  -28.310  79.345 0.0000000000
41553  -0.682  -27.961  78.696 0.0000000000
44617  5.093  -24.112  75.045 0.0000000000
44631  4.702  -24.579  74.476 0.0000000000
45615  5.300  -23.437  74.720 0.0000000000
118293  5.371  -23.282  74.078 0.0000000000
46577  -0.486  -21.534  70.386 0.0000000000
46585  0.150  -22.043  69.849 0.0000000000
46597  -0.038  -22.733  68.423 0.0000000000
46616  0.177  -22.945  67.679 0.0000000000
46617  -0.550  -22.833  67.948 0.0000000000
46628  -0.646  -22.995  67.284 0.0000000000
46629  -1.627  -22.790  66.966 0.0000000000
108562  3.432  -26.119  80.839 0.0000000000
43563  4.030  -25.513  81.088 0.0000000000
118370  5.576  -23.410  81.516 0.0000000000
104100  8.216  -20.538  81.166 0.0000000000
49276  7.745  -19.082  81.090 0.0000000000
50192  7.421  -18.406  80.867 0.0000000000
50202  7.749  -18.125  80.047 0.0000000000
40460  7.699  -28.538  77.765 0.0000000000
39407  7.275  -29.192  77.369 0.0000000000
118714  5.303  -29.837  78.303 0.0000000000
38413  4.983  -29.674  78.772 0.0000000000
42527  6.351  -26.688  80.437 0.0000000000
40423  5.422  -28.016  80.268 0.0000000000
41541  5.443  -27.239  80.520 0.0000000000
41534  3.958  -27.452  80.666 0.0000000000
40419  2.883  -27.850  80.549 0.0000000000
110760  3.733  -26.852  80.749 0.0000000000
48415  0.137  -20.304  76.922 0.0000000000
47492  -0.274  -20.405  76.285 0.0000000000
49326  -3.379  -19.606  75.833 0.0000000000
48427  -2.909  -20.090  75.805 0.0000000000
48428  -3.205  -19.945  75.307 0.0000000000
48436  -2.415  -20.481  74.053 0.0000000000
47538  -1.895  -20.544  73.166 0.0000000000
48453  -2.399  -20.343  72.393 0.0000000000
40501  14.648  -27.730  74.979 0.0000000000
109778  15.479  -26.653  76.540 0.0000000000
41580  13.475  -27.482  75.901 0.0000000000
42576  13.728  -26.700  75.893 0.0000000000
41596  -3.495  -27.967  74.619 0.0000000000
41606  -2.711  -27.436  74.036 0.0000000000
42579  -1.249  -26.717  75.319 0.0000000000
109326  0.758  -25.671  77.359 0.0000000000
43597  1.483  -25.378  77.344 0.0000000000
43612  2.207  -25.186  76.814 0.0000000000
45557  3.759  -23.820  80.937 0.0000000000
46471  4.078  -22.954  80.913 0.0000000000
46474  4.460  -21.995  80.832 0.0000000000
49277  3.521  -18.847  81.079 0.0000000000
105934  3.607  -20.428  79.304 0.0000000000
101193  2.889  -20.126  79.018 0.0000000000
48394  2.344  -20.202  78.268 0.0000000000
49289  0.831  -18.770  79.198 0.0000000000
39454  9.067  -29.185  73.786 0.0000000000
37520  2.744  -31.470  77.745 0.0000000000
37521  1.460  -31.597  77.660 0.0000000000
40476  -3.421  -28.768  76.476 0.0000000000
41590  -4.032  -28.551  74.947 0.0000000000
42590  -1.300  -26.758  73.358 0.0000000000
42606  -1.476  -26.827  72.482 0.0000000000
42605  -0.629  -26.543  72.722 0.0000000000
100582  0.017  -26.365  72.151 0.0000000000
42619  0.726  -26.224  71.731 0.0000000000
43662  3.669  -25.541  71.636 0.0000000000
43670  2.878  -25.717  71.211 0.0000000000
43676  2.485  -25.987  69.949 0.0000000000
42652  2.093  -26.164  69.456 0.0000000000
42672  1.436  -26.404  68.450 0.0000000000
105363  2.096  -26.273  68.860 0.0000000000
119574  2.708  -26.179  68.579 0.0000000000
42670  3.029  -26.128  67.908 0.0000000000
47547  3.165  -21.939  72.881 0.0000000000
46543  3.483  -22.126  72.055 0.0000000000
46557  4.100  -22.286  71.346 0.0000000000
111119  3.766  -22.450  68.176 0.0000000000
106878  4.188  -22.406  69.039 0.0000000000
46612  4.639  -22.742  67.484 0.0000000000
45667  5.323  -23.291  67.315 0.0000000000
44672  5.577  -23.895  67.291 0.0000000000
44687  5.284  -24.452  66.541 0.0000000000
113722  5.004  -24.653  65.760 0.0000000000
43699  4.657  -25.149  65.115 0.0000000000
43713  4.313  -25.427  64.210 0.0000000000
42751  3.311  -26.289  63.395 0.0000000000
42750  3.984  -25.711  63.441 0.0000000000
43738  3.857  -25.372  62.817 0.0000000000
44728  3.632  -25.113  62.280 0.0000000000
101383  1.515  -23.650  62.931 0.0000000000
45735  1.042  -23.865  61.049 0.0000000000
51196  -2.972  -17.445  71.346 0.0000000000
50294  -2.695  -18.635  70.049 0.0000000000
50314  -2.971  -18.338  67.595 0.0000000000
50315  -3.438  -19.181  67.378 0.0000000000
49407  -3.717  -19.926  67.071 0.0000000000
48500  -3.722  -20.567  66.775 0.0000000000
48505  -3.719  -20.752  66.051 0.0000000000
44560  6.265  -24.207  81.261 0.0000000000
45554  7.873  -23.146  81.010 0.0000000000
120055  8.930  -22.538  80.485 0.0000000000
47455  8.812  -21.037  80.763 0.0000000000
41562  9.527  -27.047  78.181 0.0000000000
41563  8.861  -27.172  78.533 0.0000000000
40444  6.753  -28.376  79.118 0.0000000000
41551  6.839  -27.794  79.664 0.0000000000
107153  7.259  -26.167  80.287 0.0000000000
50220  -1.642  -19.093  77.635 0.0000000000
48405  -1.689  -19.803  77.093 0.0000000000
49304  -2.086  -19.476  77.199 0.0000000000
50221  -2.808  -19.369  76.804 0.0000000000
49314  -3.388  -19.214  76.260 0.0000000000
51159  -2.912  -17.527  75.970 0.0000000000
50238  -3.721  -18.994  75.646 0.0000000000
50245  -3.959  -18.737  74.960 0.0000000000
42573  -2.121  -27.305  76.624 0.0000000000
43598  0.356  -26.077  78.142 0.0000000000
44593  1.178  -25.617  78.150 0.0000000000
49271  5.333  -19.412  81.804 0.0000000000
51104  4.542  -17.528  80.813 0.0000000000
50191  3.915  -18.342  81.267 0.0000000000
50195  3.129  -18.262  80.800 0.0000000000
50196  2.363  -18.252  80.324 0.0000000000
50197  1.689  -18.227  79.914 0.0000000000
51107  2.112  -17.856  80.060 0.0000000000
38417  1.347  -30.036  79.188 0.0000000000
38418  0.621  -30.043  79.028 0.0000000000
38424  -0.269  -30.085  78.835 0.0000000000
38426  -2.474  -30.004  77.739 0.0000000000
40446  -2.487  -28.643  77.943 0.0000000000
40461  -2.713  -28.454  77.542 0.0000000000
105176  2.047  -25.705  73.862 0.0000000000
43645  2.686  -25.542  73.632 0.0000000000
43656  2.816  -25.603  72.833 0.0000000000
43655  3.614  -25.453  72.499 0.0000000000
43654  4.447  -25.240  72.106 0.0000000000
43661  4.508  -25.308  71.190 0.0000000000
44658  5.321  -24.773  70.737 0.0000000000
46546  0.921  -21.416  71.853 0.0000000000
46545  1.787  -21.737  71.849 0.0000000000
46559  1.361  -21.797  71.168 0.0000000000
46575  1.810  -22.098  70.438 0.0000000000
46584  2.395  -22.329  69.580 0.0000000000
117830  2.497  -22.459  68.908 0.0000000000
114311  3.193  -22.487  67.814 0.0000000000
45681  3.620  -22.945  65.910 0.0000000000
45693  3.078  -23.169  65.187 0.0000000000
45694  1.993  -23.160  65.319 0.0000000000
102298  1.508  -23.344  64.745 0.0000000000
45695  0.991  -23.246  65.375 0.0000000000
45704  0.531  -23.400  64.552 0.0000000000
102529  -0.406  -23.416  64.032 0.0000000000
45717  -1.291  -23.232  63.600 0.0000000000
50324  -2.541  -18.168  66.193 0.0000000000
50342  -2.957  -18.952  65.872 0.0000000000
49423  -3.259  -19.611  65.524 0.0000000000
49422  -2.603  -19.350  65.297 0.0000000000
49430  -1.318  -19.210  64.475 0.0000000000
42721  0.454  -26.649  65.410 0.0000000000
42528  1.675  -26.539  80.106 0.0000000000
43565  2.530  -25.548  80.399 0.0000000000
110444  3.859  -24.880  81.130 0.0000000000
44563  3.506  -24.558  80.900 0.0000000000
45556  4.413  -23.075  81.245 0.0000000000
46468  4.981  -22.108  81.415 0.0000000000
47449  5.508  -20.576  81.750 0.0000000000
45551  6.467  -23.091  81.466 0.0000000000
47451  7.632  -20.857  81.493 0.0000000000
47452  6.912  -21.103  81.769 0.0000000000
106614  6.064  -21.288  81.798 0.0000000000
48370  5.689  -19.817  81.792 0.0000000000
112957  5.809  -17.990  81.310 0.0000000000
40490  10.791  -27.773  75.359 0.0000000000
39430  10.281  -28.078  75.093 0.0000000000
39444  9.620  -28.538  74.559 0.0000000000
38443  8.109  -29.746  74.976 0.0000000000
41573  10.191  -27.512  77.083 0.0000000000
40475  9.310  -28.077  76.705 0.0000000000
39420  8.564  -28.525  76.733 0.0000000000
38453  7.575  -30.325  74.367 0.0000000000
38435  6.351  -30.642  76.347 0.0000000000
37512  3.167  -31.027  78.152 0.0000000000
37508  2.901  -30.553  78.774 0.0000000000
104528  2.587  -30.084  79.298 0.0000000000
39389  6.020  -28.808  79.195 0.0000000000
39390  5.300  -29.185  79.291 0.0000000000
39391  4.540  -29.469  79.346 0.0000000000
39383  4.839  -29.046  79.794 0.0000000000
39392  3.733  -29.634  79.451 0.0000000000
38409  2.940  -29.652  79.589 0.0000000000
38410  2.237  -29.574  79.622 0.0000000000
39387  1.908  -29.018  79.828 0.0000000000
118809  1.692  -28.517  79.915 0.0000000000
40420  2.297  -27.906  80.428 0.0000000000
40421  1.773  -27.943  80.188 0.0000000000
40422  1.475  -27.708  80.014 0.0000000000
41538  1.529  -27.152  80.105 0.0000000000
47488  3.631  -21.468  76.207 0.0000000000
47503  4.020  -21.812  75.596 0.0000000000
47504  3.320  -21.410  75.531 0.0000000000
103020  2.631  -21.110  75.100 0.0000000000
104495  1.720  -20.808  74.708 0.0000000000
104013  1.807  -20.983  73.892 0.0000000000
47535  1.332  -21.126  73.189 0.0000000000
48417  -1.860  -20.092  76.715 0.0000000000
47508  -1.393  -20.478  75.477 0.0000000000
48426  -2.167  -20.405  75.467 0.0000000000
47550  0.455  -21.014  72.653 0.0000000000
47561  0.082  -21.089  71.865 0.0000000000
46561  -0.247  -21.254  71.120 0.0000000000
46578  -1.151  -21.322  70.139 0.0000000000
47584  -1.720  -21.083  69.705 0.0000000000
46487  9.864  -22.974  78.965 0.0000000000
46492  10.127  -22.362  78.271 0.0000000000
105793  16.921  -26.760  77.427 0.0000000000
40486  15.013  -27.599  75.266 0.0000000000
40487  14.280  -27.799  74.965 0.0000000000
40504  12.334  -27.692  74.696 0.0000000000
43622  13.367  -25.818  75.516 0.0000000000
43623  12.591  -25.707  75.502 0.0000000000
42570  11.099  -26.615  76.904 0.0000000000
44589  10.602  -24.912  77.769 0.0000000000
43647  0.930  -25.935  74.174 0.0000000000
111459  -1.604  -26.871  76.238 0.0000000000
42578  -0.210  -26.166  75.399 0.0000000000
114193  0.474  -25.746  76.687 0.0000000000
43640  0.776  -25.877  74.939 0.0000000000
43639  1.629  -25.724  74.500 0.0000000000
44619  3.815  -24.792  75.761 0.0000000000
44618  4.512  -24.493  75.381 0.0000000000
44603  4.870  -24.060  75.885 0.0000000000
46511  4.999  -22.850  76.026 0.0000000000
44578  1.920  -25.633  79.880 0.0000000000
44577  2.527  -25.036  80.184 0.0000000000
48378  4.052  -20.543  80.570 0.0000000000
45568  4.222  -22.847  79.798 0.0000000000
46493  4.711  -22.597  77.616 0.0000000000
47475  4.529  -22.047  77.171 0.0000000000
47487  4.328  -21.947  76.355 0.0000000000
48402  1.299  -20.155  77.733 0.0000000000
107031  0.503  -20.128  77.412 0.0000000000
112417  1.403  -18.563  79.671 0.0000000000
50204  0.538  -18.381  79.199 0.0000000000
50211  0.077  -18.264  78.961 0.0000000000
49290  0.122  -18.770  78.799 0.0000000000
50212  -0.519  -18.795  78.417 0.0000000000
50213  -1.107  -19.129  77.965 0.0000000000
51133  -1.589  -18.577  77.481 0.0000000000
119514  9.899  -21.844  78.617 0.0000000000
39464  10.233  -28.532  72.775 0.0000000000
39453  9.687  -28.867  73.221 0.0000000000
118240  0.983  -31.246  78.139 0.0000000000
36681  0.520  -31.981  76.392 0.0000000000
42621  -1.655  -26.909  71.602 0.0000000000
100492  0.747  -26.257  70.968 0.0000000000
46523  4.431  -22.218  74.951 0.0000000000
111974  4.876  -22.570  74.314 0.0000000000
46531  5.205  -22.849  73.790 0.0000000000
46533  4.013  -22.155  73.281 0.0000000000
46541  5.181  -22.793  73.004 0.0000000000
45631  5.555  -23.267  72.552 0.0000000000
44652  5.801  -24.001  71.203 0.0000000000
46558  3.199  -22.170  71.261 0.0000000000
46572  4.698  -22.449  70.760 0.0000000000
103160  4.510  -22.415  69.903 0.0000000000
46583  5.278  -22.721  70.197 0.0000000000
119319  5.862  -24.020  69.694 0.0000000000
116942  4.902  -25.225  69.616 0.0000000000
43680  4.619  -25.380  68.484 0.0000000000
42687  3.281  -26.139  67.007 0.0000000000
102903  4.201  -25.733  66.543 0.0000000000
42704  2.487  -26.437  66.494 0.0000000000
101598  1.889  -26.556  65.847 0.0000000000
42738  0.983  -26.608  64.546 0.0000000000
101145  0.807  -26.632  63.707 0.0000000000
111256  1.509  -26.630  62.011 0.0000000000
45702  3.668  -23.660  64.320 0.0000000000
45713  3.670  -24.040  63.484 0.0000000000
44729  3.235  -24.595  62.074 0.0000000000
101282  2.462  -23.906  62.355 0.0000000000
44741  2.929  -24.956  61.244 0.0000000000
43769  2.442  -25.433  60.602 0.0000000000
52037  -4.413  -16.248  74.973 0.0000000000
116784  -4.464  -17.050  74.603 0.0000000000
51179  -4.207  -17.582  73.723 0.0000000000
50262  -3.781  -18.437  73.242 0.0000000000
50274  -2.999  -19.056  71.428 0.0000000000
48461  -2.440  -20.249  71.329 0.0000000000
47575  -2.234  -20.431  70.597 0.0000000000
47585  -2.140  -20.630  69.883 0.0000000000
116333  -2.196  -20.945  69.266 0.0000000000
50306  -3.129  -19.099  68.203 0.0000000000
116550  -3.118  -19.770  68.914 0.0000000000
48474  -2.901  -20.219  69.073 0.0000000000
47596  -2.542  -21.068  68.638 0.0000000000
46600  -2.426  -21.663  68.080 0.0000000000
106106  -2.164  -22.264  67.546 0.0000000000
46631  -3.192  -21.795  66.447 0.0000000000
45707  -2.271  -22.750  65.008 0.0000000000
45728  -2.023  -22.879  63.138 0.0000000000
48514  -3.373  -20.556  64.889 0.0000000000
46653  -2.874  -22.059  63.835 0.0000000000
46652  -2.518  -22.391  63.515 0.0000000000
45738  -1.932  -22.865  62.216 0.0000000000
42703  3.461  -26.196  66.056 0.0000000000
43752  3.012  -25.586  61.353 0.0000000000
44699  5.165  -24.100  65.914 0.0000000000
44717  3.812  -24.654  62.950 0.0000000000
45643  5.748  -23.167  70.675 0.0000000000
46611  5.302  -22.936  68.113 0.0000000000
47448  6.231  -20.376  81.830 0.0000000000
47628  -3.099  -21.591  63.778 0.0000000000
48467  -2.588  -20.147  70.495 0.0000000000
50203  1.055  -18.251  79.579 0.0000000000
51101  4.343  -17.951  81.257 0.0000000000
101605  4.519  -23.256  65.966 0.0000000000
106222  5.043  -23.606  66.092 0.0000000000
106842  -2.691  -20.310  74.976 0.0000000000
107740  5.435  -24.711  69.816 0.0000000000
110590  -3.271  -20.699  67.781 0.0000000000
113516  1.502  -26.583  63.918 0.0000000000
114020  4.964  -25.190  66.971 0.0000000000
114995  1.722  -27.413  80.239 0.0000000000
118552  8.098  -28.899  76.731 0.0000000000
118685  2.319  -30.425  78.969 0.0000000000
118951  -1.582  -21.867  68.955 0.0000000000
119399  2.896  -25.808  70.494 0.0000000000
