#!ascii label  , from subject sub-v2s0x29051_ses-1 vox2ras=TkReg
939
63904  16.149  -3.323  0.357 0.2500000000
63903  16.307  -3.538  0.376 0.2500000000
62979  16.670  -3.946  0.322 0.7500000000
113344  13.885  -0.368  2.148 0.2500000000
65860  15.205  -0.934  1.086 0.1250000000
66819  14.344  -0.433  1.399 0.3750000000
65874  15.708  -1.772  0.837 0.2500000000
64861  16.085  -2.481  1.022 0.2500000000
63920  16.084  -2.976  0.114 0.7500000000
64871  15.886  -2.679  0.087 0.3750000000
62978  17.320  -4.059  -0.060 0.8750000000
63919  16.623  -3.392  -0.034 0.8750000000
62977  18.303  -4.405  -0.400 0.8750000000
119945  15.167  -1.351  0.286 0.3750000000
117250  15.584  -1.980  0.085 0.3750000000
65889  16.009  -1.955  -0.347 0.8750000000
64889  15.847  -2.358  -0.004 0.7500000000
64904  17.568  -2.381  -1.133 1.0000000000
63918  17.151  -2.963  -0.568 1.0000000000
64888  16.333  -2.647  -0.264 0.8750000000
63917  17.939  -3.628  -0.650 1.0000000000
62989  18.774  -4.058  -0.899 1.0000000000
66795  13.057  -0.413  2.458 0.2500000000
66843  14.815  -0.856  0.228 0.7500000000
66856  15.221  -0.995  -0.165 0.8750000000
65906  15.756  -1.282  -0.476 0.8750000000
65890  15.457  -1.636  0.047 0.7500000000
64917  18.085  -1.843  -1.648 1.0000000000
64905  16.707  -2.189  -0.722 1.0000000000
65905  16.407  -1.484  -0.901 1.0000000000
63939  19.543  -2.725  -1.863 1.0000000000
64903  18.520  -2.565  -1.497 1.0000000000
63929  18.914  -3.364  -1.318 1.0000000000
131066  17.975  -3.007  -1.062 1.0000000000
67786  13.495  -0.357  2.893 0.1250000000
66820  13.508  -0.290  1.689 0.6250000000
66873  15.576  -0.653  -0.777 1.0000000000
66857  14.753  -0.622  -0.039 0.8750000000
65917  19.649  -1.519  -2.508 1.0000000000
65904  17.175  -1.677  -1.289 1.0000000000
65920  16.871  -1.035  -1.452 1.0000000000
115808  20.064  -2.230  -2.344 1.0000000000
64916  19.097  -2.026  -1.969 1.0000000000
120709  21.893  -2.217  -3.123 1.0000000000
63938  20.377  -2.750  -2.229 1.0000000000
71892  14.082  5.095  3.766 0.2500000000
67752  12.253  0.313  4.256 0.2500000000
67753  11.316  0.418  4.180 0.3750000000
66796  12.301  -0.249  2.672 0.5000000000
135038  13.022  0.799  0.934 1.0000000000
67787  11.562  0.174  2.769 0.6250000000
67849  14.552  -0.179  -0.190 1.0000000000
135172  16.402  -0.052  -1.638 1.0000000000
66874  15.113  -0.177  -0.736 1.0000000000
65918  18.628  -1.292  -2.185 1.0000000000
66889  17.037  -0.226  -1.977 1.0000000000
65933  20.167  -0.886  -3.097 1.0000000000
64925  21.399  -1.983  -2.939 1.0000000000
65944  21.518  -1.118  -3.730 1.0000000000
65931  21.714  -1.683  -3.482 1.0000000000
117510  12.740  5.641  2.822 0.5000000000
71875  13.223  4.947  4.542 0.3750000000
71867  11.475  4.626  5.962 0.3750000000
70914  10.287  3.362  6.336 0.5000000000
131321  10.586  4.778  4.202 0.5000000000
133806  13.067  2.162  0.498 0.8750000000
68900  14.703  0.700  -0.765 1.0000000000
115745  14.851  1.437  -1.195 1.0000000000
134883  17.074  0.506  -2.300 1.0000000000
67871  15.903  1.008  -1.842 1.0000000000
67884  19.203  0.696  -3.671 1.0000000000
66903  18.398  0.512  -3.139 1.0000000000
67897  21.209  0.287  -4.638 1.0000000000
66900  20.918  -0.619  -3.697 1.0000000000
65943  21.941  -1.277  -4.026 0.8750000000
72847  14.355  5.653  2.260 0.5000000000
72822  12.176  5.296  4.110 0.5000000000
71929  12.703  4.813  1.070 0.6250000000
71008  13.683  3.426  -0.200 0.6250000000
129408  13.726  2.638  -0.282 1.0000000000
69982  11.901  3.026  1.427 0.7500000000
68938  15.780  1.980  -2.247 1.0000000000
68990  20.846  1.645  -5.252 1.0000000000
68972  19.636  1.753  -4.503 1.0000000000
68955  18.433  1.422  -3.664 1.0000000000
68956  17.619  1.760  -3.389 1.0000000000
68971  20.589  1.136  -4.650 1.0000000000
67898  19.930  0.897  -4.133 1.0000000000
67912  21.362  0.769  -5.102 0.8750000000
67896  21.765  -0.123  -4.957 0.8750000000
72870  13.319  5.434  1.276 0.5000000000
71007  14.317  3.856  -0.834 0.8750000000
70076  17.905  3.446  -4.430 1.0000000000
70061  16.822  3.061  -3.459 1.0000000000
68991  20.088  2.113  -4.967 1.0000000000
70075  18.486  3.060  -4.626 1.0000000000
68957  16.927  2.129  -3.120 1.0000000000
70100  20.461  2.849  -5.835 1.0000000000
68989  21.575  1.211  -5.806 1.0000000000
70087  20.406  2.354  -5.418 1.0000000000
69002  21.523  1.832  -6.305 1.0000000000
116555  14.092  4.663  0.180 0.5000000000
118858  14.944  4.534  -2.017 0.8750000000
71037  15.820  3.800  -2.833 1.0000000000
72025  18.307  4.678  -5.325 1.0000000000
128483  17.448  4.100  -4.375 1.0000000000
71047  16.741  4.045  -3.760 1.0000000000
72040  21.153  4.052  -8.192 1.0000000000
72033  20.028  4.044  -6.517 1.0000000000
130706  21.513  3.491  -7.965 1.0000000000
71082  20.835  3.743  -7.303 1.0000000000
71074  20.608  3.294  -6.516 1.0000000000
126784  22.493  2.368  -7.736 1.0000000000
70098  21.914  2.057  -6.995 0.8750000000
75782  17.598  8.020  -5.750 1.0000000000
74788  16.210  8.143  -4.230 0.3750000000
74797  16.965  7.717  -5.129 0.8750000000
72980  18.284  5.538  -5.825 1.0000000000
72050  20.929  4.758  -8.467 1.0000000000
72041  20.372  4.583  -7.362 1.0000000000
75781  18.420  8.868  -6.230 0.8750000000
117628  18.627  7.881  -6.400 1.0000000000
74803  19.297  7.316  -6.862 1.0000000000
74804  18.435  7.087  -6.209 1.0000000000
124004  19.159  5.771  -6.736 1.0000000000
72994  20.842  5.511  -8.777 1.0000000000
72993  21.368  4.954  -9.411 1.0000000000
76831  19.316  9.110  -7.084 0.7500000000
74810  19.896  7.500  -7.721 1.0000000000
132433  19.803  6.811  -7.354 1.0000000000
73925  20.859  6.349  -10.034 1.0000000000
73914  20.716  6.264  -9.032 1.0000000000
73907  20.534  6.024  -8.226 1.0000000000
116241  19.863  8.154  -8.195 1.0000000000
74816  20.148  7.637  -8.787 1.0000000000
74815  20.489  7.008  -9.385 1.0000000000
81261  18.650  14.508  -8.244 0.1250000000
116925  18.706  15.035  -7.564 0.1250000000
81271  18.300  13.930  -9.792 0.2500000000
82112  18.151  14.791  -9.236 0.1250000000
82105  17.707  15.713  -9.086 0.2500000000
81279  17.860  13.682  -10.877 0.5000000000
81272  17.705  14.617  -10.371 0.2500000000
81280  17.238  14.440  -11.645 0.3750000000
82113  17.535  15.380  -9.901 0.2500000000
83009  16.875  16.258  -9.944 0.2500000000
82118  17.109  15.489  -10.849 0.2500000000
83014  16.290  16.527  -11.138 0.2500000000
82122  16.832  15.537  -11.964 0.3750000000
115440  16.504  16.458  -12.086 0.2500000000
63880  16.471  -3.300  1.396 0.1250000000
63937  20.989  -2.970  -2.362 1.0000000000
129863  15.983  3.883  -2.971 0.8750000000
71064  19.186  3.603  -5.474 1.0000000000
62940  16.624  -4.057  1.688 0.1250000000
62966  17.007  -4.578  0.453 0.6250000000
62076  18.778  -5.122  -0.219 0.7500000000
66794  14.728  -0.391  1.631 0.1250000000
62988  19.590  -4.069  -1.250 1.0000000000
62998  21.084  -3.544  -2.017 1.0000000000
123413  21.521  -3.092  -2.458 1.0000000000
68781  12.020  1.489  5.662 0.3750000000
70913  13.353  3.866  6.459 0.2500000000
70890  11.857  3.437  7.394 0.2500000000
65942  22.437  -1.474  -4.356 0.8750000000
67911  21.973  0.298  -5.558 0.8750000000
119420  22.148  -0.843  -4.631 0.8750000000
69001  22.278  1.275  -6.574 0.8750000000
75748  15.878  8.725  -4.035 0.1250000000
73873  14.628  7.634  -3.044 0.1250000000
71944  14.849  4.988  0.236 0.3750000000
72006  15.953  5.128  -3.511 0.6250000000
71073  21.486  2.919  -7.319 1.0000000000
75763  16.487  8.437  -4.722 0.5000000000
74776  15.883  7.743  -3.902 0.3750000000
73883  16.659  6.565  -4.624 0.8750000000
72049  21.620  4.230  -9.110 1.0000000000
72057  22.228  4.561  -9.887 1.0000000000
73002  22.792  5.086  -10.459 1.0000000000
75780  19.421  8.244  -7.129 1.0000000000
73004  21.159  5.689  -9.698 1.0000000000
76843  19.648  9.204  -10.156 1.0000000000
74826  20.177  7.719  -9.927 1.0000000000
73934  21.187  6.409  -11.041 1.0000000000
119450  19.054  14.886  -6.761 0.1250000000
80383  19.030  13.598  -8.101 0.1250000000
79578  18.905  12.478  -9.477 0.6250000000
80419  17.422  13.283  -12.177 0.5000000000
82104  18.307  15.298  -8.347 0.2500000000
136489  17.073  13.931  -12.522 0.5000000000
83003  18.039  16.078  -8.274 0.2500000000
83004  17.327  16.557  -8.926 0.2500000000
81286  16.868  14.520  -12.784 0.5000000000
129969  16.525  17.029  -9.445 0.1250000000
83019  16.025  17.101  -11.554 0.2500000000
82128  16.850  15.531  -13.120 0.3750000000
122305  16.246  17.041  -12.052 0.2500000000
83010  15.921  17.204  -10.271 0.1250000000
62953  16.433  -3.732  1.281 0.1250000000
62967  16.534  -4.190  0.610 0.3750000000
62064  16.766  -5.012  0.947 0.5000000000
62077  17.817  -4.865  0.135 0.7500000000
134578  17.219  -3.516  -0.320 0.8750000000
63928  20.181  -3.375  -1.807 1.0000000000
67827  13.264  0.197  1.071 0.8750000000
66872  16.236  -0.680  -1.233 1.0000000000
64926  20.631  -1.740  -2.783 1.0000000000
65919  17.632  -1.085  -1.856 1.0000000000
64915  20.899  -2.393  -2.588 1.0000000000
64914  21.521  -2.577  -2.700 1.0000000000
69911  11.815  2.210  6.479 0.3750000000
68802  10.064  1.525  4.299 0.5000000000
68839  10.867  1.010  2.715 0.8750000000
121380  14.694  0.035  -0.498 1.0000000000
67857  16.529  0.603  -2.017 1.0000000000
65932  21.130  -1.384  -3.305 1.0000000000
65934  19.184  -0.833  -2.672 1.0000000000
66888  18.226  -0.371  -2.508 1.0000000000
66902  19.194  -0.149  -3.155 1.0000000000
66901  20.063  0.041  -3.657 1.0000000000
66917  21.512  -0.509  -4.254 1.0000000000
70940  9.810  3.432  3.596 0.6250000000
71946  12.209  4.069  1.144 0.6250000000
68920  15.374  1.360  -1.599 1.0000000000
70030  15.354  2.141  -1.980 1.0000000000
67885  17.833  1.068  -3.094 1.0000000000
67886  17.145  1.181  -2.680 1.0000000000
68937  16.394  1.599  -2.463 1.0000000000
66918  20.755  0.222  -4.155 1.0000000000
66916  22.692  -1.094  -4.879 0.8750000000
70043  15.784  2.988  -2.631 1.0000000000
70042  16.310  2.581  -2.835 1.0000000000
69003  20.988  2.107  -5.792 1.0000000000
67899  19.199  1.421  -4.067 1.0000000000
132381  18.053  2.192  -3.863 1.0000000000
70074  19.265  2.620  -4.788 1.0000000000
67919  22.256  0.666  -6.059 0.8750000000
71055  18.198  3.745  -4.776 1.0000000000
70062  16.272  3.537  -3.149 1.0000000000
70089  18.904  3.365  -5.024 1.0000000000
68974  18.001  2.839  -4.192 1.0000000000
70088  19.708  2.932  -5.347 1.0000000000
122674  17.464  2.584  -3.700 1.0000000000
70099  21.140  2.541  -6.420 1.0000000000
71974  14.655  4.621  -1.293 0.6250000000
71990  15.890  4.723  -3.247 0.7500000000
71056  16.845  4.702  -4.118 1.0000000000
118636  17.924  4.446  -4.822 1.0000000000
72015  17.241  4.944  -4.450 1.0000000000
117648  19.052  4.168  -5.879 1.0000000000
72035  18.597  4.927  -5.894 1.0000000000
72034  19.380  4.699  -6.506 1.0000000000
71090  21.966  3.602  -8.725 1.0000000000
74796  17.673  6.962  -5.546 1.0000000000
74787  16.558  7.484  -4.649 0.7500000000
72972  18.011  5.405  -5.327 1.0000000000
72986  19.654  5.264  -7.035 1.0000000000
72973  17.390  5.997  -4.885 1.0000000000
73893  17.798  6.125  -5.408 1.0000000000
72985  20.427  5.372  -7.844 1.0000000000
73901  18.383  6.106  -6.148 1.0000000000
73908  19.893  6.040  -7.440 1.0000000000
73003  21.884  5.198  -10.269 1.0000000000
73915  20.351  6.797  -8.232 1.0000000000
75793  19.898  8.496  -9.252 1.0000000000
75787  19.694  8.865  -8.077 1.0000000000
81244  18.938  14.265  -7.340 0.1250000000
131993  18.610  14.036  -8.903 0.1250000000
62952  16.625  -4.920  0.974 0.2500000000
62925  16.985  -4.860  2.408 0.1250000000
62939  16.685  -4.686  2.037 0.1250000000
62063  17.405  -5.323  0.664 0.6250000000
62976  19.218  -4.616  -0.723 1.0000000000
126621  15.702  7.368  -3.826 0.5000000000
71991  14.821  5.385  -1.955 0.6250000000
72016  16.540  5.391  -4.197 0.8750000000
72954  15.744  5.951  -3.774 0.7500000000
72963  16.913  5.723  -4.551 0.8750000000
73884  16.170  7.154  -4.242 0.7500000000
73871  15.808  6.709  -3.950 0.8750000000
72964  16.245  6.214  -4.275 1.0000000000
76837  19.782  9.461  -9.011 1.0000000000
76855  19.591  9.016  -11.302 1.0000000000
75800  20.152  7.619  -11.127 1.0000000000
127262  18.612  12.217  -10.521 0.7500000000
80406  18.472  13.082  -10.189 0.7500000000
80413  18.091  12.762  -11.274 0.7500000000
83026  16.675  16.588  -12.847 0.2500000000
58362  20.840  -9.200  1.600 0.7500000000
121710  23.076  -8.674  1.056 0.7500000000
59221  20.405  -8.478  1.254 0.7500000000
59236  22.609  -8.017  0.637 0.7500000000
59220  21.315  -8.628  1.084 0.7500000000
59238  20.872  -7.904  0.715 0.7500000000
60125  19.954  -7.762  0.907 0.7500000000
60136  22.171  -7.372  0.237 0.7500000000
60137  21.344  -7.340  0.249 0.7500000000
61126  18.777  -6.391  0.598 0.7500000000
62062  18.295  -5.599  0.360 0.6250000000
60138  20.429  -7.098  0.314 0.7500000000
61138  20.539  -6.343  -0.196 0.8750000000
61125  19.752  -6.441  0.170 0.8750000000
60147  22.533  -6.688  -0.126 0.7500000000
60148  21.769  -6.751  -0.154 0.7500000000
115435  21.341  -6.074  -0.488 0.7500000000
62074  20.633  -5.665  -0.590 0.8750000000
62075  19.805  -5.284  -0.598 0.8750000000
62072  22.572  -5.400  -0.830 0.7500000000
62073  21.891  -5.440  -0.882 0.7500000000
122557  21.269  -5.392  -0.865 0.8750000000
62089  19.994  -4.634  -1.044 0.8750000000
62086  22.275  -4.817  -1.280 0.7500000000
62087  21.601  -4.841  -1.280 0.8750000000
62986  21.306  -4.201  -1.662 0.8750000000
62995  22.897  -3.702  -2.120 0.8750000000
62996  22.302  -3.632  -2.174 0.8750000000
63935  22.612  -3.285  -2.547 0.8750000000
63936  22.072  -2.927  -2.714 0.8750000000
64922  24.393  -2.275  -3.648 0.3750000000
64923  23.684  -2.392  -3.688 0.6250000000
64924  22.997  -2.467  -3.587 0.7500000000
120613  22.391  -2.363  -3.344 0.7500000000
65929  24.869  -1.739  -4.066 0.5000000000
65930  24.031  -1.850  -4.333 0.5000000000
65941  23.183  -1.562  -4.629 0.7500000000
125242  25.258  -0.408  -4.311 0.1250000000
128564  24.622  -1.312  -4.587 0.3750000000
65940  23.981  -1.149  -4.907 0.6250000000
66915  23.250  -0.935  -5.221 0.6250000000
68936  25.362  0.973  -2.925 0.1250000000
67882  25.295  0.229  -3.696 0.1250000000
67908  24.516  0.230  -5.303 0.1250000000
68954  24.744  1.108  -4.762 0.1250000000
67909  23.685  0.299  -5.813 0.6250000000
68987  23.705  0.961  -6.312 0.6250000000
68988  22.961  0.697  -6.298 0.7500000000
70059  24.738  2.095  -3.955 0.1250000000
118808  24.515  2.776  -4.611 0.1250000000
70085  24.332  2.364  -5.700 0.1250000000
70086  23.946  1.625  -6.481 0.5000000000
69000  23.242  1.286  -6.776 0.6250000000
70058  25.173  1.886  -2.973 0.1250000000
70096  24.102  2.384  -6.675 0.5000000000
119249  23.805  2.413  -7.345 0.6250000000
130134  22.793  1.745  -7.274 0.7500000000
76818  18.877  9.783  -6.651 0.6250000000
130579  19.195  10.415  -7.186 0.5000000000
76830  19.555  9.806  -7.816 0.7500000000
72032  24.213  3.649  -7.325 0.6250000000
72039  23.722  3.515  -8.334 0.6250000000
71089  22.862  3.318  -8.871 0.8750000000
115923  24.238  4.261  -7.612 0.5000000000
72984  24.100  4.508  -8.431 0.6250000000
72047  23.432  3.977  -9.233 0.7500000000
77819  19.647  10.330  -8.909 0.7500000000
119684  22.400  5.595  -10.819 0.8750000000
73933  22.208  6.158  -11.435 0.8750000000
72992  23.164  4.491  -9.944 0.7500000000
73923  23.071  5.847  -10.853 0.8750000000
120348  22.919  6.583  -11.311 0.8750000000
73932  22.094  6.982  -11.955 0.8750000000
72978  24.235  5.120  -7.320 0.3750000000
73906  24.163  5.683  -8.239 0.5000000000
73913  24.050  5.818  -9.445 0.6250000000
114108  23.832  6.778  -7.472 0.2500000000
78725  19.426  11.127  -8.894 0.6250000000
78740  19.268  10.776  -9.937 0.7500000000
74825  20.511  6.991  -10.496 0.8750000000
75814  20.783  8.013  -12.475 0.7500000000
74841  21.542  7.638  -12.269 0.8750000000
73922  23.789  6.085  -10.273 0.6250000000
123823  23.516  6.443  -10.787 0.7500000000
116797  24.052  6.648  -8.624 0.3750000000
74814  23.934  7.330  -9.098 0.5000000000
75799  23.176  8.074  -10.546 0.7500000000
114790  19.299  10.319  -10.440 0.8750000000
124249  19.345  9.474  -11.960 0.8750000000
76866  19.705  8.969  -12.271 0.8750000000
75822  20.412  8.669  -12.567 0.8750000000
76865  21.804  9.188  -11.947 0.7500000000
74824  23.452  7.149  -10.773 0.5000000000
76836  23.044  9.467  -8.559 0.2500000000
75792  23.268  8.751  -9.564 0.5000000000
75786  23.526  8.399  -7.339 0.2500000000
79568  19.223  11.889  -8.769 0.5000000000
79577  19.052  11.647  -9.726 0.5000000000
78741  18.753  11.336  -10.825 0.6250000000
78753  18.427  10.829  -12.228 0.7500000000
77846  18.973  10.044  -12.087 0.7500000000
77861  18.797  10.256  -13.266 0.7500000000
77876  19.512  10.067  -13.607 0.7500000000
77860  19.421  9.693  -12.771 0.7500000000
77877  18.496  10.640  -14.286 0.7500000000
77875  20.264  9.643  -13.076 0.7500000000
77874  20.833  9.526  -12.671 0.7500000000
76854  22.240  9.659  -11.178 0.5000000000
77845  21.949  10.563  -10.853 0.3750000000
77858  21.536  9.902  -11.974 0.6250000000
76842  22.853  9.537  -9.508 0.3750000000
77844  22.415  10.144  -10.003 0.3750000000
79584  18.236  11.846  -11.664 0.6250000000
78763  18.018  10.685  -13.753 0.7500000000
78769  19.915  10.771  -13.615 0.7500000000
78762  20.795  11.113  -12.478 0.6250000000
78739  21.684  11.564  -10.407 0.3750000000
78761  21.436  10.881  -11.634 0.3750000000
77818  22.495  10.915  -8.354 0.1250000000
78738  21.988  11.693  -9.369 0.1250000000
77830  22.020  10.966  -9.924 0.2500000000
79591  17.716  11.465  -12.949 0.6250000000
79600  17.518  11.400  -14.388 0.7500000000
78771  18.009  10.956  -15.144 0.6250000000
78770  19.011  10.757  -14.496 0.7500000000
126081  20.258  10.222  -13.238 0.7500000000
79576  21.377  12.512  -10.477 0.2500000000
134906  21.317  11.724  -11.295 0.3750000000
77859  20.871  10.165  -12.624 0.6250000000
80398  22.391  13.601  -8.268 0.1250000000
126037  21.926  13.287  -9.015 0.1250000000
78724  22.286  11.709  -8.537 0.1250000000
80418  17.688  12.323  -12.256 0.6250000000
79592  17.243  12.366  -13.318 0.6250000000
79607  17.834  11.852  -15.373 0.3750000000
80425  19.304  12.631  -14.196 0.3750000000
112600  20.419  14.020  -11.986 0.2500000000
79590  20.378  11.964  -12.723 0.3750000000
79598  19.634  11.564  -14.063 0.3750000000
81270  21.773  14.631  -9.621 0.1250000000
80411  21.160  13.348  -10.708 0.3750000000
79583  20.976  12.337  -11.520 0.3750000000
81260  22.713  14.650  -8.481 0.1250000000
80405  21.587  13.536  -9.741 0.1250000000
81293  16.846  14.311  -13.932 0.3750000000
80427  16.855  13.462  -13.451 0.3750000000
79601  16.850  12.532  -14.546 0.3750000000
80430  17.409  12.685  -15.638 0.3750000000
81292  19.428  14.650  -13.311 0.3750000000
126731  18.883  13.685  -14.332 0.3750000000
80426  18.310  12.584  -15.233 0.3750000000
81291  20.125  14.655  -12.334 0.3750000000
80417  20.048  12.872  -12.877 0.3750000000
112594  22.813  16.196  -11.229 0.1250000000
112599  21.026  14.310  -11.001 0.1250000000
81269  22.421  15.045  -9.179 0.1250000000
82132  17.349  15.003  -14.706 0.2500000000
81297  18.392  14.502  -14.567 0.2500000000
81298  17.432  14.207  -15.082 0.3750000000
127223  17.165  13.446  -15.520 0.3750000000
83025  19.870  16.097  -13.283 0.1250000000
126646  17.833  13.520  -15.348 0.3750000000
82126  20.171  15.498  -12.531 0.1250000000
83022  22.053  16.373  -12.770 0.1250000000
112601  20.688  15.104  -11.514 0.1250000000
124401  16.976  15.115  -14.291 0.3750000000
81299  16.925  14.024  -14.960 0.3750000000
82131  17.965  15.214  -14.691 0.2500000000
83032  18.908  15.933  -14.335 0.1250000000
83031  19.883  16.294  -14.044 0.1250000000
115964  19.824  16.385  -14.812 0.1250000000
112589  22.908  16.064  -12.803 0.1250000000
82136  21.339  16.173  -14.904 0.1250000000
83039  17.956  16.549  -15.819 0.1250000000
83038  18.947  16.477  -15.919 0.1250000000
122132  22.087  15.730  -15.086 0.1250000000
112753  23.047  15.632  -13.680 0.1250000000
62088  20.751  -4.915  -1.116 0.8750000000
63934  23.159  -3.268  -2.601 0.6250000000
71072  24.209  3.020  -6.996 0.6250000000
73001  23.503  5.290  -10.173 0.8750000000
74823  23.848  6.888  -10.089 0.5000000000
74809  23.814  7.561  -7.990 0.3750000000
78752  18.993  10.547  -11.056 0.8750000000
120527  19.346  9.828  -10.978 0.8750000000
76879  19.971  9.243  -12.803 0.7500000000
76878  20.527  9.115  -12.727 0.7500000000
75821  20.867  8.632  -12.613 0.7500000000
76853  22.793  9.063  -10.514 0.5000000000
75805  22.721  8.226  -11.233 0.7500000000
133488  21.394  16.157  -11.457 0.1250000000
82127  19.153  15.381  -13.811 0.2500000000
82135  22.316  15.951  -14.194 0.1250000000
67895  23.911  -0.461  -5.326 0.5000000000
66925  23.223  -0.344  -5.557 0.6250000000
66926  22.516  -0.462  -5.270 0.7500000000
72031  24.293  3.722  -6.521 0.3750000000
72024  24.278  4.508  -6.584 0.3750000000
73899  23.848  6.068  -6.898 0.2500000000
74832  22.838  7.397  -11.435 0.7500000000
83024  20.696  16.222  -12.535 0.1250000000
116087  23.586  6.955  -6.365 0.1250000000
120618  22.180  -10.090  1.873 0.7500000000
58349  21.273  -9.915  1.989 0.7500000000
58363  19.914  -8.999  1.848 0.7500000000
58361  22.760  -9.461  1.481 0.7500000000
119070  21.771  -9.356  1.473 0.7500000000
60140  18.735  -7.012  1.048 0.6250000000
60139  19.462  -7.062  0.683 0.7500000000
60135  22.919  -7.297  0.274 0.6250000000
61136  22.875  -6.010  -0.452 0.7500000000
62071  23.211  -5.364  -0.751 0.6250000000
62085  22.917  -4.794  -1.212 0.6250000000
62994  23.525  -3.673  -2.061 0.5000000000
63932  24.554  -3.198  -2.299 0.3750000000
63933  23.902  -3.112  -2.572 0.5000000000
64921  25.049  -2.113  -3.460 0.1250000000
66887  25.531  -0.600  -3.662 0.1250000000
128749  25.559  0.148  -2.877 0.1250000000
128491  25.708  1.654  -2.111 0.1250000000
70041  25.473  2.605  -2.209 0.1250000000
125855  24.919  2.819  -2.989 0.1250000000
126017  24.666  3.024  -3.772 0.1250000000
71054  24.431  3.660  -4.137 0.1250000000
71063  24.295  3.453  -5.144 0.1250000000
72023  24.227  4.080  -5.733 0.1250000000
72971  23.998  5.487  -6.228 0.2500000000
78710  19.431  11.399  -8.155 0.5000000000
119480  23.308  9.059  -6.672 0.1250000000
74802  23.612  7.686  -6.865 0.2500000000
76829  22.902  10.011  -7.571 0.1250000000
78709  22.616  11.666  -7.748 0.1250000000
79552  22.486  12.564  -7.957 0.1250000000
80397  23.114  14.331  -7.783 0.1250000000
81268  23.203  15.330  -8.895 0.1250000000
81259  23.462  15.027  -8.219 0.1250000000
118779  24.135  15.397  -12.019 0.1250000000
82991  18.588  16.406  -7.529 0.1250000000
82137  17.406  15.899  -14.522 0.2500000000
83040  17.677  16.625  -15.235 0.1250000000
83048  17.525  16.952  -15.378 0.1250000000
83037  20.185  16.394  -15.466 0.1250000000
112666  23.656  14.879  -14.011 0.1250000000
64929  22.142  -1.899  -3.777 0.7500000000
71080  23.075  2.735  -8.275 0.7500000000
122829  17.185  9.151  -5.499 0.3750000000
73942  21.439  6.661  -11.803 0.8750000000
62997  21.724  -3.576  -2.156 0.8750000000
61140  19.238  -5.815  -0.016 0.7500000000
61139  19.999  -5.929  -0.268 0.8750000000
62987  20.509  -4.145  -1.522 0.8750000000
64928  22.682  -2.049  -4.060 0.7500000000
67910  22.732  0.135  -5.798 0.6250000000
72048  22.571  3.912  -9.437 0.8750000000
75801  19.853  8.383  -10.589 0.8750000000
75807  19.890  8.265  -11.729 0.8750000000
74842  21.080  7.206  -12.214 0.8750000000
83034  16.959  16.125  -13.874 0.1250000000
59219  22.220  -8.710  1.037 0.7500000000
58360  23.473  -9.134  1.459 0.7500000000
59222  19.485  -8.293  1.531 0.7500000000
60126  19.069  -7.597  1.264 0.7500000000
59237  21.755  -8.010  0.645 0.7500000000
130085  21.071  -6.755  -0.117 0.7500000000
61127  17.836  -6.044  0.950 0.6250000000
61137  22.179  -6.068  -0.512 0.7500000000
62984  22.604  -4.211  -1.685 0.7500000000
62985  21.979  -4.195  -1.713 0.8750000000
129707  23.232  -4.230  -1.636 0.6250000000
63943  22.737  -2.840  -2.980 0.7500000000
64913  24.676  -2.677  -2.915 0.2500000000
63941  23.993  -2.666  -3.187 0.5000000000
63942  23.394  -2.800  -3.100 0.6250000000
64927  23.300  -2.114  -4.134 0.7500000000
66899  25.198  -1.074  -4.279 0.2500000000
65916  25.500  -1.469  -3.460 0.1250000000
67883  25.023  0.245  -4.549 0.2500000000
66914  24.728  -0.613  -4.872 0.3750000000
68953  25.007  1.092  -3.787 0.1250000000
70073  24.558  1.910  -4.964 0.1250000000
68986  24.350  1.143  -5.761 0.5000000000
71071  24.256  3.195  -6.103 0.1250000000
71079  23.748  2.866  -7.759 0.6250000000
116729  23.915  4.833  -9.422 0.6250000000
75812  22.250  7.837  -11.994 0.7500000000
121747  24.043  6.564  -9.532 0.5000000000
75813  21.554  8.415  -12.349 0.7500000000
75791  23.566  8.371  -8.558 0.3750000000
75815  20.118  8.394  -12.405 0.7500000000
76864  22.323  8.761  -11.597 0.6250000000
76877  21.207  9.108  -12.513 0.7500000000
75798  23.660  7.789  -9.779 0.5000000000
129563  22.717  10.265  -8.197 0.1250000000
76835  23.234  9.174  -7.578 0.1250000000
123763  22.593  10.187  -8.950 0.1250000000
77829  22.296  10.927  -9.180 0.3750000000
79599  18.659  11.543  -14.953 0.3750000000
79575  21.720  12.516  -9.576 0.1250000000
79567  22.092  12.558  -8.751 0.1250000000
80412  20.657  13.159  -11.708 0.3750000000
81278  21.388  14.209  -10.222 0.2500000000
80404  22.060  14.171  -8.974 0.1250000000
112597  22.201  15.906  -10.465 0.1250000000
82111  21.457  15.109  -10.308 0.1250000000
80432  16.698  13.420  -14.567 0.3750000000
121047  19.717  13.804  -13.026 0.3750000000
112596  21.935  16.252  -11.309 0.1250000000
112595  22.441  16.336  -11.999 0.1250000000
112592  23.357  15.972  -12.042 0.1250000000
134508  21.095  15.097  -10.878 0.1250000000
112795  20.846  15.977  -11.690 0.1250000000
82110  22.969  15.720  -9.733 0.1250000000
82117  23.114  16.001  -10.554 0.1250000000
118440  20.547  16.323  -13.274 0.1250000000
83029  21.728  16.284  -13.634 0.1250000000
112807  21.518  16.326  -12.055 0.1250000000
112593  22.446  16.143  -13.392 0.1250000000
83033  17.860  16.012  -14.925 0.1250000000
83030  20.754  16.367  -14.049 0.1250000000
83023  21.243  16.403  -12.984 0.1250000000
83053  17.878  17.008  -16.732 0.1250000000
57509  21.682  -10.694  2.445 0.7500000000
58348  22.904  -10.175  1.897 0.7500000000
58350  20.355  -9.683  2.208 0.7500000000
57510  20.747  -10.384  2.548 0.7500000000
60127  18.222  -7.270  1.683 0.5000000000
62983  23.870  -4.228  -1.579 0.5000000000
72014  24.200  4.470  -4.662 0.1250000000
72000  24.402  4.496  -3.497 0.1250000000
77811  22.743  10.834  -7.593 0.1250000000
129103  23.635  15.796  -11.251 0.1250000000
112759  23.771  15.355  -12.977 0.1250000000
57511  19.876  -10.127  2.846 0.7500000000
59205  19.023  -8.717  2.249 0.5000000000
56638  22.294  -11.239  2.754 0.6250000000
57508  22.573  -10.677  2.310 0.6250000000
58346  24.341  -9.510  2.340 0.3750000000
58347  23.576  -9.774  1.923 0.6250000000
59217  24.464  -8.419  1.455 0.2500000000
59218  23.810  -8.574  1.193 0.3750000000
63927  24.181  -3.644  -1.959 0.3750000000
79553  19.375  12.022  -7.900 0.2500000000
80399  18.797  13.316  -9.166 0.2500000000
60134  24.142  -7.299  0.571 0.5000000000
61135  23.490  -5.958  -0.335 0.5000000000
62070  23.855  -5.350  -0.661 0.3750000000
58331  24.648  -9.847  3.098 0.5000000000
57506  23.999  -10.215  2.653 0.6250000000
62084  23.549  -4.780  -1.138 0.5000000000
55689  22.628  -12.164  3.582 0.6250000000
58352  18.662  -9.094  3.037 0.3750000000
56625  22.164  -11.746  3.146 0.6250000000
57495  20.255  -10.826  3.120 0.6250000000
57481  24.585  -10.766  4.293 0.3750000000
57494  23.643  -10.871  3.044 0.5000000000
56624  22.676  -11.570  3.116 0.6250000000
59206  18.326  -8.265  2.814 0.2500000000
60124  24.707  -7.726  1.151 0.2500000000
59204  24.710  -8.819  2.105 0.2500000000
129145  24.107  -5.933  -0.173 0.3750000000
62069  24.637  -5.314  -0.413 0.2500000000
62975  24.215  -4.746  -1.039 0.2500000000
62982  24.539  -4.163  -1.460 0.2500000000
70888  13.928  3.176  6.699 0.1250000000
72868  15.003  5.625  1.698 0.2500000000
64902  25.266  -2.883  -2.138 0.2500000000
73872  15.688  6.704  -3.837 0.3750000000
72903  14.788  5.247  -0.979 0.2500000000
75773  16.827  8.567  -5.187 0.2500000000
79569  19.170  12.693  -8.498 0.2500000000
71874  14.425  4.567  4.686 0.1250000000
69910  12.930  2.177  5.966 0.2500000000
61113  17.170  -5.717  1.190 0.2500000000
72938  14.826  6.199  -2.500 0.3750000000
60146  23.183  -6.604  -0.051 0.5000000000
58351  19.457  -9.421  2.560 0.5000000000
58359  24.088  -9.078  1.694 0.5000000000
59235  23.480  -7.897  0.670 0.5000000000
63926  24.856  -3.582  -1.816 0.2500000000
59223  18.648  -8.013  1.949 0.3750000000
56640  21.012  -10.980  2.901 0.6250000000
60114  18.142  -7.674  2.375 0.3750000000
56637  22.989  -11.121  2.768 0.6250000000
57507  23.301  -10.507  2.377 0.5000000000
58345  24.954  -9.161  2.820 0.2500000000
59216  25.140  -8.053  1.935 0.2500000000
59234  24.166  -8.042  0.924 0.3750000000
61124  23.779  -6.561  0.101 0.3750000000
57493  24.307  -10.523  3.444 0.5000000000
58332  19.060  -9.834  3.271 0.3750000000
56639  21.589  -11.420  3.000 0.6250000000
56622  23.957  -11.226  3.819 0.3750000000
56623  23.257  -11.530  3.390 0.5000000000
61123  24.420  -6.506  0.322 0.2500000000
69909  14.245  2.103  6.161 0.1250000000
55678  21.225  -12.826  4.042 0.5000000000
55675  23.548  -12.052  4.224 0.2500000000
54802  22.981  -13.269  4.814 0.3750000000
55676  22.872  -12.784  4.280 0.5000000000
54804  20.822  -13.510  4.557 0.3750000000
55692  19.997  -12.038  3.918 0.5000000000
55690  21.597  -12.166  3.499 0.5000000000
55691  20.776  -12.286  3.789 0.5000000000
56627  19.740  -11.285  3.664 0.3750000000
56626  20.711  -11.583  3.391 0.5000000000
53879  19.482  -14.373  5.804 0.1250000000
54788  20.106  -13.942  5.152 0.3750000000
56628  19.073  -10.962  3.941 0.2500000000
119102  20.245  -15.761  6.374 0.1250000000
53877  21.369  -14.733  5.356 0.3750000000
55663  23.483  -12.768  4.895 0.2500000000
54786  22.669  -13.851  5.099 0.3750000000
54803  22.344  -13.362  4.528 0.5000000000
52817  19.150  -15.029  6.910 0.1250000000
53892  21.734  -13.996  4.836 0.3750000000
54790  18.698  -13.199  5.554 0.1250000000
56609  18.524  -11.774  4.850 0.1250000000
57496  19.431  -10.561  3.446 0.3750000000
55677  22.082  -12.845  3.954 0.5000000000
56607  24.305  -11.486  4.686 0.2500000000
128866  21.661  -13.328  4.355 0.5000000000
55679  20.351  -12.732  4.239 0.5000000000
54787  20.893  -14.232  5.000 0.3750000000
54805  19.800  -13.223  4.740 0.2500000000
55680  19.477  -12.491  4.454 0.1250000000
56608  19.099  -11.698  4.270 0.1250000000
53863  19.378  -14.864  6.389 0.1250000000
53864  18.896  -14.399  6.444 0.1250000000
53880  18.857  -13.860  5.854 0.1250000000
54789  19.249  -13.597  5.334 0.1250000000
52816  19.610  -15.459  6.643 0.1250000000
53878  20.470  -14.710  5.517 0.3750000000
53875  23.124  -14.265  5.716 0.2500000000
54806  19.010  -12.896  4.983 0.1250000000
55681  18.837  -12.275  4.744 0.1250000000
52829  21.384  -15.341  5.780 0.2500000000
52828  22.128  -15.264  5.879 0.2500000000
60115  17.770  -7.231  2.317 0.2500000000
54785  23.473  -13.468  5.441 0.2500000000
52815  20.980  -15.941  6.156 0.1250000000
52831  19.947  -15.106  6.089 0.1250000000
53876  22.262  -14.607  5.465 0.2500000000
136339  21.796  -14.994  5.605 0.2500000000
76819  17.755  9.840  -5.893 0.1250000000
77802  18.470  10.500  -6.384 0.1250000000
77803  17.546  10.247  -5.816 0.1250000000
78699  18.424  11.133  -6.108 0.1250000000
121964  19.353  12.806  -7.533 0.1250000000
76808  16.762  9.898  -5.369 0.1250000000
113326  19.227  12.010  -6.926 0.1250000000
124434  19.140  13.032  -6.006 0.1250000000
75774  16.372  9.380  -4.964 0.1250000000
124127  15.876  9.769  -4.714 0.1250000000
133351  15.423  5.540  1.313 0.1250000000
58333  18.470  -9.512  3.717 0.1250000000
59189  18.097  -8.064  3.252 0.1250000000
72919  14.880  6.223  -1.646 0.1250000000
76809  16.066  10.159  -4.933 0.1250000000
77790  16.537  10.458  -5.132 0.1250000000
78671  17.370  10.987  -5.221 0.1250000000
128759  18.917  12.129  -5.659 0.1250000000
122666  19.262  12.799  -6.583 0.1250000000
75764  16.074  9.049  -4.449 0.1250000000
62051  16.861  -5.410  1.174 0.1250000000
61111  18.195  -6.650  1.190 0.1250000000
123653  19.205  11.196  -7.222 0.1250000000
61098  17.225  -6.054  1.546 0.1250000000
61112  17.588  -6.520  1.635 0.1250000000
59207  17.971  -7.699  2.829 0.1250000000
133286  17.675  -6.530  3.420 0.1250000000
60102  17.907  -7.532  2.796 0.1250000000
132483  16.604  10.586  -5.094 0.1250000000
79541  18.928  12.039  -6.124 0.1250000000
78686  18.343  11.354  -5.662 0.1250000000
80347  18.986  13.532  -5.183 0.1250000000
58316  25.550  -9.671  4.397 0.1250000000
58330  25.251  -9.423  3.589 0.1250000000
59187  25.511  -8.713  3.293 0.1250000000
60113  25.566  -7.379  2.263 0.1250000000
121791  25.251  -7.182  1.513 0.1250000000
135239  25.199  -6.766  1.055 0.1250000000
61134  24.687  -5.937  0.100 0.1250000000
62951  26.434  -4.612  1.315 0.1250000000
62060  25.934  -4.988  0.680 0.1250000000
62061  25.281  -5.565  0.286 0.1250000000
63889  26.307  -4.152  0.638 0.1250000000
62974  24.976  -4.592  -0.843 0.1250000000
63902  26.332  -3.402  0.065 0.1250000000
63915  25.884  -3.440  -0.846 0.1250000000
63925  25.423  -3.364  -1.509 0.1250000000
54770  23.862  -14.002  6.110 0.1250000000
54784  24.252  -13.304  5.954 0.1250000000
135494  23.975  -12.860  5.456 0.1250000000
56596  24.823  -11.701  5.560 0.1250000000
58309  25.881  -9.974  5.164 0.1250000000
57480  25.216  -10.347  4.752 0.1250000000
59176  25.852  -8.978  4.069 0.1250000000
59186  26.124  -8.238  3.768 0.1250000000
61096  25.758  -6.697  2.104 0.1250000000
61109  26.033  -5.981  1.848 0.1250000000
62040  26.581  -5.479  2.356 0.1250000000
63888  26.823  -3.290  0.999 0.1250000000
64901  25.877  -2.766  -1.332 0.1250000000
65888  26.263  -1.845  -0.911 0.1250000000
64887  26.327  -2.670  -0.426 0.1250000000
64912  25.468  -2.193  -2.827 0.1250000000
58317  24.929  -10.099  3.920 0.1250000000
63916  25.251  -3.947  -1.208 0.1250000000
60101  25.698  -7.915  2.897 0.1250000000
62965  25.429  -4.895  -0.121 0.1250000000
55662  24.108  -12.231  5.118 0.1250000000
55661  24.585  -12.565  5.822 0.1250000000
53861  23.507  -14.605  6.278 0.1250000000
57472  24.896  -10.991  5.102 0.1250000000
62050  25.760  -5.799  1.032 0.1250000000
136311  25.873  -4.563  0.197 0.1250000000
62049  26.259  -5.258  1.553 0.1250000000
62973  25.772  -4.188  -0.363 0.1250000000
64870  26.795  -2.640  0.415 0.1250000000
53860  24.219  -14.568  6.743 0.1250000000
54769  24.608  -13.826  6.499 0.1250000000
65873  26.736  -1.899  0.027 0.1250000000
52830  20.657  -15.352  5.886 0.2500000000
59203  25.213  -8.551  2.594 0.1250000000
60112  26.064  -7.047  2.810 0.1250000000
60133  24.828  -7.001  0.833 0.1250000000
61110  25.534  -6.469  1.364 0.1250000000
61122  25.128  -6.321  0.670 0.1250000000
63890  16.190  -3.086  1.072 0.2500000000
65891  15.044  -1.125  0.264 0.7500000000
66776  12.696  -0.387  3.048 0.2500000000
66821  12.715  -0.158  1.921 0.8750000000
66844  14.585  -0.560  0.080 0.6250000000
67754  10.560  0.803  4.055 0.3750000000
67771  11.935  -0.090  3.435 0.5000000000
67772  10.952  0.409  3.438 0.6250000000
67806  12.571  0.702  1.499 1.0000000000
67858  15.840  0.082  -1.373 1.0000000000
67859  14.977  0.669  -1.023 1.0000000000
67870  17.608  0.448  -2.606 1.0000000000
68782  10.108  2.002  5.139 0.5000000000
68799  12.768  1.159  4.994 0.3750000000
68800  11.668  0.842  5.001 0.3750000000
68801  10.743  1.100  4.761 0.3750000000
68823  10.209  1.352  3.531 0.5000000000
68838  11.806  0.958  2.131 0.6250000000
68854  12.206  1.789  1.438 0.8750000000
68855  11.400  2.046  2.085 0.8750000000
68873  12.918  1.520  0.803 1.0000000000
68901  13.449  0.932  0.456 1.0000000000
68921  14.999  1.443  -1.333 1.0000000000
68973  18.726  2.214  -4.274 1.0000000000
69891  14.540  2.515  6.428 0.1250000000
69892  13.504  2.746  6.732 0.2500000000
69893  12.423  2.793  7.153 0.2500000000
69894  11.393  2.862  7.257 0.3750000000
69895  10.704  2.964  6.896 0.5000000000
69912  11.059  1.744  5.690 0.3750000000
69913  10.382  2.593  6.090 0.3750000000
69928  9.816  2.997  5.408 0.5000000000
69965  10.395  2.399  2.817 0.6250000000
69966  9.812  2.283  3.655 0.5000000000
69983  11.124  3.121  2.143 0.7500000000
69996  13.157  2.826  0.283 1.0000000000
69997  12.602  2.442  0.815 0.8750000000
70015  14.222  2.960  -0.756 0.6250000000
70016  13.489  1.878  0.072 0.8750000000
70031  15.077  2.036  -1.689 1.0000000000
70044  15.475  2.759  -2.309 1.0000000000
70060  17.386  3.368  -4.027 1.0000000000
70097  23.533  1.871  -7.145 0.6250000000
70107  23.252  2.227  -7.720 0.6250000000
70887  14.925  2.975  6.493 0.1250000000
70889  12.913  3.308  7.133 0.2500000000
70891  11.333  4.074  6.884 0.5000000000
70912  14.365  3.646  6.170 0.2500000000
70925  9.686  3.657  4.634 0.6250000000
70939  10.334  4.413  3.375 0.5000000000
70956  10.612  3.808  2.760 0.7500000000
70976  11.519  4.203  2.058 0.6250000000
70990  13.000  3.923  0.454 0.6250000000
70991  12.512  3.294  0.747 1.0000000000
71023  14.796  3.876  -1.666 1.0000000000
71036  16.187  4.383  -3.352 1.0000000000
71065  18.556  3.981  -5.250 1.0000000000
71075  19.828  3.508  -5.898 1.0000000000
71081  22.258  3.043  -8.202 1.0000000000
71845  12.253  4.070  6.761 0.2500000000
71864  15.321  4.212  4.945 0.1250000000
71865  14.703  4.109  5.508 0.1250000000
71866  12.608  4.654  5.590 0.3750000000
71868  10.572  4.198  6.100 0.5000000000
71876  11.725  5.004  4.863 0.3750000000
71877  10.879  4.784  4.976 0.5000000000
71878  10.177  4.390  4.902 0.5000000000
71893  11.297  5.101  3.918 0.5000000000
71894  10.737  4.904  3.561 0.5000000000
71895  10.111  4.385  3.994 0.5000000000
71914  11.752  5.181  2.372 0.6250000000
71915  11.002  4.813  2.911 0.6250000000
71930  12.120  4.811  1.678 0.6250000000
71945  13.474  4.711  0.553 0.5000000000
71958  14.356  4.545  -0.431 0.6250000000
71959  13.760  4.165  -0.064 0.5000000000
72005  16.357  4.947  -3.782 1.0000000000
72026  17.667  5.211  -4.842 1.0000000000
72829  12.967  5.445  3.543 0.5000000000
72830  12.021  5.514  3.287 0.5000000000
72831  11.409  5.352  3.095 0.5000000000
72848  12.215  5.549  2.587 0.6250000000
72869  14.107  5.635  1.500 0.5000000000
72871  12.512  5.426  1.827 0.6250000000
72890  14.132  5.225  0.753 0.5000000000
72937  15.839  5.317  -3.528 0.6250000000
72953  16.000  5.742  -3.935 0.8750000000
72979  18.843  5.328  -6.368 1.0000000000
73894  17.097  6.800  -5.051 1.0000000000
73900  19.164  6.464  -6.766 1.0000000000
73924  21.622  5.871  -10.600 1.0000000000
74777  15.740  8.274  -3.851 0.1250000000
74833  20.666  6.991  -11.578 0.8750000000
75765  15.747  9.538  -4.438 0.1250000000
75806  20.324  7.648  -12.060 1.0000000000
77812  19.511  10.716  -8.017 0.5000000000
77831  19.554  10.010  -9.885 0.8750000000
79608  17.303  11.979  -15.290 0.3750000000
80431  16.885  12.986  -15.323 0.3750000000
83047  17.736  16.908  -16.145 0.1250000000
112598  21.299  15.730  -10.984 0.1250000000
113060  14.880  5.471  1.039 0.2500000000
113670  18.895  16.293  -14.999 0.1250000000
114771  13.691  5.548  2.902 0.5000000000
114803  13.209  5.714  2.109 0.5000000000
122246  12.844  -0.116  3.574 0.1250000000
123383  14.827  4.961  -0.226 0.2500000000
124131  15.411  0.602  -1.309 1.0000000000
125907  13.814  4.333  5.504 0.2500000000
127202  9.978  3.773  5.530 0.5000000000
127336  9.616  2.504  4.366 0.5000000000
127538  12.125  0.141  2.206 0.6250000000
129118  11.005  2.452  6.609 0.3750000000
130595  23.492  -7.123  0.301 0.5000000000
130827  22.106  15.381  -9.772 0.1250000000
131775  10.916  3.506  7.080 0.5000000000
132461  14.599  3.241  -1.322 0.6250000000
134403  12.393  5.020  4.750 0.3750000000
135037  25.190  -11.186  5.558 0.1250000000
135257  20.967  -15.068  5.587 0.3750000000
135964  15.949  4.436  -3.144 1.0000000000
136281  9.842  1.891  3.953 0.5000000000
136559  17.939  10.785  -14.561 0.6250000000
