#!ascii label  , from subject sub-v2s0x29051_ses-1 vox2ras=TkReg
929
15269  16.162  -60.046  14.434 0.6000000238
13324  14.922  -63.914  19.610 0.6999999881
13929  13.186  -62.950  18.902 0.6999999881
134481  9.363  -60.594  16.537 0.8999999762
15253  10.278  -60.002  15.985 0.8000000119
15250  12.539  -59.425  15.452 0.8000000119
15963  15.588  -59.580  13.680 0.6000000238
15283  17.128  -60.610  12.996 0.6999999881
127289  18.460  -61.274  12.309 0.6999999881
121655  15.583  -62.917  20.403 0.6999999881
12739  16.238  -64.476  20.176 0.6999999881
13926  14.352  -62.348  19.744 0.6999999881
14551  13.522  -61.071  19.507 0.6000000238
14552  12.831  -61.358  18.981 0.6999999881
13931  11.673  -62.259  18.386 0.6999999881
15195  11.109  -60.513  18.023 0.8000000119
15209  10.734  -59.825  17.528 0.8000000119
15933  10.380  -59.466  16.477 0.8000000119
15947  12.179  -58.732  15.446 0.8000000119
15945  14.141  -59.163  14.416 0.6000000238
15300  16.753  -60.194  12.554 0.6000000238
15298  17.918  -61.064  11.810 0.6999999881
15296  20.210  -61.402  12.196 0.6999999881
13919  16.212  -62.848  20.795 0.5000000000
13304  16.726  -63.680  20.831 0.6000000238
13920  15.745  -62.132  20.773 0.4000000060
13921  15.074  -62.211  20.323 0.6000000238
14543  14.612  -61.467  20.193 0.5000000000
15188  13.000  -60.504  19.148 0.6000000238
15194  12.112  -60.706  18.575 0.8000000119
15909  12.279  -59.127  18.086 0.6999999881
16621  11.960  -58.124  16.539 0.6999999881
17350  13.588  -57.868  14.792 0.6999999881
15995  15.970  -59.277  12.990 0.5000000000
16007  17.695  -60.356  11.576 0.6000000238
15316  19.075  -61.073  10.906 0.6000000238
14626  19.557  -61.476  11.174 0.6000000238
15294  22.045  -61.357  11.483 0.5000000000
14522  17.777  -61.767  22.087 0.5000000000
13302  18.080  -63.877  21.595 0.6000000238
12727  18.771  -64.715  21.810 0.6000000238
13903  17.123  -62.208  21.632 0.5000000000
15186  13.903  -59.621  19.435 0.5000000000
16594  14.184  -59.053  18.961 0.6000000238
16620  13.655  -58.142  17.586 0.6000000238
17335  14.016  -57.536  15.111 0.6000000238
17348  14.892  -57.794  14.142 0.5000000000
16657  15.941  -58.282  13.181 0.5000000000
16666  17.455  -59.428  11.903 0.6000000238
16005  19.218  -60.177  10.887 0.6000000238
16015  20.718  -61.011  10.441 0.5000000000
15331  22.327  -61.087  10.294 0.5000000000
15311  24.022  -61.025  9.888 0.5000000000
15313  22.239  -61.457  10.707 0.5000000000
13288  18.000  -62.793  22.125 0.5000000000
13286  19.460  -63.611  22.834 0.5000000000
14532  16.647  -61.527  21.374 0.5000000000
15175  16.282  -59.930  20.561 0.4000000060
15892  17.581  -59.307  19.692 0.3000000119
15894  15.704  -59.393  19.775 0.4000000060
16592  16.225  -58.831  19.152 0.3000000119
16591  17.168  -58.828  19.155 0.3000000119
16593  15.172  -58.854  18.972 0.5000000000
17294  15.541  -58.020  17.731 0.5000000000
118452  15.527  -57.480  16.308 0.5000000000
17333  15.410  -57.522  14.620 0.5000000000
17363  16.153  -57.852  13.376 0.5000000000
17373  17.422  -58.342  12.334 0.6000000238
16677  19.518  -58.935  11.265 0.6000000238
16003  21.048  -59.939  10.529 0.5000000000
16014  21.643  -60.778  10.264 0.5000000000
133416  24.290  -60.448  9.332 0.5000000000
131355  19.094  -62.095  22.989 0.5000000000
14521  18.358  -61.254  22.245 0.5000000000
15161  18.318  -60.686  21.602 0.5000000000
15174  17.905  -60.165  20.825 0.4000000060
123757  17.056  -60.199  20.943 0.5000000000
15891  18.419  -59.306  19.664 0.4000000060
16590  18.053  -58.784  19.136 0.3000000119
17292  17.293  -57.890  17.951 0.3000000119
17319  17.108  -57.434  16.273 0.4000000060
122936  16.310  -57.486  14.523 0.5000000000
17362  17.074  -57.542  13.274 0.4000000060
16676  20.509  -58.590  11.167 0.5000000000
16674  22.116  -58.648  10.713 0.5000000000
16693  21.875  -59.826  10.358 0.5000000000
16028  24.945  -60.329  8.895 0.5000000000
126292  25.157  -59.253  9.192 0.4000000060
16691  23.535  -59.674  9.761 0.5000000000
15150  19.850  -60.923  22.902 0.5000000000
15160  19.791  -60.652  21.952 0.5000000000
15172  19.690  -60.431  21.102 0.5000000000
15877  19.530  -59.990  20.399 0.4000000060
15890  19.322  -59.390  19.737 0.4000000060
16603  19.452  -57.902  18.522 0.3000000119
17291  18.091  -57.752  18.051 0.3000000119
17305  17.891  -57.299  16.910 0.4000000060
17318  18.093  -57.375  16.022 0.4000000060
17344  18.752  -57.295  14.211 0.4000000060
17332  17.135  -57.461  15.251 0.4000000060
17345  17.913  -57.347  13.712 0.4000000060
17371  18.852  -56.977  12.591 0.5000000000
17384  19.515  -56.905  11.956 0.5000000000
17385  18.913  -57.894  11.843 0.6000000238
17401  23.045  -58.375  10.495 0.4000000060
16692  22.663  -59.739  10.126 0.5000000000
15159  20.617  -60.637  22.489 0.4000000060
15889  20.388  -59.571  19.965 0.4000000060
121040  20.631  -60.472  21.409 0.4000000060
124726  19.959  -58.713  19.237 0.4000000060
17281  20.599  -57.799  18.764 0.4000000060
17290  19.325  -57.110  17.937 0.4000000060
18012  19.375  -56.896  17.411 0.4000000060
18013  18.736  -57.074  16.892 0.4000000060
17317  18.973  -57.264  16.266 0.4000000060
17329  19.625  -57.325  14.739 0.4000000060
18056  19.422  -56.476  12.788 0.5000000000
114560  19.870  -56.094  12.525 0.5000000000
18073  20.918  -56.286  11.784 0.6000000238
17381  22.320  -57.411  11.139 0.5000000000
18071  23.491  -56.464  10.989 0.4000000060
17380  23.038  -57.167  10.990 0.4000000060
15866  22.062  -60.094  21.741 0.4000000060
15888  21.480  -59.469  20.118 0.4000000060
15875  21.869  -59.883  20.906 0.4000000060
16588  21.007  -58.775  19.429 0.4000000060
17289  20.053  -57.018  18.208 0.4000000060
18035  20.460  -57.237  15.294 0.4000000060
18045  21.208  -56.928  14.729 0.4000000060
18055  20.100  -56.031  13.096 0.4000000060
18062  20.282  -55.811  12.542 0.5000000000
18061  20.837  -55.735  12.294 0.4000000060
115700  21.741  -56.576  11.549 0.6000000238
15865  22.539  -59.554  21.399 0.4000000060
135023  22.610  -58.439  19.703 0.4000000060
17279  22.355  -57.859  19.274 0.4000000060
18635  21.216  -55.878  17.944 0.4000000060
18655  22.279  -55.832  17.238 0.4000000060
18021  22.518  -56.387  16.107 0.5000000000
126832  21.161  -57.000  15.768 0.4000000060
125350  21.870  -56.246  14.365 0.3000000119
18054  21.018  -56.175  13.686 0.4000000060
114201  21.783  -55.408  12.561 0.4000000060
114875  22.547  -55.516  11.976 0.4000000060
18696  21.660  -55.816  11.921 0.5000000000
15855  22.582  -59.636  22.280 0.4000000060
17990  22.234  -56.639  18.844 0.4000000060
115915  21.696  -55.422  18.056 0.4000000060
18654  23.184  -55.885  16.579 0.3000000119
18044  22.491  -56.309  15.067 0.3000000119
18672  22.634  -55.579  14.234 0.3000000119
18680  22.511  -55.166  13.230 0.3000000119
18685  23.425  -55.185  11.921 0.4000000060
19361  24.626  -54.444  10.858 0.4000000060
16586  23.131  -58.212  19.814 0.3000000119
17278  23.299  -57.287  19.425 0.3000000119
116489  22.993  -56.040  18.994 0.3000000119
19297  22.714  -54.813  18.074 0.3000000119
18646  22.844  -55.140  17.638 0.3000000119
19314  24.276  -55.090  16.099 0.3000000119
18664  23.114  -55.940  15.366 0.4000000060
19329  25.047  -54.429  14.249 0.4000000060
18671  23.513  -55.275  14.718 0.3000000119
18679  23.249  -54.959  13.766 0.3000000119
19336  23.163  -54.896  13.031 0.3000000119
115488  24.611  -54.158  11.562 0.4000000060
20095  24.768  -53.471  10.882 0.4000000060
124051  24.828  -53.098  10.157 0.4000000060
19321  24.163  -54.981  15.203 0.4000000060
20078  25.656  -54.025  13.441 0.4000000060
19328  24.726  -54.423  13.366 0.4000000060
20079  25.113  -54.066  12.706 0.3000000119
19341  24.438  -54.396  12.418 0.4000000060
20887  24.938  -52.644  11.103 0.4000000060
21648  24.616  -51.680  10.614 0.4000000060
20903  24.728  -52.524  10.422 0.4000000060
20086  25.613  -53.424  12.509 0.4000000060
20873  25.375  -52.641  11.812 0.5000000000
21631  24.987  -51.714  11.291 0.4000000060
20917  24.891  -52.481  9.837 0.3000000119
22421  24.215  -50.863  10.249 0.3000000119
15249  14.066  -59.521  15.212 0.6999999881
14576  9.512  -60.791  17.272 0.8000000119
15981  15.013  -58.999  13.668 0.6000000238
16633  11.479  -58.469  16.212 0.6999999881
15965  13.461  -58.390  14.736 0.6999999881
15314  20.878  -61.618  10.813 0.6000000238
14542  15.307  -61.386  20.655 0.4000000060
15881  15.242  -59.975  20.283 0.4000000060
15908  12.936  -58.598  17.908 0.6999999881
17310  13.158  -57.712  16.596 0.6999999881
16659  14.756  -58.469  13.907 0.6999999881
15162  17.448  -60.671  21.392 0.5000000000
116369  14.533  -57.445  16.096 0.5000000000
17293  16.430  -57.966  17.836 0.4000000060
17372  18.226  -57.570  12.367 0.6000000238
128047  19.731  -57.787  11.615 0.5000000000
17383  20.302  -57.068  11.676 0.6000000238
18011  20.096  -56.615  17.410 0.3000000119
18681  20.845  -55.559  12.871 0.4000000060
16577  23.423  -58.438  20.671 0.4000000060
19335  23.888  -54.713  13.200 0.3000000119
20087  24.964  -53.598  11.854 0.3000000119
21662  24.516  -51.757  10.036 0.3000000119
13394  12.940  -63.585  14.749 0.6000000238
12809  13.648  -63.975  14.042 0.6000000238
12176  17.587  -65.364  15.429 0.6000000238
12157  18.697  -65.322  16.700 0.6000000238
12822  11.360  -65.106  12.754 0.5000000000
13406  11.262  -64.107  13.812 0.6000000238
13396  10.714  -63.547  14.415 0.6999999881
13405  11.890  -63.593  14.366 0.6999999881
12814  12.643  -64.379  13.184 0.6000000238
119928  13.464  -63.390  15.573 0.6000000238
12803  14.897  -64.196  15.233 0.6000000238
13370  16.173  -63.798  17.006 0.6000000238
12786  16.586  -64.347  16.646 0.6000000238
12784  18.058  -64.828  17.036 0.6000000238
12761  19.606  -64.630  17.702 0.6000000238
135030  21.638  -64.233  17.870 0.6999999881
12817  9.381  -65.061  13.994 0.6000000238
12804  8.663  -64.015  15.488 0.6999999881
118472  10.830  -64.690  13.356 0.5000000000
12810  9.045  -64.421  14.716 0.6999999881
13407  10.310  -64.264  13.987 0.6999999881
13991  11.225  -62.841  15.036 0.6999999881
135295  12.845  -63.238  15.367 0.6999999881
13371  15.472  -63.452  16.873 0.5000000000
13348  18.423  -63.851  17.712 0.6000000238
117541  20.066  -63.252  18.130 0.6000000238
126651  20.911  -63.974  18.026 0.6999999881
13945  21.288  -62.454  17.924 0.6999999881
125631  23.318  -64.221  17.628 0.6999999881
13344  23.687  -63.272  17.540 0.6999999881
124723  30.952  -61.577  17.518 0.4000000060
13974  28.875  -62.390  15.962 0.5000000000
13380  27.179  -63.487  15.542 0.6000000238
13381  26.539  -63.414  15.754 0.6000000238
121786  25.139  -62.823  16.638 0.6999999881
11492  10.092  -66.878  17.044 0.5000000000
11493  9.803  -66.384  16.425 0.5000000000
12142  9.554  -65.103  17.059 0.6000000238
11513  9.543  -66.287  15.645 0.5000000000
12766  9.021  -64.248  16.856 0.6999999881
12160  9.456  -65.657  16.273 0.5000000000
12187  9.086  -65.220  14.601 0.6000000238
13387  8.520  -63.187  15.751 0.6999999881
13398  8.882  -63.649  15.167 0.6999999881
13992  10.079  -62.905  15.024 0.6999999881
13372  13.704  -62.772  16.357 0.6999999881
13349  17.799  -63.302  17.660 0.6000000238
13947  19.358  -62.643  17.936 0.6000000238
13946  20.378  -62.472  17.967 0.6999999881
13943  23.196  -62.508  17.584 0.6999999881
120864  24.484  -62.293  16.969 0.6999999881
125667  26.126  -62.840  15.450 0.6000000238
13961  25.047  -62.083  16.281 0.6000000238
10845  11.791  -67.248  19.888 0.5000000000
10847  10.574  -67.698  18.981 0.4000000060
113349  10.524  -66.250  18.323 0.5000000000
11460  10.990  -66.843  19.119 0.5000000000
126861  10.157  -66.331  17.639 0.5000000000
12124  11.205  -65.128  18.370 0.6000000238
116738  10.066  -65.008  17.803 0.6000000238
13332  9.989  -63.543  17.792 0.6999999881
12765  9.635  -64.333  17.536 0.6000000238
13351  8.896  -63.419  17.203 0.6999999881
13981  9.581  -62.259  15.472 0.6999999881
13385  12.770  -62.732  15.826 0.6999999881
13963  15.315  -62.645  17.167 0.6999999881
13350  16.193  -63.058  17.316 0.6999999881
13948  18.385  -62.473  17.752 0.6999999881
14571  19.890  -61.767  17.600 0.6999999881
14570  20.802  -61.733  17.574 0.8000000119
136321  23.255  -61.370  17.174 0.6999999881
13976  27.533  -63.011  14.824 0.5000000000
13989  26.364  -62.349  14.714 0.6000000238
14584  24.359  -61.500  16.632 0.6000000238
10837  12.183  -67.981  20.695 0.4000000060
12118  12.874  -65.852  18.900 0.6000000238
11459  11.906  -66.331  19.063 0.6000000238
125774  12.050  -65.364  18.578 0.6000000238
12751  11.588  -64.506  18.380 0.6000000238
133098  11.567  -63.084  18.345 0.6000000238
121802  8.906  -61.683  17.170 0.6999999881
13967  8.567  -61.877  16.510 0.6999999881
14603  10.592  -61.266  15.667 0.6999999881
13979  12.211  -61.970  15.905 0.6999999881
14593  12.508  -61.250  16.124 0.8000000119
14592  13.415  -61.253  16.504 0.8000000119
14575  16.154  -61.395  17.363 0.6000000238
14589  19.448  -61.084  17.071 0.6000000238
15223  21.547  -60.417  16.408 0.8000000119
132416  22.920  -60.936  17.009 0.6999999881
13986  28.776  -62.406  14.800 0.5000000000
123182  27.066  -62.749  14.430 0.6000000238
14601  24.949  -61.211  15.789 0.6999999881
13998  28.810  -62.258  13.863 0.6000000238
11456  14.446  -66.776  20.234 0.5000000000
11439  14.528  -67.178  21.122 0.4000000060
122356  14.759  -67.473  21.841 0.4000000060
11457  13.658  -66.101  19.290 0.5000000000
11458  12.790  -66.570  19.537 0.5000000000
12117  13.594  -65.370  18.906 0.6000000238
13329  12.889  -63.775  18.680 0.6000000238
124616  12.356  -63.015  18.590 0.6000000238
125822  10.817  -61.834  18.063 0.6999999881
118515  10.167  -60.646  15.887 0.8000000119
15251  11.889  -60.356  15.762 0.8000000119
15230  14.489  -60.245  16.279 0.6000000238
15227  17.373  -60.479  16.313 0.6000000238
15225  19.743  -60.538  16.079 0.6999999881
15224  20.684  -60.483  16.243 0.6999999881
15942  24.037  -59.672  15.033 0.6999999881
14610  27.024  -62.152  14.033 0.6000000238
15261  25.618  -60.428  14.350 0.6000000238
15275  26.630  -60.357  13.196 0.6000000238
13999  28.347  -62.197  13.628 0.6000000238
14618  26.916  -61.185  13.633 0.6000000238
12109  15.891  -65.420  19.781 0.5000000000
132432  15.117  -66.745  20.483 0.5000000000
11438  15.324  -67.018  21.217 0.5000000000
10823  15.401  -67.422  22.111 0.5000000000
12742  15.446  -64.605  19.697 0.5000000000
12115  15.201  -65.343  19.496 0.5000000000
13326  13.753  -63.762  19.000 0.6000000238
15231  13.435  -59.902  15.783 0.6999999881
15247  15.907  -60.025  15.529 0.6000000238
15245  17.889  -60.434  15.126 0.6000000238
15244  19.504  -60.441  14.829 0.6000000238
15263  21.665  -59.877  14.762 0.6999999881
15264  20.766  -60.289  14.199 0.6000000238
15961  23.523  -59.524  14.277 0.6000000238
15262  24.806  -59.922  14.751 0.6999999881
14617  29.322  -61.807  13.400 0.5000000000
134219  27.993  -60.842  12.440 0.4000000060
12108  16.663  -65.539  20.259 0.5000000000
12099  17.579  -65.715  20.839 0.5000000000
11436  17.313  -66.481  21.359 0.5000000000
11425  17.806  -66.706  22.232 0.5000000000
10809  17.731  -67.523  23.783 0.5000000000
134725  18.065  -67.727  24.469 0.5000000000
15267  17.857  -60.726  13.718 0.6000000238
15280  20.092  -60.851  13.294 0.6000000238
114599  21.620  -60.237  13.659 0.4000000060
15977  24.028  -59.609  13.486 0.5000000000
15976  25.369  -59.784  12.789 0.4000000060
15290  27.052  -60.304  12.388 0.4000000060
15975  26.199  -59.968  12.599 0.5000000000
12728  17.945  -64.794  21.138 0.6000000238
12098  18.332  -65.437  21.408 0.5000000000
11424  18.694  -66.361  22.458 0.5000000000
11416  19.072  -66.568  23.499 0.5000000000
10808  18.537  -67.189  24.086 0.5000000000
10801  18.591  -67.488  25.064 0.5000000000
10795  18.146  -68.106  25.816 0.4000000060
131819  17.467  -67.515  26.737 0.5000000000
11381  16.769  -67.034  26.877 0.4000000060
11382  15.856  -66.579  26.641 0.4000000060
10145  14.837  -68.298  27.376 0.4000000060
15279  20.900  -60.839  12.887 0.6000000238
121416  21.777  -60.838  12.523 0.4000000060
15991  24.730  -60.327  11.747 0.4000000060
113053  26.344  -60.339  11.341 0.4000000060
12088  19.504  -65.068  22.482 0.5000000000
11423  19.448  -65.862  22.896 0.4000000060
11415  19.827  -65.988  24.065 0.4000000060
11395  19.493  -66.172  25.220 0.5000000000
12055  18.997  -65.759  25.874 0.4000000060
12044  18.383  -66.277  26.215 0.5000000000
12056  18.200  -65.333  26.040 0.4000000060
121400  17.169  -65.353  26.016 0.5000000000
12045  17.696  -65.978  26.328 0.5000000000
12686  16.559  -64.786  25.538 0.3000000119
12047  15.869  -65.946  26.102 0.3000000119
12059  14.630  -65.698  25.130 0.3000000119
15293  22.913  -61.224  11.246 0.4000000060
12714  19.896  -64.398  23.028 0.5000000000
12078  20.010  -65.204  23.369 0.5000000000
12068  20.019  -65.375  24.878 0.4000000060
13889  19.599  -62.735  23.249 0.4000000060
13280  20.103  -63.566  23.516 0.4000000060
13271  20.497  -63.993  24.873 0.4000000060
13846  20.032  -62.799  26.100 0.4000000060
13880  20.236  -62.613  23.909 0.4000000060
13869  20.674  -62.475  24.686 0.4000000060
125270  20.623  -63.112  25.121 0.4000000060
15141  20.912  -60.892  24.352 0.4000000060
14493  20.742  -61.492  25.755 0.4000000060
126031  20.067  -62.055  26.360 0.4000000060
14481  18.759  -61.520  26.585 0.4000000060
14503  20.870  -61.620  25.027 0.4000000060
15149  20.743  -60.741  23.394 0.3000000119
15118  20.681  -60.563  26.038 0.4000000060
15825  20.160  -60.085  26.344 0.4000000060
15127  18.454  -60.217  26.425 0.4000000060
15140  21.345  -60.442  23.819 0.4000000060
15128  17.507  -60.550  26.269 0.4000000060
16530  17.530  -58.726  25.464 0.4000000060
15847  22.483  -59.455  23.292 0.3000000119
131884  22.066  -59.528  24.134 0.4000000060
15840  21.818  -59.322  24.856 0.4000000060
15831  20.595  -59.496  25.948 0.4000000060
16528  19.842  -58.793  25.824 0.4000000060
16529  18.386  -58.858  25.748 0.4000000060
16540  19.916  -58.032  25.263 0.3000000119
15246  16.826  -60.241  15.360 0.6000000238
12743  14.769  -64.717  19.346 0.5000000000
15281  19.307  -61.300  12.556 0.6000000238
15292  23.805  -61.068  10.890 0.4000000060
12800  17.062  -64.905  16.060 0.6000000238
13345  22.765  -63.330  17.761 0.6999999881
14569  21.728  -61.697  17.557 0.6999999881
14583  29.425  -61.774  16.504 0.5000000000
14600  29.274  -61.804  15.504 0.5000000000
13379  27.861  -63.437  15.728 0.5000000000
13975  28.271  -62.902  15.275 0.4000000060
13977  26.796  -63.071  14.992 0.6000000238
125741  10.539  -67.033  18.572 0.5000000000
13964  14.581  -62.202  16.989 0.6999999881
13978  25.612  -62.124  15.486 0.6000000238
12752  10.592  -64.514  18.087 0.6000000238
13950  16.633  -62.302  17.529 0.6999999881
14588  20.304  -61.032  17.030 0.8000000119
15221  24.123  -60.669  16.274 0.6999999881
10836  13.613  -67.383  20.952 0.4000000060
14591  15.310  -60.785  17.013 0.6000000238
15206  17.746  -60.957  17.081 0.6000000238
124788  21.937  -59.943  15.742 0.6999999881
15240  23.696  -59.947  15.820 0.6999999881
14608  29.880  -61.371  13.867 0.5000000000
14599  29.727  -61.196  15.041 0.5000000000
15239  24.503  -60.255  15.530 0.6999999881
14611  26.307  -61.382  14.231 0.6000000238
15228  16.443  -60.347  16.347 0.6999999881
113599  18.885  -60.507  15.525 0.6999999881
15243  20.275  -60.269  15.175 0.6999999881
15960  24.289  -59.600  14.306 0.6000000238
14000  27.762  -61.749  13.408 0.6000000238
14624  28.577  -61.656  12.951 0.6000000238
11448  16.722  -66.259  20.579 0.5000000000
11437  16.263  -66.879  21.392 0.5000000000
11426  16.829  -67.009  22.253 0.4000000060
114712  18.701  -60.602  14.340 0.6000000238
15962  22.516  -59.697  14.231 0.6000000238
10144  15.736  -68.205  27.293 0.3000000119
15278  22.331  -60.193  13.235 0.5000000000
15990  25.644  -60.085  11.947 0.4000000060
11396  18.912  -66.613  25.853 0.5000000000
12046  16.783  -66.127  26.423 0.4000000060
10777  14.910  -66.975  26.891 0.4000000060
15133  21.550  -60.104  24.569 0.4000000060
15134  21.027  -60.746  25.289 0.4000000060
10338  39.506  -68.328  7.623 0.3000000119
9762  39.083  -68.840  8.588 0.3000000119
11516  30.767  -66.885  14.693 0.4000000060
12182  32.719  -65.627  14.340 0.4000000060
12192  32.872  -65.768  13.487 0.4000000060
12201  33.331  -65.619  12.975 0.4000000060
117888  30.271  -66.127  15.980 0.4000000060
10886  29.395  -67.595  15.445 0.4000000060
11506  28.742  -67.159  16.136 0.4000000060
134834  28.173  -66.794  16.448 0.5000000000
10869  27.164  -67.735  16.370 0.5000000000
11485  25.740  -67.095  16.719 0.5000000000
12799  32.547  -64.741  16.018 0.4000000060
11503  31.493  -65.946  15.221 0.5000000000
10885  30.171  -66.870  15.401 0.5000000000
126895  24.816  -67.591  16.545 0.5000000000
12798  33.419  -64.743  15.628 0.5000000000
12183  32.134  -65.668  15.020 0.5000000000
12181  33.609  -65.081  14.732 0.5000000000
117294  34.495  -65.015  14.282 0.4000000060
12200  34.188  -65.301  12.697 0.4000000060
131948  34.963  -65.105  12.763 0.4000000060
12210  35.585  -64.997  11.671 0.3000000119
11547  36.540  -65.937  11.496 0.4000000060
13364  31.364  -63.862  17.022 0.4000000060
135270  29.641  -65.011  16.677 0.4000000060
12149  28.934  -65.199  16.625 0.4000000060
121155  32.078  -63.483  17.126 0.4000000060
12147  31.193  -65.138  16.278 0.4000000060
12148  30.399  -65.282  16.439 0.4000000060
131525  28.721  -66.171  16.469 0.4000000060
11483  27.822  -66.140  16.608 0.5000000000
12151  27.049  -66.205  16.689 0.5000000000
114177  32.288  -64.089  16.640 0.4000000060
12173  31.843  -65.318  15.733 0.4000000060
11481  31.015  -65.716  15.868 0.4000000060
123526  27.294  -65.418  16.611 0.5000000000
115902  26.286  -66.242  16.830 0.5000000000
129021  24.992  -66.794  16.889 0.5000000000
12153  24.676  -66.159  17.169 0.6000000238
12135  23.349  -65.315  17.510 0.6000000238
11488  22.493  -66.711  16.712 0.6000000238
12783  24.292  -63.925  17.419 0.6000000238
12756  24.032  -64.701  17.526 0.6000000238
11472  22.010  -66.133  17.172 0.5000000000
120839  35.172  -65.160  13.960 0.4000000060
12760  20.421  -64.700  17.762 0.5000000000
12188  35.732  -65.536  12.983 0.4000000060
133029  35.974  -65.813  13.577 0.4000000060
12197  36.103  -65.502  12.165 0.4000000060
12778  29.191  -64.305  16.735 0.4000000060
129990  28.352  -63.933  16.369 0.5000000000
12780  27.572  -64.606  16.390 0.5000000000
12781  26.602  -64.805  16.612 0.5000000000
12152  26.003  -65.450  16.933 0.5000000000
13368  26.173  -63.954  16.462 0.5000000000
12134  24.315  -65.407  17.393 0.6000000238
13369  25.262  -63.715  16.979 0.6000000238
12755  24.819  -64.611  17.293 0.6000000238
10353  40.024  -67.787  6.523 0.3000000119
9206  39.045  -69.891  9.909 0.3000000119
9720  37.350  -69.463  12.589 0.3000000119
13340  31.486  -62.973  17.383 0.4000000060
13940  30.827  -62.311  17.464 0.4000000060
13341  30.527  -63.186  17.302 0.4000000060
118905  29.853  -63.718  17.047 0.4000000060
13959  29.384  -62.557  16.782 0.4000000060
134778  27.539  -63.945  16.079 0.5000000000
13960  28.637  -63.101  16.225 0.4000000060
13367  26.910  -64.066  16.119 0.5000000000
12757  22.682  -64.822  17.635 0.6000000238
12137  21.583  -65.467  17.427 0.5000000000
13342  29.769  -63.047  17.150 0.4000000060
11482  29.593  -65.753  16.408 0.4000000060
10872  23.862  -67.535  16.461 0.5000000000
10296  36.940  -68.797  12.152 0.3000000119
13365  30.527  -63.974  17.058 0.4000000060
12779  28.413  -64.655  16.543 0.5000000000
130996  26.652  -65.594  16.748 0.5000000000
12782  25.699  -64.631  16.964 0.6000000238
18686  22.801  -55.146  12.521 0.3000000119
9767  40.366  -68.768  7.004 0.3000000119
10163  15.381  -68.968  27.176 0.3000000119
10229  10.660  -68.462  19.239 0.4000000060
10236  10.503  -68.664  18.444 0.4000000060
10251  24.333  -68.152  16.064 0.5000000000
10759  15.138  -67.656  27.254 0.4000000060
10774  18.465  -66.937  26.270 0.5000000000
10775  18.171  -67.539  26.383 0.4000000060
10776  15.863  -67.377  27.096 0.4000000060
10794  18.654  -67.331  25.811 0.4000000060
10803  17.486  -68.186  24.306 0.5000000000
10814  17.282  -67.246  23.034 0.5000000000
10822  16.059  -67.350  22.361 0.5000000000
10824  14.098  -67.726  21.822 0.4000000060
10853  10.359  -67.722  18.185 0.5000000000
10860  10.253  -67.581  17.474 0.5000000000
10870  26.308  -67.824  16.415 0.5000000000
10871  25.567  -67.909  16.406 0.5000000000
11380  17.742  -66.775  26.575 0.5000000000
11397  14.981  -66.193  26.061 0.4000000060
11407  19.193  -66.762  24.555 0.5000000000
11417  18.212  -66.943  23.148 0.5000000000
11435  18.208  -66.130  21.580 0.5000000000
11449  15.280  -66.194  19.758 0.5000000000
11450  13.633  -66.745  19.928 0.5000000000
11451  12.769  -67.251  20.392 0.4000000060
11464  11.195  -65.880  18.588 0.6000000238
11470  23.805  -66.175  17.276 0.6000000238
11471  22.896  -66.170  17.254 0.6000000238
11473  10.291  -66.934  17.907 0.5000000000
11484  26.691  -67.010  16.657 0.5000000000
11486  24.246  -66.897  16.945 0.5000000000
11487  23.376  -66.849  16.880 0.6000000238
11504  30.829  -66.327  15.332 0.4000000060
11505  29.512  -66.645  16.049 0.4000000060
11532  36.151  -66.046  12.977 0.4000000060
12057  16.285  -65.440  25.799 0.3000000119
12058  15.484  -65.542  25.479 0.3000000119
12067  20.242  -65.200  24.160 0.4000000060
12089  18.932  -65.652  21.985 0.5000000000
12116  14.453  -65.592  19.275 0.5000000000
12123  12.925  -65.175  18.655 0.6000000238
12125  10.609  -65.391  18.204 0.6000000238
12133  25.184  -65.394  17.174 0.5000000000
12136  22.407  -65.495  17.461 0.6000000238
12138  20.779  -65.362  17.406 0.5000000000
12139  19.990  -65.250  17.343 0.5000000000
12140  19.284  -65.156  17.263 0.6000000238
12141  10.096  -65.676  17.736 0.6000000238
12150  28.109  -65.339  16.600 0.5000000000
12158  17.842  -65.137  16.320 0.6000000238
12159  9.895  -65.995  17.034 0.5000000000
12172  32.737  -65.219  15.252 0.5000000000
12177  16.808  -65.073  15.170 0.6000000238
12178  9.096  -65.442  15.383 0.5000000000
12189  35.309  -65.227  13.191 0.4000000060
12190  34.700  -65.128  13.413 0.4000000060
12191  33.738  -65.339  13.701 0.4000000060
12198  35.472  -65.192  12.460 0.4000000060
12209  36.201  -65.211  11.209 0.4000000060
12684  19.062  -64.655  25.921 0.4000000060
12695  20.331  -64.737  24.662 0.4000000060
12705  20.404  -64.407  23.949 0.5000000000
12715  19.327  -64.327  22.423 0.5000000000
12738  17.141  -64.764  20.645 0.5000000000
12744  14.077  -64.708  19.020 0.5000000000
12749  13.333  -64.580  18.734 0.6000000238
12750  12.499  -64.540  18.543 0.6000000238
12758  21.978  -64.849  17.684 0.6999999881
12759  21.211  -64.790  17.739 0.6999999881
12762  18.701  -64.609  17.478 0.6000000238
12763  17.861  -64.192  17.408 0.6000000238
12764  16.969  -63.788  17.291 0.6000000238
12776  31.705  -64.633  16.406 0.4000000060
12777  30.887  -64.573  16.699 0.4000000060
12785  17.365  -64.576  16.877 0.6000000238
12787  15.812  -64.112  16.388 0.6000000238
12788  8.893  -64.693  16.059 0.6999999881
12815  11.768  -64.530  13.227 0.5000000000
12816  9.984  -64.909  13.584 0.5000000000
12823  10.413  -65.334  12.949 0.5000000000
13279  20.534  -63.401  24.331 0.4000000060
13287  18.776  -63.696  22.217 0.5000000000
13303  17.315  -63.238  21.466 0.6000000238
13320  16.054  -63.530  20.441 0.6999999881
13321  15.539  -63.743  20.029 0.6999999881
13322  14.965  -63.070  19.947 0.6999999881
13325  14.369  -63.337  19.482 0.6999999881
13330  12.024  -63.767  18.458 0.6000000238
13331  11.066  -63.686  18.207 0.6000000238
13343  24.488  -63.093  17.199 0.6999999881
13346  20.816  -63.140  18.139 0.6000000238
13347  19.237  -63.783  17.988 0.6000000238
13352  8.427  -63.022  16.763 0.6999999881
13363  32.820  -63.594  16.995 0.4000000060
13366  29.219  -63.412  16.732 0.4000000060
13373  8.495  -63.600  16.347 0.6999999881
13382  25.827  -63.222  16.190 0.6000000238
13383  14.929  -63.843  16.098 0.6000000238
13384  14.265  -63.848  15.387 0.6000000238
13386  9.052  -62.877  15.374 0.6999999881
13393  13.762  -63.796  14.801 0.6000000238
13395  12.249  -63.127  15.184 0.6999999881
13397  9.606  -63.733  14.645 0.6999999881
13404  12.797  -63.985  13.857 0.6000000238
13845  20.484  -62.164  26.017 0.4000000060
13848  18.438  -62.110  26.501 0.4000000060
13858  20.689  -62.291  25.423 0.4000000060
13890  18.877  -62.805  22.682 0.5000000000
13904  16.396  -62.125  21.191 0.5000000000
13927  13.490  -62.048  19.284 0.6000000238
13930  12.642  -62.213  18.765 0.6999999881
13932  10.613  -62.679  18.020 0.6000000238
13941  30.044  -62.419  17.298 0.4000000060
13942  23.936  -62.580  17.361 0.6999999881
13944  22.249  -62.479  17.789 0.6999999881
13949  17.501  -62.383  17.636 0.6999999881
13951  15.891  -62.261  17.399 0.6999999881
13952  15.258  -61.730  17.250 0.6999999881
13953  8.528  -62.517  16.991 0.6999999881
13962  23.694  -61.824  17.238 0.6999999881
13965  13.879  -62.005  16.698 0.6999999881
13966  13.069  -62.011  16.350 0.6999999881
13968  8.369  -62.731  16.392 0.6999999881
13980  11.309  -62.007  15.552 0.6999999881
13982  8.939  -61.978  15.906 0.6999999881
13987  28.213  -62.605  14.321 0.5000000000
13988  27.648  -62.490  14.085 0.6000000238
13990  11.974  -62.529  15.499 0.6999999881
14479  20.348  -61.438  26.263 0.4000000060
14480  19.648  -61.483  26.541 0.4000000060
14512  20.483  -61.695  24.205 0.4000000060
14513  19.782  -61.723  23.404 0.5000000000
14520  19.048  -61.407  22.766 0.5000000000
14530  17.789  -61.108  21.850 0.5000000000
14531  17.210  -61.318  21.619 0.5000000000
14533  16.023  -61.385  21.085 0.4000000060
14544  14.164  -60.807  19.976 0.5000000000
14550  14.033  -61.527  19.751 0.6000000238
14556  12.159  -61.588  18.586 0.6999999881
14557  11.401  -61.341  18.281 0.6999999881
14558  10.495  -61.100  17.814 0.8000000119
14568  22.745  -61.655  17.434 0.6999999881
14572  18.968  -61.760  17.562 0.6000000238
14573  18.067  -61.668  17.515 0.6999999881
14574  17.160  -61.550  17.464 0.6999999881
14585  23.636  -61.083  16.869 0.6999999881
14586  22.092  -60.962  17.091 0.6999999881
14587  21.187  -61.024  17.057 0.8000000119
14590  18.609  -61.106  17.099 0.6000000238
14594  9.012  -61.008  16.774 0.8999999762
14602  11.543  -61.214  15.755 0.6999999881
14604  9.677  -61.401  15.784 0.8000000119
14605  9.106  -61.193  16.318 0.8000000119
14609  29.332  -61.943  14.338 0.5000000000
14612  25.651  -61.391  14.928 0.6999999881
14625  20.231  -61.643  11.301 0.6999999881
15119  19.990  -60.751  26.492 0.4000000060
15120  19.096  -60.819  26.594 0.4000000060
15121  18.302  -60.913  26.529 0.4000000060
15126  21.296  -59.886  25.470 0.4000000060
15142  20.326  -61.126  23.681 0.3000000119
15148  21.389  -60.451  23.012 0.4000000060
15151  19.038  -60.874  22.213 0.5000000000
15158  21.411  -60.437  22.070 0.4000000060
15163  16.586  -60.740  21.204 0.5000000000
15173  18.850  -60.303  20.944 0.4000000060
15176  15.690  -60.620  20.783 0.4000000060
15177  14.877  -60.672  20.383 0.4000000060
15187  13.696  -60.287  19.609 0.5000000000
15196  10.308  -60.410  17.544 0.8000000119
15207  16.841  -60.792  17.041 0.6000000238
15208  16.064  -60.665  16.909 0.6000000238
15210  9.880  -59.996  17.149 0.8000000119
15211  9.479  -60.318  16.837 0.8999999762
15222  23.293  -60.421  16.473 0.6999999881
15226  18.290  -60.638  16.343 0.6999999881
15229  15.541  -60.306  16.359 0.6999999881
15232  12.879  -60.452  16.091 0.8000000119
15238  25.122  -60.596  15.104 0.6999999881
15241  22.798  -59.871  15.878 0.6999999881
15242  21.100  -60.124  15.444 0.6999999881
15248  14.987  -59.844  15.471 0.6000000238
15252  10.888  -60.255  15.733 0.8000000119
15254  9.679  -60.591  16.192 0.8000000119
15260  26.270  -60.600  13.784 0.6000000238
15265  20.001  -60.476  14.233 0.6000000238
15266  19.370  -60.727  13.720 0.6000000238
15268  17.031  -60.415  14.128 0.6000000238
15270  15.423  -59.745  14.678 0.6999999881
15276  25.892  -59.968  13.468 0.5000000000
15277  22.652  -60.644  12.349 0.4000000060
15282  17.802  -61.016  12.612 0.6999999881
15284  16.416  -60.141  13.340 0.6999999881
15295  21.094  -61.478  11.651 0.5000000000
15297  18.827  -61.355  11.580 0.6000000238
15299  17.244  -60.767  12.117 0.6999999881
15312  23.054  -61.247  10.368 0.5000000000
15315  20.039  -61.395  10.807 0.6000000238
15317  18.123  -60.938  11.305 0.6999999881
15318  17.572  -60.713  11.746 0.6999999881
15330  23.189  -60.673  9.917 0.5000000000
15332  21.564  -61.334  10.547 0.6000000238
15333  19.814  -60.862  10.623 0.6000000238
15826  19.381  -60.116  26.469 0.4000000060
15832  19.678  -59.465  26.216 0.4000000060
15833  18.788  -59.493  26.218 0.4000000060
15834  17.760  -59.556  26.017 0.4000000060
15848  21.892  -60.041  23.608 0.4000000060
15856  22.047  -60.112  22.653 0.4000000060
15876  20.273  -60.174  20.647 0.4000000060
15878  18.659  -59.833  20.264 0.4000000060
15879  17.950  -59.681  20.148 0.4000000060
15880  17.225  -59.761  20.352 0.3000000119
15893  16.689  -59.358  19.785 0.4000000060
15895  14.739  -59.481  19.626 0.4000000060
15896  13.265  -59.226  18.727 0.6999999881
15897  12.588  -59.841  18.705 0.6999999881
15910  11.638  -59.787  18.142 0.6999999881
15922  12.059  -58.519  17.323 0.6999999881
15923  11.279  -59.073  17.366 0.8000000119
15924  10.410  -59.430  17.020 0.8000000119
15925  9.914  -59.831  16.798 0.8000000119
15943  23.158  -59.567  15.119 0.6999999881
15944  14.702  -59.281  14.311 0.6000000238
15946  13.060  -58.681  14.933 0.8000000119
15948  11.056  -59.255  15.825 0.8000000119
15949  10.923  -58.970  16.121 0.8000000119
15959  24.970  -59.678  13.764 0.6000000238
15964  14.328  -58.731  14.123 0.6000000238
15966  12.966  -58.287  15.025 0.6999999881
15978  23.120  -59.843  13.335 0.5000000000
15979  16.129  -59.701  12.981 0.6000000238
15980  15.638  -59.245  13.314 0.6000000238
15992  23.708  -60.280  12.298 0.5000000000
15993  17.036  -60.202  12.027 0.6000000238
15994  16.462  -59.644  12.598 0.5000000000
16004  20.109  -60.002  10.671 0.5000000000
16006  18.388  -60.363  11.179 0.6000000238
16013  22.330  -60.563  10.115 0.5000000000
16526  21.280  -58.999  25.445 0.4000000060
16563  23.033  -59.104  21.922 0.4000000060
16570  23.427  -58.513  21.559 0.4000000060
16571  22.968  -58.970  21.064 0.4000000060
16578  22.331  -59.292  20.522 0.4000000060
16585  23.845  -57.870  20.208 0.3000000119
16587  22.048  -58.744  19.685 0.4000000060
16589  18.957  -58.730  19.133 0.3000000119
16604  18.504  -58.203  18.566 0.3000000119
16605  17.659  -58.315  18.563 0.3000000119
16606  16.789  -58.380  18.522 0.3000000119
16607  15.886  -58.389  18.438 0.4000000060
16608  14.412  -58.521  18.337 0.6000000238
16609  13.690  -58.689  18.357 0.6000000238
16622  11.456  -58.528  16.778 0.6999999881
16623  10.892  -58.905  16.596 0.8000000119
16632  12.131  -57.959  15.855 0.6999999881
16639  12.462  -58.132  15.448 0.6999999881
16640  11.698  -58.529  15.808 0.6999999881
16648  13.971  -58.255  14.416 0.6999999881
16649  13.251  -57.917  14.880 0.6999999881
16658  15.508  -58.749  13.343 0.6999999881
16665  18.082  -58.636  11.894 0.6000000238
16667  16.160  -58.864  12.820 0.5000000000
16675  21.395  -58.914  10.832 0.5000000000
16678  18.649  -59.275  11.402 0.6000000238
16679  17.992  -59.662  11.529 0.6000000238
16690  24.766  -59.765  9.055 0.4000000060
16704  25.467  -59.857  8.764 0.5000000000
17280  21.452  -57.209  18.742 0.4000000060
17288  20.758  -56.803  18.359 0.4000000060
17295  14.656  -58.057  17.654 0.5000000000
17304  18.587  -57.261  17.517 0.3000000119
17306  16.994  -57.573  17.172 0.4000000060
17307  16.006  -57.673  17.121 0.4000000060
17308  15.066  -57.700  16.986 0.5000000000
17309  14.094  -57.672  16.844 0.6000000238
17320  16.131  -57.449  15.568 0.5000000000
17321  15.024  -57.427  15.366 0.5000000000
17322  13.561  -57.497  15.912 0.6000000238
17323  12.774  -57.657  15.818 0.6999999881
17330  18.866  -57.417  15.342 0.4000000060
17331  17.995  -57.453  14.798 0.4000000060
17334  14.634  -57.601  14.636 0.6000000238
17336  13.199  -57.692  15.292 0.6999999881
17337  12.717  -57.854  15.481 0.6999999881
17346  16.431  -57.565  13.772 0.4000000060
17347  15.685  -57.662  13.908 0.5000000000
17349  14.220  -57.841  14.438 0.5000000000
17351  13.044  -57.932  15.100 0.6999999881
17360  18.696  -56.966  13.188 0.5000000000
17361  18.001  -57.265  12.909 0.5000000000
17364  15.310  -58.088  13.677 0.5000000000
17365  14.583  -58.020  14.087 0.6999999881
17374  16.671  -58.140  12.809 0.5000000000
17382  21.340  -57.604  11.327 0.5000000000
17999  22.119  -55.544  18.425 0.4000000060
18000  21.354  -56.095  18.292 0.4000000060
18001  20.572  -56.379  17.933 0.4000000060
18002  19.886  -56.761  17.773 0.4000000060
18022  21.518  -56.419  16.704 0.5000000000
18023  20.447  -56.803  16.569 0.4000000060
18024  19.524  -56.905  16.827 0.4000000060
18034  21.889  -56.742  15.447 0.4000000060
18036  19.668  -57.287  15.862 0.4000000060
18046  20.340  -56.875  14.114 0.4000000060
18047  19.473  -56.839  13.605 0.4000000060
18063  19.497  -56.545  12.349 0.5000000000
18072  22.572  -56.287  11.452 0.6000000238
18074  20.099  -56.169  12.128 0.5000000000
18633  22.865  -55.024  18.463 0.3000000119
18634  22.197  -55.067  18.098 0.3000000119
18647  22.082  -55.151  17.938 0.4000000060
18648  21.549  -55.725  17.726 0.4000000060
18649  20.865  -56.238  17.492 0.4000000060
18653  23.805  -55.251  16.890 0.3000000119
18663  23.792  -55.535  15.779 0.3000000119
18673  21.737  -55.570  13.422 0.3000000119
19330  24.139  -54.732  14.196 0.3000000119
19342  23.629  -54.842  12.462 0.3000000119
19350  24.154  -54.713  11.749 0.4000000060
112958  15.884  -66.540  20.445 0.5000000000
113557  13.705  -58.643  14.532 0.6000000238
114002  16.802  -59.114  12.358 0.6000000238
114637  11.631  -59.492  15.681 0.8000000119
115108  15.912  -65.015  25.235 0.3000000119
115142  24.568  -59.753  12.842 0.4000000060
115163  21.051  -60.082  20.643 0.4000000060
115307  21.577  -61.590  10.938 0.6000000238
116471  12.671  -58.067  17.075 0.6999999881
118382  9.327  -62.578  17.528 0.6999999881
118667  17.003  -62.988  17.543 0.6999999881
118758  13.836  -62.886  19.282 0.6999999881
119204  8.864  -64.733  15.194 0.6999999881
119205  17.133  -57.456  14.193 0.5000000000
119275  15.136  -58.365  18.254 0.5000000000
119355  14.588  -63.032  16.697 0.6999999881
119449  18.581  -60.992  13.176 0.6000000238
119509  10.399  -62.116  15.384 0.6999999881
119608  30.075  -64.488  16.848 0.4000000060
119654  17.680  -68.179  26.542 0.5000000000
119964  9.885  -61.755  17.666 0.6999999881
120956  16.736  -62.808  21.222 0.5000000000
122125  17.783  -57.535  17.499 0.3000000119
124175  24.619  -54.623  14.887 0.4000000060
124467  18.622  -63.222  17.856 0.6000000238
124699  14.384  -64.088  19.277 0.6000000238
125165  16.175  -66.083  20.002 0.5000000000
125195  21.728  -63.367  17.983 0.6999999881
125507  13.352  -59.120  14.923 0.8000000119
125514  19.048  -58.397  25.491 0.4000000060
125615  25.495  -66.181  17.003 0.5000000000
125702  19.038  -66.921  25.316 0.5000000000
126351  19.141  -58.962  25.967 0.4000000060
127342  14.376  -61.186  16.865 0.8000000119
127593  28.877  -61.972  13.268 0.5000000000
127810  18.439  -61.998  22.604 0.5000000000
127934  22.423  -60.366  16.502 0.8000000119
128603  18.237  -64.658  25.939 0.4000000060
128672  14.397  -60.085  19.982 0.5000000000
128721  24.191  -59.513  9.462 0.5000000000
129123  12.084  -64.118  13.677 0.6000000238
129211  21.444  -60.274  21.309 0.4000000060
129479  13.285  -59.859  19.198 0.6000000238
129489  19.092  -60.589  21.565 0.5000000000
130199  36.628  -68.261  12.544 0.3000000119
130854  16.369  -57.501  16.521 0.4000000060
130950  17.435  -64.081  21.116 0.6000000238
131254  10.458  -59.531  16.158 0.8000000119
131268  14.190  -62.524  16.705 0.6999999881
131696  19.000  -57.079  12.239 0.5000000000
132170  25.575  -62.617  15.998 0.6000000238
132346  12.458  -57.798  16.327 0.6999999881
132419  22.357  -64.142  17.781 0.6999999881
132469  19.023  -60.756  16.449 0.6999999881
132725  17.473  -57.684  12.745 0.5000000000
132993  20.458  -62.773  25.651 0.4000000060
133021  16.762  -68.005  27.032 0.4000000060
133062  22.815  -58.772  20.188 0.4000000060
133094  20.104  -64.015  18.042 0.6999999881
133254  8.541  -62.498  15.975 0.6999999881
133297  27.500  -66.912  16.561 0.5000000000
133518  14.138  -63.459  16.125 0.5000000000
133523  14.352  -66.303  19.627 0.5000000000
133657  13.728  -60.575  16.401 0.6000000238
133782  24.488  -60.947  9.410 0.5000000000
133961  19.628  -61.547  11.711 0.6999999881
134310  27.317  -60.821  13.061 0.6000000238
135290  31.262  -66.401  14.790 0.4000000060
135317  9.853  -60.004  16.437 0.8000000119
135537  22.393  -59.685  15.161 0.6999999881
135584  9.631  -64.495  14.172 0.6999999881
135735  21.505  -58.113  19.131 0.4000000060
136017  18.766  -57.584  18.126 0.4000000060
136534  20.475  -63.575  18.121 0.6999999881
