#!ascii label  , from subject sub-v2s0x29011_ses-1 vox2ras=TkReg
659
64723  19.551  -15.684  -40.698 0.0000000000
72147  27.613  -9.131  -45.748 0.0000000000
80094  25.196  1.234  -48.425 0.0000000000
73814  20.058  -5.665  -47.096 0.0000000000
59655  22.038  -20.440  -40.968 0.0000000000
62700  25.069  -18.064  -43.392 0.0000000000
143365  23.157  -13.618  -45.036 0.0000000000
127906  19.724  -9.095  -44.393 0.0000000000
124004  27.309  -3.946  -46.197 0.0000000000
76543  25.262  -3.276  -55.089 0.0000000000
83719  23.310  5.334  -52.170 0.0000000000
62680  21.362  -18.516  -41.616 0.0000000000
60674  23.583  -19.691  -42.041 0.0000000000
63708  22.356  -17.528  -43.057 0.0000000000
131497  18.236  -10.396  -41.875 0.0000000000
72946  17.897  -8.942  -42.211 0.0000000000
76499  23.049  -3.123  -48.739 0.0000000000
74718  22.681  -5.238  -48.305 0.0000000000
79182  26.337  -1.037  -46.446 0.0000000000
144154  28.101  -2.622  -49.992 0.0000000000
79241  27.036  -0.363  -51.951 0.0000000000
83707  20.311  4.119  -51.854 0.0000000000
81881  21.313  2.700  -50.916 0.0000000000
85577  21.778  6.622  -54.102 0.0000000000
122906  24.761  -11.732  -45.716 0.0000000000
66629  25.649  -13.329  -45.533 0.0000000000
132902  27.421  -11.325  -45.804 0.0000000000
78307  21.821  -1.402  -49.056 0.0000000000
123443  29.030  -6.960  -48.983 0.0000000000
66554  18.635  -13.669  -40.401 0.0000000000
66582  20.735  -14.582  -42.725 0.0000000000
67483  19.133  -12.407  -41.839 0.0000000000
69330  21.056  -11.083  -44.960 0.0000000000
70289  23.617  -9.624  -46.495 0.0000000000
72978  20.096  -7.038  -46.381 0.0000000000
72162  22.265  -7.255  -47.386 0.0000000000
122775  26.021  -7.367  -45.697 0.0000000000
74738  28.164  -5.371  -50.416 0.0000000000
80979  22.108  1.586  -50.101 0.0000000000
81867  24.762  3.231  -49.925 0.0000000000
85617  22.648  6.716  -57.348 0.0000000000
82819  24.002  3.948  -55.712 0.0000000000
81001  25.825  1.421  -53.407 0.0000000000
79280  24.219  -1.065  -56.150 0.0000000000
64775  23.895  -15.759  -44.842 0.0000000000
65685  18.760  -15.190  -39.833 0.0000000000
63675  19.201  -16.287  -39.742 0.0000000000
64722  20.404  -16.670  -41.356 0.0000000000
62693  21.482  -17.984  -42.126 0.0000000000
63698  21.426  -16.837  -42.516 0.0000000000
79207  24.174  -0.526  -48.185 0.0000000000
78284  24.559  -1.751  -47.393 0.0000000000
80069  26.252  0.248  -47.448 0.0000000000
79218  28.039  -0.372  -49.312 0.0000000000
80107  27.604  1.015  -50.185 0.0000000000
84684  19.876  5.833  -53.466 0.0000000000
83736  20.754  4.924  -53.080 0.0000000000
85598  20.576  7.120  -55.026 0.0000000000
70277  25.898  -10.605  -45.631 0.0000000000
127150  25.920  -11.420  -45.710 0.0000000000
70275  27.639  -10.569  -45.792 0.0000000000
77403  21.416  -2.593  -48.611 0.0000000000
131862  21.421  -1.728  -48.734 0.0000000000
60647  21.252  -19.837  -40.678 0.0000000000
59627  21.157  -21.306  -39.976 0.0000000000
58663  22.484  -21.737  -40.066 0.0000000000
59653  23.296  -20.915  -40.815 0.0000000000
62690  24.555  -18.647  -42.965 0.0000000000
61720  25.367  -19.667  -41.590 0.0000000000
67470  18.888  -12.719  -41.327 0.0000000000
68395  18.281  -11.485  -41.243 0.0000000000
144101  18.953  -10.004  -42.946 0.0000000000
69319  19.640  -10.893  -43.388 0.0000000000
70262  21.099  -10.150  -45.480 0.0000000000
122427  22.728  -10.592  -46.130 0.0000000000
71244  22.049  -9.036  -46.570 0.0000000000
72959  19.275  -7.392  -44.453 0.0000000000
72979  19.870  -6.347  -46.509 0.0000000000
75573  24.629  -4.728  -46.849 0.0000000000
73820  22.741  -6.316  -47.750 0.0000000000
136276  24.273  -6.367  -46.771 0.0000000000
123783  24.856  -7.609  -46.149 0.0000000000
74700  26.521  -5.741  -45.881 0.0000000000
74717  28.226  -5.678  -48.049 0.0000000000
75590  28.145  -4.666  -48.356 0.0000000000
77421  26.462  -2.649  -52.813 0.0000000000
139144  27.047  -3.911  -52.235 0.0000000000
83706  22.570  4.538  -51.916 0.0000000000
80988  21.967  2.214  -50.757 0.0000000000
81878  22.380  3.061  -51.180 0.0000000000
80978  22.840  1.904  -49.990 0.0000000000
83704  24.611  4.655  -51.436 0.0000000000
81897  24.909  2.945  -54.418 0.0000000000
81016  24.203  1.384  -55.495 0.0000000000
80149  24.589  0.099  -54.916 0.0000000000
66595  21.831  -14.457  -43.884 0.0000000000
65727  22.558  -15.589  -44.172 0.0000000000
66613  23.319  -14.351  -44.892 0.0000000000
66627  26.710  -13.279  -45.615 0.0000000000
65725  26.140  -14.764  -44.911 0.0000000000
134682  20.658  -18.819  -40.739 0.0000000000
60665  21.568  -19.538  -41.058 0.0000000000
60662  22.799  -19.815  -41.749 0.0000000000
62691  22.239  -18.774  -42.188 0.0000000000
61740  22.510  -18.439  -42.605 0.0000000000
62715  23.877  -17.658  -43.745 0.0000000000
71189  17.717  -9.891  -41.352 0.0000000000
72121  17.919  -9.535  -42.010 0.0000000000
72134  19.038  -8.810  -43.580 0.0000000000
128947  21.384  -4.727  -48.258 0.0000000000
74721  21.233  -5.324  -47.993 0.0000000000
75591  22.593  -4.586  -48.493 0.0000000000
130540  24.219  -3.801  -47.580 0.0000000000
77370  27.058  -2.422  -46.013 0.0000000000
121242  28.268  -2.887  -48.616 0.0000000000
77386  28.257  -1.959  -48.211 0.0000000000
78323  27.586  -1.621  -51.253 0.0000000000
78333  26.174  -1.743  -53.031 0.0000000000
82759  20.695  3.198  -50.660 0.0000000000
82775  20.705  3.515  -51.753 0.0000000000
83721  21.135  4.391  -52.611 0.0000000000
84668  22.859  5.824  -52.752 0.0000000000
67504  23.418  -12.859  -45.399 0.0000000000
66631  24.466  -13.715  -45.176 0.0000000000
68439  25.141  -12.343  -45.658 0.0000000000
123556  26.493  -12.216  -45.870 0.0000000000
75582  20.375  -4.571  -47.721 0.0000000000
76501  21.365  -3.438  -48.524 0.0000000000
77401  22.124  -2.275  -48.930 0.0000000000
80081  23.814  0.095  -48.660 0.0000000000
60661  24.441  -20.200  -41.391 0.0000000000
123888  28.640  -7.976  -47.415 0.0000000000
144107  29.090  -8.657  -47.534 0.0000000000
135069  18.904  -14.499  -40.467 0.0000000000
65705  20.473  -15.437  -42.068 0.0000000000
66568  19.599  -14.024  -41.580 0.0000000000
122135  20.393  -13.805  -42.627 0.0000000000
67497  20.879  -13.238  -43.512 0.0000000000
69303  18.427  -11.157  -41.725 0.0000000000
68416  19.868  -11.803  -43.166 0.0000000000
68426  21.655  -12.443  -44.714 0.0000000000
69345  22.664  -11.496  -45.741 0.0000000000
70279  24.165  -10.526  -46.136 0.0000000000
71243  24.677  -9.681  -46.109 0.0000000000
72135  18.993  -8.267  -43.706 0.0000000000
71231  19.586  -8.553  -44.422 0.0000000000
72990  20.853  -6.416  -47.310 0.0000000000
72989  21.226  -7.036  -47.143 0.0000000000
71245  21.479  -8.338  -46.635 0.0000000000
71258  23.150  -8.697  -46.818 0.0000000000
72975  25.392  -8.384  -45.847 0.0000000000
119909  27.539  -8.347  -45.770 0.0000000000
72984  28.380  -7.293  -47.270 0.0000000000
73843  28.461  -6.038  -49.840 0.0000000000
120197  27.998  -3.916  -50.032 0.0000000000
80097  22.165  0.014  -49.644 0.0000000000
80967  23.436  1.399  -49.348 0.0000000000
81855  25.429  2.669  -49.502 0.0000000000
86479  22.380  7.321  -55.708 0.0000000000
84695  23.915  6.656  -54.151 0.0000000000
83765  23.505  5.333  -56.341 0.0000000000
83751  24.905  5.396  -53.900 0.0000000000
82783  25.807  4.261  -52.410 0.0000000000
81885  26.402  3.424  -52.110 0.0000000000
134586  27.092  2.259  -50.582 0.0000000000
80128  26.649  0.884  -52.367 0.0000000000
79264  25.162  -0.879  -54.148 0.0000000000
78344  24.597  -1.870  -55.871 0.0000000000
64745  21.727  -16.447  -42.949 0.0000000000
63722  22.892  -17.165  -43.689 0.0000000000
64756  24.776  -16.531  -44.683 0.0000000000
65740  24.928  -14.784  -44.952 0.0000000000
64772  25.643  -15.384  -44.839 0.0000000000
64724  18.974  -15.077  -40.265 0.0000000000
64712  19.098  -15.685  -40.054 0.0000000000
64711  19.678  -16.467  -40.470 0.0000000000
63699  21.150  -17.250  -42.088 0.0000000000
64735  20.815  -16.334  -42.054 0.0000000000
120929  25.176  0.012  -47.599 0.0000000000
80079  25.722  0.739  -47.989 0.0000000000
80078  26.765  0.748  -48.092 0.0000000000
138601  26.953  1.633  -49.092 0.0000000000
84697  20.139  6.135  -53.897 0.0000000000
124699  26.489  -9.771  -45.552 0.0000000000
128744  26.888  -10.389  -45.604 0.0000000000
71242  27.672  -9.848  -45.762 0.0000000000
60646  21.622  -20.118  -40.823 0.0000000000
59641  21.240  -20.547  -40.411 0.0000000000
59640  21.600  -20.891  -40.494 0.0000000000
130787  22.024  -21.202  -40.494 0.0000000000
58662  23.235  -21.572  -40.244 0.0000000000
59639  22.559  -21.064  -40.685 0.0000000000
62689  25.419  -18.595  -42.738 0.0000000000
62699  25.792  -18.025  -43.031 0.0000000000
63697  26.498  -17.705  -42.825 0.0000000000
68388  18.280  -11.835  -40.768 0.0000000000
71222  19.199  -9.327  -43.557 0.0000000000
70252  19.535  -9.936  -43.735 0.0000000000
71229  20.349  -9.366  -45.105 0.0000000000
124790  21.262  -9.187  -46.092 0.0000000000
73806  19.533  -6.460  -45.676 0.0000000000
143815  25.369  -4.914  -46.263 0.0000000000
121352  26.062  -4.945  -45.954 0.0000000000
75570  27.144  -4.901  -46.070 0.0000000000
136611  27.774  -5.215  -46.554 0.0000000000
139882  27.830  -4.478  -46.624 0.0000000000
77433  25.489  -3.224  -54.212 0.0000000000
76536  25.972  -3.474  -53.585 0.0000000000
82772  22.452  3.809  -51.556 0.0000000000
83705  23.525  4.711  -51.617 0.0000000000
82771  23.543  3.975  -51.033 0.0000000000
83718  24.543  5.300  -52.170 0.0000000000
128746  23.956  1.900  -55.956 0.0000000000
81024  23.214  1.034  -56.957 0.0000000000
80160  23.578  0.205  -56.689 0.0000000000
66614  22.496  -14.043  -44.536 0.0000000000
66594  22.522  -14.821  -44.349 0.0000000000
125479  27.530  -12.945  -45.637 0.0000000000
66607  27.323  -13.664  -45.299 0.0000000000
62666  20.821  -18.376  -41.190 0.0000000000
62667  20.238  -18.138  -40.559 0.0000000000
61709  21.179  -19.067  -41.018 0.0000000000
61723  21.672  -19.084  -41.456 0.0000000000
61722  22.037  -19.179  -41.721 0.0000000000
62704  21.957  -17.922  -42.545 0.0000000000
136274  22.183  -18.351  -42.432 0.0000000000
62703  22.418  -18.045  -42.812 0.0000000000
62702  23.333  -18.056  -43.304 0.0000000000
63707  22.825  -17.782  -43.269 0.0000000000
72929  16.660  -7.884  -40.924 0.0000000000
72106  17.966  -9.775  -41.734 0.0000000000
129320  18.205  -9.603  -42.234 0.0000000000
72120  18.085  -9.104  -42.318 0.0000000000
75593  21.566  -4.203  -48.463 0.0000000000
75592  21.998  -4.388  -48.560 0.0000000000
76500  22.348  -3.721  -48.705 0.0000000000
78283  25.319  -1.266  -46.755 0.0000000000
77378  24.388  -2.712  -47.485 0.0000000000
78273  25.768  -1.721  -46.286 0.0000000000
139585  25.885  -2.551  -46.116 0.0000000000
78272  26.441  -1.802  -46.078 0.0000000000
77376  27.806  -2.023  -46.641 0.0000000000
78282  27.786  -1.237  -46.915 0.0000000000
79230  27.740  0.029  -50.296 0.0000000000
78317  27.890  -0.999  -50.380 0.0000000000
79240  27.514  -0.623  -51.204 0.0000000000
142250  26.699  -1.770  -52.467 0.0000000000
129296  26.583  -1.036  -52.518 0.0000000000
122375  19.931  5.045  -51.804 0.0000000000
126365  20.192  3.861  -50.525 0.0000000000
122014  20.511  3.595  -51.251 0.0000000000
82786  20.504  4.015  -52.195 0.0000000000
84682  21.214  5.741  -53.527 0.0000000000
83735  21.699  5.344  -52.957 0.0000000000
84681  22.363  6.218  -53.408 0.0000000000
68440  23.966  -12.181  -45.651 0.0000000000
121510  24.587  -12.394  -45.583 0.0000000000
121904  25.336  -11.759  -45.721 0.0000000000
69342  26.577  -11.734  -45.795 0.0000000000
121102  25.999  -12.054  -45.782 0.0000000000
69341  27.140  -12.001  -45.876 0.0000000000
68435  27.678  -12.278  -45.797 0.0000000000
74711  19.924  -4.474  -47.406 0.0000000000
75595  20.571  -4.011  -48.030 0.0000000000
119556  21.089  -4.089  -48.326 0.0000000000
77402  21.691  -2.219  -48.782 0.0000000000
78306  22.625  -1.495  -49.028 0.0000000000
79219  22.384  -0.680  -49.315 0.0000000000
124302  23.420  -20.321  -41.403 0.0000000000
139455  25.959  -19.818  -40.944 0.0000000000
66543  18.644  -14.245  -40.128 0.0000000000
66553  18.812  -13.894  -40.646 0.0000000000
66552  19.173  -14.258  -41.027 0.0000000000
67469  19.406  -13.245  -41.690 0.0000000000
67482  19.805  -13.087  -42.329 0.0000000000
67481  20.428  -13.391  -42.883 0.0000000000
68403  20.156  -12.692  -42.965 0.0000000000
136848  17.954  -10.720  -41.380 0.0000000000
134456  18.174  -10.936  -41.523 0.0000000000
70245  18.373  -10.753  -41.891 0.0000000000
69309  19.164  -11.291  -42.552 0.0000000000
69318  20.416  -11.404  -44.042 0.0000000000
68415  20.747  -12.373  -43.877 0.0000000000
126495  21.130  -11.805  -44.552 0.0000000000
68425  22.550  -12.337  -45.356 0.0000000000
69329  21.797  -11.705  -45.240 0.0000000000
70281  22.690  -9.692  -46.486 0.0000000000
138380  23.334  -10.336  -46.302 0.0000000000
140812  23.645  -10.168  -46.337 0.0000000000
70288  24.295  -10.029  -46.219 0.0000000000
72960  18.614  -8.005  -43.348 0.0000000000
119537  19.461  -7.996  -44.503 0.0000000000
72141  19.910  -7.785  -45.439 0.0000000000
74719  22.120  -5.112  -48.363 0.0000000000
73823  21.047  -5.904  -47.682 0.0000000000
73822  21.673  -6.058  -47.848 0.0000000000
72986  22.613  -6.909  -47.509 0.0000000000
72988  21.842  -6.846  -47.509 0.0000000000
72164  21.630  -7.694  -46.992 0.0000000000
72163  22.081  -7.891  -47.054 0.0000000000
71260  22.113  -8.368  -46.834 0.0000000000
72161  22.853  -7.825  -47.172 0.0000000000
72976  24.222  -8.102  -46.608 0.0000000000
137521  26.607  -8.125  -45.603 0.0000000000
72974  27.314  -7.502  -45.781 0.0000000000
72973  28.149  -7.756  -46.430 0.0000000000
138579  27.938  -6.772  -46.457 0.0000000000
74732  28.237  -5.498  -49.186 0.0000000000
73830  28.450  -6.288  -48.755 0.0000000000
135083  28.410  -5.966  -51.038 0.0000000000
134757  27.973  -5.599  -51.602 0.0000000000
120848  28.172  -3.096  -49.615 0.0000000000
120198  28.170  -3.813  -49.042 0.0000000000
76519  27.862  -3.146  -50.554 0.0000000000
81870  21.342  2.450  -50.343 0.0000000000
80980  22.036  1.440  -49.859 0.0000000000
80112  21.555  0.973  -49.370 0.0000000000
80111  21.618  0.518  -49.449 0.0000000000
80098  21.305  -0.056  -49.376 0.0000000000
79231  21.637  -0.099  -49.510 0.0000000000
80110  22.067  0.678  -49.703 0.0000000000
81868  23.479  2.816  -50.188 0.0000000000
80977  24.064  2.368  -49.579 0.0000000000
86486  22.431  7.342  -56.632 0.0000000000
85609  23.068  6.972  -56.279 0.0000000000
85585  23.437  6.908  -54.640 0.0000000000
84709  23.597  6.335  -55.877 0.0000000000
133110  23.495  4.250  -56.379 0.0000000000
83777  23.001  4.536  -57.145 0.0000000000
83764  24.034  5.397  -55.536 0.0000000000
82808  24.544  4.772  -54.806 0.0000000000
134581  25.296  5.005  -53.377 0.0000000000
140261  25.110  4.243  -54.083 0.0000000000
81002  25.451  2.357  -53.779 0.0000000000
81891  25.943  3.430  -53.063 0.0000000000
133300  26.233  2.457  -52.919 0.0000000000
81876  26.678  2.898  -51.495 0.0000000000
80995  26.434  1.579  -52.685 0.0000000000
80994  26.849  1.656  -52.073 0.0000000000
79271  24.278  -0.631  -55.578 0.0000000000
80148  25.116  -0.073  -54.196 0.0000000000
79265  24.700  -0.796  -54.796 0.0000000000
134418  24.916  -1.616  -54.616 0.0000000000
78340  24.527  -1.452  -55.427 0.0000000000
65718  20.799  -15.249  -42.527 0.0000000000
64746  21.137  -15.994  -42.551 0.0000000000
65717  21.419  -15.500  -43.039 0.0000000000
65726  23.212  -15.767  -44.573 0.0000000000
64758  22.690  -16.397  -43.987 0.0000000000
122861  23.378  -16.509  -44.351 0.0000000000
137750  23.536  -17.047  -44.121 0.0000000000
64757  24.037  -16.508  -44.606 0.0000000000
66630  24.856  -13.533  -45.275 0.0000000000
66611  24.691  -14.164  -45.058 0.0000000000
66610  25.234  -13.948  -45.153 0.0000000000
64754  26.117  -15.789  -44.594 0.0000000000
64755  25.479  -16.138  -44.739 0.0000000000
122944  20.331  -17.483  -40.952 0.0000000000
63687  20.933  -17.805  -41.649 0.0000000000
142939  21.608  -17.489  -42.447 0.0000000000
63709  21.890  -17.229  -42.810 0.0000000000
77388  22.888  -2.312  -48.863 0.0000000000
134339  24.180  -1.374  -48.012 0.0000000000
79193  25.749  -0.448  -46.992 0.0000000000
79192  26.756  -0.313  -46.972 0.0000000000
79191  27.587  -0.545  -47.277 0.0000000000
79206  27.232  0.154  -47.625 0.0000000000
80092  27.684  0.616  -49.413 0.0000000000
80118  27.387  0.462  -51.188 0.0000000000
139222  19.888  5.241  -52.571 0.0000000000
83738  19.972  5.224  -53.041 0.0000000000
83737  20.257  4.849  -52.961 0.0000000000
84683  20.312  5.480  -53.429 0.0000000000
84696  20.745  6.091  -53.892 0.0000000000
85587  20.731  6.596  -54.410 0.0000000000
124999  25.198  -11.017  -45.799 0.0000000000
70276  26.713  -11.043  -45.656 0.0000000000
61699  19.923  -19.424  -39.621 0.0000000000
144408  19.712  -19.927  -39.121 0.0000000000
60634  20.227  -20.124  -39.675 0.0000000000
59628  20.830  -20.923  -39.956 0.0000000000
120072  23.193  -22.169  -39.562 0.0000000000
59626  23.840  -21.833  -39.697 0.0000000000
59638  24.132  -21.299  -40.273 0.0000000000
61731  24.083  -19.199  -42.584 0.0000000000
61721  24.505  -19.637  -42.036 0.0000000000
61730  24.999  -19.222  -42.418 0.0000000000
67459  18.500  -12.811  -40.541 0.0000000000
67458  18.710  -13.161  -40.831 0.0000000000
68387  18.496  -12.300  -41.057 0.0000000000
68394  18.619  -11.847  -41.526 0.0000000000
70244  18.507  -10.303  -42.222 0.0000000000
70253  19.015  -10.529  -42.715 0.0000000000
70263  20.303  -10.459  -44.439 0.0000000000
69346  21.868  -10.850  -45.718 0.0000000000
70282  21.959  -9.915  -46.182 0.0000000000
70290  23.128  -9.488  -46.593 0.0000000000
72966  19.703  -7.170  -45.575 0.0000000000
74708  23.085  -5.729  -47.927 0.0000000000
74707  23.949  -5.655  -47.243 0.0000000000
73819  23.491  -6.390  -47.412 0.0000000000
123782  23.176  -6.912  -47.410 0.0000000000
72985  23.348  -7.609  -47.133 0.0000000000
73812  24.994  -6.792  -46.127 0.0000000000
137117  25.961  -6.446  -45.821 0.0000000000
73811  26.966  -6.610  -45.776 0.0000000000
74706  28.042  -5.857  -46.975 0.0000000000
75580  28.071  -5.027  -47.284 0.0000000000
77415  27.539  -2.612  -51.337 0.0000000000
76524  27.427  -3.558  -51.507 0.0000000000
76530  26.575  -3.722  -52.869 0.0000000000
75623  26.256  -4.417  -53.633 0.0000000000
82773  21.645  3.044  -51.460 0.0000000000
81880  21.467  2.659  -51.036 0.0000000000
81879  21.942  2.496  -51.105 0.0000000000
81869  22.350  2.388  -50.690 0.0000000000
82757  24.171  3.621  -50.453 0.0000000000
82770  24.713  4.207  -50.856 0.0000000000
81908  23.369  3.076  -56.437 0.0000000000
81898  24.513  3.503  -55.056 0.0000000000
81907  23.914  2.775  -55.848 0.0000000000
81906  24.384  2.371  -55.271 0.0000000000
81008  24.746  1.813  -54.699 0.0000000000
80139  25.082  0.999  -54.221 0.0000000000
140389  24.500  0.909  -54.997 0.0000000000
80159  24.077  0.327  -55.767 0.0000000000
66581  21.392  -14.792  -43.323 0.0000000000
65728  21.953  -15.225  -43.721 0.0000000000
65743  23.058  -15.120  -44.655 0.0000000000
65742  23.699  -15.020  -44.916 0.0000000000
66628  26.116  -13.479  -45.500 0.0000000000
66609  25.820  -13.998  -45.194 0.0000000000
66608  26.473  -13.911  -45.256 0.0000000000
66593  27.021  -14.419  -44.913 0.0000000000
60648  20.628  -19.516  -40.373 0.0000000000
60664  21.872  -19.669  -41.252 0.0000000000
59654  22.669  -20.396  -41.215 0.0000000000
60663  22.300  -19.801  -41.491 0.0000000000
60676  22.409  -19.282  -41.962 0.0000000000
60675  22.857  -19.359  -42.190 0.0000000000
62692  21.848  -18.555  -42.023 0.0000000000
127933  23.247  -19.056  -42.559 0.0000000000
61738  23.684  -18.586  -42.977 0.0000000000
62701  24.167  -18.076  -43.433 0.0000000000
70237  17.786  -10.271  -41.376 0.0000000000
124947  17.672  -9.523  -41.555 0.0000000000
71211  18.049  -10.052  -41.801 0.0000000000
71217  18.273  -10.004  -42.075 0.0000000000
71216  18.617  -9.601  -42.704 0.0000000000
74709  20.695  -5.239  -47.748 0.0000000000
76498  23.736  -3.205  -48.213 0.0000000000
75581  23.511  -4.878  -48.036 0.0000000000
76481  25.002  -3.865  -46.700 0.0000000000
76480  25.661  -3.481  -46.282 0.0000000000
76478  27.385  -3.206  -46.213 0.0000000000
76488  27.957  -3.559  -46.817 0.0000000000
122198  27.746  -2.759  -46.560 0.0000000000
122672  28.132  -2.652  -47.445 0.0000000000
126523  28.230  -2.169  -49.331 0.0000000000
78305  28.229  -1.207  -48.728 0.0000000000
139211  28.133  -1.360  -49.643 0.0000000000
77409  27.975  -2.075  -50.389 0.0000000000
77420  27.130  -2.166  -52.032 0.0000000000
77427  25.752  -2.532  -53.606 0.0000000000
77428  25.204  -2.467  -54.399 0.0000000000
82774  21.103  3.098  -51.533 0.0000000000
83722  20.532  4.357  -52.589 0.0000000000
82785  20.812  3.736  -52.174 0.0000000000
82784  21.561  3.798  -52.032 0.0000000000
83720  22.139  4.901  -52.373 0.0000000000
67503  23.942  -13.542  -45.224 0.0000000000
67522  24.160  -12.832  -45.460 0.0000000000
67520  24.960  -12.941  -45.536 0.0000000000
67519  25.401  -12.841  -45.663 0.0000000000
68438  25.643  -12.388  -45.743 0.0000000000
67518  26.168  -13.001  -45.747 0.0000000000
68436  26.818  -12.626  -45.848 0.0000000000
74710  20.216  -5.122  -47.452 0.0000000000
75594  20.875  -4.675  -48.062 0.0000000000
137613  21.791  -3.773  -48.622 0.0000000000
76514  21.820  -3.026  -48.768 0.0000000000
76513  22.380  -2.937  -48.867 0.0000000000
78293  23.478  -1.464  -48.603 0.0000000000
80080  24.636  0.460  -48.163 0.0000000000
59652  24.003  -20.713  -40.907 0.0000000000
72146  28.321  -8.549  -46.411 0.0000000000
71241  28.428  -9.243  -46.320 0.0000000000
71256  28.797  -8.688  -47.114 0.0000000000
65693  19.374  -14.938  -40.869 0.0000000000
64736  20.081  -15.614  -41.428 0.0000000000
65706  19.800  -14.779  -41.509 0.0000000000
66567  20.226  -14.646  -42.102 0.0000000000
66569  19.056  -13.532  -41.161 0.0000000000
66583  20.044  -13.877  -42.127 0.0000000000
66596  21.014  -14.029  -43.281 0.0000000000
67496  21.663  -13.699  -44.047 0.0000000000
69298  17.975  -11.139  -41.006 0.0000000000
141215  18.340  -11.278  -41.493 0.0000000000
121670  18.827  -11.595  -41.992 0.0000000000
122048  18.615  -10.910  -42.119 0.0000000000
68404  19.425  -12.142  -42.418 0.0000000000
67506  21.428  -13.041  -44.222 0.0000000000
67505  22.353  -13.191  -44.819 0.0000000000
68441  23.303  -12.065  -45.692 0.0000000000
69343  24.233  -11.604  -45.790 0.0000000000
70280  23.831  -10.892  -46.061 0.0000000000
141638  24.365  -11.172  -45.897 0.0000000000
136253  24.618  -10.616  -45.967 0.0000000000
121880  25.411  -9.978  -45.729 0.0000000000
73793  18.011  -7.958  -42.350 0.0000000000
141716  18.281  -8.642  -42.677 0.0000000000
72130  18.681  -9.192  -43.074 0.0000000000
71230  20.106  -8.436  -45.298 0.0000000000
73824  20.516  -5.778  -47.419 0.0000000000
122117  20.335  -6.341  -46.989 0.0000000000
73821  22.189  -6.211  -47.862 0.0000000000
120765  21.399  -6.553  -47.477 0.0000000000
72977  20.643  -6.984  -46.861 0.0000000000
72152  20.394  -7.672  -46.215 0.0000000000
71246  20.735  -8.405  -46.093 0.0000000000
71259  22.673  -8.604  -46.824 0.0000000000
142538  23.138  -9.099  -46.699 0.0000000000
72160  23.611  -8.444  -46.807 0.0000000000
71257  23.944  -9.273  -46.543 0.0000000000
72149  25.424  -9.313  -45.765 0.0000000000
72148  26.532  -8.886  -45.554 0.0000000000
73829  28.679  -7.089  -48.250 0.0000000000
73818  28.330  -6.546  -47.632 0.0000000000
73842  28.719  -6.542  -49.365 0.0000000000
76497  28.170  -3.639  -47.947 0.0000000000
75606  28.093  -4.665  -49.583 0.0000000000
75610  27.724  -4.110  -50.929 0.0000000000
124159  27.802  -4.919  -51.242 0.0000000000
80981  21.552  1.692  -49.627 0.0000000000
79221  21.372  -0.755  -49.104 0.0000000000
79220  21.755  -0.575  -49.352 0.0000000000
80109  22.443  0.978  -49.668 0.0000000000
80096  23.035  0.255  -49.306 0.0000000000
80095  24.064  0.944  -48.690 0.0000000000
141999  25.660  1.686  -48.718 0.0000000000
85597  21.627  7.142  -54.911 0.0000000000
85586  22.666  7.086  -54.763 0.0000000000
85576  23.000  6.756  -54.031 0.0000000000
84680  23.474  6.386  -53.380 0.0000000000
84667  23.976  5.910  -52.771 0.0000000000
84719  23.142  5.977  -56.765 0.0000000000
84708  23.945  6.558  -55.021 0.0000000000
83752  24.479  5.987  -54.522 0.0000000000
83734  24.883  5.614  -53.038 0.0000000000
83717  25.326  4.820  -51.979 0.0000000000
82769  25.651  4.282  -51.391 0.0000000000
81892  25.437  3.474  -53.715 0.0000000000
81877  26.284  3.552  -51.027 0.0000000000
81866  25.934  3.237  -50.193 0.0000000000
81854  26.539  2.606  -49.947 0.0000000000
80976  27.225  1.893  -49.852 0.0000000000
80108  27.361  1.531  -50.840 0.0000000000
80119  27.101  1.192  -51.668 0.0000000000
130919  26.948  0.405  -51.995 0.0000000000
80138  25.529  0.524  -53.651 0.0000000000
79259  25.669  -0.343  -53.474 0.0000000000
79249  26.424  -0.117  -52.639 0.0000000000
78334  25.524  -1.516  -53.738 0.0000000000
78339  24.854  -2.304  -55.249 0.0000000000
130690  24.293  -0.906  -56.841 0.0000000000
78351  24.484  -1.364  -56.296 0.0000000000
77438  24.780  -2.073  -56.120 0.0000000000
77437  24.979  -2.672  -55.769 0.0000000000
64744  22.264  -16.854  -43.317 0.0000000000
64759  22.101  -16.028  -43.510 0.0000000000
62716  23.378  -17.519  -43.716 0.0000000000
63721  24.025  -17.169  -44.194 0.0000000000
63706  24.705  -17.422  -44.022 0.0000000000
66612  24.129  -14.267  -45.075 0.0000000000
65741  24.366  -14.911  -44.979 0.0000000000
65739  25.475  -14.710  -44.963 0.0000000000
64774  24.552  -15.664  -44.899 0.0000000000
63720  25.338  -16.848  -44.469 0.0000000000
137124  25.823  -17.313  -43.739 0.0000000000
122974  28.503  -9.938  -46.202 0.0000000000
59629  20.371  -20.834  -39.506 0.0000000000
60633  20.798  -20.315  -40.179 0.0000000000
61732  22.641  -18.889  -42.407 0.0000000000
61739  22.985  -18.532  -42.826 0.0000000000
63719  25.806  -16.554  -44.424 0.0000000000
64773  25.159  -15.532  -44.886 0.0000000000
67521  24.528  -13.159  -45.381 0.0000000000
68437  26.128  -12.509  -45.828 0.0000000000
69344  23.527  -11.297  -45.919 0.0000000000
70236  18.048  -10.496  -41.599 0.0000000000
70274  28.474  -10.777  -46.066 0.0000000000
70278  25.013  -10.303  -45.868 0.0000000000
70291  22.576  -8.980  -46.680 0.0000000000
71200  17.519  -10.015  -41.121 0.0000000000
72150  24.486  -8.928  -46.352 0.0000000000
72151  21.000  -7.647  -46.748 0.0000000000
72945  18.058  -8.813  -42.352 0.0000000000
72987  22.068  -6.654  -47.659 0.0000000000
73813  24.017  -7.173  -46.896 0.0000000000
73831  22.398  -5.717  -48.102 0.0000000000
73832  21.987  -5.684  -48.129 0.0000000000
74699  27.492  -5.842  -46.156 0.0000000000
74701  25.187  -5.704  -46.237 0.0000000000
74720  21.699  -5.280  -48.183 0.0000000000
75563  26.060  -3.822  -46.132 0.0000000000
75571  26.470  -4.202  -46.043 0.0000000000
75572  25.601  -4.272  -46.263 0.0000000000
76479  26.545  -3.367  -46.029 0.0000000000
76489  23.234  -3.940  -48.452 0.0000000000
76529  27.073  -3.103  -52.167 0.0000000000
77371  24.998  -3.081  -46.734 0.0000000000
77377  25.079  -2.153  -46.679 0.0000000000
77387  23.777  -2.299  -48.290 0.0000000000
77389  21.082  -2.898  -48.466 0.0000000000
78271  27.163  -1.491  -46.312 0.0000000000
78292  28.127  -1.142  -47.746 0.0000000000
78324  27.132  -1.262  -51.938 0.0000000000
79181  27.175  -0.840  -46.682 0.0000000000
79194  24.802  -0.844  -47.406 0.0000000000
79205  27.953  -0.376  -48.155 0.0000000000
79208  23.249  -0.657  -48.925 0.0000000000
79258  26.053  -0.954  -53.065 0.0000000000
80077  27.618  0.400  -48.515 0.0000000000
80093  27.217  1.100  -48.785 0.0000000000
80129  26.104  0.649  -53.057 0.0000000000
80953  26.298  1.369  -48.564 0.0000000000
80964  27.389  1.285  -49.449 0.0000000000
80965  26.196  2.068  -49.138 0.0000000000
80966  24.827  1.863  -48.942 0.0000000000
80987  27.050  2.155  -51.395 0.0000000000
80989  21.562  2.302  -50.420 0.0000000000
81017  23.670  1.093  -56.252 0.0000000000
81865  26.682  2.829  -50.776 0.0000000000
81914  23.309  1.951  -56.520 0.0000000000
82756  25.326  3.805  -50.544 0.0000000000
82797  25.616  4.312  -53.228 0.0000000000
83723  20.179  4.635  -52.493 0.0000000000
83733  25.328  4.951  -52.691 0.0000000000
84669  19.788  5.754  -52.954 0.0000000000
84694  24.395  6.166  -53.573 0.0000000000
85596  23.307  7.039  -55.362 0.0000000000
122434  20.103  -18.787  -40.134 0.0000000000
123847  18.055  -8.263  -42.395 0.0000000000
125131  22.477  -7.936  -47.096 0.0000000000
125288  18.727  -14.231  -40.323 0.0000000000
126369  21.760  -4.753  -48.383 0.0000000000
129577  22.781  -18.167  -42.972 0.0000000000
130120  21.711  -7.210  -47.271 0.0000000000
131325  18.903  -7.177  -43.885 0.0000000000
131558  23.123  3.175  -50.703 0.0000000000
132165  28.117  -1.779  -47.370 0.0000000000
133830  26.706  2.394  -52.142 0.0000000000
134502  24.734  -11.147  -45.850 0.0000000000
136928  28.914  -8.299  -47.734 0.0000000000
138940  25.781  -12.775  -45.757 0.0000000000
139673  24.194  -0.798  -56.549 0.0000000000
141201  25.210  -13.316  -45.444 0.0000000000
143750  28.097  -4.267  -47.358 0.0000000000
144628  22.047  -7.418  -47.291 0.0000000000
