#!ascii label  , from subject sub-v2s0x29054_ses-1 vox2ras=TkReg
1242
42157  21.089  -34.557  86.861 0.0000000000
39610  5.386  -37.484  70.241 0.0000000000
41225  9.299  -36.157  90.004 0.0000000000
45966  14.900  -30.684  84.357 0.0000000000
44217  5.610  -31.922  77.879 0.0000000000
40295  16.705  -36.058  90.220 0.0000000000
44120  17.740  -32.214  90.738 0.0000000000
38712  21.521  -39.228  84.171 0.0000000000
36755  18.426  -38.906  87.008 0.0000000000
36747  12.082  -38.922  87.960 0.0000000000
109647  11.239  -29.616  88.075 0.0000000000
45117  10.322  -31.447  81.156 0.0000000000
118702  6.579  -29.672  85.226 0.0000000000
40316  5.670  -36.765  84.569 0.0000000000
42244  9.025  -34.878  80.904 0.0000000000
43146  12.691  -33.704  86.634 0.0000000000
46813  15.708  -29.583  89.533 0.0000000000
41346  11.993  -35.705  76.241 0.0000000000
42321  9.455  -34.494  72.252 0.0000000000
43331  3.955  -32.684  70.867 0.0000000000
47818  6.545  -28.910  75.673 0.0000000000
41233  20.328  -35.435  88.712 0.0000000000
112773  20.642  -33.280  90.159 0.0000000000
40320  20.917  -37.226  85.014 0.0000000000
120919  20.780  -39.373  85.737 0.0000000000
39510  20.202  -37.789  87.224 0.0000000000
38695  17.620  -37.891  88.528 0.0000000000
45941  8.334  -29.652  86.475 0.0000000000
40308  7.246  -36.623  87.579 0.0000000000
42170  8.724  -35.236  86.074 0.0000000000
42150  10.510  -35.034  88.786 0.0000000000
46792  18.819  -29.221  92.159 0.0000000000
45918  16.841  -30.302  89.893 0.0000000000
124334  10.831  -38.589  89.933 0.0000000000
35763  9.275  -39.960  87.735 0.0000000000
37753  7.409  -38.960  88.189 0.0000000000
37764  5.914  -39.033  85.757 0.0000000000
43190  12.879  -33.612  82.337 0.0000000000
41298  10.356  -35.233  79.072 0.0000000000
43216  13.739  -33.036  79.991 0.0000000000
115646  8.076  -32.542  79.654 0.0000000000
112056  10.014  -33.131  76.132 0.0000000000
128207  6.622  -33.341  75.488 0.0000000000
42338  5.709  -34.107  71.794 0.0000000000
112936  4.619  -32.629  73.949 0.0000000000
40290  13.136  -36.044  90.594 0.0000000000
43118  13.947  -34.419  90.323 0.0000000000
116176  17.172  -34.137  90.578 0.0000000000
45044  20.317  -30.656  91.314 0.0000000000
121226  22.901  -39.152  81.767 0.0000000000
113798  21.921  -41.002  80.787 0.0000000000
36800  21.055  -40.383  83.729 0.0000000000
35787  18.866  -40.437  84.687 0.0000000000
36744  15.827  -38.571  87.732 0.0000000000
38689  14.700  -37.906  89.855 0.0000000000
46850  13.325  -29.585  85.997 0.0000000000
124046  13.030  -30.400  82.274 0.0000000000
45969  10.262  -30.272  84.596 0.0000000000
45090  7.855  -31.277  83.042 0.0000000000
125048  5.533  -31.381  81.187 0.0000000000
42188  19.837  -34.484  83.243 0.0000000000
39536  26.115  -37.463  81.400 0.0000000000
40318  26.080  -35.931  83.725 0.0000000000
40333  22.636  -36.853  81.973 0.0000000000
40336  20.383  -36.603  81.789 0.0000000000
38722  3.806  -37.579  81.672 0.0000000000
41303  5.090  -36.576  79.537 0.0000000000
42209  6.903  -35.664  82.992 0.0000000000
42191  10.898  -34.069  84.029 0.0000000000
44150  14.829  -32.558  85.549 0.0000000000
44131  14.847  -33.079  88.901 0.0000000000
45059  16.210  -31.478  87.543 0.0000000000
46848  15.677  -30.046  86.930 0.0000000000
110369  13.079  -29.490  89.141 0.0000000000
41334  6.661  -36.017  77.946 0.0000000000
114715  8.100  -36.494  75.718 0.0000000000
40426  9.467  -36.921  73.063 0.0000000000
44212  12.460  -32.251  77.659 0.0000000000
112449  11.698  -34.817  73.526 0.0000000000
40483  9.545  -36.652  69.889 0.0000000000
42379  7.522  -35.197  68.455 0.0000000000
42382  4.381  -34.162  68.135 0.0000000000
124019  4.539  -29.267  83.176 0.0000000000
46908  3.949  -29.618  79.943 0.0000000000
47784  5.208  -28.221  78.759 0.0000000000
46945  4.678  -30.036  76.605 0.0000000000
131839  4.588  -30.730  72.783 0.0000000000
41232  20.783  -35.155  88.298 0.0000000000
110629  21.168  -33.583  88.305 0.0000000000
43142  21.095  -33.742  86.404 0.0000000000
41244  20.947  -36.017  86.054 0.0000000000
39512  20.706  -37.634  86.746 0.0000000000
115509  20.866  -35.992  87.086 0.0000000000
40303  19.947  -36.586  88.161 0.0000000000
123225  4.837  -37.660  69.652 0.0000000000
126607  5.682  -37.509  69.338 0.0000000000
41231  8.255  -36.318  88.935 0.0000000000
42152  8.916  -35.662  88.226 0.0000000000
42146  9.962  -35.452  89.272 0.0000000000
35829  23.531  -40.381  79.142 0.0000000000
38692  9.682  -37.622  90.753 0.0000000000
37745  9.254  -38.956  89.502 0.0000000000
39505  8.009  -37.282  89.406 0.0000000000
39508  7.044  -37.494  88.164 0.0000000000
43176  14.226  -32.776  83.352 0.0000000000
43204  13.130  -33.645  81.407 0.0000000000
45102  14.493  -31.722  82.216 0.0000000000
44216  6.360  -32.449  78.127 0.0000000000
43246  7.483  -33.135  77.298 0.0000000000
43261  6.027  -32.520  76.748 0.0000000000
43288  5.929  -33.351  74.726 0.0000000000
44242  5.148  -31.941  76.157 0.0000000000
40288  15.003  -36.045  90.460 0.0000000000
41216  14.733  -35.275  90.519 0.0000000000
42136  17.541  -34.602  90.424 0.0000000000
113691  20.613  -31.935  90.667 0.0000000000
122354  21.075  -28.975  90.435 0.0000000000
120472  21.856  -39.355  83.224 0.0000000000
36799  21.530  -40.213  83.024 0.0000000000
36787  21.195  -40.104  83.960 0.0000000000
36753  19.703  -39.247  86.644 0.0000000000
36778  19.985  -40.252  85.307 0.0000000000
36780  18.585  -39.856  85.882 0.0000000000
36742  17.306  -38.480  87.652 0.0000000000
126113  17.696  -37.036  89.510 0.0000000000
38687  16.024  -37.673  89.510 0.0000000000
39498  15.682  -37.316  90.006 0.0000000000
39490  14.075  -37.199  90.345 0.0000000000
46838  11.859  -29.687  87.261 0.0000000000
115147  11.839  -29.895  85.237 0.0000000000
46853  10.651  -29.918  86.295 0.0000000000
45942  7.619  -29.581  86.072 0.0000000000
45954  8.533  -30.283  85.058 0.0000000000
45080  6.759  -30.627  83.870 0.0000000000
45121  6.680  -31.665  81.812 0.0000000000
45093  5.777  -30.504  83.159 0.0000000000
39522  24.193  -37.954  82.115 0.0000000000
127776  4.378  -37.303  83.165 0.0000000000
41277  5.045  -36.341  81.865 0.0000000000
120462  5.875  -36.421  83.946 0.0000000000
42159  10.415  -34.616  86.236 0.0000000000
116583  9.653  -34.748  85.141 0.0000000000
43158  11.626  -33.959  85.328 0.0000000000
43157  12.405  -33.719  84.995 0.0000000000
112765  14.090  -33.070  85.961 0.0000000000
43116  15.473  -33.867  90.564 0.0000000000
119690  14.150  -33.937  90.187 0.0000000000
44122  16.049  -33.228  90.354 0.0000000000
46812  16.375  -29.856  89.593 0.0000000000
45056  16.575  -31.194  88.351 0.0000000000
45925  16.405  -30.331  88.071 0.0000000000
45926  16.168  -30.453  87.317 0.0000000000
46825  15.248  -29.562  88.475 0.0000000000
46836  14.419  -29.508  87.707 0.0000000000
46814  14.715  -29.419  89.684 0.0000000000
124088  20.481  -41.020  80.883 0.0000000000
131758  20.773  -40.254  79.364 0.0000000000
36760  12.658  -38.961  87.358 0.0000000000
36775  12.055  -39.844  86.009 0.0000000000
36761  11.594  -39.479  87.258 0.0000000000
35768  7.972  -40.407  86.813 0.0000000000
35771  9.470  -40.787  86.384 0.0000000000
39516  5.325  -37.684  85.192 0.0000000000
38718  3.993  -38.700  83.590 0.0000000000
113856  7.041  -35.422  80.132 0.0000000000
41318  6.232  -35.949  78.738 0.0000000000
120641  7.753  -35.390  79.662 0.0000000000
41313  11.496  -35.399  77.973 0.0000000000
40362  9.307  -36.234  77.103 0.0000000000
40375  10.570  -36.352  75.976 0.0000000000
40406  8.869  -36.706  73.982 0.0000000000
40405  10.391  -36.586  74.483 0.0000000000
46015  11.620  -30.830  81.585 0.0000000000
113611  12.521  -31.326  79.923 0.0000000000
45152  11.372  -31.778  78.884 0.0000000000
43285  9.744  -33.823  74.713 0.0000000000
118780  11.280  -33.341  75.111 0.0000000000
42307  10.317  -34.462  72.861 0.0000000000
41401  10.757  -35.811  71.399 0.0000000000
42348  9.590  -34.941  70.703 0.0000000000
40510  8.547  -36.027  68.483 0.0000000000
42350  7.995  -34.573  70.330 0.0000000000
43330  4.434  -33.394  70.937 0.0000000000
42353  4.749  -33.939  70.054 0.0000000000
43340  4.007  -33.343  69.539 0.0000000000
126796  4.595  -27.945  83.122 0.0000000000
110829  4.116  -29.534  81.521 0.0000000000
47768  4.174  -28.587  80.996 0.0000000000
47807  8.041  -28.228  77.015 0.0000000000
111022  5.960  -28.398  77.244 0.0000000000
47798  4.559  -29.138  77.861 0.0000000000
46944  4.859  -29.537  76.233 0.0000000000
46953  4.675  -30.295  74.837 0.0000000000
46952  5.096  -29.774  74.526 0.0000000000
41228  18.416  -35.864  89.740 0.0000000000
42143  19.837  -34.439  89.996 0.0000000000
42142  20.358  -34.539  89.466 0.0000000000
39518  21.031  -37.882  84.239 0.0000000000
38709  21.165  -39.081  85.315 0.0000000000
38707  20.871  -38.344  86.142 0.0000000000
37755  20.302  -38.718  86.639 0.0000000000
37748  19.546  -38.397  87.263 0.0000000000
37750  18.083  -38.442  87.658 0.0000000000
38699  18.742  -37.921  88.037 0.0000000000
40298  19.362  -36.691  88.691 0.0000000000
46818  10.248  -29.157  89.807 0.0000000000
45927  9.341  -29.419  87.646 0.0000000000
46829  9.068  -29.081  88.852 0.0000000000
46831  7.435  -28.852  88.265 0.0000000000
119652  6.751  -28.887  87.430 0.0000000000
41243  6.481  -36.663  85.941 0.0000000000
42172  7.162  -35.928  85.141 0.0000000000
41242  7.468  -36.190  86.659 0.0000000000
42160  9.729  -34.973  86.832 0.0000000000
116380  11.789  -34.132  88.004 0.0000000000
45913  18.625  -30.411  91.605 0.0000000000
45051  17.935  -31.133  90.802 0.0000000000
45915  18.093  -30.291  91.391 0.0000000000
46802  16.760  -29.546  91.250 0.0000000000
113230  15.959  -29.229  91.548 0.0000000000
46795  14.960  -29.118  91.568 0.0000000000
36728  11.434  -38.632  89.241 0.0000000000
36749  10.525  -39.338  88.287 0.0000000000
125829  10.223  -39.192  88.961 0.0000000000
36751  8.548  -39.659  88.128 0.0000000000
36764  7.582  -40.002  87.201 0.0000000000
36776  6.743  -40.197  86.091 0.0000000000
37759  6.683  -39.075  87.038 0.0000000000
39513  6.270  -37.613  86.496 0.0000000000
42204  11.126  -34.141  82.020 0.0000000000
41285  9.257  -35.048  80.101 0.0000000000
42222  11.431  -34.286  81.110 0.0000000000
131454  12.387  -34.360  79.715 0.0000000000
42263  13.304  -33.673  78.473 0.0000000000
44191  9.313  -32.272  79.886 0.0000000000
44214  9.952  -32.514  78.244 0.0000000000
131418  8.971  -32.935  78.024 0.0000000000
43273  8.344  -33.664  75.802 0.0000000000
42296  7.970  -34.188  74.464 0.0000000000
112999  7.559  -34.449  72.193 0.0000000000
42311  6.657  -34.217  73.223 0.0000000000
43309  5.201  -33.691  72.533 0.0000000000
44277  4.119  -32.424  72.381 0.0000000000
47817  7.792  -28.855  75.525 0.0000000000
46950  6.936  -29.394  74.011 0.0000000000
47830  8.540  -29.244  74.091 0.0000000000
40292  11.386  -36.459  90.827 0.0000000000
41222  11.561  -35.549  90.405 0.0000000000
42133  13.006  -35.035  90.402 0.0000000000
43109  15.832  -34.053  90.644 0.0000000000
44117  17.299  -33.056  90.663 0.0000000000
43114  18.935  -33.357  90.662 0.0000000000
44115  18.784  -32.664  90.890 0.0000000000
115767  18.620  -31.945  91.058 0.0000000000
45911  19.800  -30.328  91.680 0.0000000000
36808  23.294  -39.222  81.417 0.0000000000
35810  22.818  -40.460  80.879 0.0000000000
35799  22.392  -40.261  81.516 0.0000000000
36788  20.990  -39.998  84.584 0.0000000000
35785  20.188  -40.794  84.113 0.0000000000
35804  18.636  -40.301  82.856 0.0000000000
112120  14.171  -38.596  87.193 0.0000000000
36734  13.566  -38.525  88.401 0.0000000000
116252  16.805  -38.298  88.296 0.0000000000
37744  15.033  -38.409  88.876 0.0000000000
36726  13.124  -38.447  89.051 0.0000000000
37730  12.506  -38.039  90.003 0.0000000000
39493  11.656  -37.149  90.797 0.0000000000
46865  13.933  -29.716  85.415 0.0000000000
119532  14.206  -30.519  83.055 0.0000000000
46876  12.718  -29.785  84.709 0.0000000000
46887  11.889  -30.164  83.602 0.0000000000
46005  10.364  -30.964  82.450 0.0000000000
45953  9.528  -30.194  85.278 0.0000000000
45989  9.248  -30.897  83.477 0.0000000000
45103  9.128  -31.523  82.060 0.0000000000
45136  8.034  -32.159  80.965 0.0000000000
44193  6.447  -32.115  80.407 0.0000000000
44205  5.343  -31.467  79.820 0.0000000000
42167  20.633  -34.400  85.053 0.0000000000
116024  24.848  -38.810  80.834 0.0000000000
41248  27.677  -34.790  84.398 0.0000000000
41249  26.544  -35.335  84.267 0.0000000000
41256  26.742  -35.717  83.672 0.0000000000
39528  26.060  -36.848  82.241 0.0000000000
39529  25.436  -37.394  81.932 0.0000000000
37778  24.602  -38.487  81.250 0.0000000000
39523  23.132  -38.512  82.232 0.0000000000
38720  22.100  -38.741  82.742 0.0000000000
110967  21.431  -37.433  81.870 0.0000000000
39525  20.832  -37.611  83.169 0.0000000000
40321  20.625  -36.927  83.971 0.0000000000
117000  20.326  -35.913  83.847 0.0000000000
41289  5.963  -35.802  80.965 0.0000000000
42226  8.010  -35.100  81.928 0.0000000000
42181  7.727  -35.524  84.592 0.0000000000
42193  8.307  -35.011  83.332 0.0000000000
115959  9.886  -34.478  83.028 0.0000000000
43178  11.715  -33.825  83.623 0.0000000000
122723  13.481  -33.306  83.707 0.0000000000
45079  15.210  -31.457  84.612 0.0000000000
43120  12.489  -34.684  89.983 0.0000000000
43131  13.309  -33.751  89.026 0.0000000000
43130  14.018  -33.332  88.286 0.0000000000
44129  16.354  -32.049  88.982 0.0000000000
44130  15.636  -32.479  88.454 0.0000000000
44142  14.919  -32.708  86.990 0.0000000000
44141  15.377  -32.219  86.353 0.0000000000
113301  15.686  -31.471  85.994 0.0000000000
45951  15.126  -30.432  85.216 0.0000000000
114149  14.078  -29.617  86.125 0.0000000000
46837  12.670  -29.587  87.536 0.0000000000
111458  12.188  -29.537  89.426 0.0000000000
46805  13.220  -29.313  91.043 0.0000000000
46806  12.315  -29.211  91.029 0.0000000000
123303  11.069  -29.286  90.095 0.0000000000
36795  11.585  -40.412  84.339 0.0000000000
35765  10.044  -40.338  86.963 0.0000000000
41316  8.923  -35.593  78.766 0.0000000000
40378  7.662  -36.371  76.474 0.0000000000
127270  7.370  -37.068  71.916 0.0000000000
45115  14.015  -31.372  81.057 0.0000000000
44198  13.463  -32.313  79.129 0.0000000000
43243  13.190  -33.555  77.119 0.0000000000
44226  11.639  -32.356  77.047 0.0000000000
130682  12.440  -33.179  76.036 0.0000000000
132768  12.230  -35.337  74.733 0.0000000000
40446  11.399  -36.081  73.056 0.0000000000
132897  9.751  -37.077  71.551 0.0000000000
40485  7.284  -37.384  70.274 0.0000000000
39623  7.598  -36.977  68.402 0.0000000000
114315  7.014  -34.500  70.180 0.0000000000
42380  6.461  -34.923  68.367 0.0000000000
46855  5.827  -28.953  86.439 0.0000000000
47738  4.968  -28.836  85.239 0.0000000000
45975  5.334  -29.919  83.934 0.0000000000
46008  5.000  -30.524  82.393 0.0000000000
112089  4.656  -30.704  81.033 0.0000000000
122926  4.667  -30.663  79.148 0.0000000000
117027  4.571  -28.440  79.421 0.0000000000
46037  4.548  -30.290  78.417 0.0000000000
45158  5.062  -31.176  77.259 0.0000000000
45169  4.743  -31.575  75.201 0.0000000000
117626  4.331  -31.355  73.618 0.0000000000
45195  4.192  -31.639  72.256 0.0000000000
46982  5.204  -30.208  71.345 0.0000000000
41240  21.008  -35.225  87.200 0.0000000000
42153  21.060  -34.805  87.711 0.0000000000
41241  21.001  -35.240  86.446 0.0000000000
41236  20.878  -35.491  87.728 0.0000000000
39611  4.456  -37.723  70.609 0.0000000000
39609  6.448  -37.425  69.671 0.0000000000
41230  8.854  -36.124  89.374 0.0000000000
42147  9.217  -35.704  88.936 0.0000000000
41229  9.578  -35.807  89.634 0.0000000000
36822  24.437  -39.454  80.507 0.0000000000
36832  24.026  -40.278  79.456 0.0000000000
35819  23.597  -40.494  79.859 0.0000000000
39499  9.589  -36.960  90.872 0.0000000000
38693  8.978  -37.797  90.254 0.0000000000
40297  8.875  -36.579  90.042 0.0000000000
40300  8.337  -36.639  89.473 0.0000000000
45983  14.921  -31.357  83.955 0.0000000000
112032  14.535  -32.252  82.719 0.0000000000
45089  14.711  -31.529  83.045 0.0000000000
43247  6.617  -32.771  77.347 0.0000000000
44229  5.981  -32.280  77.398 0.0000000000
44241  5.538  -32.247  76.302 0.0000000000
44230  5.491  -31.933  76.937 0.0000000000
40287  15.823  -36.133  90.363 0.0000000000
41214  16.178  -35.502  90.473 0.0000000000
122355  17.549  -35.443  90.195 0.0000000000
38717  21.993  -38.985  83.208 0.0000000000
131836  21.467  -39.604  83.835 0.0000000000
36754  19.109  -39.138  86.899 0.0000000000
36768  19.456  -39.587  86.426 0.0000000000
36769  18.893  -39.561  86.482 0.0000000000
36770  18.037  -39.224  86.474 0.0000000000
36756  17.660  -38.685  87.166 0.0000000000
36741  17.974  -38.486  87.547 0.0000000000
111831  17.616  -36.383  89.883 0.0000000000
118608  17.013  -36.934  89.782 0.0000000000
39497  16.158  -36.844  90.119 0.0000000000
39488  15.355  -36.771  90.309 0.0000000000
46839  10.927  -29.722  87.177 0.0000000000
45943  7.037  -29.354  86.148 0.0000000000
45956  7.133  -29.833  85.231 0.0000000000
45973  6.633  -30.133  84.476 0.0000000000
45092  6.263  -30.794  83.230 0.0000000000
45081  6.190  -30.398  83.773 0.0000000000
40323  4.913  -37.071  84.051 0.0000000000
40330  5.013  -36.669  83.251 0.0000000000
40322  5.475  -36.638  83.952 0.0000000000
43148  11.206  -34.283  86.571 0.0000000000
43159  11.002  -34.271  85.750 0.0000000000
43147  11.897  -33.957  86.442 0.0000000000
119222  12.243  -33.829  85.834 0.0000000000
43145  13.536  -33.370  86.452 0.0000000000
44121  16.964  -32.722  90.519 0.0000000000
46824  16.128  -29.812  88.678 0.0000000000
46835  15.900  -29.882  87.780 0.0000000000
36746  13.058  -38.628  87.890 0.0000000000
35773  7.720  -40.763  86.082 0.0000000000
35772  8.370  -40.768  86.331 0.0000000000
40317  5.316  -37.212  84.750 0.0000000000
38713  4.494  -38.509  84.299 0.0000000000
39526  4.230  -37.860  83.831 0.0000000000
128549  3.771  -38.032  83.051 0.0000000000
41273  8.246  -35.077  81.121 0.0000000000
41286  8.454  -35.164  80.313 0.0000000000
41329  11.609  -35.687  77.137 0.0000000000
41330  10.785  -35.983  77.192 0.0000000000
41347  11.139  -36.091  76.532 0.0000000000
40388  10.955  -36.416  75.097 0.0000000000
41356  11.521  -36.111  75.665 0.0000000000
45116  11.145  -31.189  80.966 0.0000000000
45132  11.538  -31.340  80.159 0.0000000000
45133  10.660  -31.564  80.422 0.0000000000
42308  9.287  -34.347  73.268 0.0000000000
42294  10.105  -34.140  73.796 0.0000000000
42334  9.977  -34.879  71.331 0.0000000000
42335  9.054  -34.578  71.374 0.0000000000
42349  8.849  -34.695  70.551 0.0000000000
121382  4.080  -33.233  70.296 0.0000000000
49475  4.882  -27.193  82.980 0.0000000000
48619  4.547  -27.929  82.403 0.0000000000
47763  4.234  -28.636  81.945 0.0000000000
48626  4.530  -27.953  81.630 0.0000000000
121266  7.307  -28.553  76.335 0.0000000000
47795  7.001  -28.287  77.112 0.0000000000
47808  6.231  -28.619  76.458 0.0000000000
47809  5.293  -28.877  76.693 0.0000000000
47819  5.483  -29.065  75.890 0.0000000000
46947  4.943  -29.671  75.379 0.0000000000
47825  5.744  -29.285  75.071 0.0000000000
110731  19.279  -35.950  89.279 0.0000000000
41226  19.856  -35.226  89.366 0.0000000000
116060  21.250  -32.967  87.736 0.0000000000
39517  21.099  -38.155  85.246 0.0000000000
39514  20.920  -37.520  85.967 0.0000000000
39509  20.456  -37.573  87.120 0.0000000000
38703  20.515  -38.230  86.767 0.0000000000
38704  20.081  -38.360  87.029 0.0000000000
38698  19.719  -37.951  87.454 0.0000000000
129852  19.245  -38.063  87.650 0.0000000000
122766  19.904  -37.402  87.645 0.0000000000
119119  19.813  -35.991  88.867 0.0000000000
40299  18.737  -36.664  89.171 0.0000000000
46819  9.448  -28.991  89.504 0.0000000000
46821  7.577  -28.673  88.849 0.0000000000
130976  7.222  -28.692  88.464 0.0000000000
46840  7.022  -28.899  87.855 0.0000000000
46832  6.914  -28.718  88.245 0.0000000000
40312  6.627  -36.785  86.498 0.0000000000
127258  6.930  -36.445  86.192 0.0000000000
41238  7.623  -36.309  87.398 0.0000000000
42151  9.631  -35.339  88.477 0.0000000000
42154  9.289  -35.312  87.660 0.0000000000
117270  10.290  -34.924  87.784 0.0000000000
43140  11.159  -34.434  87.451 0.0000000000
43134  11.151  -34.605  88.319 0.0000000000
121511  18.858  -29.874  91.940 0.0000000000
46793  18.252  -29.650  92.000 0.0000000000
128915  17.679  -28.937  92.256 0.0000000000
125605  16.656  -29.003  92.083 0.0000000000
46794  15.537  -28.757  92.122 0.0000000000
36729  10.800  -38.770  89.388 0.0000000000
37738  10.085  -38.892  89.684 0.0000000000
37746  8.482  -38.722  89.237 0.0000000000
36739  8.893  -39.338  88.809 0.0000000000
37752  8.187  -39.224  88.522 0.0000000000
36752  7.852  -39.627  87.879 0.0000000000
37758  7.207  -39.455  87.516 0.0000000000
37754  6.921  -38.894  87.682 0.0000000000
40305  6.965  -37.000  87.720 0.0000000000
39511  6.647  -37.584  87.326 0.0000000000
40310  6.506  -37.110  86.709 0.0000000000
40313  6.277  -37.049  86.140 0.0000000000
43205  12.127  -33.944  81.742 0.0000000000
43203  13.945  -33.040  81.017 0.0000000000
43217  13.306  -33.654  80.516 0.0000000000
115109  13.337  -33.648  79.789 0.0000000000
42253  12.966  -34.087  79.302 0.0000000000
43226  13.512  -33.312  79.186 0.0000000000
44201  8.804  -32.494  79.450 0.0000000000
116396  9.012  -32.652  78.731 0.0000000000
130738  8.540  -32.828  78.451 0.0000000000
126456  7.474  -33.530  75.919 0.0000000000
43259  7.935  -33.406  76.545 0.0000000000
43274  7.662  -33.836  75.245 0.0000000000
43286  8.673  -33.961  75.031 0.0000000000
42310  7.293  -34.229  73.841 0.0000000000
43287  6.941  -33.855  74.642 0.0000000000
44258  5.092  -32.671  74.816 0.0000000000
43289  5.283  -33.297  74.029 0.0000000000
43300  4.780  -33.199  73.262 0.0000000000
43310  4.402  -33.081  72.477 0.0000000000
44266  4.289  -32.579  73.168 0.0000000000
47816  9.076  -28.513  75.949 0.0000000000
47822  8.758  -28.928  74.979 0.0000000000
47823  7.767  -29.197  74.552 0.0000000000
40291  12.283  -36.387  90.665 0.0000000000
41217  12.628  -35.583  90.533 0.0000000000
122819  13.391  -35.355  90.520 0.0000000000
42130  16.314  -34.403  90.622 0.0000000000
115307  15.403  -34.653  90.611 0.0000000000
43108  16.753  -33.741  90.597 0.0000000000
43107  17.625  -33.378  90.638 0.0000000000
43123  20.326  -33.863  90.109 0.0000000000
42135  19.055  -34.188  90.341 0.0000000000
43112  20.172  -33.307  90.480 0.0000000000
45050  19.976  -32.041  91.026 0.0000000000
44114  19.237  -32.000  91.119 0.0000000000
45045  19.658  -31.150  91.389 0.0000000000
45046  18.945  -31.185  91.378 0.0000000000
36809  22.616  -39.744  81.707 0.0000000000
132174  21.260  -40.501  83.126 0.0000000000
35791  21.471  -40.571  82.705 0.0000000000
35792  21.088  -40.780  83.202 0.0000000000
37765  20.988  -39.621  85.167 0.0000000000
36766  20.524  -39.821  85.424 0.0000000000
35776  19.440  -40.484  85.055 0.0000000000
35775  19.938  -40.585  84.680 0.0000000000
35786  19.520  -40.722  84.346 0.0000000000
35794  19.708  -40.920  83.587 0.0000000000
35795  18.901  -40.506  83.763 0.0000000000
35796  18.198  -40.053  84.335 0.0000000000
36791  16.893  -39.063  84.842 0.0000000000
36758  16.103  -38.607  87.339 0.0000000000
36759  15.104  -38.647  87.351 0.0000000000
36745  14.154  -38.573  87.757 0.0000000000
116209  15.059  -38.637  87.853 0.0000000000
38694  18.171  -38.017  88.166 0.0000000000
37741  17.850  -38.214  88.079 0.0000000000
37742  17.213  -38.114  88.448 0.0000000000
38688  15.204  -37.659  89.920 0.0000000000
37733  15.437  -38.033  89.396 0.0000000000
37734  14.473  -38.205  89.494 0.0000000000
36725  14.063  -38.442  88.956 0.0000000000
113642  13.667  -38.260  89.468 0.0000000000
37735  12.900  -38.204  89.656 0.0000000000
126701  13.126  -37.900  90.004 0.0000000000
113447  13.659  -36.597  90.519 0.0000000000
39492  12.464  -37.282  90.530 0.0000000000
118801  12.961  -36.672  90.582 0.0000000000
113403  13.229  -29.663  85.286 0.0000000000
46875  13.676  -29.823  84.668 0.0000000000
45968  11.102  -30.088  84.848 0.0000000000
46877  11.861  -30.005  84.338 0.0000000000
45987  11.068  -30.310  83.881 0.0000000000
117520  10.705  -30.628  83.079 0.0000000000
45988  10.115  -30.569  83.736 0.0000000000
45940  9.114  -29.697  86.773 0.0000000000
110347  8.887  -30.027  85.929 0.0000000000
45971  8.468  -30.707  84.176 0.0000000000
45990  8.388  -31.059  83.495 0.0000000000
46006  9.596  -31.153  82.618 0.0000000000
46007  8.762  -31.285  82.824 0.0000000000
45119  8.591  -31.882  81.540 0.0000000000
45104  8.222  -31.615  82.279 0.0000000000
45122  5.797  -31.248  81.907 0.0000000000
44180  7.033  -32.106  81.072 0.0000000000
44181  6.133  -31.761  81.160 0.0000000000
118594  5.884  -31.989  79.639 0.0000000000
44194  5.684  -31.673  80.488 0.0000000000
42177  20.270  -34.380  84.191 0.0000000000
120435  20.465  -33.608  84.648 0.0000000000
43164  20.085  -33.599  83.812 0.0000000000
39540  26.354  -37.671  80.872 0.0000000000
38727  26.008  -38.214  80.401 0.0000000000
38723  25.827  -38.009  81.053 0.0000000000
127729  25.920  -35.452  84.268 0.0000000000
111929  26.181  -34.747  84.776 0.0000000000
40325  26.265  -36.366  82.993 0.0000000000
39521  25.057  -37.277  82.376 0.0000000000
37775  24.996  -38.024  81.553 0.0000000000
39530  24.716  -37.917  81.896 0.0000000000
39531  23.528  -37.556  82.266 0.0000000000
38716  22.482  -39.048  82.592 0.0000000000
39532  22.335  -37.897  82.099 0.0000000000
40334  21.660  -36.734  81.451 0.0000000000
40335  20.884  -37.049  81.576 0.0000000000
39533  21.359  -38.012  82.578 0.0000000000
39534  20.744  -37.282  82.224 0.0000000000
40329  20.284  -36.628  82.797 0.0000000000
41259  19.942  -35.547  83.032 0.0000000000
112046  20.134  -35.095  83.784 0.0000000000
41251  20.466  -35.171  84.558 0.0000000000
38729  3.721  -38.383  80.629 0.0000000000
39538  4.073  -37.113  81.199 0.0000000000
41268  5.519  -36.136  82.543 0.0000000000
41276  5.739  -35.920  81.742 0.0000000000
41267  6.311  -35.763  82.364 0.0000000000
41275  6.600  -35.603  81.569 0.0000000000
41266  7.178  -35.407  82.152 0.0000000000
42171  8.040  -35.508  85.455 0.0000000000
42182  7.057  -35.839  84.415 0.0000000000
42178  10.133  -34.462  84.485 0.0000000000
42179  9.276  -34.803  84.539 0.0000000000
113875  9.582  -34.603  83.774 0.0000000000
42192  9.098  -34.744  83.136 0.0000000000
131710  10.260  -34.336  83.661 0.0000000000
42190  10.850  -34.184  83.038 0.0000000000
43155  14.022  -33.053  85.098 0.0000000000
43166  13.234  -33.430  84.538 0.0000000000
43165  14.025  -32.954  84.229 0.0000000000
112337  14.525  -32.462  84.003 0.0000000000
44149  15.199  -32.042  84.956 0.0000000000
42138  12.763  -34.890  90.227 0.0000000000
42139  12.045  -35.127  90.213 0.0000000000
43119  13.281  -34.417  90.136 0.0000000000
131834  14.758  -33.428  89.742 0.0000000000
43125  13.467  -33.929  89.809 0.0000000000
43124  14.076  -33.577  89.365 0.0000000000
111323  13.153  -33.641  88.188 0.0000000000
129875  17.244  -30.830  90.314 0.0000000000
111519  17.283  -31.689  90.372 0.0000000000
45054  16.906  -31.181  89.524 0.0000000000
45057  16.147  -31.927  88.112 0.0000000000
44134  14.939  -32.811  87.878 0.0000000000
44133  15.671  -32.211  87.409 0.0000000000
45066  15.949  -31.551  86.791 0.0000000000
45938  15.938  -30.752  86.506 0.0000000000
46863  15.385  -30.244  86.073 0.0000000000
45950  15.576  -30.821  85.608 0.0000000000
46864  14.694  -29.934  85.694 0.0000000000
46849  14.784  -29.691  86.669 0.0000000000
46826  14.090  -29.471  88.813 0.0000000000
110136  13.398  -29.523  88.074 0.0000000000
46827  12.508  -29.584  88.470 0.0000000000
46804  14.245  -29.317  90.841 0.0000000000
124084  22.531  -40.816  80.529 0.0000000000
131173  22.743  -40.826  79.932 0.0000000000
35832  22.091  -40.944  79.953 0.0000000000
36784  11.756  -40.143  85.209 0.0000000000
35762  9.881  -39.924  87.680 0.0000000000
36762  10.634  -39.762  87.502 0.0000000000
38721  3.586  -38.211  82.230 0.0000000000
37781  3.581  -39.122  81.121 0.0000000000
41335  5.751  -36.453  78.064 0.0000000000
40365  6.080  -36.422  77.228 0.0000000000
42256  10.092  -34.909  79.862 0.0000000000
41299  9.496  -35.287  79.305 0.0000000000
41315  9.744  -35.593  78.520 0.0000000000
40377  8.650  -36.404  76.429 0.0000000000
40363  8.246  -36.156  77.344 0.0000000000
114714  7.278  -36.441  75.781 0.0000000000
40391  7.529  -36.526  75.072 0.0000000000
40427  8.279  -36.855  73.144 0.0000000000
40450  8.199  -37.135  72.091 0.0000000000
45985  13.451  -30.169  83.161 0.0000000000
46002  13.901  -30.612  82.381 0.0000000000
46014  13.563  -30.808  81.564 0.0000000000
45142  12.868  -31.755  79.108 0.0000000000
45141  13.357  -31.712  79.791 0.0000000000
44211  13.089  -32.333  78.389 0.0000000000
109649  13.346  -33.420  77.855 0.0000000000
110315  13.214  -32.882  77.661 0.0000000000
44227  10.642  -32.465  77.412 0.0000000000
44240  10.789  -32.685  76.592 0.0000000000
43283  11.655  -34.228  74.081 0.0000000000
43256  11.911  -33.190  75.517 0.0000000000
43270  11.957  -33.806  74.829 0.0000000000
42287  12.407  -34.271  75.162 0.0000000000
42292  12.140  -34.648  74.469 0.0000000000
40423  11.610  -36.068  73.782 0.0000000000
41376  11.612  -35.517  73.244 0.0000000000
40482  10.075  -36.184  70.272 0.0000000000
124284  10.297  -36.745  71.329 0.0000000000
40465  9.877  -36.845  70.738 0.0000000000
40466  9.081  -37.176  70.496 0.0000000000
40484  8.546  -37.156  69.703 0.0000000000
39608  7.550  -37.250  69.132 0.0000000000
40499  8.340  -36.775  68.697 0.0000000000
41435  8.278  -35.483  68.601 0.0000000000
41450  7.077  -35.594  67.855 0.0000000000
42337  6.819  -34.404  71.806 0.0000000000
130442  7.207  -34.464  70.959 0.0000000000
42351  6.287  -34.329  71.006 0.0000000000
42367  4.617  -34.059  69.021 0.0000000000
42366  5.614  -34.448  69.212 0.0000000000
42381  5.349  -34.641  68.301 0.0000000000
42395  4.983  -34.865  67.487 0.0000000000
116715  4.718  -28.187  84.610 0.0000000000
47746  4.795  -29.007  84.434 0.0000000000
46878  5.179  -29.442  84.639 0.0000000000
46888  4.831  -29.466  83.845 0.0000000000
45993  5.353  -30.311  83.117 0.0000000000
46894  4.805  -29.962  83.044 0.0000000000
131143  3.937  -29.332  80.633 0.0000000000
46018  4.516  -30.385  81.608 0.0000000000
110646  4.350  -30.346  79.907 0.0000000000
45146  4.860  -30.982  79.878 0.0000000000
48657  6.402  -27.812  78.906 0.0000000000
48643  6.640  -27.483  79.803 0.0000000000
48644  5.596  -27.822  79.742 0.0000000000
47774  4.666  -28.123  80.280 0.0000000000
47810  4.744  -29.367  77.069 0.0000000000
46938  4.577  -29.919  77.589 0.0000000000
122159  4.800  -30.629  77.720 0.0000000000
46044  4.838  -30.613  76.934 0.0000000000
125957  4.950  -31.234  76.390 0.0000000000
46048  4.743  -30.711  76.060 0.0000000000
46961  4.747  -30.330  73.979 0.0000000000
46052  4.517  -30.829  74.230 0.0000000000
46056  4.509  -30.764  73.419 0.0000000000
119090  4.317  -31.179  72.884 0.0000000000
46064  4.451  -30.983  72.191 0.0000000000
46959  6.181  -29.598  73.386 0.0000000000
42149  20.797  -34.543  88.987 0.0000000000
42148  21.060  -34.334  88.371 0.0000000000
43135  21.172  -33.867  87.467 0.0000000000
120444  21.179  -33.015  86.847 0.0000000000
40314  20.918  -36.740  85.723 0.0000000000
40311  20.828  -36.823  86.538 0.0000000000
40306  20.584  -36.906  87.242 0.0000000000
40307  20.273  -37.067  87.517 0.0000000000
40302  20.543  -36.099  87.876 0.0000000000
39625  5.225  -37.577  68.711 0.0000000000
39624  6.542  -37.244  68.511 0.0000000000
41235  7.858  -36.375  88.239 0.0000000000
41237  8.300  -35.996  87.884 0.0000000000
41234  8.574  -36.010  88.603 0.0000000000
38691  10.419  -38.277  90.480 0.0000000000
37739  9.528  -38.404  90.162 0.0000000000
38696  8.429  -37.924  89.711 0.0000000000
38697  7.877  -38.024  89.137 0.0000000000
38701  7.352  -38.137  88.571 0.0000000000
39507  7.503  -37.382  88.792 0.0000000000
40304  7.344  -36.855  88.259 0.0000000000
115665  13.593  -33.282  82.870 0.0000000000
44173  14.173  -32.832  82.530 0.0000000000
44172  14.287  -32.501  81.837 0.0000000000
44179  14.265  -32.383  81.098 0.0000000000
44215  7.213  -32.699  78.576 0.0000000000
44228  8.000  -32.995  78.087 0.0000000000
43235  7.111  -32.911  77.912 0.0000000000
43260  6.842  -33.111  76.494 0.0000000000
43275  5.951  -32.754  76.026 0.0000000000
44249  5.331  -32.377  75.662 0.0000000000
44250  4.924  -32.023  75.386 0.0000000000
40289  14.040  -35.860  90.533 0.0000000000
41215  15.547  -35.418  90.517 0.0000000000
112948  16.059  -34.978  90.606 0.0000000000
44125  20.911  -32.547  90.202 0.0000000000
45052  21.250  -31.032  90.195 0.0000000000
45048  21.160  -30.503  90.471 0.0000000000
45914  20.827  -30.181  90.985 0.0000000000
46799  21.172  -29.768  90.452 0.0000000000
37772  22.489  -39.107  82.330 0.0000000000
36798  22.155  -39.707  82.335 0.0000000000
37773  21.767  -39.732  83.117 0.0000000000
37762  20.285  -39.260  86.287 0.0000000000
36767  19.942  -39.787  86.085 0.0000000000
36779  19.357  -40.030  85.846 0.0000000000
35777  18.899  -40.267  85.344 0.0000000000
36757  16.890  -38.592  87.305 0.0000000000
36743  16.618  -38.512  87.694 0.0000000000
39496  17.434  -37.501  89.154 0.0000000000
38686  16.884  -37.762  89.020 0.0000000000
113099  16.513  -37.390  89.629 0.0000000000
38681  13.611  -37.619  90.159 0.0000000000
39489  14.900  -37.262  90.220 0.0000000000
111217  14.512  -36.655  90.433 0.0000000000
46851  12.611  -29.615  86.597 0.0000000000
113095  12.555  -29.709  85.676 0.0000000000
46852  11.663  -29.823  86.261 0.0000000000
129889  11.144  -29.991  85.617 0.0000000000
45952  10.415  -30.087  85.461 0.0000000000
126842  8.169  -29.947  85.754 0.0000000000
45955  7.719  -30.080  85.182 0.0000000000
110067  7.871  -30.460  84.562 0.0000000000
45991  7.597  -30.863  83.898 0.0000000000
45105  7.275  -31.509  82.453 0.0000000000
45091  6.952  -31.088  83.234 0.0000000000
45106  6.410  -31.207  82.573 0.0000000000
45107  5.777  -30.856  82.651 0.0000000000
39527  26.404  -36.960  81.854 0.0000000000
40328  23.681  -36.595  82.633 0.0000000000
39535  3.960  -37.444  82.392 0.0000000000
39537  4.154  -37.075  81.799 0.0000000000
40337  4.595  -36.800  82.363 0.0000000000
41269  5.125  -36.425  82.662 0.0000000000
41260  6.006  -35.995  83.190 0.0000000000
42169  9.560  -34.870  85.924 0.0000000000
112569  8.930  -34.999  85.313 0.0000000000
42168  10.293  -34.542  85.412 0.0000000000
43169  10.936  -34.195  84.907 0.0000000000
43168  11.655  -33.867  84.500 0.0000000000
43156  13.191  -33.485  85.640 0.0000000000
43117  14.660  -34.137  90.518 0.0000000000
44123  15.104  -33.620  90.293 0.0000000000
44127  15.643  -32.898  89.588 0.0000000000
45920  16.656  -30.318  88.957 0.0000000000
129668  16.437  -30.894  87.628 0.0000000000
45065  16.277  -31.015  87.111 0.0000000000
129828  15.268  -29.700  87.474 0.0000000000
111746  21.254  -41.124  80.938 0.0000000000
125311  20.968  -40.963  80.358 0.0000000000
35834  20.398  -40.506  80.045 0.0000000000
36773  13.430  -38.833  86.831 0.0000000000
36774  12.357  -39.391  86.690 0.0000000000
120652  11.579  -39.897  86.518 0.0000000000
35766  9.370  -40.343  87.087 0.0000000000
38710  5.512  -38.291  85.527 0.0000000000
37766  5.622  -39.461  85.093 0.0000000000
37767  4.991  -39.075  84.699 0.0000000000
112067  3.682  -38.903  82.770 0.0000000000
41288  6.213  -35.690  80.209 0.0000000000
41302  5.740  -35.967  79.520 0.0000000000
41301  6.719  -35.623  79.482 0.0000000000
41317  7.348  -35.687  78.694 0.0000000000
41314  10.623  -35.538  78.302 0.0000000000
41331  10.077  -35.901  77.664 0.0000000000
40361  10.232  -36.204  76.808 0.0000000000
40390  9.007  -36.523  75.575 0.0000000000
116685  8.449  -36.581  74.890 0.0000000000
40389  9.965  -36.514  75.366 0.0000000000
118534  9.401  -36.617  74.701 0.0000000000
117644  9.900  -36.737  73.804 0.0000000000
46003  12.046  -30.511  82.281 0.0000000000
122455  12.606  -30.662  81.472 0.0000000000
46023  12.106  -30.967  80.748 0.0000000000
45143  11.927  -31.521  79.322 0.0000000000
45151  12.214  -31.846  78.513 0.0000000000
43272  9.345  -33.568  75.578 0.0000000000
43271  10.386  -33.388  75.268 0.0000000000
43284  10.989  -33.728  74.368 0.0000000000
42293  11.134  -34.348  73.412 0.0000000000
42305  11.408  -35.127  72.797 0.0000000000
42320  10.506  -34.805  72.019 0.0000000000
42333  10.553  -35.320  71.466 0.0000000000
40497  9.652  -35.902  69.759 0.0000000000
40498  9.135  -36.330  69.092 0.0000000000
41418  9.443  -35.276  70.009 0.0000000000
125832  8.734  -34.913  69.799 0.0000000000
42364  8.011  -34.845  69.275 0.0000000000
42352  5.248  -34.015  70.973 0.0000000000
129189  4.691  -27.487  83.819 0.0000000000
47759  4.412  -28.619  82.781 0.0000000000
120006  4.340  -29.382  82.452 0.0000000000
47796  6.724  -28.040  77.937 0.0000000000
47797  5.675  -28.252  78.033 0.0000000000
128357  4.925  -28.602  78.112 0.0000000000
113947  5.105  -28.728  77.470 0.0000000000
46948  4.679  -30.201  75.716 0.0000000000
41227  19.163  -35.059  89.814 0.0000000000
43122  20.741  -33.874  89.607 0.0000000000
43129  21.075  -33.782  89.028 0.0000000000
43121  21.033  -33.139  89.627 0.0000000000
123020  21.338  -38.624  84.558 0.0000000000
37761  20.696  -38.891  86.221 0.0000000000
37756  19.907  -38.820  86.847 0.0000000000
37757  19.338  -38.753  87.093 0.0000000000
36740  18.634  -38.573  87.395 0.0000000000
37749  18.989  -38.338  87.554 0.0000000000
39503  18.165  -37.551  88.628 0.0000000000
39506  19.355  -37.466  88.006 0.0000000000
39501  18.773  -37.330  88.591 0.0000000000
39502  18.164  -37.216  89.079 0.0000000000
124985  18.151  -36.677  89.512 0.0000000000
112627  10.803  -29.476  89.106 0.0000000000
45921  10.225  -29.494  88.078 0.0000000000
110735  9.869  -29.213  88.956 0.0000000000
125220  9.457  -29.234  88.345 0.0000000000
45922  8.743  -29.157  88.178 0.0000000000
46820  8.293  -28.715  89.350 0.0000000000
46830  8.228  -28.968  88.731 0.0000000000
45923  7.966  -29.091  87.913 0.0000000000
116860  7.370  -29.206  86.788 0.0000000000
45930  7.062  -29.030  87.109 0.0000000000
45944  6.506  -29.285  85.956 0.0000000000
41253  5.872  -36.668  84.475 0.0000000000
41246  6.658  -36.415  85.540 0.0000000000
41245  7.333  -36.021  85.926 0.0000000000
42162  8.064  -35.724  86.359 0.0000000000
42156  8.135  -35.895  87.146 0.0000000000
42161  8.818  -35.438  86.876 0.0000000000
131770  9.190  -35.086  86.425 0.0000000000
117566  10.582  -34.668  86.963 0.0000000000
43139  11.848  -33.989  87.132 0.0000000000
45047  18.477  -31.142  91.187 0.0000000000
45916  17.349  -30.145  90.850 0.0000000000
46801  17.519  -29.555  91.724 0.0000000000
123279  16.679  -29.859  90.385 0.0000000000
46803  16.097  -29.564  90.540 0.0000000000
130704  15.583  -29.337  91.089 0.0000000000
114314  15.247  -29.372  90.549 0.0000000000
36736  11.511  -38.822  88.585 0.0000000000
36748  11.234  -39.264  87.944 0.0000000000
36737  10.858  -38.884  88.896 0.0000000000
36750  9.727  -39.577  88.328 0.0000000000
36738  9.560  -39.332  88.958 0.0000000000
114618  9.160  -39.658  88.287 0.0000000000
127138  8.802  -39.936  87.769 0.0000000000
36763  8.242  -40.030  87.515 0.0000000000
110418  7.321  -40.349  86.483 0.0000000000
36765  6.966  -39.822  86.818 0.0000000000
37763  6.465  -39.532  86.306 0.0000000000
37760  6.301  -38.851  86.411 0.0000000000
38705  6.664  -38.434  87.411 0.0000000000
38706  6.381  -38.291  86.834 0.0000000000
38708  6.009  -38.275  86.139 0.0000000000
39515  5.861  -37.633  85.798 0.0000000000
117745  5.877  -36.986  85.344 0.0000000000
42224  9.610  -34.659  81.532 0.0000000000
42243  9.848  -34.734  80.699 0.0000000000
42242  10.758  -34.607  80.470 0.0000000000
42255  11.040  -34.848  79.611 0.0000000000
42221  12.422  -34.056  80.851 0.0000000000
42241  11.812  -34.437  80.168 0.0000000000
42254  12.081  -34.654  79.245 0.0000000000
42264  12.234  -34.889  78.329 0.0000000000
42272  12.396  -35.078  77.444 0.0000000000
122901  9.992  -31.771  80.667 0.0000000000
45145  10.079  -31.992  79.922 0.0000000000
44200  9.617  -32.345  79.219 0.0000000000
43244  9.683  -32.898  77.162 0.0000000000
43245  8.514  -33.194  77.276 0.0000000000
43258  8.975  -33.368  76.430 0.0000000000
42295  9.003  -34.191  74.174 0.0000000000
119872  8.602  -34.404  72.866 0.0000000000
111694  8.379  -34.456  72.177 0.0000000000
42322  7.678  -34.396  72.947 0.0000000000
42323  6.968  -34.392  72.572 0.0000000000
42324  6.148  -34.188  72.562 0.0000000000
43298  6.261  -33.861  73.980 0.0000000000
43299  5.681  -33.795  73.283 0.0000000000
43319  4.790  -33.555  71.743 0.0000000000
43320  4.159  -32.921  71.680 0.0000000000
121265  8.257  -28.494  76.337 0.0000000000
47824  6.793  -29.205  74.845 0.0000000000
46956  9.130  -29.271  73.441 0.0000000000
39598  5.095  -37.327  71.215 0.0000000000
41220  10.467  -36.143  90.685 0.0000000000
41223  10.779  -35.762  90.396 0.0000000000
42134  12.301  -35.282  90.374 0.0000000000
42132  13.778  -34.766  90.404 0.0000000000
127422  14.050  -35.147  90.511 0.0000000000
42131  14.525  -34.668  90.533 0.0000000000
43111  14.380  -34.412  90.464 0.0000000000
43115  16.395  -33.513  90.535 0.0000000000
41221  18.292  -34.805  90.184 0.0000000000
42129  18.110  -33.895  90.566 0.0000000000
44118  20.353  -32.706  90.605 0.0000000000
44119  19.604  -32.851  90.800 0.0000000000
43106  18.296  -33.135  90.712 0.0000000000
44116  18.110  -32.623  90.826 0.0000000000
119538  18.227  -31.867  90.981 0.0000000000
45912  19.202  -30.426  91.725 0.0000000000
46791  19.539  -29.596  91.927 0.0000000000
46800  20.799  -29.289  91.034 0.0000000000
36815  23.693  -39.298  81.132 0.0000000000
36824  23.423  -40.233  80.512 0.0000000000
36816  23.152  -39.855  81.151 0.0000000000
35811  22.223  -40.715  81.236 0.0000000000
36810  21.942  -40.195  82.213 0.0000000000
35800  21.793  -40.592  81.964 0.0000000000
35812  21.602  -40.957  81.532 0.0000000000
35813  20.877  -41.176  81.642 0.0000000000
35815  19.195  -40.680  82.296 0.0000000000
37768  21.250  -39.601  84.539 0.0000000000
36789  20.494  -40.375  84.516 0.0000000000
35784  20.701  -40.692  83.817 0.0000000000
126257  19.249  -40.798  83.037 0.0000000000
36790  17.680  -39.676  84.768 0.0000000000
36772  14.594  -38.648  86.657 0.0000000000
128133  13.496  -38.653  87.404 0.0000000000
37751  17.501  -38.365  87.953 0.0000000000
36730  17.074  -38.358  88.074 0.0000000000
36731  16.346  -38.449  88.050 0.0000000000
37732  16.422  -37.959  88.875 0.0000000000
37743  15.973  -38.249  88.599 0.0000000000
36732  15.508  -38.524  88.214 0.0000000000
36733  14.571  -38.554  88.318 0.0000000000
36735  12.539  -38.600  88.512 0.0000000000
36727  12.210  -38.516  89.149 0.0000000000
37736  12.038  -38.356  89.675 0.0000000000
37731  11.886  -38.173  90.097 0.0000000000
38682  12.883  -37.685  90.218 0.0000000000
126758  12.313  -37.845  90.265 0.0000000000
38690  11.268  -38.275  90.305 0.0000000000
38685  10.396  -37.627  90.962 0.0000000000
39495  10.129  -37.068  91.078 0.0000000000
46874  14.475  -30.109  84.840 0.0000000000
45984  14.630  -30.845  83.447 0.0000000000
45967  14.176  -30.240  83.889 0.0000000000
46885  13.347  -29.918  84.022 0.0000000000
45986  12.421  -30.211  83.006 0.0000000000
46886  12.614  -29.982  83.796 0.0000000000
112336  11.535  -30.410  83.029 0.0000000000
46004  11.157  -30.736  82.359 0.0000000000
45939  9.999  -29.702  87.033 0.0000000000
110863  9.764  -29.999  86.150 0.0000000000
45970  9.351  -30.503  84.400 0.0000000000
117751  10.011  -30.829  83.060 0.0000000000
46017  9.951  -31.331  81.874 0.0000000000
45118  9.481  -31.737  81.251 0.0000000000
44192  8.584  -32.337  80.247 0.0000000000
45120  7.636  -31.896  81.707 0.0000000000
110861  7.442  -32.390  80.229 0.0000000000
128038  6.691  -32.338  79.755 0.0000000000
44204  5.747  -31.989  78.724 0.0000000000
128938  5.444  -31.635  79.152 0.0000000000
42158  20.971  -34.457  85.939 0.0000000000
43143  20.817  -33.653  85.502 0.0000000000
44156  20.259  -32.832  84.253 0.0000000000
130507  27.140  -34.664  84.759 0.0000000000
40332  26.553  -36.495  82.394 0.0000000000
122775  25.934  -37.264  81.745 0.0000000000
39520  25.669  -36.832  82.535 0.0000000000
38719  25.590  -37.715  81.440 0.0000000000
38724  25.229  -38.240  81.158 0.0000000000
37779  24.245  -39.066  80.992 0.0000000000
37776  23.955  -38.812  81.357 0.0000000000
38715  23.339  -38.606  82.055 0.0000000000
41263  23.025  -35.877  82.236 0.0000000000
131424  22.008  -37.258  81.793 0.0000000000
39524  21.439  -38.541  83.592 0.0000000000
40315  20.692  -36.158  84.954 0.0000000000
119290  20.792  -35.220  85.497 0.0000000000
40340  4.527  -36.789  81.474 0.0000000000
132569  5.338  -36.150  81.166 0.0000000000
114633  5.345  -36.151  80.353 0.0000000000
120640  6.843  -35.514  80.803 0.0000000000
41274  7.441  -35.318  81.359 0.0000000000
42225  8.799  -34.832  81.707 0.0000000000
41252  6.390  -36.309  84.696 0.0000000000
42195  6.579  -35.945  83.847 0.0000000000
42194  7.504  -35.492  83.715 0.0000000000
42180  8.459  -35.100  84.657 0.0000000000
122899  8.151  -35.166  84.034 0.0000000000
42208  7.753  -35.236  82.763 0.0000000000
42207  8.561  -34.889  82.520 0.0000000000
42206  9.358  -34.657  82.352 0.0000000000
42205  10.212  -34.450  82.223 0.0000000000
43191  11.875  -33.854  82.682 0.0000000000
43167  12.438  -33.655  84.156 0.0000000000
129712  12.971  -33.532  83.937 0.0000000000
43177  12.705  -33.602  83.335 0.0000000000
44157  14.953  -32.000  84.265 0.0000000000
132892  15.162  -31.063  84.438 0.0000000000
42140  11.224  -35.374  90.110 0.0000000000
42145  10.830  -35.188  89.579 0.0000000000
43128  11.353  -34.751  89.139 0.0000000000
43126  12.797  -34.127  89.651 0.0000000000
43133  11.756  -34.358  88.740 0.0000000000
43132  12.448  -33.963  88.702 0.0000000000
43138  12.560  -33.791  87.659 0.0000000000
43137  13.499  -33.441  87.325 0.0000000000
44126  16.616  -32.320  89.964 0.0000000000
43136  14.307  -33.050  87.426 0.0000000000
43144  14.173  -33.051  86.736 0.0000000000
124152  14.700  -32.733  86.308 0.0000000000
131658  15.391  -31.990  85.596 0.0000000000
45074  15.459  -31.434  85.247 0.0000000000
45965  15.343  -30.920  84.862 0.0000000000
110372  13.615  -29.497  86.937 0.0000000000
110049  12.001  -29.637  88.007 0.0000000000
46828  11.688  -29.591  88.785 0.0000000000
46815  13.653  -29.438  89.975 0.0000000000
46816  12.675  -29.452  90.217 0.0000000000
131534  11.480  -29.490  89.590 0.0000000000
35820  23.097  -40.665  80.229 0.0000000000
35831  22.603  -40.605  79.360 0.0000000000
117136  21.845  -39.935  78.564 0.0000000000
35833  21.266  -40.697  79.715 0.0000000000
35764  10.828  -40.160  86.756 0.0000000000
35780  10.409  -41.199  85.430 0.0000000000
41319  5.443  -36.471  78.836 0.0000000000
41300  8.695  -35.332  79.523 0.0000000000
118977  8.214  -35.515  78.974 0.0000000000
123529  8.250  -35.786  78.268 0.0000000000
41332  9.090  -35.909  77.961 0.0000000000
40364  7.116  -36.214  77.198 0.0000000000
40379  6.500  -36.433  76.308 0.0000000000
40393  5.571  -36.666  75.644 0.0000000000
40407  7.859  -36.613  74.202 0.0000000000
40486  6.112  -37.330  70.782 0.0000000000
46001  14.448  -31.023  82.625 0.0000000000
46013  14.203  -31.192  81.843 0.0000000000
44189  14.246  -31.927  80.842 0.0000000000
45131  13.231  -31.085  80.625 0.0000000000
45130  13.881  -31.744  80.377 0.0000000000
113310  13.765  -32.331  79.827 0.0000000000
43234  13.519  -32.932  78.508 0.0000000000
123742  13.080  -34.214  77.742 0.0000000000
42271  12.868  -34.449  76.690 0.0000000000
44199  10.527  -32.039  78.992 0.0000000000
44213  11.251  -32.083  78.072 0.0000000000
43257  11.031  -32.964  75.753 0.0000000000
44239  11.817  -32.743  76.209 0.0000000000
44225  12.695  -32.851  76.771 0.0000000000
43255  12.849  -33.650  76.297 0.0000000000
42280  12.689  -34.343  75.806 0.0000000000
41355  12.199  -35.560  75.397 0.0000000000
40387  11.822  -36.028  74.697 0.0000000000
40424  10.934  -36.521  73.529 0.0000000000
40425  10.357  -36.765  72.983 0.0000000000
127008  11.155  -35.951  71.904 0.0000000000
40448  10.212  -36.895  72.139 0.0000000000
40449  9.171  -37.134  72.240 0.0000000000
113857  9.047  -37.250  71.356 0.0000000000
40467  8.067  -37.334  71.035 0.0000000000
42336  7.972  -34.498  71.355 0.0000000000
42365  6.767  -34.641  69.252 0.0000000000
114086  5.903  -34.344  70.149 0.0000000000
41451  6.073  -35.281  67.661 0.0000000000
47724  5.950  -28.617  87.711 0.0000000000
46854  6.287  -29.012  86.569 0.0000000000
46866  6.085  -29.242  85.953 0.0000000000
47730  5.244  -28.591  86.290 0.0000000000
46867  5.591  -29.266  85.548 0.0000000000
45974  5.997  -29.991  84.468 0.0000000000
45992  5.732  -30.215  83.667 0.0000000000
45094  5.442  -30.592  82.686 0.0000000000
45108  5.377  -30.831  82.271 0.0000000000
46901  4.491  -30.058  82.221 0.0000000000
45137  5.076  -31.176  80.663 0.0000000000
44218  5.119  -31.296  79.132 0.0000000000
124148  5.349  -31.561  78.463 0.0000000000
109904  4.020  -28.822  80.052 0.0000000000
46918  4.040  -29.151  79.244 0.0000000000
47785  4.483  -28.829  78.608 0.0000000000
46929  4.307  -29.530  78.481 0.0000000000
46031  4.192  -29.916  79.186 0.0000000000
45153  4.980  -31.089  78.262 0.0000000000
44231  5.322  -31.524  77.574 0.0000000000
115217  5.191  -31.571  76.672 0.0000000000
45162  4.943  -31.609  75.912 0.0000000000
111515  4.641  -32.077  74.593 0.0000000000
46050  4.649  -30.913  75.168 0.0000000000
45176  4.509  -31.482  74.433 0.0000000000
112623  4.353  -32.058  73.801 0.0000000000
45184  4.155  -31.903  73.033 0.0000000000
44288  4.031  -32.127  71.553 0.0000000000
46951  5.965  -29.467  74.237 0.0000000000
46960  5.287  -29.873  73.674 0.0000000000
46983  4.926  -30.420  72.245 0.0000000000
46072  4.650  -30.779  71.429 0.0000000000
44298  3.999  -31.700  70.671 0.0000000000
35821  21.504  -41.020  80.343 0.0000000000
35830  23.154  -40.672  79.562 0.0000000000
37729  13.844  -37.943  89.880 0.0000000000
37737  11.390  -38.489  89.767 0.0000000000
37740  8.907  -38.427  89.846 0.0000000000
37747  7.839  -38.650  88.760 0.0000000000
38680  14.418  -37.626  90.099 0.0000000000
38683  11.798  -37.816  90.506 0.0000000000
38684  11.073  -37.799  90.816 0.0000000000
38700  18.422  -38.251  87.800 0.0000000000
38702  6.899  -38.267  87.973 0.0000000000
38711  4.988  -38.350  84.970 0.0000000000
38726  3.602  -38.343  81.429 0.0000000000
39491  13.281  -37.197  90.411 0.0000000000
39494  10.872  -37.118  91.019 0.0000000000
39500  9.126  -37.102  90.517 0.0000000000
39504  8.554  -37.200  89.986 0.0000000000
39519  4.798  -37.761  84.543 0.0000000000
39541  3.838  -37.651  80.965 0.0000000000
40293  10.613  -36.523  90.934 0.0000000000
40294  9.969  -36.517  90.832 0.0000000000
40296  9.439  -36.561  90.480 0.0000000000
40301  7.820  -36.734  88.896 0.0000000000
40309  6.808  -36.873  87.096 0.0000000000
40353  5.080  -36.891  78.199 0.0000000000
40376  9.601  -36.406  76.234 0.0000000000
40404  11.206  -36.396  74.309 0.0000000000
40447  11.024  -36.384  72.453 0.0000000000
40464  10.759  -36.345  71.607 0.0000000000
40481  10.440  -36.233  70.899 0.0000000000
41213  16.771  -34.996  90.517 0.0000000000
41218  11.847  -35.809  90.598 0.0000000000
41219  11.095  -35.981  90.719 0.0000000000
41224  9.949  -36.031  90.315 0.0000000000
41239  6.996  -36.575  86.758 0.0000000000
41247  6.130  -36.642  85.104 0.0000000000
41261  5.447  -36.432  83.272 0.0000000000
41287  7.659  -35.291  80.562 0.0000000000
41290  4.902  -36.523  80.971 0.0000000000
41328  12.405  -35.258  76.694 0.0000000000
41333  7.545  -35.928  77.879 0.0000000000
41345  12.574  -35.059  75.979 0.0000000000
41354  12.470  -34.878  75.227 0.0000000000
41365  11.977  -35.412  74.030 0.0000000000
41387  11.350  -35.736  72.515 0.0000000000
41402  10.163  -35.589  70.639 0.0000000000
41434  8.974  -35.554  69.159 0.0000000000
42137  13.353  -34.715  90.261 0.0000000000
42141  10.358  -35.579  89.923 0.0000000000
42144  11.700  -34.936  89.816 0.0000000000
42155  8.695  -35.683  87.588 0.0000000000
42223  10.479  -34.480  81.349 0.0000000000
42240  12.734  -34.101  80.071 0.0000000000
42265  11.292  -35.152  78.784 0.0000000000
42306  11.055  -34.783  72.658 0.0000000000
42309  8.297  -34.353  73.617 0.0000000000
42319  11.082  -35.372  72.043 0.0000000000
43110  14.998  -34.255  90.623 0.0000000000
43113  19.729  -33.665  90.455 0.0000000000
43127  12.097  -34.462  89.400 0.0000000000
43189  13.797  -33.218  81.980 0.0000000000
43225  13.677  -32.780  79.295 0.0000000000
43269  12.450  -33.716  75.591 0.0000000000
44158  14.634  -32.545  84.673 0.0000000000
44165  14.751  -32.064  83.521 0.0000000000
44190  14.076  -32.435  80.493 0.0000000000
44202  7.325  -32.538  79.367 0.0000000000
44203  6.488  -32.361  79.037 0.0000000000
45114  14.384  -31.836  81.434 0.0000000000
45123  5.071  -30.973  81.624 0.0000000000
45134  9.404  -32.057  80.503 0.0000000000
45135  8.852  -32.063  80.914 0.0000000000
45144  10.999  -31.664  79.608 0.0000000000
45928  8.514  -29.359  87.369 0.0000000000
45929  7.394  -29.029  87.537 0.0000000000
45931  6.714  -29.027  86.750 0.0000000000
45957  6.074  -29.567  85.316 0.0000000000
45958  5.656  -29.689  84.788 0.0000000000
45972  7.253  -30.340  84.516 0.0000000000
46016  10.750  -31.092  81.733 0.0000000000
46024  4.601  -30.685  80.466 0.0000000000
46790  20.308  -29.811  91.531 0.0000000000
46833  6.542  -28.768  87.869 0.0000000000
46841  6.386  -28.843  87.275 0.0000000000
46842  5.976  -28.792  87.020 0.0000000000
47725  5.594  -28.613  87.107 0.0000000000
109787  7.812  -29.286  87.047 0.0000000000
112253  4.198  -30.128  80.734 0.0000000000
114662  8.145  -32.685  78.908 0.0000000000
117155  8.816  -34.875  83.895 0.0000000000
117916  5.713  -32.903  75.352 0.0000000000
118197  27.104  -35.224  84.216 0.0000000000
118341  20.298  -31.389  91.068 0.0000000000
118948  24.008  -40.070  80.187 0.0000000000
126090  10.901  -35.743  77.678 0.0000000000
128844  12.811  -34.352  78.620 0.0000000000
129461  11.576  -34.052  85.996 0.0000000000
129597  4.079  -37.210  80.646 0.0000000000
130671  11.362  -34.742  73.062 0.0000000000
132151  4.796  -31.261  75.725 0.0000000000
132348  5.385  -38.830  85.215 0.0000000000
