#!ascii label  , from subject sub-v2s0x29054_ses-1 vox2ras=TkReg
1767
132729  50.457  -58.863  5.985 0.2000000030
21319  50.288  -58.250  6.586 0.2000000030
21334  51.238  -58.760  5.761 0.2000000030
20469  49.631  -58.969  6.196 0.2000000030
20491  52.628  -60.186  4.342 0.1000000015
22176  50.762  -57.378  7.085 0.3000000119
21318  51.561  -57.919  6.147 0.2000000030
113176  52.033  -59.430  5.111 0.1000000015
20480  50.753  -59.426  5.479 0.2000000030
21333  52.500  -58.570  5.407 0.1000000015
20479  53.278  -59.196  4.671 0.1000000015
20489  54.072  -58.576  4.236 0.1000000015
20507  53.913  -58.546  3.455 0.1000000015
20490  53.626  -59.527  3.882 0.1000000015
21361  52.288  -58.404  2.654 0.1000000015
20508  53.304  -59.429  3.057 0.1000000015
132089  53.309  -58.926  2.741 0.1000000015
22221  50.024  -58.260  3.329 0.2000000030
21377  52.729  -58.910  2.364 0.1000000015
23025  54.532  -55.587  4.328 0.1000000015
23050  53.940  -55.696  3.890 0.1000000015
22189  52.910  -57.525  5.654 0.2000000030
21344  54.379  -57.931  3.948 0.1000000015
21332  53.769  -58.183  4.962 0.1000000015
21331  54.371  -57.626  4.388 0.1000000015
22218  53.899  -57.687  3.429 0.1000000015
22220  51.381  -57.925  3.240 0.1000000015
22222  48.817  -58.470  3.437 0.2000000030
21346  46.870  -58.343  3.752 0.1000000015
22224  45.854  -57.886  3.892 0.2000000030
23074  46.266  -57.065  3.027 0.1000000015
23923  45.834  -56.150  3.366 0.1000000015
23072  53.921  -56.804  3.632 0.1000000015
23051  52.639  -55.844  3.962 0.1000000015
22219  52.946  -57.539  3.245 0.1000000015
21347  46.198  -58.181  4.012 0.2000000030
115105  45.120  -56.602  4.127 0.2000000030
23915  45.128  -55.550  4.071 0.2000000030
23075  45.663  -57.199  3.656 0.2000000030
24849  45.911  -54.961  3.530 0.1000000015
132257  45.925  -54.113  3.745 0.2000000030
22199  51.935  -56.938  3.700 0.1000000015
23052  51.188  -56.304  4.245 0.1000000015
22200  50.551  -57.359  3.878 0.1000000015
22201  49.371  -57.759  4.096 0.2000000030
22191  46.949  -57.807  5.199 0.2000000030
22203  47.323  -58.200  4.409 0.3000000119
25790  45.558  -53.607  4.268 0.3000000119
25789  45.946  -52.841  4.332 0.2000000030
26647  46.757  -52.693  3.875 0.2000000030
25797  47.878  -53.953  2.785 0.2000000030
22205  45.645  -57.887  4.658 0.3000000119
22202  48.320  -58.082  4.290 0.2000000030
25781  44.834  -53.946  4.789 0.3000000119
26629  45.165  -52.948  4.886 0.3000000119
27460  45.863  -51.664  4.971 0.3000000119
26639  45.681  -52.318  4.780 0.3000000119
26638  46.315  -52.148  4.452 0.2000000030
118927  47.336  -53.370  3.350 0.2000000030
26646  47.803  -52.614  3.515 0.2000000030
27451  44.623  -51.773  5.843 0.4000000060
24826  44.040  -54.365  5.454 0.3000000119
118788  44.503  -53.426  5.321 0.3000000119
126141  44.723  -57.001  4.679 0.2000000030
24842  44.567  -54.996  4.744 0.2000000030
27450  46.162  -50.958  5.163 0.3000000119
26637  47.149  -51.978  4.080 0.2000000030
27459  46.623  -51.446  4.637 0.2000000030
27469  48.173  -51.844  3.745 0.2000000030
28328  44.637  -50.964  6.222 0.3000000119
123788  45.226  -52.079  5.299 0.3000000119
28335  46.469  -50.278  5.341 0.2000000030
29358  48.214  -49.898  4.868 0.2000000030
28334  47.275  -50.066  5.089 0.2000000030
122667  48.495  -49.329  5.147 0.1000000015
27458  47.510  -51.273  4.337 0.2000000030
28347  48.996  -50.448  4.367 0.2000000030
28348  47.868  -50.577  4.597 0.2000000030
27457  48.568  -51.142  4.068 0.2000000030
28327  45.219  -50.249  6.104 0.3000000119
29342  45.966  -49.827  5.799 0.3000000119
28337  45.378  -51.172  5.624 0.3000000119
30296  45.642  -48.480  6.476 0.2000000030
30295  46.488  -48.324  6.238 0.2000000030
28336  45.823  -50.489  5.590 0.3000000119
29341  46.748  -49.581  5.565 0.1000000015
29340  47.622  -49.399  5.353 0.1000000015
29339  49.387  -48.974  5.158 0.1000000015
30306  48.128  -48.653  5.535 0.1000000015
30294  47.302  -48.118  6.016 0.1000000015
29357  49.366  -49.735  4.737 0.1000000015
29331  44.688  -49.598  6.597 0.3000000119
29330  45.431  -49.337  6.298 0.2000000030
126467  45.442  -46.886  6.926 0.2000000030
32058  45.229  -46.197  7.542 0.1000000015
31187  45.923  -47.621  6.562 0.1000000015
129723  45.723  -46.376  6.975 0.1000000015
123299  46.712  -47.633  6.348 0.1000000015
30307  47.072  -48.866  5.809 0.1000000015
31199  48.076  -47.827  5.812 0.1000000015
30305  49.258  -48.022  5.487 0.1000000015
30297  44.834  -48.731  6.766 0.2000000030
32057  46.003  -45.817  7.121 0.1000000015
130412  46.433  -46.701  6.616 0.1000000015
31186  47.418  -47.298  6.203 0.1000000015
32065  47.588  -46.377  6.356 0.1000000015
31198  48.520  -47.005  5.922 0.1000000015
32967  46.578  -45.009  7.456 0.1000000015
32064  48.453  -46.066  6.152 0.1000000015
32074  49.342  -46.195  5.803 0.1000000015
32968  45.641  -45.292  7.947 0.1000000015
21360  53.326  -58.403  2.923 0.1000000015
23049  54.426  -56.471  3.970 0.1000000015
21366  46.564  -58.183  3.294 0.1000000015
22907  47.477  -56.728  16.142 0.5000000000
22074  46.803  -57.399  16.660 0.5000000000
23771  46.835  -56.202  16.586 0.5000000000
24651  46.768  -54.403  17.449 0.5000000000
114813  48.040  -57.901  18.527 0.2000000030
22032  48.880  -57.734  18.556 0.2000000030
22033  47.247  -58.160  17.970 0.3000000119
117026  48.159  -58.186  17.622 0.3000000119
22055  47.329  -58.102  17.084 0.5000000000
22891  46.053  -56.585  17.021 0.5000000000
23753  45.539  -55.686  17.492 0.5000000000
23752  46.370  -55.462  17.137 0.5000000000
118384  47.736  -54.024  17.328 0.5000000000
121409  47.095  -53.379  17.749 0.5000000000
25611  49.755  -52.811  17.010 0.5000000000
22014  47.487  -57.843  19.113 0.3000000119
111748  46.481  -58.092  18.447 0.3000000119
22056  45.850  -57.398  17.326 0.5000000000
24652  45.417  -54.630  17.897 0.5000000000
25585  46.130  -53.784  17.908 0.5000000000
25595  48.005  -52.897  17.663 0.5000000000
26517  52.597  -51.709  15.214 0.4000000060
27362  51.776  -51.452  15.460 0.5000000000
27345  51.422  -51.434  15.890 0.5000000000
26512  50.554  -52.313  16.708 0.5000000000
25593  49.023  -52.230  17.369 0.5000000000
26534  52.782  -51.730  14.685 0.4000000060
131193  47.988  -57.554  19.750 0.3000000119
115314  46.640  -57.876  19.486 0.4000000060
22034  45.632  -57.794  18.047 0.4000000060
22057  45.237  -57.301  17.732 0.5000000000
129661  44.425  -56.356  18.166 0.5000000000
23754  44.860  -56.129  17.789 0.5000000000
24653  44.952  -55.337  17.884 0.5000000000
23739  44.418  -55.608  18.199 0.5000000000
24642  44.676  -54.702  18.269 0.5000000000
112929  45.191  -53.705  18.397 0.5000000000
25584  46.579  -52.748  18.178 0.5000000000
26494  48.186  -51.712  17.719 0.6000000238
27346  50.714  -51.335  16.215 0.5000000000
26513  49.981  -51.639  16.872 0.5000000000
27326  48.798  -50.957  17.278 0.5000000000
26552  54.111  -52.499  13.909 0.4000000060
26532  54.238  -52.556  14.241 0.4000000060
27361  52.142  -51.445  15.067 0.5000000000
21918  49.566  -57.698  23.886 0.1000000015
22777  48.381  -56.791  23.406 0.1000000015
21934  47.736  -56.853  23.960 0.1000000015
123660  48.757  -56.717  22.758 0.1000000015
118402  47.666  -56.709  23.333 0.1000000015
120701  46.496  -56.769  23.035 0.1000000015
22799  48.059  -56.743  22.685 0.1000000015
22800  47.175  -56.809  22.705 0.1000000015
123961  46.370  -57.077  22.351 0.1000000015
21987  48.387  -57.360  20.252 0.2000000030
21967  48.079  -57.264  21.079 0.1000000015
21988  47.488  -57.559  20.191 0.3000000119
22035  44.868  -57.374  18.220 0.5000000000
128030  46.005  -57.823  19.750 0.4000000060
22016  45.449  -57.789  19.475 0.4000000060
22875  44.290  -56.897  18.406 0.4000000060
23740  43.810  -56.124  18.616 0.5000000000
113853  43.910  -55.040  18.624 0.5000000000
24643  44.222  -54.046  18.716 0.5000000000
25586  44.554  -53.111  18.839 0.5000000000
26495  47.390  -52.307  17.975 0.5000000000
27347  49.772  -50.928  16.362 0.5000000000
27363  51.083  -51.260  15.693 0.5000000000
26553  53.061  -51.983  13.922 0.4000000060
111311  54.950  -53.300  12.425 0.5000000000
19295  50.123  -60.585  25.348 0.1000000015
19307  50.318  -59.951  24.794 0.1000000015
20248  49.804  -59.161  24.499 0.1000000015
21099  49.301  -58.359  24.290 0.1000000015
21933  48.897  -57.209  23.757 0.1000000015
115343  48.226  -57.424  24.168 0.1000000015
22764  47.033  -56.880  24.205 0.1000000015
20249  48.861  -59.125  24.637 0.1000000015
113572  48.390  -58.249  24.432 0.1000000015
22778  46.950  -56.689  23.624 0.1000000015
121004  42.925  -56.899  21.818 0.2000000030
22804  42.339  -56.451  22.224 0.2000000030
22817  48.659  -56.875  21.917 0.1000000015
22818  47.696  -57.045  21.918 0.1000000015
22819  46.936  -57.183  21.912 0.1000000015
21956  45.535  -57.232  22.123 0.1000000015
22820  43.687  -57.170  21.926 0.2000000030
21968  47.172  -57.374  21.156 0.2000000030
21955  46.186  -57.413  21.378 0.1000000015
21990  44.518  -57.493  20.373 0.2000000030
22841  43.115  -56.816  20.219 0.2000000030
22821  42.441  -56.453  21.237 0.2000000030
23691  41.427  -55.333  21.337 0.2000000030
113473  45.523  -57.657  20.338 0.2000000030
22018  43.998  -57.340  19.558 0.3000000119
114177  43.216  -56.262  19.265 0.3000000119
23719  43.211  -55.408  19.125 0.4000000060
27327  48.143  -50.577  17.605 0.5000000000
24621  43.376  -54.415  19.105 0.4000000060
28257  48.014  -50.118  16.448 0.5000000000
28226  47.778  -49.980  17.439 0.5000000000
28256  48.661  -50.284  16.430 0.5000000000
127984  48.734  -50.279  16.727 0.5000000000
28225  48.532  -50.207  17.086 0.5000000000
26484  45.333  -52.662  18.677 0.5000000000
27382  50.534  -51.146  15.496 0.5000000000
27364  49.785  -50.829  15.974 0.5000000000
28255  49.122  -50.569  16.386 0.5000000000
27310  47.137  -50.481  18.256 0.5000000000
26535  51.910  -51.479  14.708 0.5000000000
27381  51.458  -51.331  15.234 0.5000000000
28224  49.069  -50.551  16.750 0.5000000000
118079  47.597  -51.161  18.032 0.6000000238
121065  50.410  -51.049  15.920 0.5000000000
26570  54.679  -52.978  13.228 0.4000000060
18369  50.301  -61.240  25.967 0.1000000015
20236  49.390  -59.991  24.885 0.1000000015
20237  48.430  -59.947  25.055 0.1000000015
20238  47.507  -59.770  25.265 0.1000000015
131486  46.371  -60.420  25.877 0.1000000015
20250  47.976  -59.040  24.825 0.1000000015
21921  46.603  -57.264  24.518 0.1000000015
22765  46.354  -56.744  24.161 0.1000000015
22779  46.110  -56.699  23.576 0.1000000015
22781  44.762  -56.661  23.504 0.1000000015
22801  45.069  -56.958  22.783 0.1000000015
22803  43.250  -56.849  22.619 0.2000000030
21957  44.616  -57.266  22.024 0.1000000015
22861  42.929  -56.425  19.802 0.3000000119
23705  42.024  -55.690  20.628 0.3000000119
24590  40.954  -54.474  21.292 0.2000000030
23720  42.588  -55.737  19.758 0.3000000119
24607  41.569  -54.815  20.613 0.2000000030
112604  42.796  -53.830  19.542 0.4000000060
24606  41.959  -54.153  20.057 0.3000000119
25567  42.285  -53.156  19.879 0.4000000060
28228  46.128  -49.369  17.771 0.5000000000
28199  47.303  -49.870  17.961 0.5000000000
25566  43.665  -53.378  19.189 0.5000000000
121081  44.022  -48.990  18.291 0.5000000000
29246  44.847  -49.080  18.322 0.5000000000
29227  45.095  -49.170  18.589 0.5000000000
29225  46.182  -49.365  18.145 0.5000000000
28200  46.723  -49.800  18.247 0.6000000238
26471  44.146  -52.654  19.170 0.5000000000
120872  44.149  -48.780  18.844 0.5000000000
29208  45.348  -49.548  18.844 0.5000000000
28201  46.008  -49.734  18.557 0.6000000238
26483  46.874  -51.641  18.344 0.5000000000
120810  46.095  -52.130  18.571 0.5000000000
116604  46.308  -50.810  18.637 0.5000000000
24742  55.644  -54.253  10.600 0.4000000060
25682  55.382  -53.628  11.912 0.4000000060
25664  55.461  -53.307  12.899 0.4000000060
19286  44.243  -60.319  26.669 0.1000000015
19299  45.734  -60.095  25.919 0.1000000015
21090  44.833  -58.848  25.713 0.1000000015
21089  46.285  -58.670  25.170 0.1000000015
126626  44.856  -58.069  25.430 0.1000000015
21088  47.122  -58.910  25.003 0.1000000015
21911  45.320  -57.554  25.056 0.1000000015
21912  44.558  -57.364  25.264 0.1000000015
22766  45.466  -56.604  24.080 0.1000000015
22767  44.535  -56.535  24.287 0.1000000015
22782  43.749  -56.574  23.603 0.1000000015
131475  42.391  -56.254  23.618 0.2000000030
23660  41.877  -56.143  23.089 0.2000000030
125317  41.206  -55.609  22.763 0.2000000030
23678  41.537  -55.827  22.132 0.2000000030
23679  40.884  -55.101  22.115 0.2000000030
34690  41.153  -43.673  21.282 0.2000000030
25544  40.882  -53.712  20.988 0.2000000030
33749  40.789  -44.140  20.873 0.2000000030
32800  40.581  -45.496  20.854 0.2000000030
31880  40.600  -46.227  20.960 0.2000000030
31037  40.646  -47.055  21.144 0.2000000030
118306  41.317  -54.091  20.646 0.2000000030
33763  40.975  -44.082  19.853 0.2000000030
31879  40.853  -45.858  20.088 0.2000000030
109746  41.048  -46.833  20.303 0.2000000030
30137  41.592  -47.689  20.248 0.2000000030
29188  41.424  -48.606  20.655 0.3000000119
29187  42.004  -49.183  20.372 0.2000000030
28173  42.401  -50.660  20.156 0.4000000060
114130  41.189  -46.639  19.027 0.2000000030
126931  41.138  -46.489  19.613 0.3000000119
31050  41.575  -47.146  19.619 0.3000000119
29211  42.885  -48.771  19.770 0.4000000060
30136  42.183  -48.347  20.100 0.3000000119
131124  42.482  -49.717  20.184 0.4000000060
27288  42.357  -51.575  20.059 0.4000000060
125961  43.018  -53.039  19.546 0.5000000000
30168  42.623  -48.074  18.910 0.5000000000
30153  43.315  -48.402  19.123 0.4000000060
30154  42.362  -47.955  19.508 0.4000000060
29210  43.826  -48.944  19.350 0.4000000060
28186  44.024  -49.982  19.519 0.5000000000
28187  43.200  -49.796  19.829 0.5000000000
118779  43.210  -51.038  19.767 0.5000000000
26472  43.569  -52.532  19.431 0.5000000000
129711  43.425  -48.386  18.929 0.5000000000
29209  44.657  -49.228  19.094 0.5000000000
27300  45.505  -50.501  18.986 0.5000000000
27311  45.486  -51.628  18.895 0.5000000000
26485  44.761  -52.239  19.034 0.5000000000
21061  42.728  -59.251  27.162 0.1000000015
19273  43.645  -60.361  27.315 0.1000000015
20228  43.442  -59.746  26.860 0.1000000015
21896  42.325  -57.375  26.533 0.1000000015
21091  44.048  -58.215  25.795 0.1000000015
21895  43.083  -57.816  26.100 0.1000000015
21913  43.743  -57.150  25.526 0.1000000015
21914  42.910  -56.791  25.844 0.1000000015
22758  43.399  -56.458  25.210 0.1000000015
22769  42.959  -56.102  24.874 0.1000000015
22768  43.698  -56.405  24.562 0.1000000015
131288  42.583  -56.006  24.537 0.2000000030
23654  41.386  -55.410  24.436 0.2000000030
115798  42.068  -55.982  24.060 0.2000000030
24585  40.454  -54.600  22.564 0.2000000030
33727  41.637  -43.689  21.837 0.1000000015
33728  40.951  -44.249  21.684 0.2000000030
33729  40.612  -44.875  21.269 0.2000000030
129562  42.470  -43.855  22.281 0.1000000015
33707  41.599  -44.493  22.452 0.1000000015
32778  40.723  -45.033  22.076 0.1000000015
32766  40.611  -45.896  22.309 0.1000000015
31866  40.440  -46.492  21.785 0.1000000015
30120  40.810  -47.948  21.103 0.1000000015
25543  41.411  -53.260  20.478 0.2000000030
29176  40.656  -48.997  21.303 0.1000000015
28174  41.097  -49.620  20.882 0.1000000015
115379  41.662  -50.239  20.522 0.3000000119
26452  41.901  -52.357  20.189 0.2000000030
27302  44.115  -51.068  19.483 0.5000000000
129887  43.579  -51.802  19.561 0.5000000000
28185  44.802  -50.216  19.274 0.5000000000
27301  44.835  -51.289  19.242 0.5000000000
120407  44.178  -51.962  19.350 0.5000000000
20211  42.440  -59.457  28.004 0.1000000015
21053  41.609  -58.080  27.998 0.1000000015
21897  41.717  -56.945  27.053 0.1000000015
21880  41.864  -57.844  27.222 0.1000000015
22741  41.593  -55.891  27.100 0.1000000015
23644  42.067  -55.417  25.645 0.1000000015
23627  41.962  -55.528  26.233 0.1000000015
23645  41.525  -55.119  25.276 0.2000000030
24563  40.638  -55.030  23.886 0.2000000030
23662  40.673  -55.149  23.017 0.2000000030
24571  40.256  -54.447  23.277 0.2000000030
24591  40.516  -54.373  21.986 0.2000000030
114548  39.949  -52.989  21.964 0.2000000030
25530  40.440  -53.731  21.612 0.2000000030
33706  42.737  -44.545  22.728 0.1000000015
31024  40.353  -47.465  22.040 0.1000000015
27290  40.549  -51.863  21.042 0.1000000015
25545  40.589  -52.898  21.151 0.2000000030
30121  40.292  -48.483  21.947 0.1000000015
27289  41.483  -51.420  20.491 0.2000000030
26453  41.134  -52.375  20.616 0.2000000030
21877  41.607  -57.225  28.433 0.1000000015
21881  41.553  -57.376  27.659 0.1000000015
23621  41.969  -55.675  28.919 0.1000000015
22731  41.412  -55.870  27.857 0.1000000015
24531  41.481  -54.733  28.147 0.1000000015
23625  41.388  -55.187  27.680 0.1000000015
23628  41.487  -54.857  26.876 0.1000000015
116275  41.666  -54.875  26.049 0.1000000015
113321  41.072  -54.417  25.590 0.1000000015
123526  40.520  -53.899  25.040 0.1000000015
24564  40.240  -54.232  24.168 0.2000000030
25500  39.907  -53.597  23.488 0.2000000030
25516  40.091  -53.828  22.507 0.2000000030
111387  39.680  -52.902  22.844 0.2000000030
26437  39.707  -52.166  22.309 0.2000000030
33704  44.564  -44.761  22.365 0.1000000015
32763  43.135  -45.261  23.091 0.1000000015
32764  42.113  -45.190  23.083 0.1000000015
31855  40.900  -46.205  22.985 0.1000000015
26444  40.085  -52.278  21.611 0.2000000030
31840  41.325  -46.646  23.457 0.1000000015
31841  40.739  -46.843  23.129 0.1000000015
31856  40.526  -46.720  22.544 0.1000000015
29177  40.115  -49.359  22.030 0.1000000015
28158  40.425  -49.831  21.451 0.1000000015
28159  40.614  -50.696  21.090 0.2000000030
116992  42.287  -53.747  28.677 0.1000000015
25468  41.908  -53.177  28.091 0.1000000015
25469  41.528  -53.625  27.533 0.1000000015
25476  41.286  -53.388  26.703 0.1000000015
25481  40.916  -53.620  25.855 0.1000000015
25482  40.611  -52.960  25.257 0.1000000015
25491  40.122  -53.321  24.376 0.2000000030
27242  40.514  -51.717  24.425 0.1000000015
26417  40.265  -52.457  24.442 0.1000000015
119925  39.950  -51.909  23.829 0.2000000030
26422  39.811  -52.711  23.690 0.2000000030
27250  40.172  -51.154  23.934 0.1000000015
115023  39.635  -52.056  23.129 0.2000000030
30994  43.889  -46.837  23.547 0.1000000015
132700  42.504  -47.089  23.824 0.1000000015
30995  42.376  -47.731  23.990 0.1000000015
30083  41.441  -48.058  23.935 0.1000000015
29135  40.308  -49.607  23.585 0.1000000015
28121  39.790  -50.495  23.296 0.1000000015
132913  39.751  -51.370  23.365 0.1000000015
32762  44.085  -45.427  22.862 0.1000000015
31838  43.541  -46.013  23.335 0.1000000015
31839  42.133  -46.525  23.653 0.1000000015
30996  41.776  -47.200  23.794 0.1000000015
116556  40.601  -48.076  23.391 0.1000000015
30084  40.257  -48.844  23.182 0.1000000015
29158  39.875  -49.555  22.861 0.1000000015
27266  39.619  -51.303  22.671 0.1000000015
30997  40.972  -47.341  23.516 0.1000000015
30107  40.320  -48.195  22.706 0.1000000015
130150  40.128  -48.898  22.583 0.1000000015
27277  39.957  -51.446  21.755 0.1000000015
26376  42.667  -52.878  28.464 0.1000000015
26403  41.842  -51.924  27.117 0.1000000015
26404  41.390  -52.503  26.579 0.1000000015
26411  41.126  -52.346  25.790 0.1000000015
127569  41.041  -51.581  24.855 0.1000000015
30080  44.538  -48.951  23.597 0.1000000015
29121  43.144  -49.882  24.113 0.1000000015
29122  42.289  -50.245  24.438 0.1000000015
29123  41.500  -50.635  24.486 0.1000000015
28106  40.909  -51.120  24.447 0.1000000015
30992  45.082  -48.112  23.371 0.1000000015
30081  43.536  -48.685  23.923 0.1000000015
29134  41.241  -49.707  24.190 0.1000000015
28120  40.560  -50.420  24.054 0.1000000015
31014  44.796  -47.099  23.305 0.1000000015
30993  44.204  -47.809  23.671 0.1000000015
30082  42.438  -48.662  24.143 0.1000000015
27218  41.610  -51.775  26.265 0.1000000015
28072  42.634  -50.811  25.982 0.1000000015
28087  42.329  -50.995  25.177 0.1000000015
28086  42.984  -50.750  25.087 0.1000000015
28088  41.666  -51.217  24.917 0.1000000015
30079  45.323  -49.275  23.317 0.1000000015
110220  44.174  -49.922  23.768 0.1000000015
29120  43.974  -50.588  24.066 0.1000000015
28104  43.144  -50.563  24.450 0.1000000015
30106  45.875  -48.499  23.055 0.1000000015
111364  46.492  -57.941  17.518 0.4000000060
125140  45.880  -53.031  18.371 0.5000000000
22017  44.393  -57.371  18.833 0.4000000060
21932  49.645  -57.192  23.477 0.1000000015
113350  45.843  -56.892  22.876 0.1000000015
21989  46.528  -57.636  20.404 0.2000000030
22859  43.713  -56.907  18.943 0.4000000060
19296  49.076  -60.832  25.553 0.1000000015
130417  47.903  -57.822  24.402 0.1000000015
115251  43.165  -57.016  21.014 0.3000000119
21969  45.092  -57.461  21.254 0.2000000030
21970  44.116  -57.339  21.166 0.2000000030
22842  42.613  -56.406  20.388 0.3000000119
22860  43.377  -56.880  19.647 0.3000000119
24622  42.623  -54.784  19.586 0.3000000119
28227  46.913  -49.702  17.731 0.5000000000
19297  47.954  -60.633  25.571 0.1000000015
19298  47.069  -60.472  25.685 0.1000000015
20239  46.528  -59.648  25.491 0.1000000015
121381  47.603  -58.243  24.630 0.1000000015
21922  45.816  -57.069  24.580 0.1000000015
21101  46.072  -57.802  24.911 0.1000000015
22780  45.459  -56.718  23.376 0.1000000015
22802  44.187  -56.987  22.774 0.1000000015
22783  42.735  -56.495  23.222 0.2000000030
116835  42.057  -55.059  20.034 0.3000000119
28229  45.277  -49.350  17.737 0.5000000000
29245  45.600  -49.187  18.222 0.5000000000
28230  44.299  -49.470  17.755 0.5000000000
20226  44.913  -59.777  26.026 0.1000000015
20227  44.102  -59.317  26.230 0.1000000015
20240  45.626  -59.245  25.579 0.1000000015
21923  45.020  -56.865  24.748 0.1000000015
22757  44.241  -56.654  24.991 0.1000000015
117436  42.901  -56.276  24.094 0.1000000015
23661  41.269  -55.609  23.547 0.2000000030
34702  41.199  -43.443  20.623 0.2000000030
32799  40.722  -44.913  20.384 0.2000000030
132564  41.029  -47.383  20.669 0.2000000030
31068  41.741  -47.372  19.033 0.5000000000
31896  40.950  -45.927  19.154 0.2000000030
26473  42.829  -52.237  19.748 0.5000000000
31069  40.943  -47.024  18.286 0.5000000000
21062  42.111  -58.687  27.548 0.1000000015
21078  42.483  -58.357  26.768 0.1000000015
21077  43.266  -58.834  26.438 0.1000000015
22740  42.226  -56.357  26.379 0.1000000015
22759  42.629  -55.953  25.601 0.1000000015
23653  42.246  -55.663  24.954 0.2000000030
24553  40.806  -54.742  24.761 0.2000000030
32779  40.490  -45.650  21.565 0.1000000015
127995  42.024  -58.785  28.398 0.1000000015
33705  43.434  -44.006  22.371 0.1000000015
32765  41.179  -45.410  22.778 0.1000000015
22728  41.582  -56.234  28.383 0.1000000015
22727  41.966  -56.543  29.085 0.1000000015
24529  42.824  -54.268  29.219 0.1000000015
24530  41.948  -54.714  28.741 0.1000000015
23622  41.537  -55.401  28.300 0.1000000015
25454  41.654  -54.036  28.194 0.1000000015
24540  41.395  -54.394  27.607 0.1000000015
24543  41.287  -54.189  26.369 0.1000000015
114672  41.400  -54.083  27.032 0.1000000015
118934  43.684  -44.719  22.655 0.1000000015
32749  42.592  -45.887  23.427 0.1000000015
32750  41.664  -45.928  23.326 0.1000000015
31015  40.470  -47.420  22.925 0.1000000015
26390  41.643  -52.779  27.362 0.1000000015
129406  41.020  -52.960  26.064 0.1000000015
27232  40.802  -52.138  25.037 0.1000000015
126520  43.214  -47.511  23.856 0.1000000015
31854  44.460  -46.228  23.092 0.1000000015
119205  42.988  -46.614  23.655 0.1000000015
118430  41.567  -48.909  24.136 0.1000000015
131571  42.901  -48.103  24.034 0.1000000015
112739  40.808  -48.822  23.787 0.1000000015
28138  39.881  -50.369  22.140 0.1000000015
26389  42.205  -52.304  27.868 0.1000000015
27230  41.942  -51.233  25.765 0.1000000015
27231  41.350  -51.710  25.431 0.1000000015
114806  44.876  -49.927  23.523 0.1000000015
28105  42.355  -50.758  24.744 0.1000000015
29133  42.127  -49.503  24.267 0.1000000015
123957  43.799  -50.572  24.818 0.1000000015
29131  45.506  -50.264  23.435 0.1000000015
29132  44.893  -50.585  23.778 0.1000000015
22029  52.193  -57.336  18.504 0.1000000015
22051  52.834  -57.658  17.751 0.1000000015
22052  51.418  -57.734  17.711 0.1000000015
22053  50.253  -57.869  17.774 0.1000000015
22054  49.222  -58.030  17.788 0.1000000015
22030  50.945  -57.435  18.521 0.1000000015
22031  49.877  -57.579  18.564 0.1000000015
21196  51.944  -58.189  16.868 0.2000000030
21210  52.521  -58.374  16.073 0.2000000030
21197  50.661  -58.302  16.977 0.1000000015
21209  54.227  -58.381  16.453 0.2000000030
21211  51.079  -58.437  16.130 0.2000000030
21198  49.589  -58.338  17.027 0.2000000030
21212  49.968  -58.426  16.251 0.2000000030
126609  48.753  -58.303  17.052 0.3000000119
21199  48.119  -58.173  16.721 0.3000000119
21213  48.953  -58.280  16.337 0.3000000119
22072  48.185  -57.918  16.024 0.3000000119
21228  50.331  -58.177  15.496 0.2000000030
21226  53.562  -58.214  15.720 0.2000000030
21230  48.876  -58.051  15.748 0.2000000030
22089  51.835  -57.762  15.133 0.2000000030
20387  55.267  -58.990  15.163 0.1000000015
119322  51.432  -58.199  15.547 0.2000000030
21227  52.359  -58.129  15.540 0.2000000030
22918  48.092  -57.130  15.734 0.3000000119
22093  47.590  -57.437  16.161 0.4000000060
22087  55.055  -58.527  15.250 0.1000000015
21225  54.874  -58.519  15.896 0.1000000015
22090  50.304  -57.467  15.019 0.2000000030
22091  49.422  -57.668  15.324 0.2000000030
129744  55.309  -59.437  15.595 0.1000000015
23769  48.281  -56.194  15.910 0.4000000060
126943  54.461  -58.006  15.295 0.2000000030
132629  50.974  -57.840  15.126 0.2000000030
22096  55.079  -57.964  14.555 0.1000000015
111354  55.466  -56.786  14.096 0.2000000030
22088  53.022  -57.756  15.247 0.2000000030
22098  51.244  -57.135  14.808 0.2000000030
22099  50.404  -56.642  14.961 0.2000000030
110322  49.744  -56.217  15.356 0.4000000060
132098  54.928  -57.514  14.639 0.1000000015
131464  49.896  -55.447  15.713 0.4000000060
23770  47.703  -55.683  16.435 0.4000000060
128332  53.793  -57.392  14.926 0.3000000119
22097  52.535  -57.104  14.782 0.3000000119
113057  53.851  -56.711  14.671 0.4000000060
23768  49.171  -55.731  15.793 0.4000000060
24650  47.957  -54.774  16.804 0.4000000060
22916  51.173  -56.123  14.970 0.3000000119
23780  52.858  -55.168  14.971 0.4000000060
22924  52.781  -56.156  14.748 0.3000000119
126924  43.597  -41.862  21.086 0.1000000015
34689  41.638  -43.115  21.236 0.1000000015
118152  48.690  -55.057  16.446 0.4000000060
121218  50.504  -54.856  15.892 0.4000000060
112540  49.499  -53.977  16.794 0.5000000000
113019  52.312  -54.367  15.482 0.4000000060
23781  51.995  -55.586  14.990 0.3000000119
110350  51.285  -55.121  15.479 0.4000000060
120515  51.392  -53.990  16.117 0.4000000060
35542  42.212  -42.609  21.137 0.1000000015
129905  43.054  -41.824  20.786 0.1000000015
24649  48.556  -54.089  16.964 0.4000000060
25594  49.075  -53.336  17.160 0.5000000000
132199  48.491  -53.361  17.359 0.5000000000
34701  41.765  -42.695  20.436 0.1000000015
34716  41.781  -42.755  19.457 0.1000000015
35571  42.257  -42.099  19.854 0.1000000015
22028  53.613  -57.374  18.595 0.1000000015
22011  50.525  -57.232  19.298 0.1000000015
22012  49.519  -57.373  19.338 0.1000000015
23751  47.198  -55.075  16.922 0.4000000060
22050  54.273  -57.774  17.954 0.1000000015
22917  48.940  -56.781  15.401 0.3000000119
23782  50.475  -55.713  15.369 0.3000000119
24672  49.684  -54.852  16.203 0.4000000060
35553  42.474  -42.138  20.644 0.1000000015
34717  41.364  -43.259  19.887 0.1000000015
22857  51.184  -56.875  20.025 0.1000000015
19501  40.189  -60.631  13.236 0.1000000015
113352  40.082  -61.087  12.461 0.1000000015
18565  43.041  -61.618  11.156 0.1000000015
18535  39.412  -60.960  13.026 0.1000000015
113754  42.612  -61.344  11.937 0.1000000015
19502  39.485  -60.583  13.767 0.1000000015
19503  38.889  -60.911  13.563 0.1000000015
18525  37.561  -61.578  14.294 0.1000000015
115350  38.711  -61.544  13.137 0.1000000015
7318  37.629  -75.413  19.750 0.1000000015
16674  35.914  -64.046  18.762 0.1000000015
17537  35.183  -63.050  17.292 0.1000000015
18533  42.654  -61.149  13.005 0.1000000015
17549  35.349  -62.645  16.708 0.1000000015
18534  41.684  -60.868  12.931 0.1000000015
18515  36.364  -61.406  15.987 0.1000000015
18526  36.739  -61.618  15.073 0.1000000015
127129  43.358  -61.454  11.833 0.1000000015
114970  37.873  -76.622  20.159 0.1000000015
114469  37.978  -73.968  19.876 0.1000000015
6565  39.294  -76.637  20.033 0.1000000015
6566  38.404  -76.710  20.132 0.1000000015
7339  38.250  -76.088  19.459 0.1000000015
8089  38.498  -74.757  19.421 0.1000000015
9664  39.190  -72.077  20.182 0.1000000015
13881  38.097  -67.174  21.384 0.1000000015
14863  36.456  -65.152  19.832 0.1000000015
19500  41.089  -60.533  13.518 0.1000000015
19490  40.315  -60.313  14.220 0.1000000015
19492  38.749  -60.635  14.299 0.1000000015
18523  42.980  -61.075  13.972 0.1000000015
17599  44.886  -61.626  12.421 0.1000000015
18564  44.423  -61.451  11.584 0.1000000015
8859  39.033  -73.273  19.686 0.1000000015
5844  39.565  -76.985  19.310 0.1000000015
5862  39.090  -76.825  19.387 0.1000000015
6585  38.408  -76.662  19.752 0.1000000015
7338  38.977  -75.548  19.024 0.1000000015
8867  39.903  -73.231  19.343 0.1000000015
9675  39.909  -72.381  19.671 0.1000000015
10515  40.273  -70.620  20.141 0.1000000015
117333  39.695  -69.305  20.692 0.1000000015
11324  38.990  -69.171  21.155 0.1000000015
12131  39.630  -68.555  20.751 0.1000000015
12114  38.958  -68.200  21.232 0.1000000015
13913  38.793  -65.878  20.233 0.1000000015
14850  37.995  -65.806  20.563 0.1000000015
15740  37.222  -64.632  19.574 0.1000000015
15754  36.741  -63.948  18.950 0.1000000015
19467  37.616  -60.577  16.325 0.1000000015
19499  42.047  -60.719  13.741 0.1000000015
122783  40.754  -60.135  15.177 0.1000000015
19491  39.472  -60.377  14.482 0.1000000015
19480  38.401  -60.362  15.702 0.1000000015
18514  37.021  -60.954  15.682 0.1000000015
18532  43.614  -61.472  13.436 0.1000000015
18542  43.422  -61.442  12.594 0.1000000015
9673  41.102  -71.621  18.995 0.1000000015
6564  40.447  -76.865  19.558 0.1000000015
120764  39.721  -77.156  18.933 0.1000000015
6584  38.922  -76.598  19.219 0.1000000015
6597  39.526  -76.248  18.728 0.1000000015
8087  40.235  -73.827  18.895 0.1000000015
8866  40.721  -72.695  18.989 0.1000000015
119067  40.730  -70.956  19.604 0.1000000015
11350  40.741  -69.491  19.725 0.1000000015
116151  40.176  -68.053  20.133 0.1000000015
13912  39.565  -66.195  19.532 0.1000000015
5861  40.433  -77.604  18.950 0.1000000015
5872  40.895  -77.714  18.561 0.1000000015
6596  40.265  -76.703  18.396 0.1000000015
7346  40.942  -75.557  18.048 0.1000000015
115419  41.159  -74.406  18.088 0.1000000015
12994  39.505  -67.647  20.710 0.1000000015
13895  39.216  -66.738  20.547 0.1000000015
14862  38.179  -65.063  19.858 0.1000000015
15753  37.827  -63.887  18.933 0.1000000015
16671  37.968  -63.070  18.586 0.1000000015
16672  37.071  -63.224  18.507 0.1000000015
18455  37.578  -61.563  17.963 0.1000000015
17524  37.258  -62.402  18.231 0.1000000015
19465  39.651  -60.062  16.987 0.1000000015
19436  37.979  -60.553  17.133 0.1000000015
17535  36.720  -61.845  17.584 0.1000000015
19477  41.773  -60.231  15.476 0.1000000015
116629  39.828  -60.185  15.124 0.1000000015
19479  39.260  -60.156  15.905 0.1000000015
19487  43.308  -60.889  14.771 0.1000000015
18522  43.837  -61.367  14.214 0.1000000015
17598  45.846  -62.051  13.045 0.1000000015
110980  44.227  -61.744  12.999 0.1000000015
17597  46.680  -62.222  13.140 0.1000000015
17589  45.812  -62.396  13.824 0.1000000015
9683  41.645  -71.237  18.354 0.1000000015
10525  41.280  -70.846  18.953 0.1000000015
6583  41.095  -77.938  19.097 0.1000000015
5859  42.475  -77.809  18.632 0.1000000015
5875  41.621  -77.280  17.937 0.1000000015
6603  41.776  -76.183  17.640 0.1000000015
8096  41.581  -73.756  17.905 0.1000000015
8873  41.333  -73.015  18.266 0.1000000015
116639  41.538  -72.193  18.261 0.1000000015
114688  41.096  -70.156  19.257 0.1000000015
12144  40.729  -68.548  19.465 0.1000000015
13911  40.234  -66.584  18.780 0.1000000015
5860  41.521  -78.130  18.772 0.1000000015
6595  41.039  -76.799  18.032 0.1000000015
13928  39.924  -65.678  18.512 0.1000000015
14861  39.162  -65.312  19.182 0.1000000015
14875  38.754  -64.464  18.920 0.1000000015
15752  39.421  -64.328  18.527 0.1000000015
16670  38.816  -63.705  18.670 0.1000000015
19401  38.833  -60.731  18.230 0.1000000015
18454  38.374  -61.401  18.399 0.1000000015
19476  42.844  -60.489  15.474 0.1000000015
19462  42.439  -60.263  16.294 0.1000000015
19463  41.543  -60.074  16.450 0.1000000015
19464  40.686  -59.976  16.662 0.1000000015
19434  39.361  -60.316  17.856 0.1000000015
19435  38.717  -60.410  17.460 0.1000000015
19461  43.375  -60.463  16.225 0.1000000015
19478  40.191  -60.032  15.958 0.1000000015
19475  43.749  -60.777  15.472 0.1000000015
18513  44.025  -61.172  14.865 0.1000000015
18531  44.435  -61.799  13.777 0.1000000015
127107  47.310  -62.517  13.730 0.1000000015
6561  43.600  -76.393  20.018 0.1000000015
6562  42.703  -76.813  19.829 0.1000000015
6563  41.667  -76.845  19.665 0.1000000015
6601  43.460  -76.273  17.560 0.1000000015
7352  42.817  -75.406  17.380 0.1000000015
10534  41.694  -70.228  18.410 0.1000000015
6581  43.074  -77.374  19.243 0.1000000015
6602  42.492  -76.882  17.660 0.1000000015
8105  42.435  -73.994  17.498 0.1000000015
9696  42.141  -72.291  17.692 0.1000000015
9682  42.248  -70.888  17.777 0.1000000015
11349  41.331  -69.159  18.766 0.1000000015
12159  41.668  -68.387  17.965 0.1000000015
13023  40.938  -66.988  18.065 0.1000000015
11362  41.953  -69.284  17.988 0.1000000015
14873  40.348  -65.227  18.110 0.1000000015
14874  39.636  -64.909  18.471 0.1000000015
15739  39.663  -63.937  18.550 0.1000000015
15750  40.695  -64.814  18.097 0.1000000015
16658  39.395  -63.125  18.992 0.1000000015
17512  40.011  -62.464  19.680 0.1000000015
17513  39.253  -62.248  19.198 0.1000000015
19400  39.620  -60.565  18.533 0.1000000015
18453  39.182  -61.325  18.937 0.1000000015
111944  42.105  -60.112  17.120 0.1000000015
111390  40.075  -60.143  17.942 0.1000000015
112782  43.003  -60.315  17.030 0.1000000015
19460  44.278  -60.712  16.156 0.1000000015
18520  45.312  -61.826  14.830 0.1000000015
18521  44.586  -61.616  14.514 0.1000000015
17580  45.897  -62.320  14.431 0.1000000015
111958  46.500  -62.613  14.125 0.1000000015
9694  44.289  -71.445  17.430 0.1000000015
10542  43.913  -70.459  17.497 0.1000000015
114745  44.185  -76.063  19.579 0.1000000015
119522  43.720  -76.776  19.210 0.1000000015
6594  43.838  -76.483  18.007 0.1000000015
7350  44.510  -74.899  17.641 0.1000000015
8104  43.472  -74.207  17.311 0.1000000015
113405  43.625  -72.181  17.400 0.1000000015
10543  42.948  -70.225  17.608 0.1000000015
12175  43.223  -68.670  17.537 0.1000000015
5870  43.046  -77.338  17.996 0.1000000015
8884  42.895  -72.948  17.406 0.1000000015
9695  42.640  -71.829  17.546 0.1000000015
11375  42.381  -68.530  17.637 0.1000000015
13925  42.153  -66.418  17.722 0.1000000015
14871  41.792  -65.710  17.891 0.1000000015
13034  42.078  -67.712  17.583 0.1000000015
13022  41.732  -66.976  17.662 0.1000000015
15737  41.187  -64.406  18.829 0.1000000015
16657  40.168  -63.378  19.196 0.1000000015
17499  40.631  -62.112  20.282 0.1000000015
18446  39.813  -61.688  19.594 0.1000000015
19382  41.635  -60.480  19.270 0.1000000015
19384  40.016  -60.914  19.269 0.1000000015
19431  42.608  -60.275  17.931 0.1000000015
19432  41.746  -60.102  17.773 0.1000000015
19433  40.971  -60.045  18.077 0.1000000015
19430  43.559  -60.443  17.680 0.1000000015
110643  44.796  -60.662  16.857 0.1000000015
18495  45.124  -61.006  16.104 0.1000000015
8872  46.181  -72.969  17.927 0.1000000015
7336  44.640  -75.384  19.067 0.1000000015
8094  45.704  -73.738  18.110 0.1000000015
8881  45.779  -72.685  17.623 0.1000000015
119301  44.720  -72.492  17.419 0.1000000015
11372  44.670  -69.736  17.494 0.1000000015
121144  44.075  -75.865  20.662 0.1000000015
6560  44.575  -75.373  20.167 0.1000000015
7345  44.527  -75.446  18.084 0.1000000015
8095  45.076  -74.419  17.875 0.1000000015
8882  44.960  -73.491  17.507 0.1000000015
11373  43.572  -69.534  17.539 0.1000000015
13032  43.756  -68.104  17.582 0.1000000015
13020  43.395  -67.358  17.656 0.1000000015
13033  42.881  -67.857  17.501 0.1000000015
14859  42.329  -65.345  18.629 0.1000000015
14860  41.469  -65.041  18.220 0.1000000015
15728  41.732  -64.080  19.937 0.1000000015
16643  40.774  -62.872  20.072 0.1000000015
18445  40.544  -61.352  19.953 0.1000000015
18443  42.141  -60.662  19.790 0.1000000015
129255  43.942  -60.504  18.076 0.1000000015
19398  41.779  -60.247  18.482 0.1000000015
19459  45.608  -60.892  16.751 0.1000000015
18493  46.371  -61.115  16.596 0.1000000015
8086  45.701  -73.766  18.909 0.1000000015
8880  46.386  -71.737  17.601 0.1000000015
114989  45.578  -70.186  17.456 0.1000000015
7335  45.161  -74.548  18.488 0.1000000015
9693  45.397  -71.696  17.462 0.1000000015
12174  44.699  -68.449  17.667 0.1000000015
13019  44.976  -67.561  18.275 0.1000000015
13923  44.005  -67.034  18.040 0.1000000015
13909  43.599  -66.393  18.581 0.1000000015
14849  42.784  -65.122  19.703 0.1000000015
15736  42.003  -64.724  19.236 0.1000000015
132289  42.173  -63.300  21.023 0.1000000015
16642  41.622  -63.275  20.558 0.1000000015
18420  42.715  -61.566  20.994 0.1000000015
17498  41.397  -62.405  20.706 0.1000000015
19366  42.902  -60.713  19.914 0.1000000015
18431  42.212  -61.185  20.475 0.1000000015
19379  44.450  -60.604  19.542 0.1000000015
19381  42.595  -60.422  19.014 0.1000000015
121972  45.134  -60.578  18.795 0.1000000015
19396  44.306  -60.538  18.543 0.1000000015
19397  43.442  -60.450  18.414 0.1000000015
19428  45.281  -60.640  17.490 0.1000000015
19458  47.704  -60.830  16.979 0.1000000015
18491  49.147  -61.478  16.128 0.1000000015
8085  46.264  -73.051  18.396 0.1000000015
8871  46.820  -72.242  18.107 0.1000000015
11370  46.550  -70.096  17.480 0.1000000015
12173  45.704  -68.839  17.653 0.1000000015
12158  45.388  -68.223  17.929 0.1000000015
8865  46.152  -73.028  19.302 0.1000000015
11371  45.699  -69.500  17.488 0.1000000015
13908  44.690  -66.932  19.040 0.1000000015
15726  43.199  -64.870  20.613 0.1000000015
15727  42.463  -64.488  20.291 0.1000000015
15715  42.929  -64.159  21.087 0.1000000015
119117  43.088  -62.745  21.550 0.1000000015
19364  44.734  -60.758  20.334 0.1000000015
18430  43.164  -61.145  20.607 0.1000000015
19365  43.727  -60.728  20.086 0.1000000015
19395  45.681  -60.591  18.117 0.1000000015
19394  46.581  -60.581  18.082 0.1000000015
19426  47.337  -60.611  17.666 0.1000000015
19456  49.693  -60.840  16.769 0.1000000015
19453  52.899  -61.561  15.997 0.1000000015
9672  47.159  -71.702  18.801 0.1000000015
8864  46.643  -72.481  18.756 0.1000000015
10532  47.642  -70.537  18.026 0.1000000015
131028  47.117  -69.680  17.586 0.1000000015
13017  47.269  -68.046  18.362 0.1000000015
13018  46.084  -67.967  18.360 0.1000000015
10538  47.397  -70.159  17.698 0.1000000015
12172  46.624  -69.299  17.570 0.1000000015
13894  44.043  -66.165  19.643 0.1000000015
14847  44.358  -65.744  20.502 0.1000000015
16631  43.555  -63.580  21.569 0.1000000015
17490  43.667  -62.133  21.573 0.1000000015
18419  43.458  -61.577  21.185 0.1000000015
21171  51.322  -58.798  19.958 0.1000000015
20322  50.303  -59.163  19.650 0.1000000015
112558  49.461  -59.458  19.415 0.1000000015
20324  48.028  -59.751  19.990 0.1000000015
19376  47.112  -60.157  20.075 0.1000000015
19351  44.836  -61.025  20.972 0.1000000015
18429  44.066  -61.052  20.754 0.1000000015
110640  51.063  -59.296  19.047 0.1000000015
20343  48.605  -59.783  19.141 0.1000000015
19363  45.587  -60.691  20.658 0.1000000015
20321  52.500  -58.903  19.228 0.1000000015
20342  49.355  -59.733  18.693 0.1000000015
19392  48.132  -60.173  18.520 0.1000000015
117688  45.950  -60.553  18.899 0.1000000015
21182  53.967  -58.755  18.953 0.1000000015
20339  53.150  -59.375  18.319 0.1000000015
20340  51.765  -59.528  18.336 0.1000000015
19393  47.436  -60.403  18.366 0.1000000015
20361  51.167  -60.023  17.683 0.1000000015
19425  48.169  -60.456  17.721 0.1000000015
20359  54.385  -59.824  17.228 0.1000000015
19422  51.497  -60.678  16.949 0.1000000015
19420  53.859  -60.750  16.505 0.1000000015
10524  47.553  -70.892  19.220 0.1000000015
122089  47.901  -70.231  18.567 0.1000000015
11348  48.133  -69.276  18.757 0.1000000015
12156  48.038  -68.830  18.162 0.1000000015
11359  47.929  -69.683  18.014 0.1000000015
124011  47.653  -68.563  18.097 0.1000000015
13007  46.652  -67.534  18.853 0.1000000015
13907  45.865  -67.090  19.502 0.1000000015
13893  45.046  -66.467  20.060 0.1000000015
14837  43.859  -65.189  20.811 0.1000000015
115531  44.599  -64.135  21.644 0.1000000015
17489  44.563  -62.405  21.790 0.1000000015
19349  46.392  -60.723  21.284 0.1000000015
18418  44.463  -61.557  21.388 0.1000000015
119999  49.646  -59.143  20.263 0.1000000015
20308  48.374  -59.549  20.757 0.1000000015
20309  47.699  -59.846  20.670 0.1000000015
20306  50.447  -58.844  20.520 0.1000000015
21181  54.836  -58.362  18.618 0.1000000015
11337  47.595  -69.985  20.451 0.1000000015
10513  47.898  -70.116  19.484 0.1000000015
13016  47.981  -68.047  18.543 0.1000000015
13905  48.231  -66.860  18.972 0.1000000015
115305  48.144  -68.428  18.702 0.1000000015
13006  47.772  -67.455  18.743 0.1000000015
13906  47.201  -66.931  19.204 0.1000000015
13892  46.292  -66.440  20.037 0.1000000015
14846  45.400  -65.769  20.702 0.1000000015
121035  45.044  -63.287  21.878 0.1000000015
18416  46.188  -61.314  21.675 0.1000000015
18406  46.201  -61.942  22.005 0.1000000015
18417  45.377  -61.764  21.724 0.1000000015
20307  49.849  -58.938  20.955 0.1000000015
20293  49.769  -59.362  21.501 0.1000000015
131061  47.032  -60.540  21.423 0.1000000015
21134  53.560  -58.535  21.033 0.1000000015
21136  50.537  -58.876  21.252 0.1000000015
19361  47.139  -60.211  21.048 0.1000000015
21149  54.449  -58.302  20.354 0.1000000015
21150  52.715  -58.570  20.390 0.1000000015
12129  48.320  -68.518  19.671 0.1000000015
12143  48.236  -67.743  18.970 0.1000000015
13005  48.181  -67.398  18.903 0.1000000015
13891  47.794  -66.200  19.422 0.1000000015
14845  46.639  -65.670  20.423 0.1000000015
15713  46.468  -64.260  21.372 0.1000000015
132173  45.520  -64.025  21.691 0.1000000015
17474  47.194  -62.251  22.040 0.1000000015
16614  45.562  -62.553  21.948 0.1000000015
19334  47.937  -60.801  22.027 0.1000000015
18405  46.776  -61.505  21.959 0.1000000015
19347  48.342  -60.175  21.750 0.1000000015
21151  51.358  -58.634  20.884 0.1000000015
21169  54.814  -58.200  19.443 0.1000000015
22027  54.776  -57.758  18.783 0.1000000015
12142  48.424  -67.630  19.512 0.1000000015
13889  48.652  -66.473  19.349 0.1000000015
13004  48.388  -66.985  19.143 0.1000000015
115083  49.249  -65.976  19.377 0.1000000015
13890  48.653  -66.367  19.280 0.1000000015
114063  47.729  -65.502  19.868 0.1000000015
14834  47.071  -64.988  20.648 0.1000000015
15712  47.686  -64.405  20.661 0.1000000015
17475  46.519  -62.812  21.951 0.1000000015
18404  47.550  -61.481  22.087 0.1000000015
19346  49.243  -60.003  21.914 0.1000000015
21135  52.307  -58.682  21.258 0.1000000015
122242  50.848  -59.319  21.698 0.1000000015
22008  54.837  -57.696  19.700 0.1000000015
110818  49.405  -65.394  19.306 0.1000000015
14844  48.750  -65.768  19.353 0.1000000015
14833  48.369  -65.087  19.726 0.1000000015
15711  49.074  -64.733  19.646 0.1000000015
16627  48.330  -63.793  20.789 0.1000000015
16628  47.026  -63.649  21.487 0.1000000015
17488  47.401  -63.082  21.661 0.1000000015
17473  48.077  -62.176  21.992 0.1000000015
115331  54.913  -57.876  20.393 0.1000000015
20274  50.256  -59.929  22.027 0.1000000015
21985  54.384  -57.240  19.979 0.1000000015
15725  50.015  -65.174  19.401 0.1000000015
16626  49.412  -63.550  20.592 0.1000000015
16640  49.879  -64.498  19.764 0.1000000015
18414  50.072  -62.456  21.452 0.1000000015
119832  50.134  -63.387  20.681 0.1000000015
18402  50.533  -61.683  21.891 0.1000000015
17487  48.190  -62.904  21.529 0.1000000015
18403  48.662  -61.640  22.062 0.1000000015
20290  54.739  -58.317  21.312 0.1000000015
20291  53.471  -58.821  21.513 0.1000000015
19333  48.857  -60.718  22.140 0.1000000015
22856  53.366  -56.917  19.912 0.1000000015
20292  52.137  -59.227  21.739 0.1000000015
18401  51.613  -61.902  21.818 0.1000000015
17486  49.061  -62.645  21.438 0.1000000015
19331  50.893  -60.776  22.166 0.1000000015
112138  49.523  -61.397  22.091 0.1000000015
20271  53.621  -59.481  22.004 0.1000000015
20273  51.403  -59.961  22.118 0.1000000015
19332  49.821  -60.673  22.176 0.1000000015
13914  36.188  -65.802  20.182 0.1000000015
15741  36.194  -64.580  19.321 0.1000000015
17525  36.407  -62.653  17.997 0.1000000015
16673  36.146  -63.413  18.400 0.1000000015
16683  35.674  -62.984  17.841 0.1000000015
18544  41.386  -61.036  12.313 0.1000000015
18497  36.384  -61.527  16.804 0.1000000015
18543  42.006  -61.107  12.357 0.1000000015
119702  38.348  -60.527  14.984 0.1000000015
18496  36.850  -61.010  16.420 0.1000000015
18524  37.958  -60.878  14.585 0.1000000015
18536  38.093  -61.782  13.635 0.1000000015
117076  37.351  -61.078  14.965 0.1000000015
7319  37.058  -75.891  20.271 0.1000000015
15755  35.187  -63.791  18.089 0.1000000015
17548  35.745  -62.057  16.306 0.1000000015
9663  39.985  -71.392  20.088 0.1000000015
12995  38.773  -67.325  21.194 0.1000000015
13896  38.329  -66.512  21.005 0.1000000015
19489  41.404  -60.351  14.443 0.1000000015
119312  38.996  -60.322  15.069 0.1000000015
8088  39.415  -74.207  19.184 0.1000000015
7337  39.760  -74.968  18.704 0.1000000015
9674  40.513  -71.798  19.516 0.1000000015
11338  40.148  -69.884  20.354 0.1000000015
11339  39.385  -69.940  20.799 0.1000000015
10526  40.632  -70.226  19.878 0.1000000015
12130  40.253  -68.964  20.265 0.1000000015
130151  38.009  -64.468  19.365 0.1000000015
19466  38.583  -60.310  16.597 0.1000000015
18470  37.232  -61.015  17.197 0.1000000015
19488  42.402  -60.575  14.635 0.1000000015
116805  40.994  -60.027  15.933 0.1000000015
13009  40.514  -67.567  19.135 0.1000000015
13010  39.925  -67.122  19.887 0.1000000015
7353  41.804  -74.845  17.703 0.1000000015
17523  38.049  -62.211  18.485 0.1000000015
17522  38.667  -62.790  18.774 0.1000000015
18469  38.068  -60.861  17.779 0.1000000015
132527  40.514  -59.999  17.395 0.1000000015
127412  41.979  -71.662  17.861 0.1000000015
6582  42.087  -77.846  19.186 0.1000000015
8885  41.933  -72.987  17.749 0.1000000015
12160  41.107  -68.034  18.480 0.1000000015
13927  40.613  -65.990  18.000 0.1000000015
111154  41.258  -60.003  17.249 0.1000000015
7351  43.881  -75.184  17.382 0.1000000015
11361  42.268  -69.999  17.858 0.1000000015
118697  41.471  -67.607  17.866 0.1000000015
11374  42.691  -69.364  17.663 0.1000000015
13926  41.336  -66.213  17.761 0.1000000015
14872  41.006  -65.473  17.853 0.1000000015
15738  40.397  -64.179  18.594 0.1000000015
19399  40.416  -60.374  18.705 0.1000000015
18511  46.080  -61.949  15.205 0.1000000015
10541  44.961  -70.734  17.450 0.1000000015
110468  43.235  -71.155  17.499 0.1000000015
6580  44.131  -76.334  18.684 0.1000000015
8102  44.912  -74.181  17.639 0.1000000015
8883  44.046  -73.289  17.347 0.1000000015
13021  42.532  -67.115  17.554 0.1000000015
13924  43.060  -66.652  17.790 0.1000000015
13910  42.694  -65.980  18.150 0.1000000015
16656  40.970  -63.678  19.518 0.1000000015
19383  40.824  -60.664  19.386 0.1000000015
19429  44.421  -60.545  17.676 0.1000000015
18494  45.881  -61.355  16.006 0.1000000015
8101  45.486  -73.618  17.771 0.1000000015
126254  44.982  -69.034  17.518 0.1000000015
14858  43.180  -65.728  19.127 0.1000000015
16641  42.244  -63.800  20.780 0.1000000015
18432  41.318  -61.605  20.517 0.1000000015
17497  42.036  -61.856  21.055 0.1000000015
115954  44.987  -60.574  18.120 0.1000000015
19427  46.061  -60.770  17.382 0.1000000015
18492  47.199  -61.279  16.421 0.1000000015
10539  46.914  -70.953  17.550 0.1000000015
9692  47.002  -71.624  17.763 0.1000000015
13008  45.608  -67.454  18.860 0.1000000015
14848  43.545  -65.511  20.136 0.1000000015
16633  42.219  -62.704  21.185 0.1000000015
17491  42.824  -62.057  21.368 0.1000000015
19380  43.587  -60.535  19.245 0.1000000015
19378  45.328  -60.583  19.671 0.1000000015
19457  48.653  -60.825  16.847 0.1000000015
116014  48.132  -61.397  16.251 0.1000000015
18490  50.059  -61.548  16.049 0.1000000015
12157  46.690  -68.611  17.892 0.1000000015
15714  43.752  -64.543  21.258 0.1000000015
123437  43.806  -62.784  21.715 0.1000000015
19455  50.735  -61.169  16.443 0.1000000015
19424  49.150  -60.388  17.479 0.1000000015
19423  50.431  -60.426  17.294 0.1000000015
19421  52.630  -60.874  16.692 0.1000000015
14836  44.575  -65.113  21.177 0.1000000015
16630  44.284  -63.234  21.791 0.1000000015
20323  48.849  -59.421  20.071 0.1000000015
19375  47.670  -60.116  19.174 0.1000000015
116522  46.801  -60.387  19.045 0.1000000015
19377  46.176  -60.460  19.832 0.1000000015
19362  46.453  -60.435  20.642 0.1000000015
19350  45.457  -61.167  21.330 0.1000000015
20341  50.093  -59.540  18.812 0.1000000015
21170  53.837  -58.530  19.647 0.1000000015
19391  48.854  -60.059  18.239 0.1000000015
128442  50.496  -59.993  17.798 0.1000000015
20360  52.408  -60.072  17.549 0.1000000015
20370  54.886  -59.905  16.629 0.1000000015
128800  53.398  -60.312  17.166 0.1000000015
111282  49.161  -59.242  20.883 0.1000000015
20294  48.763  -59.633  21.405 0.1000000015
20295  47.933  -59.862  21.251 0.1000000015
21168  54.978  -58.008  19.220 0.1000000015
14835  45.721  -64.907  21.255 0.1000000015
16629  45.991  -63.444  21.832 0.1000000015
24671  50.410  -54.063  16.489 0.4000000060
24680  53.485  -54.180  15.114 0.3000000119
112707  50.254  -53.285  16.776 0.4000000060
24679  53.049  -53.144  15.544 0.3000000119
26511  51.315  -52.000  16.318 0.4000000060
21277  51.134  -58.677  9.404 0.1000000015
22137  52.305  -57.343  9.375 0.1000000015
119620  54.293  -56.182  9.276 0.2000000030
24760  55.289  -54.290  9.596 0.3000000119
27383  49.599  -50.983  15.486 0.4000000060
23787  53.955  -55.496  14.726 0.3000000119
25665  54.180  -53.288  12.479 0.4000000060
26571  53.793  -52.732  13.384 0.4000000060
22962  55.096  -55.754  9.559 0.2000000030
121010  55.153  -53.810  10.721 0.3000000119
25666  53.146  -53.386  12.603 0.4000000060
26554  52.379  -51.907  14.149 0.4000000060
20429  50.477  -59.331  9.266 0.1000000015
25636  52.798  -52.660  13.446 0.4000000060
26555  51.346  -52.026  14.103 0.4000000060
26536  50.968  -51.460  14.739 0.4000000060
21278  49.925  -58.337  9.399 0.1000000015
27365  48.428  -50.576  15.885 0.5000000000
22975  53.668  -55.294  8.585 0.2000000030
23844  55.050  -54.738  9.150 0.3000000119
25683  54.526  -53.581  11.396 0.3000000119
25637  51.765  -52.834  13.488 0.4000000060
28246  46.657  -49.772  17.193 0.4000000060
25684  53.443  -53.665  11.608 0.4000000060
25667  52.116  -53.577  12.762 0.4000000060
26556  50.322  -52.245  14.152 0.4000000060
25621  49.253  -52.603  14.253 0.4000000060
26537  49.971  -51.554  14.819 0.5000000000
22139  50.546  -57.251  9.100 0.2000000030
22138  51.219  -57.204  9.307 0.2000000030
22964  51.823  -56.540  9.004 0.2000000030
126219  54.554  -54.317  8.649 0.2000000030
22963  53.091  -56.517  9.154 0.2000000030
25694  54.466  -53.570  10.181 0.3000000119
20430  49.207  -58.843  9.288 0.1000000015
25668  51.273  -53.753  12.958 0.4000000060
131768  54.844  -53.658  9.942 0.3000000119
25685  52.377  -53.943  11.868 0.4000000060
25638  50.653  -53.234  13.479 0.4000000060
131645  48.878  -50.948  15.484 0.5000000000
27366  47.523  -50.865  15.856 0.5000000000
27348  47.119  -50.238  16.527 0.4000000060
25639  49.789  -53.170  13.760 0.4000000060
26538  48.995  -51.667  14.960 0.5000000000
26519  48.044  -51.564  15.235 0.5000000000
27367  46.524  -51.242  15.983 0.4000000060
22965  50.970  -56.731  8.825 0.2000000030
23852  54.078  -54.284  8.218 0.2000000030
25731  54.310  -53.462  8.740 0.4000000060
24776  54.253  -53.665  8.299 0.2000000030
119476  53.866  -53.400  9.643 0.3000000119
25709  53.684  -53.232  8.955 0.4000000060
25695  53.668  -53.569  10.488 0.3000000119
25622  48.171  -52.671  14.552 0.5000000000
27349  46.104  -50.535  16.584 0.4000000060
28247  45.688  -49.913  17.195 0.4000000060
113600  52.913  -53.356  9.648 0.4000000060
24706  51.303  -54.249  12.121 0.4000000060
26539  47.332  -52.643  14.858 0.5000000000
22976  52.626  -55.679  8.400 0.2000000030
22152  50.341  -57.143  8.611 0.2000000030
28248  44.632  -50.149  17.194 0.4000000060
24777  53.774  -53.317  7.710 0.2000000030
25696  52.643  -53.802  10.828 0.3000000119
24707  50.527  -54.308  12.710 0.4000000060
122715  49.171  -53.585  13.749 0.4000000060
124315  49.105  -58.215  8.936 0.2000000030
23854  52.786  -55.301  7.566 0.2000000030
25732  53.633  -53.152  8.231 0.3000000119
115094  52.790  -52.938  8.532 0.4000000060
24744  51.824  -53.786  10.160 0.3000000119
25640  48.470  -53.524  13.972 0.5000000000
26520  46.962  -51.939  15.396 0.5000000000
29247  43.140  -48.680  18.463 0.4000000060
22166  49.628  -57.595  8.450 0.2000000030
22977  51.706  -56.167  8.297 0.2000000030
24728  50.761  -54.563  11.334 0.4000000060
24689  49.674  -54.168  13.238 0.4000000060
27368  45.469  -51.637  16.136 0.5000000000
27350  45.017  -50.876  16.632 0.4000000060
21306  49.709  -57.692  7.637 0.2000000030
22987  51.948  -56.035  7.547 0.2000000030
23853  53.631  -54.355  7.591 0.2000000030
124545  47.657  -53.566  14.163 0.5000000000
26540  46.401  -52.934  15.003 0.5000000000
21321  48.325  -58.468  7.786 0.2000000030
25710  51.943  -53.265  9.208 0.4000000060
24727  51.660  -54.203  11.169 0.3000000119
24690  48.747  -54.369  13.449 0.5000000000
130556  47.507  -53.107  14.496 0.5000000000
21320  49.095  -58.315  7.239 0.2000000030
30169  41.394  -47.797  18.314 0.4000000060
31916  40.884  -46.184  18.339 0.2000000030
22988  50.974  -56.605  8.143 0.2000000030
25749  53.014  -52.735  7.514 0.4000000060
28249  43.468  -50.386  17.241 0.4000000060
22164  51.309  -56.658  7.425 0.2000000030
24791  53.449  -53.068  6.963 0.2000000030
30186  41.826  -48.562  18.094 0.4000000060
28250  42.233  -50.476  17.146 0.4000000060
24708  49.752  -55.064  12.364 0.3000000119
25623  46.876  -53.517  14.445 0.5000000000
26521  45.944  -52.327  15.589 0.5000000000
27351  43.871  -51.215  16.766 0.4000000060
121616  52.035  -52.904  8.594 0.4000000060
126068  51.066  -54.238  10.555 0.4000000060
24729  49.920  -55.135  11.402 0.3000000119
119355  49.075  -55.023  12.887 0.4000000060
24761  50.895  -53.828  9.646 0.4000000060
25642  46.240  -54.289  14.052 0.5000000000
23880  53.124  -54.974  6.783 0.2000000030
29248  42.044  -49.453  17.623 0.4000000060
27369  44.332  -51.973  16.265 0.5000000000
26522  44.831  -52.669  15.719 0.5000000000
23800  48.849  -55.574  12.154 0.4000000060
113716  47.891  -54.362  13.651 0.5000000000
26541  45.343  -53.292  15.130 0.5000000000
24692  46.422  -54.995  13.608 0.5000000000
24709  48.169  -55.315  12.970 0.5000000000
25616  51.806  -52.719  16.196 0.4000000060
28231  43.205  -49.525  17.771 0.4000000060
25624  45.863  -53.787  14.560 0.5000000000
23786  55.711  -54.853  14.175 0.3000000119
25620  54.651  -53.007  14.401 0.3000000119
125070  53.921  -53.035  14.986 0.2000000030
25614  53.326  -52.236  15.185 0.2000000030
22934  56.129  -55.496  13.296 0.2000000030
23789  56.345  -54.882  13.373 0.3000000119
25635  55.550  -53.320  13.357 0.3000000119
25619  55.205  -53.091  13.827 0.3000000119
22943  56.166  -55.363  12.285 0.2000000030
23812  56.266  -54.756  11.957 0.2000000030
24705  56.285  -54.244  12.529 0.2000000030
20470  48.280  -58.880  6.892 0.1000000015
20481  48.864  -59.535  5.824 0.1000000015
23896  51.090  -54.716  5.161 0.1000000015
22923  55.036  -56.370  14.403 0.1000000015
24685  54.688  -54.197  14.631 0.2000000030
22922  55.745  -55.857  14.085 0.2000000030
114343  55.116  -55.384  14.457 0.2000000030
21241  55.081  -58.282  14.411 0.1000000015
22927  55.707  -56.342  13.645 0.1000000015
22104  54.683  -57.540  13.413 0.1000000015
21307  48.892  -58.064  8.190 0.1000000015
23006  53.775  -55.137  5.781 0.1000000015
24822  53.836  -53.741  5.223 0.1000000015
25768  52.629  -52.874  5.933 0.1000000015
25769  51.574  -52.917  6.070 0.1000000015
22174  53.387  -56.357  5.814 0.1000000015
24823  53.064  -53.384  5.319 0.1000000015
25780  52.290  -53.088  5.657 0.1000000015
112327  50.122  -52.973  7.378 0.1000000015
24824  51.646  -53.620  5.516 0.1000000015
24811  49.597  -53.927  6.416 0.1000000015
25736  47.908  -53.765  8.235 0.1000000015
25754  47.856  -53.993  7.779 0.1000000015
24778  47.291  -54.174  8.112 0.1000000015
22103  55.348  -57.274  14.020 0.1000000015
25733  52.072  -52.654  8.025 0.1000000015
24745  50.288  -54.572  10.481 0.3000000119
23007  52.469  -55.932  6.728 0.1000000015
23867  53.586  -53.918  6.748 0.1000000015
25750  52.046  -52.540  7.148 0.1000000015
25712  50.242  -53.416  8.850 0.2000000030
24746  49.339  -55.032  10.445 0.3000000119
23814  47.577  -55.950  11.240 0.3000000119
23802  46.334  -55.958  12.584 0.3000000119
22175  51.982  -56.939  6.497 0.1000000015
110918  52.065  -52.641  6.462 0.1000000015
25734  49.667  -53.167  8.113 0.1000000015
24762  49.739  -54.206  9.661 0.2000000030
25735  48.725  -53.502  8.206 0.1000000015
115746  47.732  -54.267  9.392 0.2000000030
23815  46.544  -55.787  11.123 0.3000000119
24764  47.248  -54.056  8.872 0.1000000015
24749  46.053  -54.376  9.962 0.2000000030
24730  45.820  -55.008  10.698 0.4000000060
24794  47.497  -54.504  7.547 0.1000000015
24765  46.290  -54.222  9.211 0.1000000015
24766  45.395  -54.170  9.482 0.3000000119
26542  44.191  -53.544  15.154 0.4000000060
25643  45.490  -54.448  14.127 0.4000000060
114879  47.888  -55.940  12.111 0.3000000119
23790  46.570  -55.568  13.140 0.4000000060
122605  45.735  -54.889  13.752 0.4000000060
23803  45.512  -55.863  12.378 0.4000000060
24710  44.770  -55.498  12.876 0.4000000060
23816  45.600  -55.647  11.543 0.4000000060
24732  44.095  -54.600  11.516 0.5000000000
24750  45.258  -54.259  10.261 0.3000000119
24731  44.987  -54.874  11.088 0.5000000000
24795  46.731  -54.756  7.846 0.2000000030
24779  46.528  -54.433  8.488 0.1000000015
24751  44.476  -54.098  10.538 0.4000000060
23883  47.535  -55.773  6.713 0.1000000015
23869  46.249  -55.641  7.584 0.1000000015
24780  45.572  -54.559  8.777 0.2000000030
23898  48.862  -55.744  5.772 0.1000000015
23008  47.988  -56.224  6.098 0.1000000015
23855  44.867  -55.326  8.314 0.2000000030
23029  48.437  -56.696  5.460 0.1000000015
23009  47.116  -56.644  6.404 0.1000000015
27370  43.152  -52.093  16.271 0.4000000060
26523  43.639  -52.863  15.740 0.4000000060
125707  44.088  -54.710  13.992 0.4000000060
24686  44.755  -54.216  14.499 0.4000000060
25625  43.650  -54.169  14.445 0.4000000060
24711  44.018  -55.162  12.499 0.4000000060
130387  43.504  -54.613  12.184 0.4000000060
24712  43.383  -54.728  12.932 0.4000000060
25687  43.357  -53.937  11.571 0.5000000000
25686  43.654  -53.720  10.682 0.4000000060
24781  44.464  -54.580  8.966 0.3000000119
24767  44.614  -53.987  9.764 0.4000000060
25715  44.020  -53.802  10.020 0.4000000060
23011  45.309  -57.058  6.740 0.2000000030
22990  44.862  -56.598  7.247 0.2000000030
24782  43.389  -54.796  8.666 0.2000000030
23031  46.587  -57.388  5.943 0.1000000015
23010  46.206  -56.960  6.645 0.2000000030
21362  50.995  -58.591  2.549 0.1000000015
123875  42.125  -51.881  16.194 0.4000000060
26543  43.089  -53.469  14.915 0.4000000060
25626  42.782  -53.971  14.115 0.4000000060
25627  42.222  -53.196  14.438 0.4000000060
25645  42.788  -54.154  13.261 0.4000000060
25688  42.740  -53.357  11.730 0.4000000060
25670  42.479  -53.432  12.633 0.4000000060
121922  43.006  -53.407  11.019 0.3000000119
25697  42.794  -53.345  10.273 0.4000000060
24783  42.653  -54.710  8.275 0.3000000119
24768  42.823  -54.271  9.021 0.3000000119
25716  43.269  -53.742  9.764 0.4000000060
22178  44.894  -57.325  6.204 0.2000000030
22992  43.697  -56.246  6.768 0.2000000030
23871  44.378  -56.018  7.703 0.2000000030
23856  43.904  -55.397  8.235 0.2000000030
22192  46.053  -57.819  5.349 0.2000000030
21379  50.791  -58.615  1.425 0.1000000015
21363  49.579  -58.684  2.516 0.1000000015
27353  41.408  -51.336  16.055 0.4000000060
130262  41.927  -51.232  16.602 0.3000000119
27371  41.527  -51.921  15.445 0.4000000060
27385  41.273  -51.405  14.617 0.4000000060
27384  41.623  -52.357  14.600 0.4000000060
26557  41.817  -52.596  13.701 0.4000000060
119849  41.897  -52.048  12.330 0.4000000060
26572  42.072  -52.664  12.849 0.4000000060
26590  42.345  -52.788  10.861 0.4000000060
111079  42.210  -52.561  11.898 0.3000000119
26611  41.695  -52.709  8.108 0.3000000119
25737  41.691  -53.134  8.607 0.3000000119
26596  41.556  -52.735  9.248 0.3000000119
26595  41.975  -53.053  9.817 0.3000000119
23899  43.976  -55.530  5.448 0.2000000030
24827  43.435  -55.120  6.110 0.2000000030
25772  42.386  -53.868  7.202 0.3000000119
113795  42.309  -54.344  7.796 0.2000000030
24769  42.113  -53.928  8.571 0.3000000119
25717  42.397  -53.640  9.424 0.3000000119
129429  44.058  -56.364  5.574 0.2000000030
23858  42.816  -55.051  7.511 0.2000000030
22179  44.647  -57.333  5.649 0.2000000030
29249  41.015  -49.199  17.199 0.3000000119
30190  40.717  -48.397  16.883 0.3000000119
29251  41.414  -50.029  17.024 0.3000000119
120761  40.952  -49.904  16.415 0.4000000060
28261  41.114  -50.395  14.772 0.3000000119
29254  40.944  -49.568  15.461 0.4000000060
28264  41.363  -50.708  13.819 0.4000000060
29257  41.253  -49.481  14.537 0.4000000060
28276  41.527  -50.999  12.985 0.4000000060
27389  41.484  -51.682  13.768 0.4000000060
28275  41.569  -50.384  12.222 0.3000000119
27400  41.721  -51.891  12.966 0.4000000060
28306  41.583  -50.894  8.583 0.3000000119
28297  41.347  -50.715  9.294 0.2000000030
28292  41.316  -50.608  10.109 0.2000000030
27410  41.624  -51.289  11.365 0.2000000030
124171  41.855  -51.831  11.776 0.3000000119
123785  41.939  -52.244  7.665 0.3000000119
27425  41.315  -51.553  8.944 0.3000000119
27420  41.288  -51.428  9.705 0.2000000030
119859  41.588  -52.240  10.080 0.2000000030
26582  41.821  -52.008  11.097 0.2000000030
25782  43.858  -53.360  5.907 0.2000000030
126380  43.393  -52.903  6.364 0.3000000119
26619  42.704  -52.965  6.790 0.3000000119
26610  42.121  -52.956  7.466 0.3000000119
122418  40.740  -47.529  17.393 0.3000000119
30187  40.970  -48.344  17.590 0.3000000119
29263  41.852  -48.941  13.115 0.3000000119
29284  41.699  -49.160  11.065 0.2000000030
30242  42.239  -48.474  11.513 0.2000000030
29276  41.733  -49.322  12.114 0.2000000030
29277  41.542  -50.024  13.008 0.2000000030
29291  41.727  -49.145  10.159 0.2000000030
29292  41.454  -49.847  10.557 0.2000000030
28285  41.508  -49.954  11.419 0.2000000030
23054  48.882  -57.216  4.803 0.1000000015
23030  47.517  -57.096  5.723 0.1000000015
26618  43.982  -52.383  6.119 0.3000000119
25615  52.573  -52.321  15.715 0.3000000119
131012  54.066  -52.638  14.864 0.3000000119
24726  56.058  -54.304  11.670 0.2000000030
21195  53.489  -58.149  17.038 0.1000000015
31930  40.799  -46.507  17.514 0.3000000119
25767  52.851  -52.693  6.587 0.1000000015
27352  42.743  -51.312  16.748 0.3000000119
25711  51.325  -53.098  8.708 0.3000000119
23830  49.084  -55.600  11.287 0.2000000030
23879  53.819  -54.044  5.746 0.1000000015
23785  56.110  -55.309  13.744 0.2000000030
24684  55.524  -53.781  14.096 0.3000000119
23799  56.416  -54.795  12.830 0.2000000030
24810  50.622  -53.438  6.165 0.1000000015
23894  54.239  -54.627  4.876 0.1000000015
24809  53.379  -53.224  5.951 0.1000000015
25751  51.033  -52.721  6.814 0.1000000015
132548  50.806  -53.045  6.472 0.1000000015
25752  49.267  -53.301  7.489 0.1000000015
25714  48.176  -53.865  8.884 0.1000000015
119673  50.903  -52.837  7.850 0.2000000030
23831  48.312  -55.435  10.587 0.3000000119
25713  49.158  -53.714  8.916 0.2000000030
24763  48.595  -54.470  9.680 0.3000000119
132823  46.173  -56.022  11.925 0.4000000060
23791  45.712  -55.562  13.217 0.4000000060
24747  47.786  -54.803  9.932 0.3000000119
23833  46.533  -54.995  10.374 0.3000000119
25644  43.392  -54.548  13.712 0.4000000060
23884  46.689  -56.188  7.044 0.2000000030
23870  45.313  -55.933  7.760 0.2000000030
26524  42.390  -52.682  15.468 0.4000000060
22991  44.146  -56.521  7.058 0.2000000030
23857  43.203  -55.225  8.050 0.2000000030
23885  43.289  -55.532  6.806 0.2000000030
28258  40.989  -50.562  15.785 0.4000000060
27372  41.131  -51.173  15.345 0.4000000060
27433  41.622  -51.770  8.203 0.3000000119
114397  43.381  -54.250  6.102 0.2000000030
25771  43.030  -53.675  6.467 0.2000000030
120766  40.805  -49.037  16.319 0.4000000060
132499  41.555  -50.689  11.627 0.2000000030
29313  41.662  -50.049  8.895 0.2000000030
29301  41.476  -49.895  9.701 0.2000000030
28286  41.450  -50.598  10.935 0.2000000030
30193  40.792  -48.298  16.166 0.2000000030
122241  40.988  -48.562  15.519 0.3000000119
31934  40.900  -46.740  16.643 0.2000000030
22953  56.048  -55.386  11.286 0.1000000015
117981  55.400  -56.730  10.775 0.1000000015
22961  55.775  -55.442  10.420 0.1000000015
23829  56.021  -54.785  10.995 0.1000000015
22135  54.847  -56.871  9.816 0.1000000015
126728  55.731  -54.753  10.221 0.1000000015
131047  55.483  -55.678  9.980 0.1000000015
33805  41.324  -44.740  17.910 0.1000000015
32855  41.010  -45.620  17.683 0.1000000015
32854  41.569  -45.050  17.093 0.1000000015
32859  41.159  -45.871  16.850 0.1000000015
32858  41.980  -45.385  16.330 0.1000000015
31085  40.790  -47.611  16.402 0.1000000015
31088  41.132  -47.725  15.615 0.2000000030
31933  41.589  -46.139  16.090 0.1000000015
32857  42.987  -45.121  15.865 0.2000000030
30197  41.329  -48.760  14.726 0.2000000030
32864  42.334  -45.748  15.747 0.2000000030
31939  42.101  -46.373  15.419 0.2000000030
31087  41.801  -47.131  15.119 0.2000000030
31093  41.505  -47.922  14.883 0.2000000030
115152  43.659  -45.349  15.331 0.2000000030
31938  42.989  -45.865  15.197 0.2000000030
30211  41.683  -48.908  13.985 0.2000000030
29264  41.422  -49.745  13.852 0.2000000030
109597  42.532  -47.977  12.985 0.1000000015
31092  42.246  -47.369  14.422 0.2000000030
30196  41.891  -48.127  14.168 0.2000000030
30210  42.104  -48.296  13.563 0.1000000015
31111  42.664  -47.577  13.652 0.1000000015
32836  40.972  -45.344  18.535 0.1000000015
33784  41.605  -43.846  18.181 0.1000000015
33804  41.974  -44.222  17.387 0.1000000015
31940  41.314  -46.916  15.823 0.2000000030
31951  42.617  -46.633  14.780 0.2000000030
27441  43.942  -51.531  6.383 0.2000000030
27432  42.238  -51.517  7.557 0.2000000030
27431  43.104  -51.279  6.978 0.2000000030
28329  43.906  -50.689  6.643 0.2000000030
28318  41.960  -51.016  7.998 0.2000000030
28316  43.281  -50.283  7.185 0.2000000030
28317  42.539  -50.678  7.578 0.2000000030
124339  44.514  -50.289  6.498 0.2000000030
29322  43.437  -49.442  7.434 0.1000000015
29323  42.726  -49.840  7.782 0.2000000030
29312  42.283  -49.516  8.508 0.2000000030
29321  44.114  -49.067  7.085 0.1000000015
30289  43.631  -48.659  7.729 0.1000000015
29311  42.983  -49.078  8.122 0.1000000015
31179  44.362  -47.403  7.702 0.1000000015
31178  44.838  -46.923  7.405 0.1000000015
33811  43.481  -44.334  16.374 0.1000000015
30278  42.608  -48.781  8.894 0.1000000015
30265  43.630  -47.730  8.971 0.1000000015
30288  44.273  -48.236  7.357 0.1000000015
30276  43.869  -47.944  8.118 0.1000000015
32048  44.540  -46.615  8.106 0.1000000015
32037  44.492  -46.602  9.064 0.1000000015
32047  44.984  -45.775  8.660 0.1000000015
33822  44.024  -44.758  15.692 0.1000000015
115517  45.464  -43.629  16.355 0.1000000015
33810  44.591  -44.075  16.232 0.1000000015
30257  42.229  -48.494  10.628 0.1000000015
30267  42.348  -48.581  9.735 0.1000000015
30277  43.297  -48.378  8.511 0.1000000015
30266  43.068  -48.146  9.334 0.1000000015
31169  44.081  -47.230  8.563 0.1000000015
32036  45.009  -46.097  9.728 0.1000000015
111317  43.967  -47.623  10.829 0.1000000015
128870  42.983  -47.949  11.102 0.1000000015
123161  44.374  -47.431  10.430 0.1000000015
30255  43.681  -47.666  9.881 0.1000000015
30256  42.997  -47.978  10.219 0.1000000015
31149  45.093  -47.441  10.563 0.1000000015
31148  46.120  -47.923  10.578 0.1000000015
31160  44.152  -47.213  9.651 0.1000000015
130959  46.779  -47.165  10.472 0.1000000015
123429  46.225  -47.200  10.453 0.1000000015
31159  44.677  -46.864  9.929 0.1000000015
32016  45.639  -46.155  10.346 0.1000000015
33809  45.400  -44.139  15.898 0.1000000015
33821  44.963  -44.626  15.547 0.1000000015
31147  47.093  -47.918  10.504 0.1000000015
130407  42.933  -47.969  11.791 0.1000000015
126682  48.930  -54.955  1.551 0.1000000015
25803  49.762  -53.675  1.743 0.1000000015
25817  49.624  -54.239  1.241 0.1000000015
23938  49.212  -55.455  1.003 0.1000000015
23102  48.824  -56.158  0.196 0.1000000015
22259  48.342  -57.358  -0.409 0.1000000015
125814  46.428  -58.514  -0.466 0.1000000015
23929  48.485  -55.801  1.508 0.1000000015
25804  48.919  -54.219  2.095 0.1000000015
23949  49.054  -55.645  0.676 0.1000000015
23101  49.273  -56.373  0.374 0.1000000015
26660  49.966  -53.068  2.307 0.1000000015
25796  48.671  -53.367  2.734 0.1000000015
24855  46.833  -55.398  2.798 0.1000000015
23930  47.422  -56.137  2.203 0.1000000015
23094  49.111  -56.216  0.949 0.1000000015
129452  49.971  -53.630  1.248 0.1000000015
24848  46.829  -54.253  3.230 0.1000000015
26645  49.038  -52.520  3.118 0.1000000015
125700  49.817  -51.043  3.765 0.1000000015
27467  50.841  -51.568  3.005 0.1000000015
26644  50.281  -52.360  2.655 0.1000000015
28367  50.745  -50.949  3.496 0.1000000015
24854  47.907  -54.712  2.508 0.1000000015
21410  45.732  -58.685  -0.456 0.1000000015
5845  38.896  -76.797  19.714 0.1000000015
5858  43.398  -77.153  18.581 0.1000000015
5871  42.004  -77.868  18.162 0.1000000015
6586  37.651  -76.398  19.906 0.1000000015
6600  44.104  -75.703  17.660 0.1000000015
7347  40.535  -74.591  18.431 0.1000000015
8097  40.926  -73.653  18.427 0.1000000015
8103  44.364  -74.264  17.423 0.1000000015
9671  47.607  -70.950  18.461 0.1000000015
9681  47.349  -71.357  18.058 0.1000000015
10516  39.694  -70.623  20.478 0.1000000015
10533  47.326  -70.939  17.785 0.1000000015
10540  46.025  -70.921  17.453 0.1000000015
11360  47.495  -69.240  17.768 0.1000000015
13031  44.326  -67.759  17.831 0.1000000015
14851  37.145  -65.516  20.339 0.1000000015
15751  40.020  -64.598  18.270 0.1000000015
16632  42.667  -63.392  21.287 0.1000000015
17536  35.825  -62.312  17.240 0.1000000015
17581  45.183  -62.120  14.120 0.1000000015
17588  46.421  -62.459  13.646 0.1000000015
17590  45.069  -62.028  13.415 0.1000000015
18415  47.027  -60.898  21.768 0.1000000015
18444  41.401  -60.903  19.989 0.1000000015
18468  46.845  -60.804  17.165 0.1000000015
18512  44.650  -61.227  15.346 0.1000000015
19348  47.549  -60.370  21.572 0.1000000015
19454  51.834  -61.496  16.144 0.1000000015
19481  37.738  -60.657  15.354 0.1000000015
19512  40.861  -60.811  12.700 0.1000000015
20362  49.826  -59.960  17.969 0.1000000015
21100  46.856  -58.031  24.784 0.1000000015
21229  49.465  -58.245  15.771 0.2000000030
21345  47.750  -58.484  3.528 0.2000000030
21365  47.386  -58.498  2.899 0.1000000015
21919  48.885  -57.757  24.141 0.1000000015
21920  47.426  -57.441  24.405 0.1000000015
21971  43.673  -57.219  20.324 0.2000000030
22013  48.510  -57.537  19.389 0.3000000119
22015  45.838  -57.992  18.962 0.4000000060
22058  44.776  -56.867  17.886 0.5000000000
22073  47.587  -57.867  16.492 0.5000000000
22092  48.647  -57.533  15.578 0.2000000030
22140  49.930  -57.647  9.065 0.2000000030
22165  50.330  -57.096  7.930 0.2000000030
22177  45.682  -57.465  6.104 0.1000000015
22187  54.537  -56.625  4.403 0.1000000015
22190  47.901  -57.569  5.016 0.1000000015
22193  45.260  -57.601  5.504 0.2000000030
22198  54.552  -57.250  3.996 0.1000000015
22204  46.440  -58.128  4.545 0.3000000119
22206  44.871  -57.488  4.996 0.2000000030
22217  54.273  -57.695  3.759 0.1000000015
22223  46.188  -57.652  3.340 0.1000000015
22250  49.248  -56.779  -0.090 0.1000000015
22776  49.232  -56.832  23.194 0.1000000015
22892  45.334  -56.728  17.486 0.5000000000
22954  55.384  -56.311  10.204 0.1000000015
22989  45.776  -56.483  7.243 0.2000000030
23012  44.155  -56.862  6.220 0.2000000030
23032  44.388  -56.956  5.291 0.2000000030
23055  45.270  -57.409  4.346 0.2000000030
23071  54.310  -57.170  3.780 0.1000000015
23073  53.176  -56.518  3.643 0.1000000015
23690  41.874  -55.998  21.461 0.2000000030
23801  47.199  -55.764  12.709 0.3000000119
23804  44.740  -55.501  11.980 0.4000000060
23813  48.373  -55.841  11.476 0.2000000030
23832  47.298  -55.343  10.469 0.3000000119
23843  55.511  -55.100  9.761 0.2000000030
23845  54.539  -55.098  8.856 0.2000000030
23872  43.578  -55.790  7.467 0.2000000030
23900  43.692  -56.021  6.167 0.2000000030
23916  44.471  -56.182  4.800 0.2000000030
24683  56.122  -54.470  13.672 0.3000000119
24688  56.324  -54.270  13.153 0.2000000030
24691  47.234  -55.116  13.376 0.5000000000
24693  44.891  -55.005  13.699 0.4000000060
24694  44.038  -55.054  13.324 0.4000000060
24743  55.101  -53.814  9.816 0.3000000119
24748  46.977  -54.487  9.716 0.2000000030
24775  54.778  -53.975  8.852 0.4000000060
24792  48.974  -53.691  7.003 0.1000000015
24796  45.870  -55.066  8.140 0.2000000030
24814  42.879  -54.633  6.773 0.2000000030
24825  50.298  -54.272  5.794 0.1000000015
24841  45.286  -54.501  4.165 0.2000000030
25610  50.999  -53.096  16.563 0.4000000060
25618  55.884  -53.698  13.482 0.3000000119
25634  56.040  -53.685  12.983 0.2000000030
25641  47.061  -54.309  13.911 0.5000000000
25646  42.292  -53.420  13.536 0.4000000060
25663  55.949  -53.813  12.294 0.2000000030
25669  42.983  -54.111  12.398 0.4000000060
25681  55.709  -53.971  11.468 0.2000000030
25708  54.473  -53.534  9.389 0.3000000119
25718  41.842  -53.340  9.104 0.3000000119
25730  54.832  -53.743  9.191 0.3000000119
25753  48.469  -53.701  7.666 0.1000000015
25755  41.946  -53.551  7.954 0.3000000119
25770  50.015  -53.238  6.798 0.1000000015
25798  46.343  -53.446  3.772 0.2000000030
26518  51.968  -51.779  15.819 0.3000000119
26533  53.416  -52.034  14.759 0.3000000119
26551  54.932  -52.946  13.611 0.3000000119
26603  41.432  -52.359  8.728 0.3000000119
26630  44.568  -52.635  5.557 0.4000000060
27309  47.643  -50.270  17.914 0.5000000000
27325  49.443  -51.099  16.981 0.5000000000
27409  41.688  -51.298  12.180 0.3000000119
27416  41.457  -51.359  10.549 0.2000000030
27442  42.531  -52.190  7.144 0.2000000030
27468  49.440  -51.772  3.457 0.1000000015
28245  48.306  -50.011  16.880 0.5000000000
28251  41.372  -50.682  16.567 0.3000000119
28305  42.073  -50.302  8.194 0.2000000030
28349  46.944  -50.746  4.842 0.2000000030
29226  45.673  -49.275  18.460 0.5000000000
29300  41.905  -49.266  9.293 0.2000000030
29329  46.230  -49.083  6.057 0.2000000030
29332  43.997  -49.889  6.892 0.2000000030
31188  44.985  -47.727  6.964 0.1000000015
32014  47.406  -46.971  10.467 0.1000000015
32957  46.346  -44.496  8.405 0.1000000015
35541  43.062  -42.403  21.319 0.1000000015
109981  44.795  -57.622  19.541 0.3000000119
109995  47.544  -49.861  17.076 0.4000000060
110238  49.705  -56.994  15.014 0.2000000030
110409  46.045  -54.765  17.569 0.5000000000
110519  38.296  -61.182  13.878 0.1000000015
111322  44.000  -61.498  12.164 0.1000000015
112874  43.911  -60.513  16.938 0.1000000015
113972  43.785  -61.518  11.323 0.1000000015
114665  44.138  -68.876  17.516 0.1000000015
115710  41.482  -56.613  27.732 0.1000000015
116049  41.113  -60.302  18.813 0.1000000015
116882  40.983  -78.010  18.895 0.1000000015
117181  51.887  -56.468  14.772 0.3000000119
117499  43.735  -54.206  9.381 0.4000000060
118618  47.945  -55.410  2.176 0.1000000015
118784  43.286  -52.193  6.603 0.3000000119
119521  45.388  -47.020  10.349 0.1000000015
119802  50.628  -57.784  9.386 0.2000000030
119885  50.464  -54.761  12.013 0.4000000060
120754  41.330  -52.086  9.306 0.2000000030
121115  49.123  -50.566  15.979 0.5000000000
122424  45.117  -57.710  18.784 0.4000000060
122508  53.520  -52.141  14.385 0.4000000060
122569  45.419  -61.475  15.494 0.1000000015
123608  46.244  -58.051  -0.377 0.1000000015
123999  50.693  -59.698  18.257 0.1000000015
125520  46.953  -56.120  11.954 0.3000000119
125690  46.519  -72.269  17.817 0.1000000015
126197  38.671  -61.998  18.819 0.1000000015
126447  45.503  -58.365  25.310 0.1000000015
127125  40.174  -75.593  18.421 0.1000000015
127389  55.755  -56.040  10.775 0.1000000015
128224  55.888  -55.965  13.809 0.2000000030
128262  44.117  -75.934  20.150 0.1000000015
128485  51.350  -58.874  21.411 0.1000000015
129437  48.307  -56.996  23.874 0.1000000015
129864  44.024  -44.352  22.413 0.1000000015
130321  42.552  -54.513  7.338 0.3000000119
130882  44.624  -56.954  6.723 0.2000000030
131801  49.418  -55.437  11.825 0.3000000119
132177  52.255  -53.309  15.914 0.3000000119
132255  40.185  -61.905  20.000 0.1000000015
132386  49.764  -60.396  17.399 0.1000000015
132495  44.239  -60.735  20.210 0.1000000015
