#!ascii label  , from subject sub-v2s0x29030_ses-1 vox2ras=TkReg
550
52239  19.739  -20.270  -9.264 0.0000000000
58222  26.324  -12.765  -13.740 0.0000000000
64016  23.950  -5.957  -18.355 0.0000000000
60896  19.058  -9.970  -13.907 0.0000000000
48083  22.543  -25.166  -7.873 0.0000000000
51337  25.432  -22.055  -9.754 0.0000000000
54894  22.700  -18.052  -12.554 0.0000000000
57297  19.611  -13.459  -12.788 0.0000000000
61690  24.820  -9.763  -15.892 0.0000000000
67101  28.562  -2.135  -16.086 0.0000000000
66374  22.275  -3.976  -20.828 0.0000000000
49672  21.054  -22.718  -8.909 0.0000000000
48888  23.683  -23.755  -9.087 0.0000000000
112201  22.333  -21.150  -10.463 0.0000000000
56478  17.732  -14.915  -10.459 0.0000000000
59166  16.000  -12.980  -9.926 0.0000000000
62462  21.394  -9.118  -15.939 0.0000000000
60926  21.451  -10.105  -15.551 0.0000000000
63206  24.315  -7.995  -16.773 0.0000000000
64706  26.051  -5.900  -15.475 0.0000000000
66346  25.617  -3.545  -17.120 0.0000000000
112038  18.794  -1.806  -17.027 0.0000000000
66347  19.729  -3.511  -17.726 0.0000000000
67152  19.820  -2.269  -21.907 0.0000000000
56497  23.830  -15.800  -13.554 0.0000000000
53999  24.974  -18.126  -12.359 0.0000000000
56485  26.858  -14.684  -12.320 0.0000000000
64009  21.368  -7.274  -17.092 0.0000000000
60894  28.007  -10.363  -13.311 0.0000000000
53979  17.654  -18.630  -9.780 0.0000000000
117455  21.075  -19.110  -10.962 0.0000000000
54886  19.391  -17.343  -10.677 0.0000000000
56488  20.768  -15.473  -12.472 0.0000000000
57308  23.248  -13.793  -14.193 0.0000000000
101644  18.520  -11.487  -12.894 0.0000000000
107604  22.658  -11.450  -15.358 0.0000000000
60122  25.609  -11.810  -15.024 0.0000000000
63175  27.706  -7.655  -13.466 0.0000000000
64735  20.836  -5.568  -18.110 0.0000000000
65564  23.957  -4.205  -19.951 0.0000000000
69483  22.501  -0.282  -23.810 0.0000000000
67960  23.769  -1.396  -21.688 0.0000000000
67129  25.008  -2.635  -18.929 0.0000000000
68719  27.220  -0.058  -18.093 0.0000000000
53112  23.584  -19.797  -11.682 0.0000000000
98983  19.179  -20.333  -8.712 0.0000000000
51331  19.429  -21.289  -8.449 0.0000000000
50483  20.745  -21.916  -9.198 0.0000000000
50492  21.932  -21.635  -9.975 0.0000000000
51348  21.102  -20.842  -9.977 0.0000000000
63216  22.304  -8.203  -16.778 0.0000000000
62471  22.715  -8.684  -16.584 0.0000000000
113136  24.452  -6.761  -17.390 0.0000000000
64715  25.430  -5.638  -17.222 0.0000000000
108418  24.960  -5.001  -18.506 0.0000000000
68731  18.650  -1.035  -19.011 0.0000000000
67949  19.034  -1.904  -19.415 0.0000000000
116594  18.743  -0.916  -21.409 0.0000000000
57293  24.886  -14.315  -13.815 0.0000000000
56487  25.229  -15.629  -13.093 0.0000000000
57281  26.120  -14.289  -12.940 0.0000000000
63198  20.053  -8.243  -15.102 0.0000000000
98508  19.733  -7.678  -15.049 0.0000000000
48869  21.235  -24.792  -7.604 0.0000000000
48070  21.472  -25.577  -7.258 0.0000000000
47217  23.274  -26.426  -7.262 0.0000000000
48067  24.088  -25.385  -7.899 0.0000000000
107876  24.242  -22.531  -9.898 0.0000000000
48876  25.920  -24.038  -8.196 0.0000000000
54878  18.837  -17.883  -10.197 0.0000000000
55718  17.941  -16.510  -10.039 0.0000000000
57285  18.378  -13.890  -11.583 0.0000000000
56489  19.255  -15.094  -11.681 0.0000000000
57283  20.010  -14.634  -12.418 0.0000000000
106654  22.737  -14.688  -13.718 0.0000000000
57296  20.700  -13.910  -13.198 0.0000000000
60104  17.880  -11.191  -12.030 0.0000000000
60114  18.775  -10.536  -13.344 0.0000000000
118278  23.449  -10.198  -16.035 0.0000000000
60135  21.970  -10.789  -15.433 0.0000000000
104539  23.726  -10.911  -15.733 0.0000000000
59218  23.980  -11.931  -15.371 0.0000000000
60921  25.005  -10.600  -15.544 0.0000000000
61679  26.523  -9.516  -14.776 0.0000000000
62448  26.205  -8.817  -15.148 0.0000000000
65527  26.774  -4.047  -15.465 0.0000000000
65508  27.923  -4.666  -14.273 0.0000000000
66363  20.867  -3.794  -19.515 0.0000000000
65546  20.224  -4.912  -17.938 0.0000000000
65567  21.339  -4.215  -19.328 0.0000000000
112969  21.614  -5.164  -18.866 0.0000000000
106734  23.149  -4.032  -20.967 0.0000000000
67139  24.404  -2.500  -20.735 0.0000000000
68729  24.782  -0.693  -19.127 0.0000000000
67939  25.389  -1.789  -18.184 0.0000000000
53992  21.535  -18.826  -11.422 0.0000000000
53114  22.386  -19.625  -11.419 0.0000000000
53122  22.791  -19.191  -11.854 0.0000000000
54883  27.018  -17.420  -11.339 0.0000000000
106634  26.073  -18.925  -11.512 0.0000000000
49661  20.689  -23.257  -8.311 0.0000000000
49659  21.907  -23.708  -8.677 0.0000000000
48878  23.475  -24.350  -8.629 0.0000000000
49670  22.404  -23.187  -9.231 0.0000000000
50480  22.771  -22.434  -9.819 0.0000000000
51345  23.453  -21.297  -10.711 0.0000000000
104667  16.375  -14.121  -9.266 0.0000000000
57276  17.666  -14.227  -10.757 0.0000000000
58215  18.315  -12.991  -11.992 0.0000000000
61680  20.319  -9.327  -14.989 0.0000000000
60908  20.164  -9.910  -14.717 0.0000000000
61704  21.694  -9.657  -15.862 0.0000000000
61702  23.065  -9.822  -16.236 0.0000000000
62457  24.828  -8.970  -16.236 0.0000000000
63195  26.111  -7.989  -15.548 0.0000000000
64001  25.679  -6.629  -16.147 0.0000000000
106495  26.043  -4.270  -16.109 0.0000000000
66345  26.231  -3.420  -16.245 0.0000000000
100266  18.977  -2.876  -16.110 0.0000000000
67113  19.306  -2.703  -17.542 0.0000000000
67131  20.271  -3.292  -19.643 0.0000000000
67151  21.313  -3.042  -22.208 0.0000000000
54901  23.251  -17.156  -13.109 0.0000000000
54892  23.954  -17.802  -12.813 0.0000000000
55731  24.197  -16.941  -13.138 0.0000000000
55724  26.043  -16.573  -12.317 0.0000000000
61668  19.419  -9.144  -14.208 0.0000000000
62451  20.309  -8.605  -15.234 0.0000000000
63217  21.676  -8.056  -16.758 0.0000000000
63225  21.930  -7.312  -17.272 0.0000000000
48080  24.714  -25.006  -8.041 0.0000000000
60111  27.055  -11.650  -14.018 0.0000000000
59186  27.706  -12.235  -12.745 0.0000000000
53101  19.105  -19.406  -9.269 0.0000000000
112889  20.245  -19.559  -10.067 0.0000000000
53984  19.228  -18.542  -10.057 0.0000000000
53994  19.802  -18.159  -10.563 0.0000000000
54885  20.355  -17.722  -11.154 0.0000000000
55727  18.399  -16.012  -10.528 0.0000000000
55734  19.563  -15.937  -11.408 0.0000000000
54903  21.727  -16.909  -12.379 0.0000000000
104898  22.675  -15.666  -13.364 0.0000000000
56504  23.886  -14.781  -13.858 0.0000000000
58224  25.067  -13.242  -14.490 0.0000000000
59188  17.817  -11.966  -12.042 0.0000000000
58227  18.926  -12.712  -12.715 0.0000000000
60125  20.518  -10.402  -14.764 0.0000000000
60124  20.966  -11.145  -14.717 0.0000000000
58240  21.227  -12.488  -14.156 0.0000000000
58238  22.956  -12.941  -14.614 0.0000000000
58247  24.147  -12.701  -15.055 0.0000000000
59204  25.804  -12.208  -14.656 0.0000000000
111993  27.425  -10.816  -14.071 0.0000000000
62427  27.962  -8.473  -13.298 0.0000000000
63984  26.668  -7.154  -14.716 0.0000000000
117978  20.931  -6.598  -17.256 0.0000000000
64733  22.201  -5.945  -18.342 0.0000000000
64743  24.046  -4.872  -19.094 0.0000000000
67982  21.227  -1.232  -23.348 0.0000000000
67161  22.313  -2.377  -22.835 0.0000000000
109564  23.455  -1.252  -22.446 0.0000000000
67149  23.590  -2.825  -22.145 0.0000000000
66372  24.286  -3.775  -21.204 0.0000000000
66361  24.697  -3.933  -20.386 0.0000000000
64742  24.521  -4.560  -19.098 0.0000000000
66353  25.328  -3.638  -18.180 0.0000000000
103266  25.823  -2.032  -17.344 0.0000000000
67931  27.508  -1.127  -17.039 0.0000000000
52245  21.453  -20.409  -10.413 0.0000000000
51357  23.194  -20.770  -11.024 0.0000000000
51355  24.503  -20.759  -11.050 0.0000000000
53111  24.696  -18.910  -12.135 0.0000000000
52253  24.827  -20.152  -11.384 0.0000000000
52240  19.254  -20.355  -8.734 0.0000000000
107554  19.667  -20.892  -8.891 0.0000000000
51339  19.987  -21.597  -8.774 0.0000000000
52238  20.413  -21.032  -9.415 0.0000000000
64017  23.181  -6.585  -17.856 0.0000000000
63215  23.100  -7.649  -17.005 0.0000000000
64008  23.847  -6.756  -17.584 0.0000000000
64015  24.493  -6.158  -17.933 0.0000000000
64731  24.515  -5.398  -18.540 0.0000000000
67962  18.650  -1.083  -20.634 0.0000000000
118331  25.121  -13.705  -14.100 0.0000000000
57292  25.555  -13.970  -13.636 0.0000000000
58213  26.266  -13.470  -13.305 0.0000000000
48084  21.815  -24.985  -7.769 0.0000000000
112284  22.034  -25.583  -7.476 0.0000000000
48069  22.562  -25.962  -7.380 0.0000000000
48068  23.301  -25.693  -7.690 0.0000000000
48082  23.358  -24.979  -8.140 0.0000000000
115391  24.921  -22.494  -9.715 0.0000000000
50479  25.601  -22.805  -9.210 0.0000000000
50478  26.125  -22.235  -9.286 0.0000000000
51336  26.200  -21.509  -9.673 0.0000000000
55706  17.823  -17.051  -9.722 0.0000000000
55719  17.639  -16.148  -9.887 0.0000000000
57284  19.001  -14.232  -12.027 0.0000000000
60886  18.267  -10.595  -12.473 0.0000000000
60895  19.183  -10.088  -13.986 0.0000000000
61691  24.079  -10.368  -15.898 0.0000000000
60923  23.508  -10.590  -15.859 0.0000000000
60922  24.182  -10.956  -15.703 0.0000000000
61689  25.687  -9.698  -15.388 0.0000000000
62449  25.564  -8.956  -15.795 0.0000000000
67085  28.153  -2.722  -15.544 0.0000000000
66327  27.759  -3.450  -15.117 0.0000000000
66362  21.832  -4.021  -19.993 0.0000000000
65577  22.820  -4.121  -20.326 0.0000000000
68730  24.217  -0.579  -19.917 0.0000000000
69462  24.708  0.309  -19.334 0.0000000000
110414  25.266  -0.059  -18.763 0.0000000000
54003  22.075  -18.461  -11.926 0.0000000000
102354  22.607  -18.725  -12.073 0.0000000000
113452  27.582  -16.827  -11.137 0.0000000000
53989  27.146  -18.048  -11.002 0.0000000000
50474  20.348  -22.430  -8.574 0.0000000000
49662  20.051  -22.955  -7.983 0.0000000000
49660  21.317  -23.504  -8.545 0.0000000000
49671  21.705  -22.949  -9.124 0.0000000000
50481  22.124  -22.343  -9.665 0.0000000000
50491  22.508  -21.754  -10.180 0.0000000000
50490  23.109  -21.834  -10.313 0.0000000000
51346  22.860  -21.243  -10.645 0.0000000000
58192  17.507  -14.190  -10.729 0.0000000000
58204  17.599  -13.537  -11.195 0.0000000000
107576  17.922  -13.626  -11.272 0.0000000000
58203  17.856  -12.826  -11.634 0.0000000000
61693  20.654  -9.142  -15.359 0.0000000000
61705  21.186  -9.168  -15.754 0.0000000000
62470  23.559  -8.354  -16.707 0.0000000000
62460  22.461  -9.383  -16.302 0.0000000000
62459  23.254  -9.223  -16.444 0.0000000000
62458  24.138  -8.789  -16.551 0.0000000000
63205  24.990  -8.023  -16.520 0.0000000000
101666  25.356  -7.187  -16.582 0.0000000000
65536  25.715  -4.905  -16.641 0.0000000000
114554  25.722  -4.145  -16.718 0.0000000000
67933  18.851  -1.649  -17.645 0.0000000000
67104  18.915  -2.341  -16.629 0.0000000000
67141  19.632  -2.503  -20.955 0.0000000000
67132  19.608  -2.614  -19.946 0.0000000000
67140  20.194  -3.116  -20.455 0.0000000000
107802  20.553  -3.065  -21.464 0.0000000000
55739  23.797  -16.628  -13.331 0.0000000000
112089  24.111  -16.191  -13.421 0.0000000000
56486  25.978  -15.171  -12.699 0.0000000000
105606  25.829  -15.931  -12.632 0.0000000000
56475  26.743  -15.724  -12.095 0.0000000000
55723  26.905  -16.643  -11.679 0.0000000000
62432  19.104  -9.392  -13.756 0.0000000000
107229  19.682  -8.901  -14.528 0.0000000000
61694  20.070  -8.966  -14.848 0.0000000000
63995  20.250  -7.931  -15.536 0.0000000000
63207  20.760  -8.265  -15.990 0.0000000000
63218  20.992  -8.046  -16.445 0.0000000000
48081  24.107  -24.751  -8.352 0.0000000000
117983  24.123  -24.219  -8.752 0.0000000000
60110  27.819  -11.165  -13.393 0.0000000000
104728  18.316  -18.744  -9.531 0.0000000000
53978  18.630  -18.814  -9.667 0.0000000000
53107  19.531  -19.149  -9.808 0.0000000000
54887  18.458  -17.024  -10.253 0.0000000000
56465  17.824  -15.684  -10.253 0.0000000000
56477  18.274  -15.168  -10.762 0.0000000000
105396  19.987  -15.493  -11.978 0.0000000000
55733  20.533  -16.275  -11.920 0.0000000000
114044  21.175  -16.672  -12.121 0.0000000000
55732  21.389  -16.190  -12.469 0.0000000000
55742  22.234  -16.298  -12.890 0.0000000000
56505  23.484  -14.506  -13.897 0.0000000000
57306  24.148  -13.875  -14.241 0.0000000000
57307  23.766  -13.876  -14.214 0.0000000000
116379  18.136  -11.710  -12.443 0.0000000000
111625  17.586  -11.793  -11.802 0.0000000000
59187  18.135  -12.219  -12.253 0.0000000000
107704  19.066  -11.780  -13.238 0.0000000000
117132  20.830  -10.125  -15.144 0.0000000000
60126  19.742  -10.279  -14.307 0.0000000000
59207  21.934  -11.405  -15.067 0.0000000000
59208  20.616  -11.956  -14.107 0.0000000000
102886  21.413  -11.832  -14.562 0.0000000000
58239  22.086  -12.499  -14.537 0.0000000000
59220  22.721  -12.105  -14.994 0.0000000000
59217  24.644  -12.009  -15.353 0.0000000000
58248  23.634  -12.470  -15.060 0.0000000000
115680  25.076  -11.994  -15.293 0.0000000000
106474  25.001  -12.825  -14.858 0.0000000000
60112  26.258  -11.848  -14.513 0.0000000000
60121  26.448  -11.172  -14.650 0.0000000000
62440  27.386  -8.389  -13.922 0.0000000000
61678  27.384  -9.264  -14.050 0.0000000000
63174  28.596  -7.602  -12.717 0.0000000000
63994  26.119  -6.911  -15.498 0.0000000000
64696  26.473  -6.217  -14.861 0.0000000000
65547  19.867  -4.254  -17.264 0.0000000000
65537  20.201  -5.130  -16.973 0.0000000000
64716  20.102  -5.983  -16.254 0.0000000000
64725  20.547  -5.798  -17.144 0.0000000000
64010  20.520  -6.852  -16.399 0.0000000000
65565  23.250  -4.321  -19.809 0.0000000000
64745  22.678  -5.067  -19.122 0.0000000000
64732  22.975  -5.850  -18.550 0.0000000000
64744  23.473  -4.901  -19.165 0.0000000000
68756  21.371  -0.742  -23.697 0.0000000000
67981  21.847  -1.102  -23.489 0.0000000000
67974  21.564  -1.828  -23.107 0.0000000000
67973  22.362  -1.616  -23.164 0.0000000000
68735  23.757  -0.516  -20.812 0.0000000000
68736  23.504  -0.519  -21.811 0.0000000000
67967  23.519  -2.012  -22.432 0.0000000000
66382  24.128  -3.307  -21.514 0.0000000000
67148  24.054  -2.450  -21.628 0.0000000000
67130  24.728  -2.663  -19.882 0.0000000000
66371  24.567  -3.553  -20.823 0.0000000000
108230  24.912  -3.585  -19.771 0.0000000000
65562  24.747  -4.079  -19.644 0.0000000000
66360  25.028  -3.858  -19.084 0.0000000000
115460  25.117  -3.313  -18.827 0.0000000000
67938  25.999  -1.107  -17.655 0.0000000000
67932  26.583  -1.417  -17.081 0.0000000000
68709  27.868  -0.501  -17.630 0.0000000000
52258  21.064  -19.680  -10.566 0.0000000000
53113  22.955  -19.730  -11.604 0.0000000000
52256  22.549  -20.170  -11.171 0.0000000000
52255  23.063  -20.273  -11.323 0.0000000000
51356  23.767  -20.792  -11.075 0.0000000000
52254  24.044  -20.259  -11.435 0.0000000000
54891  24.534  -17.568  -12.714 0.0000000000
54000  24.266  -18.370  -12.484 0.0000000000
53105  26.210  -19.480  -11.092 0.0000000000
53110  25.326  -19.428  -11.639 0.0000000000
52252  25.673  -20.083  -11.061 0.0000000000
50482  21.484  -22.168  -9.467 0.0000000000
51338  21.262  -21.438  -9.734 0.0000000000
51347  21.746  -21.011  -10.225 0.0000000000
62472  21.962  -8.815  -16.445 0.0000000000
63214  24.010  -7.459  -17.031 0.0000000000
63213  24.847  -7.203  -17.007 0.0000000000
64007  25.005  -6.328  -17.464 0.0000000000
64724  25.084  -5.613  -18.008 0.0000000000
65545  25.414  -4.653  -17.703 0.0000000000
68722  18.728  -0.823  -18.041 0.0000000000
67940  18.994  -1.834  -18.507 0.0000000000
67961  19.051  -1.866  -20.387 0.0000000000
67968  19.121  -1.673  -21.433 0.0000000000
55738  24.199  -15.440  -13.617 0.0000000000
56496  24.697  -15.160  -13.544 0.0000000000
57282  25.365  -14.768  -13.310 0.0000000000
103222  20.519  -7.747  -16.010 0.0000000000
48870  20.646  -24.527  -7.403 0.0000000000
48871  20.059  -24.173  -7.096 0.0000000000
48071  20.879  -25.284  -7.139 0.0000000000
110960  24.084  -26.869  -6.962 0.0000000000
47216  24.097  -26.102  -7.476 0.0000000000
49668  23.969  -23.178  -9.565 0.0000000000
49658  24.468  -23.716  -9.049 0.0000000000
49667  24.760  -23.080  -9.417 0.0000000000
54869  17.655  -17.832  -10.079 0.0000000000
53985  18.483  -18.326  -9.835 0.0000000000
54879  17.779  -17.836  -10.170 0.0000000000
116457  17.937  -17.096  -9.873 0.0000000000
57275  18.054  -14.381  -10.931 0.0000000000
56490  18.570  -14.700  -11.291 0.0000000000
56499  21.811  -15.366  -13.086 0.0000000000
56500  21.011  -14.741  -12.916 0.0000000000
57295  21.717  -14.301  -13.535 0.0000000000
57309  22.431  -13.598  -14.116 0.0000000000
60103  18.261  -11.080  -12.614 0.0000000000
60938  23.006  -10.209  -16.040 0.0000000000
60925  22.153  -10.443  -15.694 0.0000000000
60924  22.954  -10.657  -15.798 0.0000000000
60134  22.757  -10.989  -15.599 0.0000000000
59219  23.270  -11.660  -15.391 0.0000000000
115631  23.926  -11.281  -15.604 0.0000000000
60132  24.196  -11.461  -15.546 0.0000000000
60907  25.590  -11.150  -15.176 0.0000000000
107161  26.039  -10.415  -15.021 0.0000000000
63187  27.094  -7.820  -14.239 0.0000000000
111787  26.804  -5.124  -14.718 0.0000000000
65526  27.496  -4.197  -14.786 0.0000000000
65525  28.357  -3.898  -14.640 0.0000000000
66354  20.532  -3.843  -18.886 0.0000000000
65556  20.121  -4.029  -18.243 0.0000000000
65555  20.745  -4.570  -18.673 0.0000000000
65566  22.334  -4.383  -19.631 0.0000000000
65576  23.639  -4.071  -20.572 0.0000000000
67959  24.097  -1.491  -20.742 0.0000000000
67948  24.482  -1.582  -19.847 0.0000000000
67947  24.907  -1.665  -18.986 0.0000000000
68721  25.432  -0.770  -18.369 0.0000000000
69452  25.828  0.000  -18.450 0.0000000000
53115  21.724  -19.420  -11.191 0.0000000000
53123  22.209  -19.086  -11.674 0.0000000000
53121  23.346  -19.183  -12.021 0.0000000000
54884  26.238  -17.351  -11.961 0.0000000000
53998  25.686  -17.926  -12.132 0.0000000000
53990  26.384  -18.173  -11.598 0.0000000000
53983  26.832  -18.793  -10.933 0.0000000000
49650  20.391  -23.733  -7.685 0.0000000000
48882  20.974  -24.044  -7.972 0.0000000000
48881  21.558  -24.261  -8.145 0.0000000000
48880  22.141  -24.431  -8.273 0.0000000000
48879  22.779  -24.462  -8.440 0.0000000000
48890  22.408  -23.917  -8.710 0.0000000000
48889  22.954  -23.825  -8.960 0.0000000000
49669  23.186  -23.147  -9.459 0.0000000000
49676  23.494  -22.492  -9.921 0.0000000000
50489  23.819  -21.895  -10.314 0.0000000000
50488  24.607  -21.944  -10.169 0.0000000000
57264  17.495  -14.777  -10.362 0.0000000000
58214  18.772  -13.464  -12.212 0.0000000000
60910  19.312  -9.569  -14.120 0.0000000000
60909  19.618  -9.763  -14.367 0.0000000000
60927  20.738  -9.670  -15.233 0.0000000000
60940  21.761  -10.005  -15.768 0.0000000000
61703  22.337  -9.839  -16.068 0.0000000000
60939  22.293  -10.165  -15.879 0.0000000000
61701  23.908  -9.678  -16.230 0.0000000000
63196  25.487  -8.317  -16.107 0.0000000000
63204  25.682  -7.532  -16.129 0.0000000000
64002  25.380  -6.470  -16.852 0.0000000000
64714  25.674  -5.738  -16.330 0.0000000000
98036  26.082  -4.956  -15.710 0.0000000000
66340  27.166  -2.991  -15.680 0.0000000000
67102  27.632  -2.238  -16.061 0.0000000000
66355  19.893  -3.391  -18.327 0.0000000000
67123  19.617  -2.671  -19.041 0.0000000000
67122  20.164  -3.350  -18.923 0.0000000000
66375  21.077  -3.677  -20.440 0.0000000000
66385  21.707  -3.565  -21.536 0.0000000000
54893  23.402  -17.966  -12.790 0.0000000000
54900  23.734  -17.318  -13.082 0.0000000000
103635  24.580  -16.111  -13.267 0.0000000000
55730  25.234  -16.410  -12.797 0.0000000000
54890  25.316  -17.268  -12.483 0.0000000000
61669  19.024  -9.648  -13.722 0.0000000000
61681  19.818  -9.292  -14.577 0.0000000000
62450  20.821  -8.682  -15.720 0.0000000000
63197  20.470  -8.383  -15.545 0.0000000000
62473  21.293  -8.671  -16.183 0.0000000000
63224  22.399  -7.456  -17.189 0.0000000000
48877  24.900  -24.357  -8.497 0.0000000000
59194  27.039  -12.260  -13.514 0.0000000000
52246  20.549  -20.229  -9.916 0.0000000000
52247  19.813  -19.725  -9.636 0.0000000000
53106  20.260  -18.953  -10.412 0.0000000000
53993  20.722  -18.514  -11.043 0.0000000000
54004  21.287  -18.111  -11.589 0.0000000000
54895  21.913  -17.697  -12.183 0.0000000000
55726  19.076  -16.422  -10.787 0.0000000000
56476  18.822  -15.528  -11.014 0.0000000000
55725  19.992  -16.807  -11.218 0.0000000000
54896  21.010  -17.201  -11.778 0.0000000000
54902  22.499  -17.138  -12.788 0.0000000000
55741  22.963  -16.385  -13.288 0.0000000000
56498  23.352  -15.454  -13.601 0.0000000000
57294  24.329  -14.543  -13.873 0.0000000000
57305  24.607  -13.776  -14.225 0.0000000000
60069  16.048  -12.164  -10.472 0.0000000000
59177  17.610  -12.581  -11.597 0.0000000000
60113  19.180  -10.831  -13.627 0.0000000000
60136  21.316  -10.555  -15.240 0.0000000000
59209  19.923  -11.189  -14.083 0.0000000000
59197  19.711  -12.324  -13.434 0.0000000000
58226  20.518  -12.907  -13.596 0.0000000000
58225  21.468  -13.290  -13.870 0.0000000000
58237  23.531  -13.156  -14.648 0.0000000000
58236  23.973  -13.243  -14.713 0.0000000000
58235  24.486  -13.171  -14.716 0.0000000000
59196  25.621  -12.689  -14.464 0.0000000000
59195  26.354  -12.235  -14.168 0.0000000000
60906  26.973  -10.228  -14.482 0.0000000000
60905  27.648  -10.045  -13.897 0.0000000000
61666  28.140  -9.394  -13.128 0.0000000000
63188  26.587  -8.098  -14.858 0.0000000000
64695  27.592  -5.415  -14.048 0.0000000000
63970  27.360  -6.906  -13.830 0.0000000000
114911  20.851  -7.455  -16.632 0.0000000000
64734  21.438  -6.210  -17.925 0.0000000000
64019  21.869  -6.723  -17.679 0.0000000000
64018  22.444  -6.684  -17.793 0.0000000000
110995  23.559  -5.659  -18.639 0.0000000000
68742  19.108  -1.088  -22.244 0.0000000000
67976  19.892  -1.340  -22.752 0.0000000000
67983  20.571  -0.962  -23.319 0.0000000000
67164  20.054  -1.879  -22.544 0.0000000000
67163  20.735  -2.398  -22.526 0.0000000000
67162  21.624  -2.552  -22.709 0.0000000000
66391  22.176  -3.127  -22.360 0.0000000000
68749  22.834  -0.728  -23.441 0.0000000000
67972  22.975  -1.411  -23.069 0.0000000000
67160  22.961  -2.237  -22.753 0.0000000000
66384  22.901  -3.673  -21.676 0.0000000000
66383  23.723  -3.457  -21.748 0.0000000000
66373  23.783  -3.853  -21.199 0.0000000000
65575  24.276  -3.910  -20.759 0.0000000000
114264  24.308  -3.024  -21.241 0.0000000000
65574  24.470  -3.856  -20.752 0.0000000000
65563  24.443  -4.027  -20.084 0.0000000000
65554  25.014  -4.358  -18.767 0.0000000000
67121  25.364  -2.706  -18.135 0.0000000000
67112  25.590  -2.895  -17.475 0.0000000000
67111  25.990  -2.683  -16.780 0.0000000000
67916  27.143  -1.768  -16.565 0.0000000000
67915  28.053  -1.589  -16.526 0.0000000000
68718  28.153  -0.024  -18.440 0.0000000000
68708  28.761  -0.567  -17.852 0.0000000000
67930  28.447  -1.032  -17.131 0.0000000000
67914  28.963  -1.595  -16.654 0.0000000000
51359  22.151  -20.584  -10.705 0.0000000000
52257  21.924  -20.000  -10.929 0.0000000000
51358  22.698  -20.701  -10.913 0.0000000000
51344  24.195  -21.352  -10.697 0.0000000000
51343  25.178  -21.309  -10.447 0.0000000000
54001  23.662  -18.540  -12.465 0.0000000000
53120  23.961  -19.112  -12.173 0.0000000000
53991  25.511  -18.605  -11.959 0.0000000000
101032  24.368  -19.626  -11.793 0.0000000000
52244  25.233  -20.619  -10.917 0.0000000000
58212  27.101  -12.930  -12.894 0.0000000000
100059  26.902  -13.781  -12.571 0.0000000000
49657  25.297  -23.581  -8.862 0.0000000000
54002  23.098  -18.647  -12.323 0.0000000000
55740  23.490  -16.296  -13.398 0.0000000000
58223  25.643  -13.270  -14.006 0.0000000000
58249  23.242  -12.529  -14.914 0.0000000000
59198  18.520  -12.244  -12.627 0.0000000000
59205  25.209  -12.352  -15.060 0.0000000000
59206  24.584  -12.528  -15.122 0.0000000000
60123  24.875  -11.495  -15.428 0.0000000000
60133  23.428  -11.224  -15.595 0.0000000000
61692  21.253  -9.618  -15.608 0.0000000000
62441  26.881  -8.661  -14.541 0.0000000000
62461  21.811  -9.318  -16.095 0.0000000000
67103  26.725  -2.479  -16.274 0.0000000000
67150  23.016  -3.018  -22.402 0.0000000000
67917  26.394  -2.021  -16.725 0.0000000000
67950  18.653  -1.273  -19.849 0.0000000000
67975  20.666  -1.601  -22.994 0.0000000000
68710  26.912  -0.693  -17.527 0.0000000000
68720  26.297  -0.335  -18.029 0.0000000000
68750  22.418  -0.895  -23.506 0.0000000000
99791  19.448  -2.713  -18.323 0.0000000000
103039  19.527  -1.670  -22.215 0.0000000000
107241  23.493  -20.368  -11.318 0.0000000000
107939  27.057  -6.121  -14.228 0.0000000000
108849  23.052  -12.105  -15.124 0.0000000000
113284  24.713  -16.857  -12.882 0.0000000000
113440  27.563  -13.412  -12.245 0.0000000000
