#!ascii label  , from subject sub-v2s0x29043_ses-1 vox2ras=TkReg
981
13611  34.933  -73.386  6.489 0.3000000119
22041  40.281  -62.558  2.659 0.6000000238
25671  40.036  -59.852  6.052 0.6999999881
25672  39.071  -60.027  6.136 0.6999999881
110573  34.405  -74.129  5.642 0.4000000060
16123  38.450  -70.569  3.099 0.4000000060
109850  35.671  -73.106  5.952 0.5000000000
14421  35.665  -72.684  6.712 0.5000000000
22039  40.183  -63.484  3.044 0.6999999881
129197  40.159  -61.698  2.986 0.6999999881
22968  40.669  -61.909  2.795 0.5000000000
24787  40.658  -60.227  5.392 0.6000000238
25656  40.450  -59.198  6.412 0.6999999881
26531  38.908  -58.656  7.069 0.6999999881
13629  35.715  -73.842  4.596 0.5000000000
16941  38.851  -69.890  3.565 0.4000000060
13619  35.289  -73.628  5.469 0.6000000238
18504  39.178  -67.847  3.325 0.4000000060
116940  40.281  -66.628  3.526 0.5000000000
15249  37.112  -71.991  5.134 0.6000000238
20275  39.157  -66.040  3.533 0.6000000238
21146  40.716  -64.641  3.481 0.6000000238
14426  36.338  -72.489  5.818 0.6000000238
22038  41.065  -63.116  3.141 0.6000000238
24810  41.395  -60.969  3.794 0.6000000238
24801  41.402  -60.449  4.705 0.6000000238
26547  41.938  -58.473  6.142 0.6999999881
25655  41.335  -59.196  6.131 0.6999999881
27486  41.578  -57.473  6.125 0.6999999881
26529  40.984  -58.437  6.469 0.6999999881
27470  39.364  -57.789  7.158 0.6999999881
127649  41.607  -56.605  5.666 0.6999999881
27487  41.103  -56.841  6.114 0.6999999881
28421  40.556  -56.519  6.322 0.6999999881
28443  41.887  -55.907  5.036 0.6999999881
13628  36.502  -73.506  4.160 0.5000000000
14439  37.762  -72.551  3.252 0.5000000000
15277  38.104  -71.953  2.935 0.5000000000
17663  39.382  -68.664  3.467 0.4000000060
109786  36.800  -72.784  4.699 0.5000000000
116353  41.166  -66.654  3.575 0.5000000000
20274  40.228  -65.588  3.555 0.6000000238
15248  37.533  -71.179  5.489 0.6000000238
16090  38.059  -70.461  5.266 0.5000000000
125705  38.681  -69.754  4.970 0.5000000000
22967  41.216  -62.359  2.962 0.6999999881
118034  42.016  -60.648  4.146 0.6000000238
23913  41.536  -61.694  3.196 0.6999999881
107135  42.171  -59.307  5.733 0.6000000238
25683  42.325  -60.099  4.912 0.6000000238
26546  42.769  -58.574  5.818 0.6000000238
28429  43.068  -56.919  5.322 0.6000000238
28430  42.237  -56.750  5.481 0.6999999881
28422  40.006  -55.986  6.544 0.6999999881
28442  42.713  -56.064  4.823 0.6000000238
28444  41.226  -55.498  5.096 0.6999999881
28432  40.691  -55.759  5.801 0.6999999881
29407  42.413  -55.375  4.347 0.6999999881
16940  39.145  -69.273  3.594 0.4000000060
14434  37.513  -72.355  4.169 0.5000000000
16114  38.583  -70.534  3.629 0.4000000060
19388  40.825  -67.421  3.636 0.5000000000
20273  41.425  -65.772  3.558 0.6000000238
15276  38.275  -71.197  3.860 0.4000000060
114051  41.119  -63.953  3.388 0.6000000238
15262  37.769  -71.600  4.499 0.4000000060
17653  40.045  -68.766  4.086 0.4000000060
16909  39.407  -69.215  4.348 0.4000000060
17638  40.588  -68.283  4.313 0.4000000060
22966  42.048  -62.407  3.232 0.6999999881
24809  42.188  -61.163  3.595 0.6000000238
24800  42.702  -60.678  4.076 0.6000000238
27484  43.345  -57.864  5.628 0.6000000238
25670  43.003  -59.389  5.390 0.6000000238
28441  43.525  -56.252  4.699 0.6000000238
29401  40.196  -55.268  5.973 0.6999999881
30315  41.071  -54.804  4.645 0.6999999881
29420  42.175  -54.853  3.991 0.6000000238
29408  41.732  -55.195  4.467 0.6000000238
16926  39.393  -69.272  3.909 0.4000000060
18502  41.096  -67.874  3.947 0.4000000060
113869  41.958  -63.900  3.456 0.6999999881
18496  41.059  -67.991  4.159 0.4000000060
22965  42.931  -62.633  3.422 0.8000000119
18483  41.066  -67.805  4.589 0.5000000000
24808  42.956  -61.291  3.639 0.6999999881
25682  43.364  -60.130  4.634 0.6000000238
27483  44.136  -58.311  5.395 0.5000000000
25669  43.830  -59.302  5.275 0.6000000238
30299  39.766  -54.619  6.189 0.6999999881
29418  43.482  -55.089  3.745 0.6000000238
30309  40.388  -54.640  5.354 0.8000000119
114096  39.950  -53.926  5.577 0.8000000119
29419  42.785  -54.986  3.856 0.6000000238
19387  41.987  -66.620  3.786 0.5000000000
19386  42.330  -65.856  3.703 0.6000000238
19380  42.534  -66.343  4.112 0.5000000000
20254  43.562  -65.427  4.713 0.6999999881
19369  42.508  -66.491  4.571 0.4000000060
115903  43.729  -61.414  3.849 0.6999999881
125054  43.337  -60.834  4.026 0.6999999881
25668  44.454  -59.093  5.143 0.6000000238
28440  44.366  -56.488  4.576 0.6000000238
31156  39.370  -53.889  6.466 0.6000000238
28453  43.924  -55.667  4.140 0.6000000238
31181  41.024  -53.517  3.906 0.6999999881
30316  40.597  -53.945  4.640 0.6999999881
30328  43.056  -54.614  3.508 0.6999999881
30343  42.623  -54.182  3.266 0.6999999881
30331  41.309  -54.231  4.019 0.6999999881
21144  43.787  -64.614  3.937 0.5000000000
124793  43.245  -65.085  3.863 0.6000000238
113662  42.961  -64.288  3.595 0.6000000238
22030  45.522  -63.640  4.762 0.6999999881
21135  44.026  -64.922  4.523 0.6000000238
22964  43.826  -62.906  3.689 0.6999999881
21117  45.114  -64.112  4.873 0.6999999881
114190  43.519  -65.365  5.220 0.6999999881
24799  44.012  -60.713  4.244 0.6999999881
26556  44.793  -58.560  5.059 0.5000000000
25681  44.350  -59.866  4.704 0.6000000238
32000  38.523  -52.783  7.172 0.5000000000
28452  44.748  -55.870  4.058 0.6000000238
28439  45.245  -56.685  4.389 0.6000000238
32008  39.643  -52.592  5.443 0.6000000238
32009  39.143  -52.398  6.244 0.5000000000
29417  44.329  -55.169  3.648 0.6000000238
109790  40.829  -52.888  3.823 0.6000000238
32018  40.003  -52.345  4.651 0.5000000000
125362  39.782  -51.215  4.000 0.5000000000
30326  44.511  -54.567  3.278 0.6999999881
30327  43.754  -54.644  3.391 0.6999999881
127924  43.099  -53.257  2.674 0.6999999881
109891  41.673  -53.155  2.978 0.6999999881
32040  41.214  -52.299  2.979 0.5000000000
31190  44.220  -53.429  2.703 0.6999999881
32038  42.658  -52.810  2.595 0.6000000238
22957  45.324  -63.326  4.361 0.6999999881
22963  44.700  -63.159  3.994 0.6000000238
22955  46.438  -62.783  4.821 0.6999999881
23910  44.259  -62.223  3.808 0.6999999881
106889  45.100  -59.370  4.845 0.6999999881
24798  44.827  -60.631  4.390 0.6999999881
26555  45.511  -58.463  4.879 0.6000000238
32837  38.971  -51.390  6.040 0.4000000060
27495  45.856  -57.559  4.652 0.5000000000
33741  39.430  -50.679  4.251 0.4000000060
118457  45.336  -54.504  3.212 0.6000000238
29416  45.161  -55.424  3.690 0.6000000238
32027  40.760  -52.348  3.511 0.5000000000
32853  40.187  -51.765  3.890 0.5000000000
32039  41.878  -52.564  2.698 0.5000000000
32862  40.992  -51.500  2.809 0.4000000060
111759  44.932  -53.197  2.621 0.6000000238
32037  43.572  -52.856  2.552 0.6999999881
113808  43.110  -52.007  2.498 0.5000000000
22956  45.886  -63.022  4.588 0.6000000238
23903  45.262  -62.442  4.160 0.6999999881
107923  45.477  -61.399  4.342 0.6999999881
22942  47.314  -62.026  5.177 0.6999999881
23901  47.007  -61.541  4.778 0.6999999881
24797  45.617  -60.335  4.574 0.6000000238
25680  46.026  -59.378  4.758 0.6000000238
28450  46.629  -55.990  3.841 0.6000000238
28438  46.266  -56.740  4.210 0.5000000000
28451  45.606  -56.030  3.962 0.6000000238
30325  46.313  -54.527  3.227 0.6000000238
122512  45.938  -55.539  3.665 0.6000000238
33749  40.545  -50.861  2.907 0.4000000060
113102  39.986  -50.898  3.495 0.5000000000
33751  39.513  -49.999  3.589 0.4000000060
31189  45.726  -53.257  2.676 0.6000000238
33759  40.683  -50.086  2.666 0.4000000060
32036  44.502  -52.680  2.520 0.6000000238
115381  44.015  -51.988  2.472 0.5000000000
23902  46.224  -62.167  4.534 0.6999999881
113995  46.231  -61.190  4.543 0.6000000238
25667  48.052  -60.143  5.324 0.6999999881
25678  47.411  -59.838  5.019 0.6000000238
25679  46.783  -59.389  4.827 0.6000000238
24785  48.298  -60.796  5.568 0.6999999881
26554  46.511  -58.470  4.781 0.5000000000
29414  48.137  -55.052  3.548 0.6000000238
28449  47.838  -55.724  3.795 0.6000000238
29415  46.825  -55.201  3.503 0.6000000238
31179  46.817  -53.978  3.049 0.5000000000
30339  45.932  -53.940  2.955 0.6000000238
32035  45.413  -52.563  2.522 0.6000000238
114479  44.461  -51.228  2.549 0.5000000000
26543  48.958  -58.673  5.285 0.6999999881
26553  48.074  -58.380  4.958 0.6999999881
27493  47.998  -57.543  4.551 0.6000000238
28448  48.715  -56.060  4.089 0.5000000000
30323  49.130  -54.479  3.546 0.6000000238
31178  47.792  -53.573  3.023 0.6000000238
32034  46.603  -52.452  2.573 0.6000000238
112308  45.398  -51.223  2.629 0.5000000000
19361  39.527  -66.414  6.115 0.5000000000
20257  41.156  -66.436  5.472 0.5000000000
20239  40.587  -65.531  6.024 0.5000000000
19360  40.260  -66.178  5.863 0.5000000000
21120  42.755  -65.551  5.455 0.6999999881
22008  44.316  -63.969  6.046 0.6999999881
21103  43.054  -64.785  5.854 0.5000000000
21104  42.032  -64.743  6.058 0.5000000000
21118  44.767  -64.344  5.274 0.6999999881
120913  45.171  -63.763  5.899 0.6999999881
22943  46.784  -62.700  5.290 0.6999999881
12825  34.042  -73.909  6.743 0.3000000119
26530  39.948  -58.522  6.804 0.6999999881
24802  40.441  -60.828  4.418 0.6000000238
27469  40.466  -57.517  6.615 0.6999999881
29394  39.172  -56.120  7.252 0.6999999881
123699  42.016  -67.021  4.513 0.6000000238
27497  43.910  -57.187  5.165 0.6000000238
30344  42.139  -54.183  3.388 0.6999999881
31172  40.058  -53.182  5.083 0.6000000238
31194  41.227  -53.004  3.431 0.6999999881
32028  40.471  -52.483  4.021 0.6000000238
31192  42.749  -53.617  2.863 0.6999999881
32836  39.442  -51.867  5.333 0.5000000000
32845  39.202  -51.039  5.115 0.5000000000
113291  42.273  -51.943  2.548 0.5000000000
26544  48.108  -59.292  5.219 0.6999999881
27494  46.893  -57.529  4.473 0.5000000000
31188  46.738  -53.348  2.782 0.6000000238
124488  47.339  -58.913  4.942 0.6000000238
30324  47.639  -54.400  3.283 0.6000000238
22914  45.793  -62.554  6.991 0.6000000238
23785  47.703  -60.668  10.219 0.6000000238
24730  49.119  -60.062  10.753 0.4000000060
23833  47.001  -61.313  8.404 0.5000000000
21992  45.460  -63.178  6.465 0.6000000238
20276  38.092  -66.022  3.337 0.5000000000
24717  48.809  -59.722  11.436 0.4000000060
21147  39.653  -64.355  3.310 0.5000000000
21152  39.105  -63.598  2.391 0.5000000000
26460  48.735  -58.882  11.409 0.4000000060
129195  38.837  -64.355  2.987 0.5000000000
22970  39.367  -62.599  2.222 0.5000000000
23809  48.188  -60.716  9.381 0.6000000238
22042  39.598  -62.987  2.298 0.5000000000
23855  46.868  -61.801  7.522 0.5000000000
22931  46.209  -63.029  6.265 0.6000000238
125936  46.241  -58.238  11.229 0.4000000060
27407  45.401  -57.840  12.107 0.4000000060
24729  49.671  -59.518  10.338 0.4000000060
22972  38.066  -62.467  1.888 0.5000000000
128633  47.727  -60.993  8.648 0.5000000000
22971  38.719  -62.692  1.851 0.5000000000
23920  37.784  -61.934  2.612 0.5000000000
120290  48.227  -61.424  6.954 0.6000000238
22912  47.458  -61.979  6.684 0.6000000238
22006  46.277  -63.203  5.572 0.6000000238
23905  39.831  -61.372  3.721 0.5000000000
23907  38.088  -61.368  4.077 0.5000000000
23917  37.424  -61.357  3.556 0.4000000060
23853  48.766  -60.946  7.599 0.5000000000
24757  49.522  -60.439  8.426 0.5000000000
23872  48.822  -61.027  6.776 0.6000000238
24776  49.437  -60.516  6.685 0.6000000238
22929  47.454  -62.159  5.785 0.6000000238
24784  49.224  -60.339  6.139 0.6000000238
23888  47.892  -61.534  5.627 0.6000000238
26476  48.482  -58.667  10.918 0.4000000060
26462  46.931  -58.368  11.351 0.4000000060
25673  38.149  -60.031  5.965 0.5000000000
24805  37.599  -60.894  4.439 0.5000000000
25688  36.553  -59.963  3.270 0.4000000060
24789  38.718  -60.536  5.412 0.6000000238
24811  36.943  -60.586  3.940 0.4000000060
24756  50.191  -59.871  8.801 0.6000000238
25647  50.642  -59.391  7.807 0.6000000238
25654  50.617  -59.341  6.936 0.6000000238
24783  49.923  -60.004  6.645 0.6000000238
115555  44.407  -57.619  11.390 0.4000000060
25674  37.437  -59.825  5.475 0.5000000000
25686  36.745  -59.665  3.967 0.4000000060
26561  36.558  -58.971  3.240 0.4000000060
26490  49.640  -58.840  9.964 0.6000000238
113439  48.908  -58.655  10.308 0.4000000060
26506  50.472  -58.808  8.514 0.6000000238
24743  50.077  -59.675  9.552 0.6000000238
24765  50.484  -59.546  8.403 0.5000000000
26518  50.739  -58.391  7.371 0.6000000238
26519  50.585  -58.523  7.780 0.5000000000
25665  49.893  -59.574  6.247 0.6000000238
114067  43.648  -57.330  12.001 0.4000000060
121624  47.390  -58.440  10.713 0.4000000060
26532  37.874  -58.666  6.883 0.6000000238
109873  36.855  -58.558  4.879 0.5000000000
27501  36.821  -57.899  3.969 0.5000000000
26562  36.316  -58.476  2.816 0.5000000000
26492  47.376  -58.267  9.155 0.4000000060
26491  47.933  -58.472  10.054 0.4000000060
26508  48.726  -58.443  9.309 0.5000000000
27455  48.467  -57.529  7.617 0.5000000000
27454  49.823  -57.589  7.427 0.5000000000
27452  50.769  -57.851  6.904 0.6000000238
26541  50.670  -57.520  6.426 0.6000000238
25666  48.948  -59.741  5.631 0.6000000238
27422  43.848  -57.293  10.316 0.4000000060
27421  44.693  -57.727  10.588 0.4000000060
27416  43.509  -57.236  11.207 0.4000000060
28362  42.829  -56.857  11.655 0.4000000060
27458  38.799  -57.036  7.383 0.6000000238
27430  44.246  -57.312  9.361 0.4000000060
27420  45.279  -57.959  10.192 0.4000000060
27489  36.774  -57.428  6.177 0.6000000238
28445  36.836  -57.236  3.976 0.5000000000
27502  36.778  -57.345  3.414 0.4000000060
125187  46.450  -58.148  9.121 0.4000000060
27440  49.221  -58.140  8.249 0.5000000000
28402  50.263  -57.018  6.687 0.5000000000
27468  50.584  -57.315  6.513 0.6000000238
27481  50.501  -57.127  5.690 0.6000000238
27482  49.847  -57.937  5.412 0.6000000238
28370  42.538  -56.359  10.133 0.4000000060
28408  38.303  -56.347  7.454 0.6000000238
27459  37.790  -57.069  7.352 0.6000000238
28458  36.334  -56.193  2.831 0.5000000000
27444  44.769  -57.341  8.620 0.4000000060
27442  46.729  -57.892  8.445 0.4000000060
27456  47.204  -57.452  7.781 0.5000000000
28404  47.775  -56.859  7.181 0.5000000000
27480  50.639  -56.920  6.069 0.5000000000
28363  42.271  -56.355  10.943 0.4000000060
29383  36.734  -55.937  7.087 0.5000000000
29402  36.179  -55.729  5.852 0.5000000000
28420  48.319  -56.180  6.619 0.4000000060
28419  49.795  -56.103  6.181 0.4000000060
28428  50.444  -56.399  5.624 0.4000000060
28435  50.306  -56.471  5.111 0.6000000238
29405  49.610  -55.830  4.314 0.4000000060
29347  41.197  -55.150  10.474 0.4000000060
124498  43.143  -56.752  9.995 0.4000000060
122098  38.790  -55.393  7.286 0.6000000238
28390  43.268  -56.421  8.854 0.4000000060
30300  39.067  -54.634  6.956 0.5000000000
29382  37.180  -55.650  7.412 0.5000000000
30301  36.191  -55.321  6.700 0.5000000000
108236  36.096  -54.875  4.994 0.4000000060
30290  36.647  -55.230  7.273 0.4000000060
29376  46.334  -56.140  6.906 0.5000000000
123332  47.219  -56.313  6.907 0.5000000000
29390  47.297  -55.600  6.461 0.6000000238
29399  49.991  -55.219  5.560 0.4000000060
29398  50.533  -54.909  5.005 0.4000000060
29404  50.304  -55.142  4.517 0.4000000060
30307  49.217  -54.645  5.645 0.5000000000
31157  38.535  -53.824  7.220 0.5000000000
30289  37.370  -55.021  7.518 0.6000000238
30313  50.486  -54.266  4.384 0.5000000000
29413  49.279  -55.285  3.866 0.5000000000
30308  47.028  -54.268  5.832 0.5000000000
29389  48.802  -55.393  6.113 0.5000000000
123574  50.169  -54.538  5.186 0.5000000000
30305  50.378  -54.046  4.714 0.5000000000
29354  42.248  -55.815  9.494 0.4000000060
32033  47.880  -51.891  2.699 0.5000000000
30322  50.074  -53.714  3.710 0.4000000060
127750  50.586  -53.988  4.003 0.5000000000
31162  48.732  -53.325  5.282 0.5000000000
110088  48.313  -54.083  5.618 0.5000000000
32827  38.585  -51.811  6.989 0.4000000060
32032  48.752  -52.204  2.936 0.4000000060
32026  49.629  -52.010  3.379 0.4000000060
31177  49.127  -52.968  3.236 0.5000000000
31176  50.184  -52.735  3.801 0.5000000000
31161  49.971  -52.983  4.608 0.5000000000
31171  50.283  -52.567  4.111 0.5000000000
32004  49.406  -52.101  4.706 0.5000000000
32017  49.936  -51.754  4.175 0.4000000060
24803  39.314  -60.979  4.650 0.5000000000
25658  38.497  -59.393  6.586 0.6000000238
31167  39.040  -53.212  6.634 0.5000000000
26552  49.002  -57.757  4.878 0.6000000238
112887  50.161  -55.940  4.719 0.4000000060
23916  38.385  -61.721  3.277 0.5000000000
23915  39.380  -61.752  3.051 0.5000000000
23906  38.867  -61.447  3.975 0.5000000000
25684  37.181  -60.216  4.708 0.4000000060
26489  50.255  -58.986  9.420 0.6000000238
127161  37.136  -59.141  5.528 0.6000000238
26559  36.775  -58.723  3.918 0.4000000060
27429  45.888  -58.100  9.609 0.4000000060
27471  38.310  -57.891  7.305 0.6000000238
27488  37.048  -58.439  6.074 0.6000000238
27498  36.719  -57.650  5.001 0.5000000000
110019  36.338  -57.734  2.777 0.5000000000
26564  35.250  -58.822  2.421 0.5000000000
28454  36.741  -56.588  3.475 0.5000000000
27460  36.937  -56.784  6.882 0.5000000000
114296  36.489  -56.293  5.173 0.5000000000
28433  36.500  -56.593  6.102 0.5000000000
29409  36.622  -55.990  4.155 0.5000000000
28406  45.592  -56.688  7.475 0.5000000000
30288  38.245  -54.783  7.444 0.6000000238
32016  50.015  -51.835  3.909 0.4000000060
8820  36.485  -79.562  2.089 0.3000000119
8821  35.421  -79.699  2.291 0.3000000119
127777  35.250  -79.124  4.720 0.3000000119
129004  35.264  -79.485  3.377 0.3000000119
107443  35.967  -78.822  4.762 0.3000000119
9580  34.541  -79.104  5.147 0.3000000119
9559  35.325  -78.797  5.421 0.3000000119
11160  38.238  -76.834  5.789 0.3000000119
10360  37.087  -77.805  5.551 0.3000000119
10348  35.845  -77.943  6.715 0.3000000119
9541  35.287  -78.441  6.211 0.3000000119
10346  37.478  -77.253  6.166 0.3000000119
11132  38.475  -76.014  7.427 0.3000000119
10329  37.125  -77.096  7.012 0.3000000119
10347  36.674  -77.642  6.428 0.4000000060
10331  35.503  -77.640  7.547 0.4000000060
10332  34.602  -77.828  7.778 0.3000000119
11932  38.142  -75.557  8.745 0.3000000119
11120  37.155  -76.515  8.240 0.4000000060
11121  36.525  -76.656  8.595 0.4000000060
10312  36.010  -77.153  8.109 0.4000000060
12799  38.762  -74.890  8.958 0.3000000119
10313  35.112  -77.328  8.420 0.4000000060
14381  39.619  -72.888  9.899 0.4000000060
12782  38.874  -74.385  9.431 0.4000000060
10314  34.124  -77.497  8.669 0.4000000060
11123  34.618  -76.860  9.413 0.3000000119
12783  38.164  -74.780  9.689 0.4000000060
11103  37.179  -76.130  8.989 0.3000000119
109249  36.713  -75.782  9.757 0.4000000060
13563  38.863  -73.202  10.217 0.4000000060
11919  35.977  -75.774  10.202 0.5000000000
11104  36.268  -76.294  9.429 0.4000000060
122669  37.203  -71.046  6.397 0.5000000000
15194  39.781  -72.039  10.058 0.4000000060
11105  35.373  -76.326  9.860 0.4000000060
111675  34.385  -73.376  7.457 0.3000000119
14408  35.604  -72.180  7.629 0.4000000060
12773  32.797  -74.897  10.276 0.3000000119
18505  38.225  -67.516  3.135 0.4000000060
18509  37.348  -67.615  2.644 0.4000000060
18484  40.234  -67.959  5.013 0.4000000060
18485  39.299  -68.136  5.449 0.4000000060
126036  39.061  -68.917  5.184 0.4000000060
11918  37.400  -75.404  9.666 0.3000000119
16894  38.366  -69.190  5.925 0.4000000060
16079  37.591  -70.523  6.152 0.4000000060
14368  39.048  -72.375  10.412 0.4000000060
14409  35.047  -72.846  7.444 0.4000000060
11920  35.068  -75.646  10.520 0.4000000060
15222  36.077  -71.457  7.713 0.5000000000
11106  34.467  -76.188  10.252 0.5000000000
14393  34.958  -72.394  8.318 0.4000000060
13587  34.009  -73.275  8.352 0.4000000060
11908  33.374  -75.087  10.537 0.3000000119
14394  34.341  -72.709  8.852 0.4000000060
20278  38.224  -65.012  3.073 0.4000000060
117936  42.071  -66.675  5.034 0.4000000060
14369  38.290  -72.666  10.684 0.4000000060
12767  37.777  -74.160  10.402 0.4000000060
129156  38.088  -68.708  6.604 0.4000000060
116429  37.571  -70.028  6.661 0.5000000000
110170  37.602  -72.881  10.902 0.4000000060
12768  36.910  -74.261  10.730 0.4000000060
16896  37.268  -69.803  7.243 0.5000000000
15181  38.351  -71.834  10.797 0.4000000060
14370  37.525  -72.134  11.008 0.4000000060
13565  37.255  -73.494  10.869 0.4000000060
13566  36.294  -73.498  11.174 0.5000000000
13567  35.240  -73.494  11.201 0.5000000000
18474  38.062  -68.009  6.826 0.4000000060
16877  36.722  -69.952  7.843 0.5000000000
118795  38.501  -70.194  10.978 0.4000000060
12770  34.474  -73.976  10.991 0.5000000000
16068  35.898  -70.933  8.372 0.4000000060
13569  33.847  -73.767  10.546 0.4000000060
14383  33.948  -73.100  10.237 0.4000000060
14395  33.758  -73.202  9.361 0.4000000060
15209  34.693  -72.048  9.260 0.4000000060
19362  38.701  -66.707  6.566 0.4000000060
21106  39.942  -64.812  6.656 0.3000000119
14371  36.659  -72.582  11.193 0.4000000060
110383  35.698  -72.756  11.240 0.4000000060
17632  37.603  -68.511  7.312 0.4000000060
25690  35.541  -59.668  2.402 0.4000000060
17591  38.498  -68.722  11.186 0.4000000060
112470  37.512  -70.272  11.215 0.4000000060
107877  35.619  -71.802  11.158 0.5000000000
14372  34.969  -72.534  11.028 0.5000000000
18467  37.565  -67.714  7.650 0.5000000000
17618  37.031  -68.188  8.121 0.4000000060
110704  37.462  -68.742  11.250 0.4000000060
14373  34.471  -72.488  10.459 0.4000000060
16050  36.040  -70.206  8.529 0.4000000060
15195  34.940  -71.253  9.802 0.4000000060
16051  35.469  -70.639  9.178 0.4000000060
22010  42.389  -63.948  6.456 0.4000000060
20241  38.862  -65.853  6.839 0.3000000119
124082  36.731  -70.707  11.218 0.4000000060
15183  35.947  -70.811  11.121 0.4000000060
19351  38.127  -66.222  7.579 0.3000000119
16825  37.134  -69.422  11.230 0.4000000060
113999  36.642  -68.855  10.995 0.4000000060
15184  35.316  -71.009  10.604 0.5000000000
18417  38.106  -67.226  11.314 0.4000000060
18418  37.358  -67.294  11.051 0.4000000060
16826  35.730  -69.527  10.286 0.4000000060
16841  35.913  -69.004  9.630 0.4000000060
16857  36.271  -69.295  8.695 0.4000000060
21993  44.617  -63.257  6.602 0.4000000060
120581  36.173  -69.049  10.594 0.4000000060
9565  29.573  -78.662  5.743 0.3000000119
11146  38.729  -76.299  6.254 0.3000000119
11931  39.126  -75.162  8.034 0.3000000119
13577  40.142  -73.289  9.314 0.4000000060
16008  40.075  -70.141  10.163 0.4000000060
15180  39.159  -71.508  10.522 0.4000000060
16822  40.158  -69.263  10.359 0.4000000060
125843  39.537  -67.703  11.118 0.4000000060
21090  40.246  -64.021  6.962 0.3000000119
18416  39.018  -67.011  11.373 0.4000000060
21996  41.914  -63.245  7.008 0.4000000060
21091  39.404  -64.295  7.410 0.4000000060
21092  38.645  -64.704  8.059 0.4000000060
122696  38.040  -65.998  11.288 0.4000000060
18437  36.822  -67.318  10.506 0.4000000060
115788  36.380  -68.259  10.450 0.4000000060
17607  36.121  -68.292  9.788 0.4000000060
18452  36.946  -66.966  9.080 0.3000000119
18461  37.085  -67.505  8.400 0.4000000060
20187  37.909  -65.394  10.980 0.4000000060
15236  36.716  -71.264  7.015 0.4000000060
21995  42.750  -63.256  6.884 0.4000000060
8839  34.763  -79.901  1.654 0.3000000119
128143  36.206  -79.224  3.457 0.3000000119
108620  34.751  -79.386  4.176 0.3000000119
9582  30.195  -78.952  4.977 0.3000000119
9564  30.634  -78.819  5.814 0.3000000119
9558  36.159  -78.296  5.733 0.3000000119
11147  37.907  -76.669  6.715 0.3000000119
9528  35.001  -78.120  6.978 0.4000000060
11133  37.525  -76.579  7.573 0.3000000119
11134  36.784  -76.912  7.800 0.4000000060
13586  39.968  -73.861  8.939 0.3000000119
16030  40.662  -70.814  9.713 0.4000000060
11906  35.606  -75.033  10.775 0.4000000060
11907  34.173  -75.391  10.665 0.5000000000
12772  33.261  -74.372  10.345 0.3000000119
16823  39.188  -69.578  10.786 0.4000000060
124681  34.539  -71.954  10.032 0.4000000060
116139  36.219  -68.568  9.176 0.4000000060
23812  44.551  -61.281  9.363 0.4000000060
127697  44.709  -61.590  8.495 0.4000000060
116053  44.814  -61.042  10.132 0.4000000060
23786  46.474  -60.836  10.139 0.3000000119
119661  46.270  -61.157  9.066 0.5000000000
22900  44.378  -61.949  7.871 0.4000000060
22899  45.342  -61.915  7.818 0.4000000060
24674  44.675  -60.944  15.513 0.3000000119
23720  44.068  -61.190  15.070 0.3000000119
27381  47.091  -57.949  14.341 0.3000000119
24696  47.456  -59.553  13.095 0.3000000119
26453  46.994  -58.095  12.808 0.3000000119
122020  48.144  -58.750  12.172 0.3000000119
24681  45.355  -60.138  14.797 0.3000000119
25596  46.779  -58.807  14.920 0.3000000119
27382  46.620  -57.477  14.826 0.3000000119
23711  45.230  -60.894  16.045 0.3000000119
25587  46.348  -59.511  16.152 0.3000000119
27397  46.570  -57.743  13.390 0.3000000119
126443  46.203  -57.832  12.661 0.3000000119
25597  46.077  -59.497  15.399 0.3000000119
27383  45.743  -57.178  14.771 0.3000000119
124268  46.844  -57.704  14.060 0.3000000119
27366  46.221  -57.216  16.337 0.3000000119
27373  46.688  -57.542  15.691 0.3000000119
108794  44.025  -56.597  15.342 0.3000000119
28314  45.406  -56.789  16.233 0.3000000119
28316  43.778  -56.189  16.030 0.3000000119
26420  46.811  -57.949  16.745 0.3000000119
27384  45.027  -57.333  14.024 0.3000000119
28344  42.981  -56.954  13.352 0.3000000119
28351  43.107  -57.062  12.475 0.3000000119
28305  44.688  -56.584  16.746 0.3000000119
28330  44.394  -57.033  14.599 0.3000000119
121642  41.753  -56.072  13.457 0.3000000119
29304  43.201  -55.919  16.405 0.3000000119
28317  43.012  -56.243  15.383 0.3000000119
28331  43.399  -56.847  14.442 0.3000000119
29316  42.012  -55.794  15.102 0.3000000119
28364  41.990  -56.297  11.775 0.3000000119
28345  42.224  -56.451  13.211 0.3000000119
28346  41.678  -56.066  12.614 0.3000000119
30251  40.927  -55.094  11.432 0.3000000119
29346  41.849  -55.825  10.285 0.3000000119
30259  40.658  -54.320  10.677 0.3000000119
29355  41.572  -55.172  9.635 0.3000000119
24732  47.195  -60.612  11.037 0.3000000119
23811  45.473  -61.071  9.671 0.4000000060
106859  47.408  -58.449  12.167 0.3000000119
27400  43.743  -57.343  12.874 0.3000000119
23813  43.536  -61.342  9.559 0.5000000000
24673  45.405  -60.317  15.603 0.3000000119
109442  46.127  -57.464  14.038 0.3000000119
26440  47.427  -58.463  13.509 0.3000000119
25621  48.053  -59.211  12.704 0.3000000119
25620  48.380  -58.991  12.318 0.3000000119
26432  46.963  -58.009  15.225 0.3000000119
26424  46.849  -57.917  16.202 0.3000000119
27399  44.513  -57.459  13.232 0.3000000119
28329  45.075  -56.840  15.362 0.3000000119
29305  42.499  -55.610  16.049 0.3000000119
29306  41.747  -55.188  15.898 0.3000000119
29289  43.210  -56.037  17.019 0.3000000119
28332  42.358  -56.384  14.158 0.3000000119
20219  38.055  -65.466  8.362 0.3000000119
20208  38.126  -64.855  9.038 0.4000000060
22883  39.455  -62.800  10.528 0.4000000060
21973  39.060  -63.227  10.133 0.4000000060
21079  39.103  -63.906  8.216 0.3000000119
22882  40.099  -62.273  10.495 0.4000000060
23792  40.881  -61.901  10.960 0.3000000119
21982  39.503  -63.299  8.497 0.4000000060
22891  40.311  -62.161  9.442 0.4000000060
23790  42.404  -61.479  10.863 0.3000000119
22904  40.639  -62.335  8.508 0.3000000119
22890  41.140  -61.812  9.094 0.4000000060
23789  43.231  -61.328  10.465 0.4000000060
22902  42.511  -61.953  8.079 0.3000000119
23838  42.015  -61.619  8.916 0.4000000060
23788  44.075  -61.159  10.224 0.4000000060
22919  41.132  -62.847  7.587 0.3000000119
22901  43.458  -61.914  7.954 0.3000000119
22917  43.078  -62.564  7.392 0.3000000119
22918  42.137  -62.613  7.497 0.3000000119
23814  42.480  -61.460  9.819 0.4000000060
108699  39.276  -63.190  9.293 0.4000000060
14392  40.806  -72.926  8.961 0.3000000119
20198  37.469  -65.607  10.284 0.3000000119
15207  43.318  -71.336  7.399 0.3000000119
14407  42.039  -72.617  7.790 0.3000000119
14391  41.746  -71.995  8.726 0.3000000119
14380  40.339  -72.536  9.570 0.3000000119
21071  38.231  -64.381  9.750 0.3000000119
19321  37.120  -66.482  10.367 0.3000000119
16855  43.628  -69.640  8.355 0.3000000119
16049  41.964  -71.102  8.818 0.3000000119
16856  42.895  -69.835  8.561 0.3000000119
16029  41.392  -70.511  9.305 0.3000000119
126717  40.495  -69.624  9.995 0.3000000119
21064  37.994  -64.817  10.471 0.3000000119
17603  45.157  -68.520  9.160 0.3000000119
118840  43.225  -68.998  8.886 0.3000000119
17604  44.099  -68.520  9.155 0.3000000119
16028  42.110  -70.161  8.878 0.3000000119
111029  40.834  -69.968  9.697 0.3000000119
18449  44.624  -67.992  9.776 0.3000000119
18450  43.776  -67.947  9.837 0.3000000119
117192  41.790  -68.815  9.559 0.3000000119
17605  42.528  -68.653  9.369 0.3000000119
17590  40.537  -68.505  10.414 0.3000000119
18435  40.238  -67.858  10.804 0.3000000119
18430  45.107  -67.551  10.318 0.3000000119
17606  41.314  -68.324  10.081 0.3000000119
18451  42.216  -68.060  9.934 0.3000000119
19320  40.846  -67.356  10.858 0.3000000119
21968  38.545  -63.959  10.545 0.3000000119
18431  44.080  -67.430  10.429 0.3000000119
19315  45.544  -67.170  10.871 0.3000000119
18432  43.037  -67.538  10.259 0.3000000119
19319  41.619  -66.949  11.001 0.3000000119
18415  40.028  -67.186  11.233 0.3000000119
19298  38.792  -66.119  11.554 0.3000000119
21962  38.916  -63.953  11.413 0.3000000119
22871  39.641  -62.758  11.224 0.3000000119
19334  37.134  -66.245  9.662 0.3000000119
19317  43.332  -67.000  10.917 0.3000000119
18433  42.198  -67.423  10.501 0.3000000119
19296  40.677  -66.691  11.374 0.3000000119
20186  39.447  -65.493  11.838 0.3000000119
15192  41.245  -71.410  9.297 0.3000000119
14390  42.492  -71.713  8.104 0.3000000119
8785  35.701  -79.251  3.947 0.3000000119
8802  36.667  -79.228  2.877 0.3000000119
8803  35.933  -79.419  3.035 0.3000000119
9547  29.823  -78.505  6.629 0.3000000119
9560  34.744  -78.770  5.821 0.3000000119
9579  36.620  -78.889  3.796 0.3000000119
10330  36.336  -77.413  7.278 0.4000000060
11122  35.677  -76.815  8.992 0.4000000060
11904  37.402  -74.782  10.218 0.4000000060
11905  36.609  -75.105  10.406 0.4000000060
11933  37.714  -76.198  8.216 0.3000000119
12769  35.999  -74.331  11.068 0.5000000000
12771  33.910  -74.529  10.736 0.3000000119
12798  39.467  -74.442  8.765 0.3000000119
13564  38.105  -73.427  10.555 0.4000000060
13568  34.420  -73.177  10.819 0.5000000000
13578  39.383  -73.752  9.565 0.4000000060
13579  38.564  -73.985  10.033 0.4000000060
13588  33.396  -73.626  8.745 0.4000000060
13639  37.238  -73.081  3.672 0.5000000000
13649  37.457  -73.185  2.679 0.5000000000
14379  41.048  -72.229  9.215 0.3000000119
14382  34.214  -72.537  9.774 0.4000000060
14420  36.245  -71.977  6.859 0.4000000060
14427  36.047  -73.228  5.138 0.5000000000
14441  37.772  -72.608  2.575 0.5000000000
15179  39.899  -71.134  10.103 0.4000000060
15182  37.532  -71.255  11.115 0.4000000060
15185  34.889  -71.775  10.575 0.5000000000
15193  40.508  -71.705  9.686 0.4000000060
15208  35.354  -71.547  8.621 0.4000000060
15289  38.345  -71.221  3.206 0.4000000060
16009  39.231  -70.596  10.591 0.4000000060
16010  38.413  -70.964  10.919 0.4000000060
16011  36.322  -69.819  11.041 0.4000000060
16012  35.684  -70.286  10.659 0.4000000060
16031  35.322  -70.346  10.043 0.4000000060
16048  42.700  -70.744  8.298 0.3000000119
16067  36.462  -70.740  7.758 0.5000000000
16080  37.115  -70.503  7.032 0.5000000000
16101  38.479  -70.473  4.357 0.4000000060
16102  38.028  -70.969  4.680 0.4000000060
16824  38.052  -69.498  11.201 0.4000000060
16838  42.306  -69.305  9.043 0.3000000119
16839  41.546  -69.632  9.365 0.3000000119
16840  40.942  -69.147  9.887 0.3000000119
16858  35.676  -69.784  9.408 0.4000000060
16876  37.051  -69.104  7.804 0.5000000000
16895  37.747  -69.343  6.818 0.5000000000
16910  38.004  -69.891  5.966 0.4000000060
16927  38.968  -69.867  4.046 0.4000000060
17589  40.891  -67.911  10.474 0.3000000119
17592  37.805  -67.977  11.291 0.4000000060
17593  36.936  -68.025  11.023 0.4000000060
17594  35.989  -68.796  10.186 0.4000000060
17619  36.588  -68.579  8.576 0.4000000060
17631  38.571  -68.429  6.039 0.4000000060
17639  39.864  -68.599  4.635 0.5000000000
17652  40.569  -68.334  4.022 0.4000000060
18434  41.521  -67.648  10.442 0.3000000119
18436  38.765  -67.880  11.251 0.4000000060
18438  36.373  -67.600  9.938 0.4000000060
18453  36.495  -67.821  9.077 0.4000000060
18466  38.080  -67.179  7.153 0.4000000060
18472  39.446  -67.285  5.755 0.5000000000
18473  38.641  -67.595  6.271 0.4000000060
18482  41.578  -67.525  4.230 0.4000000060
18503  40.236  -68.127  3.678 0.5000000000
19293  43.427  -66.586  11.564 0.3000000119
19297  39.729  -66.418  11.600 0.3000000119
19299  37.706  -66.637  11.143 0.4000000060
19322  36.702  -66.943  9.913 0.3000000119
19342  37.520  -66.200  8.690 0.3000000119
19352  37.552  -66.954  8.100 0.4000000060
19370  41.551  -67.226  4.838 0.5000000000
19371  40.512  -67.085  5.378 0.4000000060
19381  42.054  -66.936  4.180 0.5000000000
19389  39.786  -67.209  3.469 0.5000000000
19390  38.661  -66.897  3.346 0.4000000060
19391  37.641  -66.707  3.048 0.4000000060
20188  37.520  -66.118  10.863 0.4000000060
20209  37.612  -65.525  9.325 0.4000000060
20227  39.093  -65.057  7.105 0.3000000119
20228  38.522  -65.436  7.569 0.3000000119
20238  41.769  -65.726  5.631 0.5000000000
20240  39.665  -65.597  6.420 0.4000000060
20255  43.078  -65.941  4.883 0.6999999881
20256  42.560  -66.196  5.100 0.4000000060
20269  43.004  -65.881  4.423 0.6000000238
20271  43.473  -65.324  4.263 0.6000000238
20272  42.979  -65.708  3.977 0.5000000000
21057  38.409  -64.653  11.137 0.3000000119
21072  37.781  -64.983  9.815 0.3000000119
21080  38.608  -64.178  8.912 0.4000000060
21102  43.935  -64.672  5.567 0.6999999881
21105  40.945  -64.728  6.319 0.5000000000
21119  44.151  -64.982  4.975 0.6999999881
21134  44.580  -64.508  4.747 0.6999999881
21143  44.353  -64.423  4.332 0.6999999881
21145  42.594  -65.022  3.642 0.6000000238
21148  39.167  -65.034  3.430 0.5000000000
21967  39.096  -63.281  10.964 0.3000000119
21974  38.739  -63.728  9.588 0.3000000119
21981  40.164  -62.937  8.042 0.3000000119
21983  39.019  -63.641  8.891 0.4000000060
21994  43.684  -63.257  6.725 0.4000000060
21997  39.769  -63.587  7.714 0.4000000060
22007  45.815  -63.472  5.858 0.6000000238
22009  43.373  -64.008  6.255 0.5000000000
22011  41.283  -63.807  6.800 0.4000000060
22021  46.135  -63.250  5.038 0.6999999881
22031  44.906  -63.950  4.425 0.6999999881
22037  44.248  -63.852  3.920 0.6000000238
22892  39.618  -62.665  9.783 0.4000000060
22903  41.565  -62.106  8.238 0.3000000119
22905  39.851  -62.684  8.893 0.4000000060
22913  46.594  -62.412  6.798 0.6000000238
22915  44.935  -62.585  7.182 0.6000000238
22916  44.009  -62.568  7.281 0.4000000060
22930  46.903  -62.730  6.030 0.6000000238
22976  37.507  -62.639  1.537 0.5000000000
23791  41.642  -61.624  10.450 0.4000000060
23808  49.142  -60.460  9.346 0.5000000000
23810  47.210  -60.929  9.305 0.6000000238
23815  41.625  -61.627  9.649 0.4000000060
23816  40.912  -61.813  10.008 0.4000000060
23832  48.534  -60.815  8.509 0.5000000000
23834  46.164  -61.587  8.161 0.5000000000
23835  45.399  -61.415  8.759 0.4000000060
23836  43.922  -61.529  8.655 0.4000000060
23837  42.975  -61.566  8.811 0.4000000060
23854  47.798  -61.328  7.731 0.5000000000
23856  46.151  -62.065  7.448 0.5000000000
23873  48.102  -61.560  6.246 0.6000000238
23887  48.677  -61.029  6.103 0.6000000238
23900  47.634  -61.403  5.199 0.6999999881
23904  44.592  -61.472  4.082 0.6999999881
23911  43.354  -62.007  3.550 0.8000000119
23912  42.483  -61.831  3.374 0.6999999881
23914  40.705  -61.377  3.371 0.6999999881
23919  38.844  -62.205  2.390 0.5000000000
24670  45.974  -60.229  16.190 0.3000000119
24682  44.662  -60.658  14.927 0.3000000119
24709  48.462  -59.478  12.026 0.3000000119
24710  47.923  -59.824  12.368 0.3000000119
24731  48.311  -60.288  11.109 0.4000000060
24742  50.414  -59.407  8.954 0.6000000238
24744  49.619  -60.062  10.030 0.4000000060
24745  48.776  -60.394  10.209 0.6000000238
24766  50.087  -60.093  7.855 0.5000000000
24767  49.545  -60.526  7.418 0.6000000238
24775  50.175  -60.012  7.232 0.6000000238
24786  41.469  -59.849  5.517 0.6000000238
24788  39.705  -60.449  5.400 0.5000000000
24790  37.846  -60.490  5.212 0.5000000000
24795  47.568  -60.758  5.027 0.6999999881
24796  46.693  -60.363  4.709 0.6000000238
24804  38.370  -61.001  4.697 0.5000000000
25586  46.721  -58.575  16.035 0.3000000119
25595  47.239  -58.445  14.197 0.3000000119
25607  47.615  -58.883  13.388 0.3000000119
25626  49.273  -59.236  10.909 0.4000000060
25627  48.831  -59.301  11.515 0.4000000060
25633  49.197  -59.521  11.025 0.4000000060
25638  50.162  -59.283  9.564 0.6000000238
25643  50.598  -59.224  8.428 0.5000000000
25653  50.815  -58.832  7.450 0.6000000238
25657  39.486  -59.322  6.614 0.6999999881
25659  37.635  -59.313  6.189 0.6000000238
26441  47.219  -58.061  13.540 0.3000000119
26452  47.685  -58.576  12.855 0.3000000119
26461  47.959  -58.598  11.552 0.4000000060
26463  46.261  -58.250  10.571 0.4000000060
26474  49.756  -59.170  10.190 0.6000000238
26475  49.188  -58.841  10.694 0.4000000060
26477  46.840  -58.300  9.857 0.4000000060
26488  50.439  -58.948  8.938 0.6000000238
26505  50.685  -58.877  8.043 0.5000000000
26507  49.938  -58.621  8.979 0.6000000238
26528  50.837  -58.349  6.856 0.6000000238
26542  49.821  -58.833  5.797 0.6000000238
26545  43.444  -58.695  5.596 0.6000000238
26557  36.946  -59.392  4.775 0.4000000060
26563  35.787  -58.053  2.574 0.5000000000
27355  46.404  -57.643  16.927 0.3000000119
27365  46.661  -57.637  16.406 0.3000000119
27374  46.082  -57.085  15.575 0.3000000119
27398  45.483  -57.605  13.118 0.3000000119
27408  44.505  -57.578  12.445 0.4000000060
27415  46.386  -58.131  11.923 0.4000000060
27428  45.689  -57.791  8.660 0.4000000060
27439  50.270  -58.297  8.011 0.5000000000
27441  47.896  -58.058  8.353 0.5000000000
27453  50.588  -57.854  7.214 0.6000000238
27472  37.367  -57.773  6.903 0.6000000238
27485  42.519  -57.667  5.832 0.6999999881
27492  49.872  -57.185  5.067 0.6000000238
27496  44.833  -57.592  4.914 0.6000000238
27499  36.621  -56.969  5.417 0.5000000000
27505  36.649  -57.998  3.201 0.5000000000
27506  36.558  -57.133  2.972 0.5000000000
28306  43.918  -56.258  16.651 0.3000000119
28315  44.528  -56.441  16.124 0.3000000119
28343  43.961  -57.246  13.754 0.3000000119
28352  42.447  -56.642  12.509 0.3000000119
28369  42.994  -56.845  10.705 0.4000000060
28378  43.527  -56.847  9.409 0.4000000060
28379  42.877  -56.377  9.414 0.4000000060
28403  49.130  -56.861  6.911 0.4000000060
28405  46.658  -56.810  7.358 0.5000000000
28409  37.430  -56.277  7.368 0.6000000238
28418  50.480  -56.579  6.056 0.5000000000
28431  41.195  -56.163  5.653 0.6999999881
28436  49.220  -56.700  4.527 0.4000000060
28437  47.622  -56.640  4.144 0.5000000000
28446  36.715  -56.782  4.495 0.5000000000
29339  41.552  -55.805  11.115 0.3000000119
29381  37.993  -55.631  7.512 0.6000000238
29388  50.373  -55.809  5.538 0.4000000060
29393  39.521  -55.339  6.751 0.6999999881
29395  36.484  -56.087  6.584 0.5000000000
29400  40.730  -55.204  5.322 0.6999999881
29406  43.142  -55.502  4.238 0.6000000238
29412  50.242  -54.459  3.940 0.5000000000
29421  36.533  -55.660  3.306 0.5000000000
30306  49.651  -53.921  5.210 0.5000000000
30314  41.650  -54.707  4.125 0.6000000238
30329  42.454  -54.549  3.613 0.6999999881
30330  41.899  -54.414  3.719 0.6999999881
30340  44.921  -53.896  2.885 0.6000000238
30341  44.005  -54.094  3.044 0.6999999881
30342  43.266  -54.166  3.155 0.6999999881
31160  50.449  -53.504  4.187 0.5000000000
31166  39.551  -53.193  5.916 0.6000000238
31180  41.633  -53.790  3.448 0.6999999881
31182  40.516  -53.067  4.338 0.6000000238
31187  47.813  -52.748  2.806 0.5000000000
31191  43.474  -53.611  2.812 0.6999999881
31193  42.127  -53.747  3.057 0.6999999881
32844  39.662  -51.484  4.524 0.5000000000
32852  40.593  -51.622  3.200 0.5000000000
32855  48.979  -51.441  2.953 0.4000000060
32858  44.936  -51.916  2.496 0.5000000000
32860  42.675  -51.200  2.466 0.5000000000
32861  41.284  -50.844  2.603 0.4000000060
33750  40.009  -50.123  2.994 0.5000000000
107270  50.451  -55.721  5.118 0.6000000238
107644  47.325  -58.160  4.727 0.6000000238
107996  36.612  -71.528  11.220 0.4000000060
109364  38.002  -71.880  3.647 0.5000000000
109976  40.803  -59.680  5.954 0.6999999881
109991  36.858  -71.653  6.133 0.6000000238
110538  38.532  -65.339  11.460 0.4000000060
110778  42.170  -53.222  2.764 0.6000000238
110789  49.815  -60.118  9.291 0.6000000238
110976  45.689  -55.034  3.436 0.6000000238
111303  47.861  -54.831  5.959 0.5000000000
111381  41.591  -67.297  3.874 0.4000000060
111559  34.708  -74.830  10.907 0.5000000000
111969  40.987  -54.421  9.821 0.3000000119
113168  38.945  -63.014  1.775 0.5000000000
114699  41.721  -64.882  3.509 0.6000000238
114815  41.743  -62.941  3.233 0.6999999881
114996  37.564  -54.206  7.624 0.6000000238
115095  39.727  -56.859  6.938 0.6999999881
115133  42.507  -63.270  3.401 0.6999999881
116188  48.810  -53.844  3.309 0.6000000238
117519  43.137  -68.249  9.547 0.3000000119
117794  45.021  -57.746  9.371 0.4000000060
118073  50.508  -58.061  6.092 0.6000000238
118286  46.813  -62.329  4.856 0.6999999881
119234  39.584  -68.522  10.869 0.3000000119
119255  35.930  -58.993  2.540 0.4000000060
119939  43.411  -63.611  3.599 0.6000000238
120061  39.868  -68.771  3.853 0.4000000060
120124  33.872  -76.528  10.016 0.5000000000
120862  35.185  -74.330  11.091 0.5000000000
122295  40.490  -63.400  7.398 0.4000000060
122715  45.490  -58.040  11.136 0.4000000060
123252  45.580  -63.726  5.263 0.6999999881
123473  38.235  -71.562  3.351 0.4000000060
123835  34.565  -72.930  8.071 0.4000000060
124258  39.838  -62.111  2.607 0.5000000000
124426  36.734  -60.840  3.266 0.4000000060
125366  45.056  -57.104  14.684 0.3000000119
126092  36.373  -55.606  4.839 0.5000000000
126792  38.582  -55.873  7.409 0.6000000238
127123  37.544  -63.072  1.290 0.5000000000
127166  44.961  -60.029  4.609 0.6999999881
127251  36.581  -67.321  9.540 0.3000000119
127410  46.842  -57.734  15.046 0.3000000119
127473  41.387  -72.609  8.617 0.3000000119
127946  42.186  -55.356  16.406 0.3000000119
128118  38.287  -66.581  11.376 0.4000000060
128355  37.279  -66.751  10.785 0.4000000060
128368  50.461  -58.843  6.383 0.6000000238
128622  44.948  -54.944  3.456 0.6000000238
128668  44.723  -67.179  10.823 0.3000000119
128800  44.583  -57.634  9.954 0.4000000060
129011  47.888  -58.799  12.965 0.3000000119
