#!ascii label  , from subject sub-v2s0x29039_ses-1 vox2ras=TkReg
2161
3517  -30.223  -87.004  19.078 0.1000000015
3516  -29.414  -87.119  18.786 0.1000000015
3068  -27.365  -87.851  18.650 0.1000000015
3515  -28.622  -86.893  18.568 0.1000000015
3956  -27.453  -86.629  17.937 0.1000000015
4963  -28.425  -83.839  18.866 0.1000000015
3971  -27.348  -86.199  17.166 0.1000000015
4973  -28.263  -84.186  17.812 0.1000000015
4974  -28.796  -83.446  17.441 0.1000000015
4421  -28.113  -85.068  16.574 0.1000000015
4422  -28.778  -84.781  15.905 0.1000000015
5622  -29.415  -82.923  16.950 0.1000000015
4989  -29.458  -84.539  15.486 0.1000000015
4432  -28.247  -85.110  15.582 0.1000000015
4990  -30.167  -84.223  15.039 0.1000000015
5639  -31.420  -82.813  14.364 0.1000000015
4433  -29.135  -85.151  15.165 0.1000000015
5003  -30.526  -84.216  14.253 0.1000000015
4445  -29.397  -85.051  14.668 0.1000000015
4947  -31.404  -83.989  20.012 0.1000000015
4398  -30.239  -85.300  19.576 0.1000000015
4387  -30.784  -84.625  19.805 0.1000000015
4397  -29.077  -84.868  19.631 0.1000000015
5587  -30.117  -82.628  20.608 0.1000000015
4945  -29.660  -83.387  20.314 0.1000000015
125100  -28.654  -84.076  19.427 0.1000000015
6272  -29.722  -81.944  20.307 0.1000000015
4964  -28.655  -83.217  18.447 0.1000000015
6311  -29.524  -81.873  18.549 0.1000000015
5617  -29.812  -82.100  17.496 0.1000000015
5623  -30.139  -82.493  16.488 0.1000000015
8486  -37.206  -78.070  13.401 0.1000000015
7782  -35.898  -78.943  13.031 0.1000000015
7767  -35.275  -79.290  13.946 0.1000000015
7766  -34.343  -79.821  14.529 0.1000000015
6354  -33.235  -80.949  14.012 0.1000000015
6353  -32.455  -81.490  14.421 0.1000000015
6352  -31.798  -81.975  14.790 0.1000000015
5632  -31.178  -82.491  15.168 0.1000000015
4991  -30.807  -83.436  14.697 0.1000000015
5602  -33.758  -83.450  18.790 0.1000000015
6275  -33.468  -81.440  20.723 0.2000000030
119312  -33.261  -82.244  20.220 0.2000000030
4955  -32.476  -84.089  19.235 0.1000000015
6990  -33.621  -80.677  21.065 0.1000000015
6258  -31.893  -81.095  21.327 0.1000000015
5589  -32.319  -82.465  20.605 0.1000000015
6971  -32.123  -80.298  21.374 0.1000000015
5576  -31.682  -81.875  21.118 0.1000000015
14732  -39.869  -70.563  16.340 0.1000000015
13937  -40.946  -71.566  15.857 0.1000000015
6989  -31.096  -80.142  20.817 0.1000000015
6295  -30.107  -81.172  20.132 0.1000000015
6294  -29.462  -81.837  19.547 0.1000000015
13958  -40.724  -71.547  15.301 0.1000000015
13167  -41.081  -72.079  16.053 0.1000000015
13155  -41.121  -72.546  16.789 0.1000000015
11525  -39.803  -74.485  16.807 0.1000000015
10688  -39.043  -75.593  16.699 0.1000000015
9960  -38.634  -76.226  16.280 0.1000000015
7003  -30.698  -80.355  20.230 0.1000000015
7019  -30.626  -80.717  18.628 0.1000000015
11539  -40.222  -73.895  16.806 0.1000000015
139880  -39.488  -74.786  16.327 0.1000000015
10702  -38.979  -75.718  15.819 0.1000000015
9290  -38.067  -76.808  16.027 0.1000000015
9289  -37.323  -77.311  16.020 0.1000000015
8446  -35.341  -77.981  16.678 0.1000000015
7735  -34.320  -79.067  16.038 0.1000000015
6324  -31.038  -80.855  17.527 0.1000000015
6335  -30.545  -81.655  17.002 0.1000000015
9974  -38.525  -76.391  15.196 0.1000000015
9314  -37.611  -77.855  13.961 0.1000000015
9303  -37.302  -77.769  15.029 0.1000000015
8465  -35.133  -78.650  15.813 0.1000000015
7051  -33.070  -80.130  15.770 0.1000000015
6347  -32.177  -81.252  15.268 0.1000000015
7752  -35.710  -78.720  14.753 0.1000000015
7751  -34.762  -79.200  15.122 0.1000000015
7080  -32.830  -80.797  15.002 0.1000000015
6336  -31.936  -80.970  16.056 0.1000000015
5631  -30.466  -82.998  15.526 0.1000000015
6276  -34.341  -81.111  20.408 0.1000000015
5590  -34.174  -81.874  19.812 0.2000000030
5611  -34.598  -83.304  18.570 0.1000000015
5612  -35.473  -82.958  18.515 0.2000000030
4403  -35.811  -83.638  18.843 0.2000000030
130539  -34.468  -80.216  20.829 0.1000000015
6973  -33.637  -80.030  21.252 0.1000000015
14731  -38.930  -69.932  15.941 0.1000000015
7678  -32.411  -79.569  21.278 0.1000000015
7704  -31.464  -79.558  20.190 0.1000000015
124195  -32.050  -79.169  19.418 0.1000000015
13938  -41.208  -71.994  16.661 0.1000000015
12369  -40.848  -73.273  16.938 0.1000000015
11526  -40.502  -73.897  17.260 0.1000000015
7710  -31.619  -79.640  18.950 0.1000000015
11512  -40.024  -74.333  17.835 0.1000000015
141867  -37.278  -76.894  16.734 0.1000000015
9277  -35.567  -77.329  17.458 0.1000000015
8444  -33.957  -78.824  16.838 0.1000000015
7035  -32.151  -80.014  17.137 0.1000000015
7020  -31.305  -80.245  18.309 0.1000000015
7050  -32.358  -80.345  16.360 0.1000000015
132432  -31.267  -81.273  16.505 0.1000000015
127427  -38.271  -79.733  19.874 0.1000000015
7696  -37.838  -80.176  19.675 0.1000000015
126723  -37.396  -79.428  20.049 0.1000000015
6992  -36.874  -80.076  19.805 0.1000000015
7005  -36.396  -80.843  19.554 0.1000000015
7006  -37.316  -80.799  19.503 0.2000000030
6298  -36.796  -81.641  19.162 0.2000000030
6277  -35.308  -80.851  19.959 0.2000000030
138382  -36.705  -82.533  18.967 0.2000000030
4957  -36.586  -83.220  19.036 0.2000000030
7694  -34.728  -79.168  20.921 0.1000000015
7695  -36.058  -79.198  20.424 0.1000000015
8395  -35.222  -78.260  20.715 0.1000000015
8394  -34.238  -78.275  20.860 0.1000000015
14712  -38.827  -70.414  17.130 0.1000000015
13903  -40.106  -71.165  17.819 0.1000000015
13905  -40.974  -71.693  18.235 0.1000000015
134757  -41.362  -72.016  18.861 0.1000000015
8382  -33.551  -78.774  21.117 0.1000000015
8409  -32.796  -78.305  20.048 0.1000000015
15451  -37.774  -69.483  15.980 0.1000000015
15437  -37.122  -69.653  16.777 0.1000000015
14714  -40.451  -71.108  16.756 0.1000000015
135032  -40.912  -71.616  17.169 0.1000000015
124118  -40.714  -73.830  17.957 0.1000000015
11513  -40.480  -73.990  18.940 0.1000000015
10672  -37.635  -75.247  18.612 0.1000000015
134517  -36.752  -75.433  19.232 0.1000000015
9264  -34.472  -77.267  18.899 0.1000000015
9263  -33.849  -77.627  19.268 0.1000000015
8420  -32.692  -78.637  19.224 0.1000000015
15464  -37.483  -68.923  15.196 0.1000000015
10687  -38.189  -75.818  17.411 0.1000000015
9950  -35.894  -76.677  18.043 0.1000000015
9276  -34.797  -77.594  17.827 0.1000000015
8422  -34.056  -77.889  18.257 0.1000000015
7712  -32.980  -78.885  18.127 0.1000000015
16264  -36.611  -68.465  15.377 0.1000000015
16279  -36.550  -68.503  14.557 0.1000000015
17115  -35.971  -67.974  15.377 0.1000000015
9214  -40.135  -78.275  21.046 0.1000000015
8398  -39.174  -79.067  20.387 0.1000000015
9201  -40.331  -77.568  21.536 0.1000000015
9233  -39.230  -78.187  20.427 0.1000000015
7683  -38.927  -79.683  20.411 0.1000000015
7007  -37.855  -80.668  19.760 0.1000000015
6299  -37.501  -81.315  19.584 0.2000000030
9234  -40.211  -77.931  20.815 0.1000000015
8397  -38.188  -78.814  20.244 0.1000000015
5605  -37.243  -82.097  19.469 0.2000000030
9915  -40.280  -76.993  20.859 0.1000000015
9232  -38.009  -77.591  20.474 0.1000000015
16235  -34.798  -68.371  17.817 0.1000000015
16237  -36.283  -69.213  16.947 0.1000000015
15436  -36.701  -69.890  17.555 0.1000000015
14700  -37.305  -70.336  18.179 0.1000000015
129122  -37.929  -70.305  17.543 0.1000000015
14701  -38.386  -70.583  18.253 0.1000000015
14702  -39.307  -70.886  18.634 0.1000000015
10640  -40.752  -75.656  21.324 0.1000000015
132393  -39.346  -75.952  20.681 0.1000000015
9231  -36.901  -77.483  20.536 0.1000000015
9230  -35.642  -77.437  20.528 0.1000000015
142141  -37.370  -70.068  17.366 0.1000000015
13895  -41.413  -72.111  19.640 0.1000000015
13109  -41.605  -72.755  19.905 0.1000000015
12318  -41.166  -73.554  19.595 0.1000000015
10636  -36.371  -75.936  20.208 0.1000000015
9912  -36.041  -76.643  20.375 0.1000000015
9229  -34.479  -77.600  20.394 0.1000000015
17085  -34.788  -67.363  17.313 0.1000000015
12334  -41.535  -72.942  18.134 0.1000000015
12333  -41.203  -73.478  18.531 0.1000000015
11493  -39.627  -74.241  19.808 0.1000000015
10654  -37.413  -75.003  19.799 0.1000000015
10653  -36.666  -75.452  19.985 0.1000000015
9936  -34.997  -76.766  19.556 0.1000000015
9249  -34.394  -77.217  19.835 0.1000000015
140259  -35.815  -68.510  16.799 0.1000000015
16250  -36.245  -68.497  16.204 0.1000000015
16236  -35.311  -68.046  17.013 0.1000000015
17101  -35.976  -68.018  15.757 0.1000000015
17100  -35.651  -67.282  15.916 0.1000000015
17114  -35.544  -67.448  15.635 0.1000000015
125657  -36.060  -68.589  14.162 0.1000000015
9892  -40.446  -76.786  21.952 0.1000000015
9891  -39.573  -77.101  22.286 0.1000000015
130653  -38.740  -77.679  22.319 0.1000000015
6976  -38.372  -80.301  20.296 0.1000000015
10611  -40.521  -75.919  22.052 0.1000000015
11455  -39.535  -74.794  22.358 0.1000000015
8373  -38.196  -78.944  21.957 0.1000000015
6993  -38.018  -81.001  19.963 0.1000000015
139062  -40.834  -74.614  21.662 0.1000000015
138936  -40.493  -75.085  22.098 0.1000000015
6278  -37.572  -81.808  19.903 0.2000000030
122489  -34.939  -69.055  18.337 0.1000000015
14688  -36.924  -70.354  19.003 0.1000000015
14690  -38.656  -70.633  19.356 0.1000000015
11467  -41.117  -74.441  21.297 0.1000000015
10639  -40.348  -75.724  20.876 0.1000000015
6975  -37.673  -80.893  20.977 0.1000000015
6260  -37.009  -81.495  21.654 0.2000000030
15421  -35.530  -69.648  18.564 0.1000000015
13904  -40.171  -71.249  18.936 0.1000000015
13894  -40.944  -71.630  20.204 0.1000000015
12305  -41.451  -73.385  20.336 0.1000000015
12304  -41.209  -73.883  20.482 0.1000000015
138812  -38.256  -75.149  20.301 0.1000000015
17086  -35.373  -67.189  16.493 0.1000000015
17965  -35.265  -66.654  16.226 0.1000000015
18784  -34.921  -66.077  16.455 0.1000000015
17976  -35.191  -66.612  15.958 0.1000000015
17113  -34.933  -67.291  15.326 0.1000000015
119846  -38.035  -74.007  22.441 0.1000000015
11454  -38.439  -74.651  22.480 0.1000000015
123450  -37.961  -75.284  22.555 0.1000000015
12275  -38.239  -73.328  22.312 0.1000000015
10610  -39.795  -76.181  22.359 0.1000000015
9890  -38.344  -76.814  22.562 0.1000000015
8374  -39.170  -78.595  21.656 0.1000000015
127267  -40.187  -74.095  22.029 0.1000000015
7666  -37.765  -79.597  21.782 0.1000000015
13082  -40.794  -72.169  21.203 0.1000000015
12276  -39.260  -73.182  22.097 0.1000000015
9199  -37.888  -78.201  22.389 0.1000000015
16220  -34.388  -68.685  18.669 0.1000000015
15420  -34.821  -69.311  19.147 0.1000000015
15405  -35.426  -69.659  19.535 0.1000000015
14672  -38.148  -70.259  20.116 0.1000000015
14674  -39.677  -70.744  20.511 0.1000000015
14675  -40.285  -71.181  20.683 0.1000000015
13880  -40.900  -71.775  20.814 0.1000000015
12292  -40.363  -72.930  21.638 0.1000000015
8372  -36.975  -78.856  22.427 0.1000000015
7681  -37.411  -80.294  21.653 0.1000000015
17070  -34.197  -67.903  18.167 0.1000000015
14692  -40.292  -71.172  19.945 0.1000000015
12293  -41.511  -73.696  21.011 0.1000000015
6974  -36.745  -80.766  22.012 0.1000000015
136927  -34.156  -67.151  17.824 0.1000000015
18775  -34.269  -65.699  17.547 0.1000000015
17953  -34.987  -66.506  16.702 0.1000000015
18783  -34.783  -65.762  16.960 0.1000000015
19558  -34.200  -64.085  16.838 0.1000000015
18792  -34.642  -65.317  16.701 0.1000000015
20346  -33.627  -64.060  16.327 0.1000000015
13066  -37.561  -72.689  22.315 0.1000000015
12274  -37.359  -73.584  22.407 0.1000000015
11453  -37.410  -74.478  22.495 0.1000000015
135955  -37.121  -75.158  22.561 0.1000000015
13067  -38.481  -72.475  22.141 0.1000000015
120278  -37.904  -71.778  22.205 0.1000000015
10608  -37.431  -75.996  22.629 0.1000000015
13851  -39.395  -71.360  21.563 0.1000000015
127936  -38.680  -71.602  21.942 0.1000000015
9889  -37.372  -77.120  22.666 0.1000000015
17069  -33.639  -67.409  18.519 0.1000000015
15407  -37.214  -70.190  19.828 0.1000000015
138087  -39.175  -70.372  20.869 0.1000000015
14642  -39.230  -70.706  21.304 0.1000000015
13850  -38.711  -70.817  21.679 0.1000000015
9198  -36.635  -77.895  22.705 0.1000000015
7665  -36.545  -79.898  22.328 0.1000000015
17939  -33.144  -66.768  18.797 0.1000000015
16209  -33.790  -68.227  19.069 0.1000000015
16210  -34.257  -68.859  19.582 0.1000000015
15386  -35.938  -69.517  20.399 0.1000000015
121879  -36.758  -69.794  20.318 0.1000000015
14673  -39.008  -70.427  20.323 0.1000000015
8371  -35.943  -78.499  22.782 0.1000000015
124520  -33.451  -65.842  18.263 0.1000000015
19545  -33.865  -63.999  17.598 0.1000000015
19528  -33.279  -64.219  18.231 0.1000000015
20299  -33.485  -63.365  17.878 0.1000000015
127919  -34.562  -65.005  17.111 0.1000000015
20320  -33.977  -63.567  17.275 0.1000000015
20332  -33.670  -63.479  16.558 0.1000000015
20321  -34.086  -63.513  17.007 0.1000000015
14639  -37.632  -69.933  22.170 0.1000000015
132373  -36.886  -70.148  22.522 0.1000000015
120459  -36.661  -71.227  22.457 0.1000000015
12273  -36.593  -73.992  22.453 0.1000000015
16169  -36.825  -68.710  22.313 0.1000000015
11451  -35.963  -74.504  22.550 0.1000000015
16194  -36.431  -68.888  21.359 0.1000000015
15367  -37.248  -69.106  21.597 0.1000000015
16170  -37.396  -69.025  21.996 0.1000000015
137427  -38.205  -71.052  22.019 0.1000000015
10607  -36.339  -75.391  22.638 0.1000000015
18762  -32.700  -66.043  19.113 0.1000000015
17929  -32.699  -66.857  19.703 0.1000000015
16192  -34.441  -68.713  20.445 0.1000000015
15387  -37.614  -69.648  20.841 0.1000000015
15388  -38.506  -69.971  20.971 0.1000000015
9888  -36.096  -77.018  22.846 0.1000000015
120262  -35.769  -79.316  22.778 0.1000000015
18774  -32.957  -65.123  18.574 0.1000000015
123163  -32.929  -62.982  18.402 0.1000000015
21048  -33.270  -62.500  17.974 0.1000000015
21070  -33.691  -62.875  17.276 0.1000000015
136234  -32.984  -60.951  17.597 0.1000000015
22746  -32.856  -60.178  17.415 0.1000000015
120823  -33.333  -62.245  16.744 0.1000000015
121647  -36.097  -72.031  22.444 0.1000000015
13065  -36.539  -72.978  22.400 0.1000000015
13064  -35.549  -72.850  22.491 0.1000000015
138847  -35.109  -73.461  22.579 0.1000000015
17922  -32.696  -66.819  20.651 0.1000000015
16177  -34.937  -68.228  21.279 0.1000000015
16178  -35.996  -68.242  21.715 0.1000000015
16179  -36.775  -68.462  22.066 0.1000000015
20281  -32.155  -63.775  19.408 0.1000000015
18761  -32.272  -65.296  19.509 0.1000000015
17928  -32.283  -66.142  20.098 0.1000000015
132299  -33.370  -67.842  20.355 0.1000000015
17042  -33.945  -68.131  20.834 0.1000000015
16193  -35.403  -68.865  20.880 0.1000000015
137063  -36.528  -76.294  22.721 0.1000000015
127027  -32.405  -63.055  19.030 0.1000000015
21047  -32.683  -62.404  18.638 0.1000000015
22730  -32.424  -61.191  18.948 0.1000000015
21859  -32.910  -61.645  18.267 0.1000000015
135244  -32.739  -60.849  18.357 0.1000000015
23626  -32.769  -60.195  18.075 0.1000000015
23643  -32.732  -59.416  17.642 0.1000000015
16164  -36.292  -68.480  22.711 0.1000000015
14638  -35.987  -69.920  22.795 0.1000000015
13848  -35.810  -71.054  22.603 0.1000000015
13063  -35.185  -72.041  22.592 0.1000000015
13847  -34.892  -71.364  22.740 0.1000000015
17032  -36.311  -68.208  22.465 0.1000000015
20267  -31.841  -63.112  19.819 0.1000000015
136255  -31.757  -63.826  20.187 0.1000000015
21027  -32.150  -62.410  19.352 0.1000000015
121413  -32.408  -60.287  18.975 0.1000000015
24596  -32.655  -58.450  17.361 0.1000000015
15341  -36.655  -69.137  22.622 0.1000000015
14637  -35.104  -70.561  22.848 0.1000000015
17036  -36.186  -67.987  22.246 0.1000000015
18749  -31.922  -65.319  20.611 0.1000000015
17034  -33.421  -67.401  21.084 0.1000000015
120979  -35.545  -67.662  22.024 0.1000000015
21834  -32.052  -61.696  19.577 0.1000000015
22717  -32.041  -60.882  19.748 0.1000000015
23625  -32.569  -59.473  18.550 0.1000000015
24595  -32.610  -58.693  18.226 0.1000000015
25599  -32.617  -57.875  18.015 0.1000000015
126294  -32.669  -57.288  17.486 0.1000000015
17025  -36.021  -67.993  22.861 0.1000000015
17900  -35.054  -67.048  22.495 0.1000000015
17887  -35.428  -67.107  23.006 0.1000000015
118013  -31.599  -63.263  21.020 0.1000000015
119519  -31.695  -64.399  20.887 0.1000000015
17910  -32.380  -66.109  21.105 0.1000000015
17911  -33.118  -66.616  21.535 0.1000000015
17912  -34.026  -66.874  21.956 0.1000000015
21014  -31.737  -62.358  20.176 0.1000000015
24581  -32.403  -58.733  19.140 0.1000000015
25582  -32.488  -57.563  18.697 0.1000000015
120909  -32.414  -56.854  19.181 0.1000000015
123802  -32.564  -57.056  18.249 0.1000000015
18725  -33.707  -65.669  22.731 0.1000000015
19494  -31.956  -64.629  21.786 0.1000000015
18738  -32.902  -65.916  21.972 0.1000000015
17899  -33.637  -66.291  22.195 0.1000000015
21813  -31.747  -61.526  20.407 0.1000000015
124723  -32.003  -59.949  20.017 0.1000000015
23609  -32.313  -59.501  19.312 0.1000000015
25570  -32.345  -57.819  19.420 0.1000000015
119279  -32.339  -56.199  20.027 0.1000000015
132833  -31.587  -62.199  21.071 0.1000000015
22698  -31.724  -60.696  20.662 0.1000000015
23589  -31.812  -59.327  20.586 0.1000000015
124303  -32.078  -59.065  19.943 0.1000000015
24567  -32.164  -58.396  19.898 0.1000000015
119884  -32.249  -57.115  20.151 0.1000000015
27426  -32.329  -55.463  20.695 0.1000000015
26466  -32.195  -56.441  21.051 0.1000000015
120327  -31.646  -59.903  20.987 0.1000000015
24533  -31.845  -58.503  20.791 0.1000000015
25548  -32.023  -57.486  20.975 0.1000000015
25528  -32.048  -57.059  21.829 0.1000000015
3083  -28.839  -87.760  18.612 0.1000000015
3533  -27.934  -87.314  18.387 0.1000000015
4396  -28.293  -84.880  18.940 0.1000000015
4409  -27.853  -85.574  18.108 0.1000000015
4953  -28.772  -83.431  19.456 0.1000000015
119400  -28.135  -84.638  18.334 0.1000000015
3972  -27.594  -85.706  16.659 0.1000000015
5616  -29.156  -82.611  18.000 0.1000000015
4946  -30.440  -83.667  20.383 0.1000000015
120859  -31.534  -82.527  20.799 0.1000000015
4386  -29.805  -84.265  20.100 0.1000000015
6273  -30.410  -81.662  20.759 0.1000000015
5610  -28.964  -82.470  18.982 0.1000000015
6312  -29.945  -81.194  19.096 0.1000000015
6323  -30.235  -81.375  18.045 0.1000000015
8485  -36.305  -78.615  13.632 0.1000000015
7093  -33.940  -80.606  13.178 0.1000000015
7081  -33.573  -80.310  14.824 0.1000000015
137761  -33.960  -80.380  14.051 0.1000000015
120222  -33.971  -82.714  19.166 0.1000000015
6274  -32.571  -81.694  21.003 0.1000000015
5603  -35.069  -82.341  18.872 0.2000000030
6970  -31.369  -80.532  21.182 0.1000000015
14713  -39.702  -70.774  17.178 0.1000000015
13134  -41.331  -72.482  17.402 0.1000000015
9952  -37.736  -76.434  17.021 0.1000000015
9288  -36.400  -77.705  16.198 0.1000000015
8466  -36.105  -78.214  15.503 0.1000000015
9278  -36.432  -77.163  16.980 0.1000000015
8445  -34.619  -78.562  16.537 0.1000000015
7750  -33.941  -79.675  15.464 0.1000000015
7734  -33.556  -79.428  16.337 0.1000000015
7733  -32.806  -79.725  16.707 0.1000000015
7049  -31.726  -80.611  16.839 0.1000000015
6991  -35.656  -80.038  20.325 0.1000000015
6297  -35.854  -81.607  19.161 0.2000000030
5604  -36.060  -82.386  18.714 0.2000000030
8392  -32.740  -78.563  20.671 0.1000000015
7711  -32.319  -79.282  18.534 0.1000000015
12352  -41.077  -73.398  17.637 0.1000000015
10673  -38.627  -75.188  17.894 0.1000000015
9939  -37.169  -75.884  18.085 0.1000000015
9265  -35.161  -76.958  18.500 0.1000000015
7724  -33.255  -79.142  17.198 0.1000000015
7034  -31.634  -80.303  17.538 0.1000000015
8396  -36.566  -78.400  20.487 0.1000000015
129736  -41.475  -72.287  18.148 0.1000000015
8410  -33.272  -77.980  19.649 0.1000000015
15450  -36.894  -69.042  16.071 0.1000000015
136515  -39.573  -74.325  18.957 0.1000000015
11492  -38.828  -74.471  19.538 0.1000000015
9925  -36.135  -75.835  19.703 0.1000000015
8421  -33.403  -78.251  18.690 0.1000000015
142647  -38.032  -68.895  13.590 0.1000000015
9200  -39.738  -77.934  21.777 0.1000000015
8384  -39.486  -78.988  20.781 0.1000000015
8385  -39.737  -78.553  20.670 0.1000000015
9914  -39.460  -77.161  20.619 0.1000000015
6261  -37.527  -81.654  20.612 0.2000000030
133179  -37.208  -76.509  20.508 0.1000000015
10624  -40.965  -74.863  21.258 0.1000000015
10637  -37.221  -75.593  20.274 0.1000000015
121972  -38.234  -76.117  20.565 0.1000000015
13097  -41.317  -72.429  20.892 0.1000000015
11479  -38.903  -74.617  20.148 0.1000000015
11481  -40.928  -74.733  20.904 0.1000000015
128007  -34.479  -64.656  16.876 0.1000000015
18798  -34.570  -65.756  16.223 0.1000000015
13068  -39.369  -72.237  21.839 0.1000000015
19569  -34.135  -64.798  16.445 0.1000000015
15369  -38.238  -69.985  21.423 0.1000000015
15350  -37.811  -69.673  21.805 0.1000000015
21877  -33.291  -61.926  17.456 0.1000000015
120246  -32.793  -59.742  16.879 0.1000000015
17035  -34.489  -67.554  21.642 0.1000000015
12194  -40.459  -72.563  28.921 0.5000000000
7598  -44.136  -79.311  29.300 0.5000000000
7588  -44.322  -79.024  29.800 0.5000000000
13763  -41.034  -71.287  29.101 0.5000000000
12995  -41.495  -72.196  28.446 0.5000000000
12195  -41.167  -72.947  28.606 0.5000000000
8315  -45.099  -78.153  28.622 0.5000000000
14542  -42.775  -70.030  28.519 0.5000000000
14541  -41.925  -70.604  28.725 0.5000000000
12982  -41.222  -71.778  28.669 0.5000000000
9111  -45.365  -77.503  28.286 0.5000000000
13775  -42.124  -71.004  28.144 0.5000000000
14550  -42.560  -70.155  27.713 0.4000000060
13776  -42.494  -70.770  27.231 0.4000000060
8348  -43.991  -78.593  25.896 0.5000000000
7645  -43.392  -79.455  25.682 0.5000000000
8338  -43.632  -78.042  25.837 0.5000000000
121204  -42.704  -78.353  25.821 0.5000000000
9139  -40.325  -77.754  26.569 0.5000000000
9140  -41.491  -78.245  26.182 0.5000000000
129985  -39.390  -77.403  26.783 0.4000000060
9847  -38.236  -76.190  27.193 0.4000000060
6832  -41.681  -80.323  32.642 0.1000000015
6874  -43.354  -79.872  30.629 0.5000000000
12981  -39.905  -72.027  29.334 0.5000000000
11376  -41.817  -74.177  28.543 0.4000000060
131675  -45.156  -78.030  29.053 0.5000000000
14528  -42.773  -70.135  29.520 0.5000000000
14540  -40.865  -70.844  29.608 0.5000000000
14529  -43.957  -69.836  29.583 0.5000000000
14514  -43.964  -70.547  30.492 0.5000000000
14530  -44.906  -69.814  30.143 0.5000000000
14531  -45.397  -70.097  30.607 0.4000000060
15260  -44.571  -69.104  29.336 0.3000000119
134451  -43.691  -69.281  28.569 0.5000000000
14543  -42.944  -69.523  28.071 0.4000000060
12996  -42.824  -71.309  27.013 0.6999999881
13008  -43.109  -71.944  26.885 0.5000000000
15261  -45.057  -69.353  30.147 0.3000000119
15271  -44.171  -68.664  28.825 0.3000000119
15278  -43.190  -69.132  28.162 0.4000000060
13007  -42.772  -71.603  26.490 0.6000000238
12223  -43.901  -73.334  26.615 0.6000000238
10556  -44.785  -74.902  27.408 0.6000000238
8316  -45.414  -77.596  27.732 0.5000000000
7633  -44.120  -79.015  26.320 0.3000000119
15279  -43.615  -68.848  28.383 0.3000000119
15289  -41.799  -69.756  27.183 0.4000000060
13802  -42.336  -71.544  26.256 0.5000000000
12222  -43.202  -72.724  26.278 0.6000000238
10575  -43.567  -74.631  25.971 0.6000000238
127794  -45.016  -76.558  26.120 0.5000000000
137830  -44.479  -77.663  26.044 0.5000000000
16106  -43.543  -68.414  28.633 0.4000000060
16111  -42.092  -68.784  28.047 0.4000000060
14562  -41.596  -70.235  26.817 0.5000000000
13019  -41.895  -71.974  26.006 0.5000000000
130619  -42.714  -74.307  26.022 0.5000000000
10574  -42.706  -75.443  26.119 0.5000000000
16968  -41.861  -67.867  29.466 0.4000000060
16110  -41.160  -68.734  28.332 0.4000000060
15288  -40.925  -69.826  27.244 0.5000000000
130123  -41.007  -71.931  26.089 0.5000000000
12220  -40.963  -72.812  26.080 0.4000000060
130752  -41.586  -75.070  26.272 0.5000000000
130753  -41.563  -76.252  26.415 0.5000000000
14549  -40.054  -70.031  27.352 0.5000000000
13018  -40.071  -72.274  26.401 0.5000000000
11402  -40.246  -73.954  26.393 0.4000000060
10573  -40.600  -75.669  26.542 0.4000000060
134733  -41.187  -77.246  26.470 0.5000000000
133097  -39.209  -71.124  27.126 0.5000000000
13017  -39.045  -72.622  26.744 0.4000000060
10572  -39.633  -74.918  26.674 0.4000000060
9853  -39.158  -76.489  26.921 0.4000000060
13787  -38.521  -71.586  27.279 0.3000000119
12218  -38.832  -73.373  26.780 0.4000000060
11391  -38.357  -73.982  26.949 0.3000000119
11390  -37.553  -73.993  27.226 0.3000000119
10565  -37.671  -75.465  27.302 0.3000000119
6140  -40.752  -81.271  33.429 0.1000000015
6815  -40.987  -80.765  33.638 0.1000000015
6123  -41.135  -80.822  33.359 0.1000000015
8287  -41.664  -79.498  32.482 0.4000000060
8288  -42.373  -79.412  31.923 0.4000000060
6855  -42.797  -79.974  31.461 0.4000000060
8297  -43.584  -79.217  30.872 0.5000000000
8296  -43.048  -79.305  31.377 0.4000000060
9080  -43.791  -78.208  30.233 0.5000000000
8305  -44.371  -78.871  29.968 0.5000000000
126081  -39.542  -72.821  29.233 0.5000000000
12184  -40.014  -73.514  29.058 0.5000000000
11375  -40.952  -73.867  28.737 0.4000000060
9097  -43.243  -77.416  29.704 0.5000000000
9098  -44.258  -77.688  29.576 0.5000000000
123039  -41.583  -70.467  30.620 0.5000000000
14527  -41.518  -70.479  29.780 0.5000000000
13762  -39.910  -71.284  29.818 0.5000000000
14513  -41.626  -70.617  31.281 0.5000000000
125811  -42.665  -70.429  30.485 0.5000000000
9839  -44.067  -75.825  28.287 0.6000000238
14515  -45.288  -70.897  30.747 0.4000000060
15250  -45.515  -69.833  30.904 0.2000000030
15228  -45.507  -69.926  31.896 0.2000000030
16058  -45.033  -68.849  30.524 0.3000000119
16097  -44.625  -68.519  29.655 0.3000000119
16096  -44.021  -68.003  29.259 0.4000000060
134956  -45.162  -69.173  31.268 0.3000000119
16083  -44.378  -68.105  30.533 0.3000000119
16043  -43.683  -68.477  32.165 0.3000000119
16922  -42.799  -67.529  31.543 0.4000000060
16963  -43.277  -67.630  30.116 0.4000000060
16947  -42.371  -67.347  31.130 0.3000000119
16962  -42.190  -67.511  30.258 0.4000000060
138364  -40.663  -68.504  28.926 0.4000000060
126296  -40.328  -68.897  28.464 0.4000000060
16961  -40.474  -67.610  30.576 0.3000000119
15270  -39.317  -69.117  28.823 0.3000000119
14548  -39.237  -70.154  27.797 0.4000000060
16103  -38.773  -68.753  29.633 0.3000000119
125523  -38.436  -70.292  28.206 0.3000000119
13004  -37.819  -72.154  27.374 0.4000000060
126629  -38.039  -73.043  27.125 0.3000000119
15269  -38.339  -69.363  29.194 0.2000000030
15268  -37.430  -69.612  29.452 0.2000000030
13774  -37.122  -71.362  28.171 0.3000000119
130562  -37.284  -72.685  27.454 0.3000000119
15259  -36.927  -69.241  30.090 0.1000000015
14547  -36.751  -70.966  28.646 0.2000000030
13785  -37.011  -72.048  27.812 0.4000000060
16902  -34.725  -66.985  33.169 0.1000000015
7544  -40.722  -80.186  33.573 0.1000000015
7560  -41.400  -80.241  33.115 0.1000000015
8295  -41.810  -78.765  31.836 0.5000000000
9060  -42.595  -78.737  31.412 0.4000000060
9079  -42.643  -77.970  30.595 0.4000000060
12980  -38.762  -72.602  29.590 0.5000000000
11368  -39.277  -74.323  29.378 0.4000000060
10549  -39.607  -75.188  29.550 0.4000000060
141696  -40.639  -76.231  29.690 0.4000000060
9096  -42.084  -77.098  29.836 0.5000000000
125171  -40.673  -70.521  30.808 0.5000000000
14526  -40.082  -70.717  30.447 0.5000000000
13761  -38.944  -71.767  29.873 0.4000000060
9835  -42.889  -76.511  29.101 0.4000000060
13740  -44.099  -71.522  31.237 0.4000000060
138242  -42.510  -70.945  31.408 0.4000000060
131561  -45.377  -72.054  31.417 0.4000000060
12960  -46.095  -72.353  31.737 0.3000000119
13741  -45.973  -71.494  31.314 0.3000000119
14490  -46.065  -70.848  32.105 0.3000000119
14475  -45.425  -70.661  32.786 0.2000000030
15227  -44.633  -69.064  32.042 0.2000000030
14474  -44.211  -70.654  33.682 0.1000000015
141825  -43.781  -69.132  32.716 0.3000000119
128410  -43.363  -69.661  33.448 0.1000000015
16055  -42.588  -67.896  32.317 0.3000000119
137053  -42.885  -68.794  33.033 0.2000000030
16905  -41.405  -67.632  32.762 0.2000000030
16946  -41.253  -67.284  31.094 0.2000000030
16960  -39.567  -67.751  30.820 0.2000000030
16920  -40.993  -67.259  32.370 0.2000000030
16945  -40.165  -67.334  31.432 0.2000000030
17797  -40.131  -67.032  32.667 0.2000000030
16944  -39.105  -67.406  31.668 0.1000000015
127911  -38.413  -68.455  30.304 0.2000000030
16093  -37.817  -68.934  30.003 0.2000000030
17795  -38.661  -66.412  32.881 0.1000000015
120210  -38.073  -67.666  31.505 0.1000000015
16080  -36.905  -68.362  31.051 0.1000000015
16092  -36.481  -68.858  30.660 0.1000000015
17793  -36.857  -66.722  32.669 0.1000000015
16079  -36.132  -68.476  31.311 0.1000000015
17792  -35.997  -66.694  32.879 0.1000000015
16916  -35.330  -67.395  32.633 0.1000000015
17776  -35.312  -66.346  33.431 0.1000000015
132577  -34.294  -65.153  34.546 0.1000000015
7559  -40.741  -79.432  32.912 0.3000000119
8294  -40.953  -78.756  32.147 0.3000000119
9037  -38.297  -78.058  32.087 0.3000000119
9056  -38.718  -77.535  31.479 0.3000000119
121613  -40.216  -77.616  31.164 0.3000000119
9058  -41.012  -78.017  31.336 0.3000000119
9059  -41.908  -78.180  31.189 0.4000000060
9817  -38.264  -76.873  31.002 0.3000000119
9818  -39.064  -77.006  30.879 0.3000000119
9077  -40.608  -77.301  30.639 0.5000000000
9078  -41.515  -77.541  30.596 0.5000000000
11366  -37.672  -73.927  29.806 0.4000000060
10548  -38.711  -74.977  29.745 0.5000000000
9832  -39.077  -75.775  29.968 0.4000000060
9833  -39.901  -75.992  29.787 0.4000000060
9834  -41.064  -76.837  30.010 0.5000000000
14489  -41.145  -70.843  32.082 0.4000000060
14511  -39.812  -70.513  31.418 0.4000000060
13753  -39.083  -71.091  30.400 0.5000000000
12973  -38.242  -72.180  29.982 0.5000000000
12944  -43.377  -73.199  32.687 0.4000000060
12943  -42.021  -72.272  32.745 0.4000000060
127404  -41.871  -71.462  32.225 0.4000000060
12152  -45.011  -73.629  32.424 0.4000000060
141280  -44.452  -72.666  31.872 0.4000000060
12138  -44.501  -74.264  33.130 0.3000000119
12945  -45.642  -73.053  31.940 0.3000000119
12154  -45.825  -73.626  32.698 0.3000000119
12928  -46.131  -72.917  32.596 0.3000000119
12919  -45.758  -73.616  33.298 0.3000000119
13681  -45.772  -72.493  33.308 0.2000000030
14462  -43.501  -71.244  34.592 0.1000000015
15217  -42.175  -69.479  33.961 0.1000000015
16042  -41.806  -68.485  33.332 0.2000000030
15207  -41.459  -69.750  34.816 0.1000000015
15216  -41.181  -69.032  34.239 0.1000000015
16034  -40.460  -68.627  34.641 0.2000000030
16904  -40.339  -67.319  33.276 0.2000000030
17781  -39.614  -66.768  33.336 0.1000000015
132990  -39.116  -66.386  33.326 0.1000000015
17779  -38.595  -65.952  33.680 0.1000000015
129600  -38.040  -66.028  33.182 0.1000000015
142081  -36.587  -66.367  33.002 0.1000000015
18590  -37.457  -65.123  34.355 0.1000000015
18616  -36.981  -65.489  33.759 0.1000000015
19327  -35.689  -64.442  34.828 0.1000000015
19305  -35.954  -63.867  35.299 0.1000000015
20103  -35.122  -63.852  35.261 0.1000000015
20824  -34.896  -62.382  35.697 0.1000000015
21599  -34.372  -61.531  35.607 0.1000000015
23351  -34.907  -59.618  35.433 0.1000000015
8284  -37.752  -78.505  32.725 0.3000000119
8277  -38.309  -79.064  33.079 0.2000000030
9809  -37.092  -77.060  31.772 0.3000000119
10544  -37.589  -75.492  30.446 0.4000000060
122894  -36.371  -75.623  31.129 0.3000000119
13716  -39.542  -70.887  32.781 0.3000000119
14488  -40.142  -70.626  32.177 0.3000000119
14510  -38.827  -70.581  31.577 0.4000000060
12972  -37.494  -72.220  30.269 0.4000000060
11357  -36.282  -74.354  30.450 0.3000000119
132470  -40.897  -72.679  33.699 0.3000000119
13717  -40.339  -71.174  32.773 0.3000000119
13750  -36.893  -71.743  30.782 0.4000000060
12173  -36.163  -73.518  30.332 0.4000000060
11356  -35.542  -74.181  30.674 0.3000000119
12129  -42.496  -74.635  34.278 0.3000000119
12927  -41.865  -73.059  33.472 0.3000000119
130256  -42.980  -74.014  33.546 0.3000000119
11305  -43.332  -75.510  34.583 0.3000000119
11316  -43.974  -74.967  33.856 0.3000000119
11306  -44.560  -75.606  34.439 0.3000000119
12140  -45.515  -74.109  33.205 0.3000000119
141071  -45.364  -74.330  33.686 0.3000000119
129082  -45.323  -72.991  33.953 0.2000000030
13660  -44.350  -72.608  34.848 0.1000000015
13659  -43.094  -71.544  35.371 0.1000000015
13651  -42.886  -71.613  36.088 0.1000000015
14461  -42.478  -70.759  34.978 0.1000000015
14439  -41.718  -70.330  35.990 0.1000000015
14460  -41.801  -70.313  35.314 0.1000000015
15198  -41.260  -69.817  35.637 0.1000000015
15197  -40.772  -69.319  35.146 0.1000000015
16033  -40.001  -68.260  35.078 0.2000000030
16019  -39.929  -68.182  35.656 0.2000000030
16890  -39.475  -67.669  35.202 0.2000000030
17759  -38.998  -66.800  34.856 0.1000000015
17743  -38.975  -67.011  35.966 0.1000000015
17742  -38.553  -66.236  35.341 0.1000000015
18591  -38.202  -65.576  34.549 0.1000000015
18569  -38.115  -65.641  35.570 0.1000000015
18568  -37.664  -65.066  35.194 0.1000000015
19328  -37.056  -64.605  34.954 0.1000000015
19306  -36.612  -64.100  35.501 0.1000000015
20082  -36.246  -63.253  35.905 0.1000000015
20081  -35.432  -63.171  35.596 0.1000000015
130491  -35.209  -61.619  35.921 0.1000000015
21600  -35.853  -61.765  36.232 0.1000000015
21570  -35.721  -61.005  36.197 0.1000000015
22456  -34.815  -60.636  35.711 0.1000000015
22457  -35.642  -60.089  35.984 0.1000000015
139538  -35.649  -58.591  35.125 0.1000000015
23352  -35.761  -59.147  35.591 0.1000000015
24311  -35.585  -58.184  34.527 0.1000000015
7541  -37.195  -79.302  33.772 0.2000000030
7542  -38.198  -79.562  33.631 0.2000000030
8275  -36.330  -78.806  34.017 0.2000000030
137371  -36.759  -77.385  32.299 0.3000000119
9017  -35.657  -77.501  33.619 0.2000000030
9035  -36.108  -77.306  32.804 0.3000000119
9808  -36.384  -76.774  32.084 0.3000000119
14486  -38.387  -70.588  32.293 0.3000000119
13739  -37.309  -71.153  31.208 0.3000000119
10542  -35.965  -74.887  30.886 0.3000000119
12925  -39.366  -72.077  33.859 0.3000000119
13696  -40.415  -71.970  33.449 0.3000000119
13695  -39.747  -71.440  33.271 0.3000000119
14508  -37.204  -70.808  31.820 0.3000000119
12959  -36.094  -71.916  30.934 0.3000000119
12970  -35.660  -72.681  30.684 0.3000000119
12128  -41.130  -74.290  34.747 0.3000000119
12127  -40.117  -73.581  34.745 0.3000000119
127823  -35.799  -71.512  31.496 0.3000000119
12969  -34.869  -72.705  31.031 0.3000000119
11355  -34.756  -74.050  31.034 0.2000000030
127018  -35.166  -74.715  31.187 0.2000000030
11303  -41.029  -74.965  35.636 0.2000000030
11304  -42.035  -75.238  35.038 0.2000000030
11282  -42.866  -75.980  35.214 0.3000000119
10498  -44.005  -76.327  35.000 0.3000000119
11284  -44.889  -75.374  34.428 0.3000000119
12130  -45.075  -75.024  34.400 0.3000000119
12903  -44.802  -74.141  35.152 0.2000000030
12893  -43.773  -72.727  35.782 0.1000000015
13639  -43.038  -71.389  36.954 0.1000000015
14425  -44.251  -70.674  38.110 0.1000000015
15168  -45.468  -69.538  38.293 0.1000000015
14423  -42.735  -70.189  37.248 0.1000000015
119125  -43.960  -68.962  37.978 0.1000000015
15977  -45.169  -68.138  37.786 0.1000000015
138647  -45.912  -68.149  37.570 0.1000000015
16859  -46.926  -67.319  36.538 0.1000000015
15190  -41.907  -69.992  36.694 0.1000000015
15165  -42.228  -69.320  37.241 0.1000000015
15975  -43.383  -68.280  37.724 0.1000000015
15976  -44.278  -68.152  37.834 0.1000000015
17696  -45.197  -66.822  37.134 0.1000000015
16858  -46.061  -67.011  36.832 0.1000000015
15188  -40.792  -69.216  36.158 0.1000000015
16005  -41.098  -68.404  36.916 0.1000000015
16004  -40.304  -68.384  36.239 0.1000000015
16003  -39.685  -67.758  36.135 0.2000000030
127398  -39.210  -66.446  36.700 0.1000000015
17715  -38.514  -66.039  36.315 0.1000000015
124223  -38.484  -65.394  36.894 0.1000000015
18539  -37.896  -65.175  36.323 0.1000000015
19277  -37.549  -64.338  36.717 0.1000000015
20083  -36.932  -63.809  36.257 0.1000000015
20054  -36.850  -62.984  36.645 0.1000000015
20797  -37.004  -62.184  37.012 0.1000000015
20796  -36.316  -62.342  36.407 0.1000000015
22431  -36.522  -60.557  36.437 0.1000000015
23340  -37.088  -59.799  36.288 0.1000000015
127216  -36.688  -59.098  35.787 0.1000000015
10497  -33.868  -75.820  34.820 0.2000000030
9798  -35.352  -76.773  33.216 0.2000000030
9807  -35.674  -76.446  32.462 0.3000000119
9814  -36.012  -76.045  31.787 0.3000000119
11302  -33.063  -74.913  34.191 0.2000000030
10509  -34.066  -75.764  34.026 0.2000000030
9806  -34.951  -76.003  32.826 0.2000000030
10522  -35.266  -75.726  32.086 0.3000000119
139519  -38.642  -71.659  33.800 0.3000000119
142619  -37.695  -71.055  33.450 0.3000000119
14471  -37.066  -70.784  33.108 0.3000000119
13737  -35.169  -71.455  31.797 0.3000000119
12126  -39.183  -72.990  34.701 0.3000000119
12917  -38.455  -72.236  34.358 0.3000000119
13692  -36.271  -71.000  33.731 0.3000000119
13713  -35.174  -71.019  32.602 0.3000000119
12957  -34.591  -72.113  31.531 0.3000000119
12099  -40.293  -74.437  36.605 0.2000000030
12107  -39.457  -73.918  35.849 0.3000000119
122132  -34.179  -73.854  31.442 0.2000000030
11340  -34.418  -74.525  31.685 0.2000000030
129921  -41.125  -75.328  36.166 0.2000000030
11281  -41.982  -75.948  35.808 0.2000000030
11272  -41.798  -75.885  36.508 0.2000000030
10483  -43.246  -76.582  35.695 0.3000000119
10476  -42.710  -76.536  36.194 0.3000000119
11283  -44.736  -75.959  35.051 0.3000000119
12109  -44.885  -75.579  35.392 0.2000000030
10484  -44.271  -76.727  35.653 0.3000000119
11274  -44.255  -76.701  36.397 0.2000000030
12100  -44.875  -76.042  36.294 0.2000000030
12881  -44.148  -73.466  37.024 0.2000000030
130290  -44.308  -72.549  37.653 0.1000000015
16829  -41.933  -67.935  37.423 0.1000000015
131490  -42.968  -66.962  37.525 0.1000000015
17695  -44.328  -66.695  37.340 0.1000000015
16857  -41.265  -67.423  37.291 0.1000000015
123517  -42.150  -66.998  37.494 0.1000000015
17693  -42.701  -66.317  37.465 0.1000000015
18526  -43.270  -65.818  37.278 0.1000000015
16856  -40.428  -67.664  36.794 0.1000000015
138357  -41.404  -66.694  37.419 0.1000000015
17691  -41.016  -66.099  37.463 0.1000000015
18524  -41.502  -65.462  37.433 0.1000000015
19280  -42.632  -64.548  36.939 0.1000000015
17717  -40.645  -66.838  37.218 0.1000000015
18541  -40.016  -66.108  37.236 0.1000000015
19270  -41.179  -64.727  37.395 0.1000000015
19269  -40.262  -64.462  37.455 0.1000000015
18540  -39.106  -65.754  37.079 0.1000000015
19268  -39.454  -64.536  37.466 0.1000000015
20043  -39.519  -63.737  37.476 0.1000000015
19267  -38.790  -64.236  37.445 0.1000000015
19278  -38.237  -64.727  37.108 0.1000000015
20056  -38.031  -63.919  37.282 0.1000000015
133398  -37.331  -62.861  37.121 0.1000000015
118053  -37.123  -61.315  36.903 0.1000000015
11257  -32.434  -74.285  36.814 0.3000000119
12125  -32.020  -73.602  34.583 0.3000000119
127002  -32.313  -73.807  33.918 0.3000000119
137550  -32.805  -74.375  33.674 0.2000000030
10520  -33.891  -74.935  32.861 0.2000000030
10521  -34.503  -75.225  32.374 0.2000000030
12916  -32.129  -72.913  33.787 0.3000000119
12135  -32.581  -73.577  33.203 0.3000000119
11328  -33.265  -74.289  32.797 0.3000000119
122799  -38.197  -72.808  35.080 0.3000000119
13676  -35.683  -71.074  34.502 0.3000000119
13689  -33.394  -71.458  33.209 0.3000000119
133124  -33.084  -73.230  32.341 0.3000000119
11339  -33.662  -73.999  31.937 0.2000000030
12892  -39.003  -73.251  36.690 0.2000000030
12902  -38.172  -72.977  35.787 0.3000000119
12889  -36.739  -72.030  35.926 0.3000000119
12086  -39.764  -73.583  37.003 0.2000000030
12087  -40.520  -73.929  37.397 0.2000000030
11259  -41.119  -75.028  37.125 0.2000000030
11260  -42.286  -75.903  37.273 0.2000000030
11261  -43.585  -76.449  37.267 0.3000000119
11262  -44.607  -76.194  37.174 0.2000000030
20044  -40.317  -63.668  37.382 0.1000000015
20786  -39.188  -62.795  37.433 0.1000000015
20042  -38.600  -63.395  37.456 0.1000000015
20041  -37.842  -63.127  37.357 0.1000000015
11239  -33.366  -74.486  38.318 0.1000000015
12066  -32.093  -73.216  38.276 0.2000000030
11238  -32.528  -74.041  37.849 0.3000000119
12096  -31.842  -73.490  36.308 0.3000000119
128953  -31.694  -72.691  35.792 0.3000000119
121725  -32.226  -71.562  34.846 0.3000000119
13675  -34.673  -70.785  34.504 0.3000000119
132622  -33.770  -70.717  34.555 0.3000000119
12878  -37.814  -72.295  36.921 0.3000000119
13650  -37.080  -71.968  36.676 0.3000000119
122316  -35.241  -71.043  35.309 0.3000000119
13638  -38.942  -72.086  37.767 0.2000000030
12858  -40.049  -73.082  37.792 0.2000000030
12068  -40.819  -73.390  38.156 0.1000000015
12088  -41.837  -74.974  37.905 0.2000000030
12859  -41.341  -72.824  38.856 0.1000000015
12069  -41.586  -73.977  38.434 0.2000000030
12089  -42.786  -75.704  37.864 0.2000000030
12070  -42.631  -74.922  38.540 0.2000000030
12071  -43.867  -75.415  38.662 0.3000000119
12877  -31.733  -72.199  37.106 0.3000000119
13655  -32.226  -71.320  35.647 0.3000000119
14444  -33.478  -70.547  36.010 0.3000000119
13657  -34.206  -70.630  35.347 0.3000000119
13636  -37.463  -71.580  37.343 0.3000000119
141499  -36.438  -71.598  36.496 0.3000000119
14446  -34.995  -70.882  35.967 0.3000000119
13615  -38.677  -71.440  37.959 0.2000000030
13616  -39.330  -71.506  38.189 0.2000000030
14390  -40.506  -70.922  38.799 0.1000000015
13599  -41.631  -71.773  39.268 0.1000000015
13600  -42.427  -71.607  39.687 0.1000000015
12844  -42.321  -72.774  39.441 0.1000000015
12053  -42.914  -74.167  39.283 0.1000000015
14436  -32.949  -70.435  36.804 0.3000000119
15160  -33.754  -69.590  37.874 0.2000000030
14437  -33.886  -70.303  36.651 0.3000000119
14445  -34.291  -70.566  36.111 0.3000000119
129701  -34.929  -70.564  36.592 0.3000000119
141378  -38.038  -70.946  37.908 0.2000000030
14422  -37.136  -70.783  37.614 0.3000000119
14438  -35.845  -71.038  36.754 0.3000000119
15138  -39.369  -69.968  38.482 0.2000000030
15137  -38.403  -69.881  38.269 0.2000000030
15949  -41.052  -68.459  39.342 0.1000000015
15124  -40.668  -69.316  39.052 0.1000000015
16816  -41.336  -67.498  39.717 0.1000000015
14369  -41.003  -70.243  39.114 0.1000000015
14370  -41.848  -70.693  39.485 0.1000000015
15125  -41.646  -69.426  39.476 0.1000000015
15126  -42.527  -69.969  39.808 0.1000000015
14371  -42.645  -70.816  39.857 0.1000000015
13588  -43.296  -71.431  40.098 0.1000000015
15161  -34.863  -69.537  37.657 0.2000000030
15162  -35.864  -69.742  37.719 0.2000000030
14420  -35.374  -70.312  37.239 0.2000000030
15136  -37.480  -69.233  38.223 0.2000000030
15163  -36.799  -69.947  37.863 0.2000000030
15958  -39.494  -68.451  38.699 0.1000000015
130714  -39.050  -69.125  38.476 0.2000000030
130924  -40.468  -67.707  39.283 0.1000000015
15937  -41.876  -68.343  39.743 0.1000000015
15116  -42.522  -68.974  39.927 0.1000000015
125513  -43.215  -69.505  40.224 0.1000000015
14345  -43.874  -69.969  40.464 0.1000000015
16803  -42.610  -67.433  40.517 0.1000000015
138337  -42.950  -67.921  40.451 0.1000000015
15930  -44.101  -68.343  41.111 0.1000000015
15117  -43.940  -69.186  40.609 0.1000000015
17634  -43.130  -67.063  41.959 0.1000000015
16777  -43.838  -67.504  42.516 0.1000000015
16792  -43.670  -67.565  41.542 0.1000000015
12197  -43.056  -72.696  27.469 0.4000000060
12196  -42.430  -72.176  27.837 0.5000000000
127063  -42.321  -71.465  27.886 0.5000000000
131417  -42.046  -73.224  28.287 0.4000000060
10554  -42.700  -74.506  28.311 0.5000000000
11370  -41.000  -74.648  28.940 0.4000000060
7612  -44.627  -78.776  28.449 0.5000000000
10551  -41.674  -75.102  28.826 0.4000000060
11377  -43.663  -73.238  27.173 0.5000000000
9837  -45.038  -77.426  28.901 0.5000000000
131380  -43.517  -73.948  27.700 0.6000000238
9841  -45.649  -76.971  27.500 0.5000000000
8340  -44.866  -78.250  26.856 0.3000000119
6929  -43.380  -79.868  25.907 0.5000000000
124590  -43.108  -80.355  29.137 0.5000000000
10557  -45.240  -75.836  27.639 0.5000000000
14563  -42.195  -70.210  27.157 0.4000000060
8339  -44.533  -78.179  26.320 0.4000000060
9141  -42.526  -77.228  26.180 0.5000000000
9854  -40.248  -76.667  26.664 0.4000000060
131860  -39.762  -75.789  26.742 0.4000000060
138973  -38.318  -75.352  27.145 0.3000000119
132545  -38.738  -74.773  26.953 0.4000000060
7561  -42.048  -79.956  32.371 0.2000000030
11369  -40.203  -74.515  29.174 0.5000000000
126388  -42.438  -69.454  27.769 0.3000000119
13790  -42.193  -70.998  26.676 0.4000000060
12209  -43.429  -72.564  26.708 0.6000000238
16112  -43.027  -68.821  28.131 0.4000000060
13020  -42.715  -71.993  26.173 0.6000000238
11404  -43.690  -73.791  26.199 0.6000000238
11392  -44.868  -74.560  26.850 0.6000000238
11378  -44.327  -73.976  27.121 0.6000000238
10555  -43.732  -74.722  27.918 0.6000000238
10566  -45.347  -75.229  26.974 0.5000000000
9143  -45.176  -77.466  26.624 0.5000000000
15277  -41.293  -69.236  27.719 0.4000000060
13801  -41.589  -71.372  26.204 0.5000000000
11403  -42.833  -73.364  25.979 0.6000000238
12221  -42.312  -72.694  25.957 0.5000000000
132081  -44.287  -76.107  25.915 0.5000000000
10577  -44.987  -74.864  26.498 0.5000000000
9142  -43.974  -76.985  25.859 0.5000000000
9857  -45.397  -75.738  26.594 0.5000000000
16105  -42.554  -68.318  28.631 0.4000000060
16969  -42.984  -67.841  29.319 0.4000000060
13789  -41.146  -70.788  26.476 0.5000000000
130618  -41.605  -73.848  26.113 0.4000000060
141412  -42.462  -76.309  26.244 0.5000000000
133310  -41.492  -68.346  28.801 0.4000000060
15276  -39.973  -69.518  27.906 0.5000000000
133045  -40.583  -70.348  26.907 0.5000000000
13788  -40.043  -70.950  26.732 0.5000000000
131115  -40.586  -74.817  26.427 0.4000000060
14561  -39.607  -70.554  27.237 0.5000000000
12219  -39.690  -73.182  26.490 0.4000000060
134106  -40.107  -75.316  26.593 0.4000000060
11401  -39.219  -74.046  26.688 0.4000000060
14560  -38.605  -70.836  27.665 0.4000000060
13006  -39.376  -71.727  26.768 0.4000000060
12183  -38.972  -73.463  29.381 0.5000000000
10550  -40.626  -75.423  29.343 0.4000000060
9836  -44.100  -76.914  29.000 0.5000000000
10552  -42.715  -75.493  28.624 0.5000000000
14516  -45.897  -70.712  30.995 0.3000000119
15218  -44.514  -69.780  32.813 0.2000000030
16057  -44.538  -68.501  31.291 0.3000000119
16948  -43.480  -67.639  30.781 0.4000000060
16056  -43.610  -67.928  31.430 0.3000000119
16921  -41.968  -67.306  32.006 0.3000000119
135970  -41.469  -67.241  31.751 0.3000000119
142127  -41.290  -67.585  30.234 0.3000000119
16104  -39.802  -68.509  29.399 0.3000000119
16095  -40.743  -68.029  29.649 0.3000000119
16094  -39.919  -68.035  30.139 0.3000000119
121842  -39.162  -68.257  30.198 0.3000000119
15275  -38.850  -69.730  28.443 0.3000000119
128116  -37.653  -70.741  28.318 0.3000000119
13786  -37.765  -71.450  27.761 0.4000000060
14538  -37.074  -70.298  29.022 0.2000000030
128078  -37.163  -68.730  30.506 0.2000000030
15267  -36.563  -69.859  29.654 0.2000000030
16054  -34.831  -68.193  32.266 0.1000000015
129047  -35.343  -66.856  33.019 0.1000000015
11367  -38.389  -74.145  29.598 0.4000000060
12182  -38.140  -73.351  29.674 0.4000000060
9827  -40.222  -76.660  30.174 0.4000000060
125175  -41.610  -76.119  29.341 0.5000000000
14512  -40.767  -70.554  31.467 0.5000000000
13719  -42.984  -71.986  32.024 0.4000000060
13699  -46.137  -71.733  32.557 0.3000000119
13698  -45.348  -71.440  33.352 0.2000000030
14473  -42.871  -70.329  34.236 0.1000000015
13680  -44.710  -71.882  34.036 0.1000000015
17817  -40.659  -67.158  31.967 0.2000000030
17816  -39.801  -67.066  32.213 0.1000000015
16082  -38.670  -68.003  30.898 0.2000000030
17796  -39.423  -66.717  32.830 0.1000000015
17815  -39.086  -66.921  32.403 0.1000000015
16919  -38.335  -67.052  32.218 0.1000000015
16081  -37.755  -68.307  30.808 0.2000000030
17794  -37.747  -66.567  32.677 0.1000000015
16918  -37.318  -67.315  32.072 0.1000000015
16943  -37.323  -67.910  31.412 0.1000000015
16942  -36.619  -67.898  31.687 0.1000000015
16091  -35.704  -69.053  30.906 0.1000000015
17778  -37.204  -66.077  33.167 0.1000000015
16917  -36.314  -67.347  32.322 0.1000000015
16941  -35.774  -68.035  32.013 0.1000000015
17777  -36.316  -66.007  33.395 0.1000000015
18615  -35.746  -65.619  33.882 0.1000000015
18588  -35.285  -65.096  34.419 0.1000000015
125053  -34.743  -64.505  34.901 0.1000000015
8286  -39.703  -79.013  32.777 0.3000000119
8293  -40.176  -78.695  32.362 0.3000000119
9036  -37.428  -77.736  32.187 0.3000000119
8285  -38.753  -78.722  32.661 0.3000000119
9055  -37.867  -77.344  31.589 0.3000000119
9038  -39.320  -78.273  32.046 0.3000000119
9057  -39.545  -77.604  31.343 0.3000000119
9076  -39.829  -77.118  30.733 0.3000000119
9825  -38.659  -76.324  30.482 0.3000000119
138331  -38.277  -75.582  30.206 0.3000000119
9816  -37.482  -76.640  31.187 0.3000000119
9826  -39.442  -76.488  30.315 0.3000000119
12979  -37.956  -72.720  29.876 0.4000000060
12174  -37.253  -73.214  30.014 0.4000000060
11358  -36.978  -74.135  30.131 0.4000000060
11359  -37.777  -74.752  30.045 0.4000000060
122505  -39.213  -70.662  30.956 0.4000000060
13752  -38.207  -71.537  30.425 0.4000000060
11307  -45.087  -74.780  33.773 0.3000000119
16041  -40.793  -68.202  33.708 0.2000000030
16891  -40.056  -67.888  34.323 0.1000000015
16903  -39.564  -67.119  34.137 0.1000000015
17758  -38.716  -66.161  34.465 0.1000000015
18617  -37.822  -65.577  33.712 0.1000000015
18589  -36.410  -65.003  34.333 0.1000000015
142211  -36.400  -64.379  34.947 0.1000000015
20825  -35.659  -62.435  35.957 0.1000000015
131668  -37.694  -79.029  33.276 0.2000000030
9019  -36.852  -77.991  32.739 0.2000000030
8278  -39.159  -79.402  33.296 0.2000000030
9815  -36.736  -76.352  31.453 0.3000000119
13715  -38.757  -70.762  32.841 0.3000000119
14524  -37.875  -71.147  30.962 0.4000000060
12136  -40.956  -73.350  34.150 0.3000000119
12137  -41.825  -73.832  34.041 0.3000000119
12918  -45.357  -73.952  34.150 0.1000000015
14447  -42.300  -70.851  35.687 0.1000000015
14440  -42.308  -70.777  36.437 0.1000000015
15189  -41.376  -69.766  36.259 0.1000000015
16020  -40.325  -68.708  35.512 0.1000000015
19307  -37.245  -64.544  35.856 0.1000000015
8276  -37.004  -78.654  33.294 0.2000000030
8274  -35.796  -78.130  34.074 0.2000000030
9018  -36.268  -78.090  33.400 0.2000000030
12926  -40.132  -72.784  34.107 0.3000000119
122660  -39.074  -71.266  33.358 0.3000000119
14472  -37.965  -70.738  32.920 0.3000000119
14484  -36.737  -70.789  32.357 0.3000000119
12108  -40.155  -74.213  35.472 0.3000000119
134864  -39.492  -73.651  35.287 0.3000000119
11270  -40.260  -74.631  36.097 0.3000000119
12894  -44.431  -74.306  36.198 0.2000000030
13652  -43.501  -72.586  36.543 0.1000000015
14424  -43.441  -70.695  37.577 0.1000000015
15166  -43.640  -69.868  37.861 0.1000000015
15167  -44.564  -69.662  38.219 0.1000000015
129206  -44.865  -68.845  38.128 0.1000000015
120552  -43.059  -69.183  37.639 0.1000000015
16833  -45.561  -67.535  37.361 0.1000000015
16832  -44.693  -67.438  37.542 0.1000000015
16834  -46.389  -67.764  37.123 0.1000000015
15164  -41.502  -69.257  36.796 0.1000000015
15974  -42.530  -68.508  37.499 0.1000000015
15973  -41.835  -68.693  37.231 0.1000000015
16831  -43.700  -67.372  37.610 0.1000000015
16830  -42.788  -67.651  37.570 0.1000000015
17720  -46.581  -66.460  36.176 0.1000000015
17716  -39.764  -67.023  36.739 0.1000000015
18521  -38.952  -65.002  37.331 0.1000000015
20055  -37.370  -63.532  37.012 0.1000000015
10481  -33.201  -75.203  35.813 0.2000000030
129607  -33.524  -75.355  34.307 0.2000000030
9797  -34.699  -76.280  33.641 0.2000000030
11280  -32.641  -74.674  35.416 0.3000000119
119361  -34.275  -75.535  33.220 0.2000000030
13693  -37.167  -71.303  33.892 0.3000000119
13712  -34.404  -71.545  32.167 0.3000000119
12106  -38.833  -73.364  35.497 0.3000000119
13678  -37.498  -72.064  34.647 0.3000000119
13691  -35.175  -70.836  33.590 0.3000000119
13711  -33.720  -71.693  32.539 0.3000000119
12161  -33.816  -73.276  31.629 0.3000000119
12098  -39.561  -73.930  36.282 0.3000000119
11271  -40.875  -75.080  36.445 0.2000000030
12097  -38.818  -73.469  36.057 0.3000000119
11273  -43.038  -76.640  36.641 0.3000000119
126202  -44.791  -76.410  35.732 0.2000000030
127777  -43.628  -72.238  37.160 0.1000000015
17694  -43.493  -66.529  37.420 0.1000000015
17718  -44.837  -66.115  36.848 0.1000000015
17692  -41.875  -66.169  37.481 0.1000000015
18525  -42.439  -65.479  37.340 0.1000000015
18523  -40.629  -65.343  37.460 0.1000000015
18522  -39.742  -65.206  37.412 0.1000000015
11268  -32.217  -74.185  35.887 0.3000000119
11269  -32.717  -74.712  36.117 0.3000000119
12105  -31.848  -73.500  35.428 0.3000000119
13673  -32.184  -72.009  34.115 0.3000000119
12941  -33.058  -72.233  32.663 0.3000000119
13688  -32.585  -72.051  33.405 0.3000000119
12900  -36.860  -72.009  35.216 0.3000000119
13658  -36.148  -71.525  35.291 0.3000000119
128379  -34.032  -70.852  33.795 0.3000000119
12891  -38.287  -72.892  36.422 0.3000000119
12879  -38.559  -72.564  37.165 0.3000000119
12880  -39.307  -72.811  37.433 0.2000000030
12890  -37.567  -72.514  36.182 0.3000000119
124784  -41.133  -74.238  37.831 0.2000000030
11241  -43.813  -76.006  37.904 0.2000000030
12091  -45.144  -75.534  37.760 0.2000000030
11240  -34.162  -74.828  38.735 0.1000000015
136751  -31.785  -72.545  37.850 0.2000000030
12085  -31.853  -73.270  37.285 0.3000000119
13674  -32.984  -71.234  34.110 0.3000000119
13656  -33.022  -70.778  35.182 0.3000000119
13637  -38.222  -71.848  37.564 0.3000000119
12857  -39.674  -72.275  38.038 0.2000000030
121350  -40.446  -72.489  38.392 0.2000000030
12860  -42.078  -73.719  39.004 0.2000000030
14417  -32.410  -70.759  37.464 0.3000000119
13647  -32.145  -71.215  36.800 0.3000000119
13635  -36.669  -71.344  37.094 0.3000000119
14388  -38.919  -70.763  38.234 0.2000000030
14389  -39.737  -70.804  38.496 0.2000000030
13617  -40.087  -71.625  38.468 0.2000000030
13618  -40.846  -71.774  38.839 0.1000000015
14391  -41.153  -71.073  39.124 0.1000000015
15139  -40.200  -70.069  38.754 0.1000000015
13601  -42.979  -72.286  39.856 0.1000000015
14419  -34.384  -70.030  37.190 0.3000000119
14421  -36.272  -70.586  37.414 0.3000000119
14387  -37.573  -70.170  37.999 0.2000000030
15959  -39.850  -69.226  38.706 0.1000000015
15948  -40.239  -68.501  38.976 0.1000000015
131598  -42.077  -67.644  40.036 0.1000000015
14357  -43.233  -70.417  40.157 0.1000000015
15135  -36.395  -69.064  38.110 0.2000000030
15947  -39.832  -67.879  38.947 0.1000000015
15939  -43.246  -68.513  40.432 0.1000000015
6922  -43.112  -80.395  26.367 0.3000000119
5526  -40.836  -82.005  28.075 0.3000000119
6209  -41.258  -81.542  26.998 0.3000000119
134707  -35.791  -87.008  29.139 0.2000000030
126091  -33.383  -86.963  29.957 0.2000000030
4858  -39.291  -83.302  28.327 0.4000000060
4856  -38.207  -84.811  28.172 0.3000000119
6218  -41.994  -81.338  25.880 0.4000000060
4857  -38.711  -84.075  28.068 0.3000000119
3842  -37.511  -85.737  28.545 0.3000000119
6928  -42.845  -80.430  25.526 0.4000000060
5530  -39.627  -82.526  26.615 0.4000000060
142693  -37.832  -85.329  28.227 0.3000000119
3427  -36.002  -86.801  28.384 0.2000000030
6225  -42.415  -81.043  25.188 0.4000000060
6217  -41.240  -81.804  25.772 0.4000000060
4870  -38.152  -84.117  27.448 0.4000000060
6942  -42.581  -80.560  24.997 0.4000000060
7644  -42.764  -79.900  25.128 0.4000000060
5529  -38.936  -82.902  26.365 0.4000000060
4317  -37.353  -85.585  27.877 0.3000000119
3437  -35.133  -86.934  27.764 0.3000000119
6224  -41.907  -81.612  25.024 0.4000000060
4869  -37.413  -83.762  26.407 0.3000000119
3857  -36.608  -85.657  27.435 0.4000000060
8337  -42.307  -79.144  25.532 0.4000000060
5536  -39.898  -82.929  25.134 0.4000000060
4320  -36.757  -84.709  26.888 0.3000000119
5538  -41.489  -81.923  24.167 0.4000000060
122473  -40.682  -82.714  24.558 0.4000000060
4884  -39.035  -83.323  25.090 0.4000000060
7643  -41.874  -79.909  24.984 0.4000000060
5545  -40.424  -83.117  24.160 0.4000000060
4897  -37.303  -83.764  24.837 0.3000000119
7632  -41.126  -79.186  25.780 0.4000000060
6235  -41.418  -81.641  24.027 0.4000000060
5546  -40.896  -82.594  23.809 0.4000000060
122088  -38.147  -83.512  25.012 0.4000000060
6940  -41.414  -80.598  24.584 0.4000000060
6234  -40.816  -81.865  23.588 0.4000000060
5558  -40.732  -82.340  23.530 0.4000000060
4885  -39.824  -83.471  24.158 0.4000000060
140883  -36.976  -83.918  24.297 0.3000000119
7642  -40.727  -79.923  25.270 0.4000000060
4901  -40.330  -82.847  23.286 0.4000000060
126232  -39.738  -83.640  23.452 0.4000000060
4898  -38.169  -83.989  24.104 0.3000000119
121176  -35.733  -84.013  24.152 0.2000000030
8336  -40.292  -78.594  26.311 0.3000000119
6939  -40.412  -80.617  24.734 0.4000000060
138472  -39.569  -80.728  24.804 0.4000000060
6245  -40.214  -82.480  23.285 0.4000000060
4916  -39.283  -83.890  23.031 0.4000000060
4914  -37.598  -84.105  23.741 0.2000000030
138719  -37.185  -84.185  23.208 0.2000000030
4353  -35.097  -84.076  23.451 0.3000000119
9138  -39.490  -78.193  26.610 0.3000000119
7631  -39.996  -79.301  25.981 0.3000000119
7641  -39.496  -80.049  25.484 0.3000000119
4931  -39.122  -83.507  22.530 0.3000000119
131576  -37.204  -84.204  22.474 0.2000000030
4355  -38.601  -84.003  22.583 0.2000000030
120720  -36.265  -84.101  23.105 0.2000000030
4363  -34.398  -84.239  22.773 0.2000000030
139135  -38.821  -77.941  26.814 0.3000000119
7630  -38.970  -79.317  26.175 0.3000000119
6233  -39.839  -81.898  23.536 0.4000000060
9137  -38.421  -77.249  27.053 0.3000000119
7640  -38.305  -79.947  25.842 0.3000000119
6938  -38.682  -80.617  25.143 0.2000000030
6244  -39.238  -82.619  22.987 0.2000000030
4365  -36.425  -84.165  22.045 0.1000000015
4377  -33.712  -84.578  22.086 0.2000000030
6937  -37.637  -80.575  25.369 0.2000000030
6951  -38.053  -81.201  24.649 0.2000000030
6243  -37.869  -82.290  23.283 0.1000000015
4930  -38.243  -83.641  22.105 0.1000000015
4378  -35.724  -84.206  21.382 0.1000000015
127782  -34.682  -84.291  21.687 0.1000000015
9124  -37.719  -76.864  27.280 0.2000000030
132748  -38.114  -78.183  26.874 0.3000000119
7629  -37.913  -79.133  26.480 0.3000000119
131116  -37.229  -74.780  27.346 0.2000000030
9846  -37.356  -76.232  27.379 0.1000000015
8322  -37.540  -77.602  27.176 0.3000000119
7628  -36.795  -79.245  26.501 0.2000000030
6231  -37.417  -81.701  24.062 0.1000000015
4940  -37.727  -83.538  21.350 0.1000000015
4390  -36.085  -84.127  20.330 0.1000000015
129747  -35.089  -84.390  20.561 0.1000000015
10564  -36.915  -75.530  27.442 0.2000000030
8321  -36.695  -77.780  27.225 0.2000000030
8333  -36.285  -78.547  26.862 0.2000000030
6936  -36.618  -80.505  25.384 0.1000000015
6950  -36.994  -81.146  24.770 0.1000000015
5555  -37.198  -82.279  22.735 0.1000000015
5564  -37.665  -82.711  21.800 0.1000000015
4380  -37.415  -83.896  21.082 0.1000000015
4388  -33.843  -84.958  19.499 0.1000000015
9136  -35.813  -77.865  27.158 0.1000000015
7638  -36.254  -79.880  25.942 0.2000000030
6935  -35.607  -80.322  25.191 0.1000000015
6242  -36.314  -81.679  23.152 0.1000000015
5577  -37.367  -82.169  21.243 0.1000000015
4950  -37.440  -83.299  20.347 0.1000000015
4404  -36.371  -83.766  19.491 0.1000000015
4389  -34.582  -84.634  19.774 0.1000000015
3942  -33.200  -85.276  19.168 0.1000000015
6948  -35.344  -80.665  24.438 0.1000000015
128528  -37.530  -82.265  20.426 0.1000000015
4967  -34.561  -83.850  18.533 0.1000000015
4410  -33.416  -84.582  18.713 0.1000000015
11223  -44.871  -75.629  38.749 0.2000000030
12208  -37.062  -73.383  27.406 0.2000000030
136848  -36.568  -74.914  27.459 0.1000000015
131485  -36.543  -76.317  27.463 0.1000000015
9845  -35.596  -76.456  27.465 0.1000000015
133397  -35.455  -79.732  25.765 0.1000000015
7650  -34.955  -80.277  24.648 0.1000000015
6249  -35.788  -81.197  23.121 0.1000000015
4412  -34.945  -84.038  18.707 0.1000000015
122106  -35.382  -84.213  19.414 0.1000000015
4958  -37.181  -82.863  19.492 0.1000000015
6250  -36.307  -81.321  22.485 0.1000000015
129038  -39.669  -82.769  27.714 0.3000000119
5531  -40.340  -82.045  27.070 0.4000000060
3413  -36.518  -86.601  28.943 0.3000000119
4871  -38.606  -83.519  27.258 0.3000000119
3848  -36.873  -86.282  28.241 0.3000000119
120329  -40.510  -82.338  25.560 0.4000000060
6236  -42.023  -81.246  24.536 0.4000000060
119575  -38.234  -83.303  26.327 0.4000000060
6941  -42.140  -80.610  24.699 0.4000000060
6952  -40.181  -81.278  24.173 0.4000000060
4915  -38.520  -84.151  23.317 0.2000000030
127119  -36.696  -84.010  23.884 0.2000000030
129690  -39.156  -81.274  24.397 0.3000000119
4364  -35.418  -84.132  22.427 0.2000000030
8334  -38.777  -78.599  26.578 0.3000000119
120254  -39.057  -83.142  22.482 0.2000000030
136374  -37.201  -84.130  21.705 0.1000000015
6232  -38.587  -81.862  23.816 0.4000000060
5565  -38.394  -83.287  22.146 0.1000000015
129648  -37.232  -78.445  26.923 0.3000000119
130385  -36.952  -81.924  23.487 0.1000000015
5578  -37.721  -82.909  20.863 0.1000000015
4391  -36.957  -83.849  20.263 0.1000000015
10563  -36.110  -75.559  27.510 0.1000000015
7627  -35.804  -79.252  26.355 0.1000000015
6949  -36.042  -80.950  24.644 0.1000000015
4401  -33.638  -84.822  18.902 0.1000000015
5554  -36.801  -81.979  22.188 0.1000000015
3959  -32.969  -85.194  18.806 0.1000000015
6947  -34.865  -80.429  23.973 0.1000000015
8332  -35.310  -78.562  26.687 0.1000000015
6165  -41.099  -80.958  30.013 0.3000000119
6181  -40.381  -81.414  29.531 0.2000000030
6180  -39.401  -81.828  29.387 0.3000000119
121743  -39.956  -82.271  29.076 0.2000000030
6873  -42.605  -80.287  30.940 0.4000000060
6890  -42.169  -80.661  30.261 0.2000000030
6182  -41.174  -81.400  29.404 0.3000000119
5503  -38.752  -82.766  29.177 0.2000000030
6891  -43.571  -79.917  29.769 0.4000000060
5504  -39.330  -82.881  29.018 0.2000000030
5502  -37.792  -82.304  29.030 0.1000000015
120846  -38.220  -83.592  29.092 0.2000000030
5517  -37.109  -83.124  28.903 0.1000000015
5506  -41.201  -81.723  28.937 0.3000000119
4819  -38.753  -83.591  28.949 0.2000000030
5516  -35.922  -83.072  28.591 0.1000000015
4840  -35.573  -84.042  28.793 0.1000000015
4841  -36.791  -84.343  29.121 0.1000000015
4311  -36.311  -85.188  29.294 0.1000000015
130086  -33.334  -83.926  28.457 0.1000000015
4839  -34.331  -83.930  28.494 0.1000000015
4310  -35.277  -84.948  29.179 0.1000000015
4309  -33.675  -84.695  28.917 0.1000000015
131616  -34.458  -84.992  29.127 0.1000000015
6908  -42.666  -80.735  28.456 0.3000000119
5518  -39.788  -82.648  28.714 0.2000000030
4842  -38.335  -84.309  28.874 0.2000000030
118002  -37.804  -84.508  29.143 0.2000000030
4294  -34.019  -85.618  29.445 0.1000000015
128778  -31.901  -84.853  29.448 0.1000000015
123935  -43.018  -80.524  27.450 0.2000000030
5527  -41.182  -81.818  28.545 0.3000000119
4843  -38.685  -83.919  28.613 0.2000000030
4312  -37.365  -85.523  29.178 0.2000000030
3831  -34.998  -85.933  29.455 0.1000000015
3828  -31.898  -85.953  30.319 0.1000000015
4293  -32.666  -85.552  29.749 0.1000000015
4314  -38.370  -84.520  28.521 0.3000000119
7622  -44.492  -78.949  27.371 0.2000000030
3840  -36.595  -86.190  29.308 0.2000000030
3393  -35.842  -86.456  29.361 0.1000000015
3829  -32.711  -86.574  30.258 0.1000000015
132486  -33.410  -86.177  29.838 0.1000000015
3392  -34.974  -86.820  29.389 0.1000000015
3374  -31.804  -87.360  30.541 0.1000000015
6211  -42.282  -81.045  27.792 0.2000000030
3411  -33.891  -87.457  29.297 0.1000000015
3412  -34.719  -87.347  29.088 0.1000000015
124515  -32.141  -87.575  30.044 0.1000000015
2965  -33.199  -87.379  29.709 0.1000000015
6923  -43.759  -79.819  27.008 0.2000000030
3425  -34.509  -87.362  28.196 0.1000000015
2998  -33.903  -87.552  28.661 0.1000000015
3436  -34.146  -87.068  27.230 0.1000000015
2963  -29.893  -88.489  30.156 0.1000000015
139369  -32.028  -87.611  29.599 0.1000000015
129730  -32.654  -87.604  29.181 0.1000000015
3010  -33.599  -87.454  27.682 0.1000000015
4319  -35.882  -85.147  26.640 0.3000000119
3424  -31.452  -87.208  27.767 0.1000000015
6909  -43.399  -80.161  28.223 0.3000000119
123953  -42.789  -80.445  29.958 0.3000000119
6183  -41.895  -81.070  29.462 0.2000000030
128570  -40.060  -82.533  28.230 0.3000000119
3830  -34.182  -86.554  29.667 0.1000000015
3390  -32.544  -87.179  30.253 0.1000000015
4313  -37.991  -85.062  28.697 0.2000000030
5505  -40.555  -82.035  29.001 0.2000000030
5519  -40.576  -82.139  28.632 0.3000000119
3839  -35.870  -85.793  29.435 0.1000000015
2948  -30.748  -87.900  30.596 0.1000000015
2981  -31.339  -87.838  29.830 0.1000000015
2996  -32.352  -87.556  28.045 0.1000000015
2947  -30.152  -88.034  30.601 0.1000000015
3410  -31.854  -87.567  28.946 0.1000000015
3855  -34.662  -86.370  26.801 0.2000000030
3445  -32.250  -87.240  25.404 0.1000000015
3444  -31.634  -87.197  25.526 0.1000000015
119301  -31.705  -87.116  24.846 0.2000000030
3442  -30.530  -86.389  25.260 0.1000000015
3866  -34.182  -85.883  25.883 0.2000000030
3446  -33.002  -86.994  25.669 0.2000000030
3451  -31.060  -86.932  24.797 0.2000000030
3875  -33.037  -86.445  24.857 0.1000000015
3450  -30.318  -86.241  24.430 0.1000000015
3453  -32.247  -86.907  24.541 0.2000000030
3874  -32.712  -86.181  24.016 0.1000000015
3867  -35.030  -85.492  26.329 0.2000000030
3876  -33.744  -85.662  25.067 0.1000000015
121308  -30.840  -86.731  23.992 0.1000000015
3461  -32.058  -86.622  23.649 0.1000000015
135928  -35.320  -84.773  25.873 0.2000000030
4338  -33.362  -85.588  24.305 0.1000000015
3885  -32.528  -85.953  23.161 0.1000000015
4327  -34.569  -84.961  25.338 0.1000000015
4351  -33.624  -84.944  23.851 0.1000000015
4329  -35.985  -84.368  25.890 0.2000000030
4328  -35.393  -84.291  25.114 0.2000000030
4362  -33.622  -84.679  23.122 0.1000000015
4339  -33.990  -84.914  24.476 0.1000000015
4341  -36.342  -83.943  24.858 0.2000000030
4352  -34.198  -84.426  23.708 0.1000000015
3447  -33.765  -86.666  26.288 0.1000000015
3434  -32.640  -87.365  26.174 0.1000000015
6889  -39.653  -80.939  29.902 0.1000000015
7543  -39.928  -80.058  33.777 0.1000000015
10482  -33.673  -75.680  35.484 0.1000000015
7526  -36.696  -79.475  34.567 0.1000000015
9783  -35.103  -77.010  34.011 0.1000000015
9762  -34.374  -76.190  37.020 0.2000000030
9767  -34.409  -76.485  36.360 0.1000000015
7509  -36.498  -79.541  36.265 0.1000000015
10475  -33.838  -75.806  36.297 0.2000000030
9771  -34.249  -76.370  35.557 0.1000000015
9000  -34.792  -77.133  36.058 0.1000000015
8268  -35.534  -78.421  35.630 0.1000000015
8269  -35.959  -78.934  34.950 0.1000000015
7508  -36.011  -79.043  35.897 0.1000000015
6854  -42.166  -80.194  31.803 0.2000000030
7558  -40.096  -79.586  33.344 0.1000000015
8271  -35.493  -78.119  34.796 0.1000000015
9782  -34.537  -76.518  34.588 0.1000000015
10474  -33.196  -75.071  36.620 0.2000000030
7516  -37.026  -80.104  35.090 0.1000000015
7515  -36.462  -79.552  35.459 0.1000000015
9004  -35.105  -77.689  35.458 0.1000000015
141205  -35.171  -77.411  36.674 0.1000000015
6853  -40.882  -80.551  31.505 0.1000000015
6872  -41.622  -80.545  30.918 0.1000000015
15133  -34.430  -68.899  38.301 0.1000000015
14386  -32.938  -69.898  38.648 0.1000000015
14367  -32.422  -70.703  39.182 0.1000000015
12842  -32.243  -72.171  39.422 0.1000000015
12052  -33.914  -73.850  39.793 0.1000000015
14385  -32.384  -70.719  38.270 0.1000000015
13634  -31.939  -71.581  37.855 0.1000000015
15945  -33.589  -68.774  39.535 0.1000000015
14356  -32.996  -70.175  40.544 0.1000000015
13587  -33.055  -71.069  40.834 0.1000000015
12027  -34.592  -73.030  41.232 0.1000000015
15132  -33.652  -69.105  38.746 0.1000000015
14368  -32.782  -70.050  39.666 0.1000000015
13586  -32.663  -71.848  40.242 0.1000000015
138177  -33.169  -72.521  40.451 0.1000000015
12041  -34.999  -73.673  41.045 0.1000000015
15955  -34.952  -68.134  38.468 0.1000000015
13573  -34.559  -71.313  41.780 0.1000000015
15946  -34.000  -68.012  39.864 0.1000000015
15935  -33.642  -68.713  40.417 0.1000000015
14343  -33.583  -70.278  41.267 0.1000000015
13572  -33.825  -71.206  41.442 0.1000000015
15954  -34.228  -68.213  38.989 0.1000000015
12827  -33.393  -71.948  40.943 0.1000000015
12815  -34.913  -72.581  41.692 0.1000000015
16821  -36.382  -67.438  38.548 0.1000000015
15928  -34.710  -68.130  41.325 0.1000000015
15115  -33.488  -69.446  40.920 0.1000000015
14336  -34.645  -70.289  41.718 0.1000000015
16799  -34.461  -67.316  40.256 0.1000000015
16811  -34.555  -67.420  39.468 0.1000000015
16820  -35.448  -67.457  38.679 0.1000000015
15957  -36.886  -68.270  38.324 0.1000000015
11242  -44.785  -75.835  37.979 0.1000000015
12072  -45.484  -74.547  37.909 0.1000000015
17676  -36.415  -66.109  39.334 0.1000000015
16822  -37.408  -67.480  38.538 0.1000000015
136832  -37.886  -68.295  38.412 0.1000000015
11211  -43.972  -74.579  39.487 0.1000000015
12090  -44.735  -75.272  37.000 0.1000000015
12882  -44.812  -74.130  37.478 0.1000000015
11224  -45.581  -75.558  38.843 0.1000000015
137253  -46.490  -72.043  38.460 0.1000000015
12861  -44.974  -73.274  37.921 0.1000000015
12862  -45.581  -73.281  38.239 0.1000000015
15936  -34.210  -68.060  40.680 0.1000000015
15105  -34.233  -69.436  41.452 0.1000000015
12067  -32.787  -73.781  38.720 0.1000000015
11221  -33.607  -74.175  39.094 0.1000000015
123721  -31.940  -72.357  38.600 0.1000000015
15134  -35.387  -68.920  38.079 0.1000000015
14355  -32.576  -70.870  40.065 0.1000000015
12843  -32.750  -72.746  39.872 0.1000000015
125664  -34.536  -74.187  40.038 0.1000000015
12040  -34.351  -73.566  40.518 0.1000000015
137180  -34.805  -67.575  38.906 0.1000000015
16812  -35.134  -66.972  39.181 0.1000000015
11263  -45.725  -75.334  38.285 0.1000000015
13619  -44.939  -72.265  38.196 0.1000000015
13003  -36.568  -72.844  27.671 0.1000000015
12994  -36.150  -72.326  28.126 0.1000000015
13773  -36.477  -71.624  28.362 0.1000000015
6850  -37.891  -80.394  31.289 0.1000000015
6869  -37.466  -80.164  30.419 0.1000000015
6870  -38.365  -80.370  30.490 0.1000000015
6150  -37.343  -80.906  31.989 0.1000000015
6849  -36.962  -80.266  31.206 0.1000000015
6868  -36.620  -79.961  30.404 0.1000000015
6851  -38.889  -80.531  31.356 0.1000000015
6136  -36.780  -81.779  32.535 0.1000000015
6151  -38.438  -80.950  32.129 0.1000000015
6148  -35.241  -81.033  32.040 0.1000000015
6135  -35.803  -81.738  32.536 0.1000000015
6137  -37.897  -81.802  32.718 0.1000000015
5449  -34.948  -82.361  33.285 0.1000000015
7429  -33.503  -79.897  42.227 0.1000000015
123711  -33.700  -80.964  42.760 0.1000000015
5358  -33.314  -83.735  41.642 0.1000000015
126897  -33.083  -82.528  40.394 0.1000000015
6031  -32.514  -81.714  39.395 0.1000000015
6746  -32.218  -80.683  37.893 0.1000000015
6871  -39.311  -80.545  30.541 0.1000000015
6064  -31.627  -81.201  37.940 0.1000000015
6760  -32.681  -80.470  37.365 0.1000000015
130811  -35.001  -81.736  32.697 0.1000000015
6134  -34.346  -81.687  32.948 0.1000000015
6888  -38.825  -80.869  29.812 0.1000000015
6770  -30.821  -80.498  36.428 0.1000000015
6798  -31.702  -79.733  35.147 0.1000000015
7525  -32.024  -79.799  34.255 0.1000000015
136317  -33.642  -81.011  32.621 0.1000000015
6118  -33.903  -81.525  33.279 0.1000000015
6119  -34.414  -82.081  33.590 0.1000000015
135721  -35.499  -82.336  33.030 0.1000000015
6179  -38.361  -81.545  29.338 0.1000000015
6769  -30.245  -80.780  36.237 0.1000000015
6102  -33.837  -81.584  33.969 0.1000000015
138227  -34.397  -82.291  34.202 0.1000000015
6690  -33.197  -82.011  43.017 0.1000000015
5292  -32.965  -82.875  43.013 0.1000000015
5337  -33.343  -83.525  42.337 0.1000000015
6830  -39.561  -80.972  32.299 0.1000000015
6852  -39.952  -80.612  31.421 0.1000000015
6050  -32.690  -80.991  38.988 0.1000000015
6032  -33.182  -81.374  39.633 0.1000000015
6787  -32.966  -80.422  35.835 0.1000000015
6799  -32.698  -80.236  34.865 0.1000000015
6800  -33.285  -80.861  34.182 0.1000000015
5436  -35.003  -82.946  33.915 0.1000000015
6086  -33.612  -80.817  36.032 0.1000000015
124761  -33.661  -81.130  34.987 0.1000000015
140707  -34.050  -81.791  34.475 0.1000000015
130001  -34.484  -81.064  43.112 0.1000000015
6691  -33.948  -82.091  43.335 0.1000000015
6674  -35.355  -81.208  43.447 0.1000000015
7418  -36.010  -80.067  43.301 0.1000000015
6139  -40.062  -81.635  33.242 0.1000000015
5978  -33.705  -82.893  43.283 0.1000000015
5294  -34.389  -83.129  43.367 0.1000000015
6831  -40.671  -80.857  32.546 0.1000000015
5338  -34.087  -82.838  41.988 0.1000000015
5467  -37.315  -82.779  33.162 0.1000000015
6016  -33.633  -82.320  40.951 0.1000000015
6733  -33.142  -80.787  38.945 0.1000000015
6761  -33.440  -80.604  37.522 0.1000000015
6773  -33.177  -80.512  36.693 0.1000000015
6075  -34.184  -81.627  35.876 0.1000000015
5425  -34.649  -82.745  35.431 0.1000000015
6774  -33.868  -80.934  36.780 0.1000000015
121189  -36.832  -80.572  43.729 0.1000000015
6138  -39.046  -81.813  32.959 0.1000000015
5957  -34.736  -82.183  43.575 0.1000000015
5958  -35.608  -82.304  43.765 0.1000000015
7419  -37.582  -80.381  43.930 0.1000000015
7420  -38.415  -80.173  44.202 0.1000000015
5452  -37.681  -83.587  33.785 0.1000000015
5468  -38.417  -82.782  33.445 0.1000000015
5295  -35.060  -83.031  43.547 0.1000000015
5272  -34.987  -82.869  43.631 0.1000000015
5451  -36.710  -83.500  33.573 0.1000000015
6017  -34.318  -81.648  40.623 0.1000000015
5314  -34.577  -83.004  42.626 0.1000000015
5426  -35.181  -83.642  35.146 0.1000000015
5450  -35.685  -83.087  33.533 0.1000000015
6033  -33.808  -81.290  40.009 0.1000000015
136475  -34.643  -82.436  36.207 0.1000000015
6748  -33.646  -80.702  38.411 0.1000000015
6051  -34.486  -81.033  38.732 0.1000000015
6762  -34.204  -80.956  37.678 0.1000000015
6676  -37.370  -81.500  43.928 0.1000000015
5959  -36.643  -82.273  43.827 0.1000000015
126167  -41.453  -80.422  32.190 0.1000000015
126385  -35.779  -84.200  34.940 0.1000000015
6052  -35.198  -81.745  38.693 0.1000000015
6018  -35.095  -81.953  41.242 0.1000000015
6034  -34.342  -81.123  39.726 0.1000000015
4777  -37.022  -84.101  34.159 0.1000000015
5453  -38.502  -83.251  34.003 0.1000000015
4747  -36.430  -84.507  35.272 0.1000000015
5273  -35.883  -82.759  43.634 0.1000000015
5411  -34.983  -82.734  36.861 0.1000000015
5412  -35.049  -83.336  36.022 0.1000000015
4746  -35.659  -84.142  35.724 0.1000000015
5315  -35.228  -83.056  43.054 0.1000000015
5396  -34.950  -81.883  37.776 0.1000000015
5397  -35.401  -83.008  37.482 0.1000000015
123067  -35.042  -81.374  39.514 0.1000000015
5359  -35.818  -82.321  39.228 0.1000000015
122008  -34.851  -81.426  40.235 0.1000000015
4765  -37.925  -83.673  34.486 0.1000000015
5438  -38.588  -83.052  34.351 0.1000000015
4731  -36.361  -84.506  36.284 0.1000000015
4732  -37.129  -84.590  35.983 0.1000000015
5274  -37.018  -82.511  43.676 0.1000000015
5379  -36.233  -83.411  38.548 0.1000000015
4701  -36.672  -84.091  38.012 0.1000000015
5378  -35.581  -82.699  38.247 0.1000000015
4700  -35.938  -83.704  37.747 0.1000000015
5427  -38.091  -83.466  34.953 0.1000000015
5413  -37.824  -83.851  35.782 0.1000000015
4720  -37.202  -84.377  37.411 0.1000000015
4733  -37.515  -84.207  36.694 0.1000000015
5960  -37.667  -82.084  43.836 0.1000000015
124730  -36.387  -82.511  40.028 0.1000000015
5995  -35.560  -82.560  42.123 0.1000000015
6088  -38.137  -82.909  35.496 0.1000000015
129606  -36.650  -82.715  43.323 0.1000000015
126360  -36.881  -79.543  43.579 0.1000000015
123255  -40.579  -78.576  44.981 0.1000000015
8154  -39.684  -78.999  44.613 0.1000000015
7407  -39.312  -80.048  44.430 0.1000000015
8166  -38.605  -79.138  44.236 0.1000000015
6747  -32.845  -80.623  38.255 0.1000000015
6759  -31.901  -80.498  37.290 0.1000000015
6771  -31.570  -80.264  36.568 0.1000000015
6785  -31.191  -79.940  35.885 0.1000000015
6786  -32.110  -79.987  35.863 0.1000000015
6812  -32.723  -80.397  33.812 0.1000000015
6813  -33.380  -81.007  33.423 0.1000000015
6845  -32.920  -80.371  32.011 0.1000000015
5293  -33.636  -83.465  43.077 0.1000000015
5437  -35.523  -83.734  34.393 0.1000000015
5979  -34.372  -82.846  43.507 0.1000000015
122647  -34.468  -81.704  36.864 0.1000000015
4778  -37.682  -83.861  34.230 0.1000000015
4776  -36.130  -83.853  33.966 0.1000000015
4748  -37.257  -84.379  35.186 0.1000000015
4730  -35.612  -83.824  36.791 0.1000000015
138257  -36.498  -83.167  39.230 0.1000000015
4749  -37.656  -83.898  34.979 0.1000000015
8895  -38.641  -77.924  44.251 0.1000000015
1069  -23.931  -92.813  20.518 0.1000000015
138669  -23.574  -93.154  21.187 0.1000000015
1491  -21.290  -92.220  14.822 0.1000000015
1107  -21.003  -92.424  15.862 0.1000000015
1090  -23.132  -92.320  16.651 0.1000000015
1089  -22.761  -92.672  17.242 0.1000000015
1074  -22.989  -92.899  19.436 0.1000000015
1501  -22.109  -91.718  14.090 0.1000000015
1884  -22.034  -90.609  12.857 0.1000000015
2317  -22.386  -89.735  12.537 0.1000000015
1060  -24.918  -92.262  21.600 0.1000000015
744  -24.397  -92.931  22.143 0.1000000015
731  -24.541  -93.035  23.127 0.1000000015
1070  -24.520  -92.313  20.686 0.1000000015
1081  -23.217  -92.522  18.014 0.1000000015
1075  -23.511  -92.521  19.061 0.1000000015
121131  -23.463  -92.795  19.893 0.1000000015
730  -23.526  -93.626  22.851 0.1000000015
1109  -22.821  -92.253  15.872 0.1000000015
121823  -22.722  -92.817  18.714 0.1000000015
1080  -22.357  -92.780  17.850 0.1000000015
1493  -23.172  -91.621  15.333 0.1000000015
1886  -23.054  -90.372  13.342 0.1000000015
2302  -23.538  -89.444  12.758 0.1000000015
2726  -23.725  -88.905  12.392 0.1000000015
2562  -25.558  -89.176  29.019 0.1000000015
1763  -24.254  -90.592  27.432 0.1000000015
1054  -25.525  -91.925  22.554 0.1000000015
127678  -25.232  -92.381  23.260 0.1000000015
1035  -25.049  -92.671  25.033 0.1000000015
1389  -25.296  -92.318  25.834 0.1000000015
1375  -25.055  -91.990  26.581 0.1000000015
1764  -25.337  -90.785  27.422 0.1000000015
1433  -25.435  -91.630  21.893 0.1000000015
1027  -24.539  -92.801  25.647 0.1000000015
1432  -25.021  -91.673  21.046 0.1000000015
719  -23.909  -93.535  24.058 0.1000000015
1458  -23.894  -92.033  18.490 0.1000000015
1448  -24.181  -92.028  19.327 0.1000000015
1502  -22.962  -91.316  14.385 0.1000000015
2551  -25.946  -88.714  29.473 0.1000000015
2157  -25.140  -89.577  28.461 0.1000000015
1401  -25.770  -92.114  25.015 0.1000000015
1786  -26.335  -91.353  25.633 0.1000000015
1376  -25.876  -91.661  26.330 0.1000000015
1413  -26.108  -91.556  24.214 0.1000000015
136393  -26.147  -91.252  23.349 0.1000000015
125515  -23.714  -91.283  18.186 0.1000000015
1868  -23.618  -91.209  17.368 0.1000000015
1877  -23.553  -91.137  16.559 0.1000000015
119625  -23.444  -91.112  15.745 0.1000000015
1880  -23.312  -90.549  15.357 0.1000000015
1824  -24.677  -91.214  20.477 0.1000000015
2166  -25.714  -90.102  27.913 0.1000000015
119725  -24.068  -90.644  19.977 0.1000000015
2165  -24.729  -90.031  27.892 0.1000000015
1425  -25.876  -91.374  22.634 0.1000000015
1815  -25.629  -90.905  22.042 0.1000000015
2156  -24.148  -89.371  28.332 0.1000000015
2224  -24.325  -89.565  21.649 0.1000000015
2620  -24.076  -88.219  22.629 0.1000000015
3036  -24.112  -87.546  23.015 0.1000000015
1365  -26.065  -91.085  27.001 0.1000000015
1798  -26.464  -91.054  24.807 0.1000000015
1806  -26.329  -90.807  23.875 0.1000000015
2219  -25.497  -89.998  22.694 0.1000000015
2200  -25.852  -89.319  24.113 0.1000000015
2218  -24.679  -89.411  22.307 0.1000000015
2621  -24.954  -89.143  23.002 0.1000000015
2201  -26.389  -90.135  24.611 0.1000000015
1774  -26.440  -90.982  26.350 0.1000000015
2188  -26.576  -90.639  25.542 0.1000000015
2607  -26.250  -89.180  25.008 0.1000000015
2212  -26.047  -90.067  23.570 0.1000000015
3035  -23.479  -87.626  22.199 0.1000000015
136251  -25.524  -89.456  23.410 0.1000000015
1044  -24.753  -92.896  24.131 0.1000000015
1045  -25.804  -91.771  23.320 0.1000000015
1053  -25.021  -92.416  22.430 0.1000000015
1059  -24.254  -92.821  21.259 0.1000000015
1076  -24.061  -92.383  19.894 0.1000000015
1079  -22.106  -92.690  18.554 0.1000000015
1097  -22.391  -92.645  16.539 0.1000000015
1108  -21.930  -92.525  15.744 0.1000000015
1364  -25.466  -91.438  26.921 0.1000000015
1390  -25.945  -91.860  25.598 0.1000000015
1402  -26.187  -91.620  25.064 0.1000000015
1439  -24.560  -91.908  20.141 0.1000000015
1467  -23.698  -91.934  17.681 0.1000000015
1481  -23.410  -91.772  16.162 0.1000000015
1492  -22.467  -92.079  14.984 0.1000000015
1503  -23.189  -90.614  14.027 0.1000000015
1508  -22.676  -91.075  13.649 0.1000000015
1765  -26.403  -90.471  27.015 0.1000000015
1805  -26.066  -90.745  22.966 0.1000000015
1838  -24.319  -91.477  19.781 0.1000000015
1867  -23.253  -90.372  17.041 0.1000000015
1876  -23.271  -90.426  16.146 0.1000000015
1881  -23.288  -90.951  14.892 0.1000000015
1885  -22.533  -90.707  13.123 0.1000000015
1892  -22.878  -90.112  12.740 0.1000000015
2278  -23.023  -89.765  15.568 0.1000000015
2318  -23.258  -89.416  12.473 0.1000000015
2561  -23.737  -88.740  28.606 0.1000000015
2598  -26.043  -88.213  25.340 0.1000000015
2615  -24.582  -88.353  23.143 0.1000000015
2625  -23.910  -88.757  22.046 0.1000000015
2720  -23.943  -88.907  12.588 0.1000000015
2964  -30.590  -88.144  30.289 0.1000000015
2980  -30.410  -88.131  29.743 0.1000000015
2982  -33.403  -87.593  29.095 0.1000000015
2997  -33.129  -87.620  28.300 0.1000000015
3054  -27.391  -87.845  19.357 0.1000000015
3082  -28.235  -88.077  18.684 0.1000000015
3391  -34.069  -87.143  29.544 0.2000000030
3426  -35.307  -87.186  28.577 0.2000000030
3452  -31.452  -86.877  24.058 0.1000000015
3821  -32.156  -86.905  30.613 0.1000000015
3841  -37.074  -86.175  28.916 0.2000000030
3856  -35.793  -86.168  27.358 0.4000000060
3865  -33.524  -86.342  25.532 0.1000000015
3886  -33.126  -85.394  23.534 0.1000000015
3938  -28.725  -85.932  19.036 0.1000000015
3939  -29.813  -86.194  19.225 0.1000000015
3941  -32.473  -85.708  19.249 0.1000000015
3957  -28.078  -86.152  18.497 0.1000000015
4308  -32.732  -84.522  28.936 0.1000000015
4321  -37.662  -84.834  27.649 0.4000000060
4354  -37.938  -84.257  22.837 0.2000000030
4366  -37.863  -84.053  21.966 0.1000000015
4379  -36.693  -84.123  21.110 0.1000000015
4402  -34.432  -84.545  19.023 0.1000000015
4411  -34.143  -84.340  18.614 0.1000000015
4416  -27.854  -85.231  17.514 0.1000000015
4434  -29.682  -84.983  14.937 0.1000000015
4446  -29.961  -84.831  14.446 0.1000000015
4719  -36.442  -84.330  37.188 0.1000000015
4762  -36.340  -84.234  34.505 0.1000000015
4763  -36.891  -84.364  34.651 0.1000000015
4764  -37.351  -84.087  34.576 0.1000000015
4820  -39.111  -83.340  28.754 0.2000000030
4883  -36.649  -83.908  25.809 0.2000000030
4899  -39.034  -83.829  23.941 0.3000000119
4900  -40.274  -83.252  23.545 0.4000000060
4917  -39.829  -83.389  23.018 0.4000000060
4948  -31.960  -83.244  20.259 0.1000000015
4949  -36.995  -83.423  19.654 0.1000000015
4954  -29.107  -83.756  19.911 0.1000000015
4956  -33.265  -83.833  18.805 0.1000000015
4966  -33.858  -83.986  18.513 0.1000000015
4968  -35.255  -83.490  18.536 0.1000000015
4969  -36.036  -83.041  18.574 0.2000000030
4978  -28.565  -84.280  16.824 0.1000000015
4979  -29.114  -83.895  16.401 0.1000000015
4980  -29.781  -83.487  15.950 0.1000000015
5296  -35.750  -82.906  43.355 0.1000000015
5316  -36.366  -82.651  42.496 0.1000000015
5466  -36.273  -82.584  33.045 0.1000000015
5525  -39.126  -83.213  27.535 0.3000000119
5537  -41.275  -82.253  24.642 0.4000000060
5547  -41.167  -82.086  23.723 0.4000000060
5556  -38.271  -82.833  22.462 0.1000000015
5557  -39.746  -83.035  22.813 0.4000000060
5575  -30.915  -82.155  20.985 0.1000000015
5579  -37.883  -83.301  21.669 0.1000000015
5588  -31.019  -83.042  20.668 0.1000000015
5591  -37.509  -82.552  20.012 0.1000000015
5599  -28.721  -83.073  19.157 0.1000000015
5600  -29.180  -82.735  19.859 0.1000000015
5601  -32.989  -83.152  19.554 0.1000000015
5624  -30.836  -82.042  16.029 0.1000000015
6049  -32.186  -81.114  38.603 0.1000000015
6087  -34.281  -82.111  34.898 0.1000000015
6103  -34.823  -82.980  34.625 0.1000000015
6166  -41.637  -80.915  29.957 0.2000000030
6184  -42.443  -80.826  29.175 0.2000000030
6199  -41.862  -81.343  28.683 0.3000000119
6210  -41.561  -81.547  27.964 0.3000000119
6219  -42.597  -80.880  26.021 0.3000000119
6230  -36.442  -81.519  24.025 0.1000000015
6241  -35.609  -81.120  23.814 0.1000000015
6257  -31.114  -81.334  21.128 0.1000000015
6259  -32.785  -80.925  21.279 0.1000000015
6296  -34.970  -81.526  19.587 0.2000000030
6346  -31.526  -81.638  15.626 0.1000000015
6675  -36.303  -81.395  43.755 0.1000000015
6734  -33.736  -80.860  39.269 0.1000000015
6758  -31.191  -80.811  37.146 0.1000000015
6772  -32.405  -80.278  36.606 0.1000000015
6943  -43.021  -80.075  25.338 0.5000000000
6953  -40.964  -81.214  24.081 0.4000000060
6963  -35.953  -80.673  22.671 0.1000000015
6972  -32.962  -80.165  21.370 0.1000000015
6988  -30.718  -80.823  20.843 0.1000000015
7004  -30.953  -80.135  19.325 0.1000000015
7066  -32.474  -80.690  15.694 0.1000000015
7082  -34.550  -79.948  13.572 0.1000000015
7441  -32.834  -79.765  41.869 0.1000000015
7539  -31.303  -79.499  33.732 0.1000000015
7575  -42.656  -79.766  31.724 0.4000000060
7576  -43.276  -79.600  31.111 0.5000000000
7587  -43.882  -79.294  30.429 0.5000000000
7599  -44.595  -78.705  29.187 0.5000000000
7611  -44.035  -79.491  28.231 0.5000000000
7639  -37.252  -79.934  26.016 0.2000000030
7677  -31.645  -79.759  21.097 0.1000000015
7679  -33.182  -79.474  21.297 0.1000000015
7680  -33.920  -79.518  21.216 0.1000000015
7682  -38.347  -80.096  21.001 0.1000000015
7693  -32.140  -79.130  20.838 0.1000000015
7697  -38.411  -80.161  19.892 0.1000000015
7705  -32.258  -78.822  20.106 0.1000000015
7722  -31.935  -79.821  17.984 0.1000000015
7723  -32.575  -79.475  17.591 0.1000000015
7781  -35.242  -79.516  12.904 0.1000000015
8303  -43.375  -78.758  30.912 0.4000000060
8304  -44.010  -78.863  30.385 0.5000000000
8309  -44.671  -78.514  29.380 0.5000000000
8323  -45.309  -77.715  27.204 0.5000000000
8335  -39.479  -78.797  26.371 0.3000000119
8347  -43.279  -79.020  25.580 0.5000000000
8381  -32.748  -79.012  21.173 0.1000000015
8383  -38.859  -79.406  21.211 0.1000000015
8393  -33.485  -78.070  20.423 0.1000000015
8433  -33.664  -78.538  17.707 0.1000000015
8434  -34.395  -78.237  17.293 0.1000000015
8467  -36.780  -78.272  14.348 0.1000000015
9006  -34.753  -77.005  35.287 0.1000000015
9007  -35.063  -77.337  34.741 0.1000000015
9099  -44.568  -78.339  29.645 0.5000000000
9122  -36.208  -77.118  27.381 0.1000000015
9123  -37.018  -76.995  27.362 0.1000000015
9125  -45.554  -77.265  27.164 0.5000000000
9144  -45.633  -76.661  26.834 0.5000000000
9215  -40.538  -77.483  21.061 0.1000000015
9248  -33.817  -77.577  20.007 0.1000000015
9304  -38.126  -77.130  15.077 0.1000000015
9824  -37.888  -76.161  30.654 0.3000000119
9840  -45.531  -76.721  27.981 0.5000000000
9848  -45.637  -76.143  27.206 0.5000000000
9855  -43.312  -76.252  26.039 0.5000000000
9856  -43.920  -75.360  25.918 0.5000000000
9887  -35.476  -76.101  22.851 0.1000000015
9901  -40.605  -77.212  21.405 0.1000000015
9902  -40.574  -76.711  21.223 0.1000000015
9911  -35.133  -76.914  20.180 0.1000000015
9913  -38.428  -77.082  20.539 0.1000000015
9924  -35.634  -76.317  20.008 0.1000000015
9937  -35.574  -76.321  19.172 0.1000000015
9938  -36.282  -76.031  18.662 0.1000000015
9951  -36.762  -76.515  17.580 0.1000000015
10477  -43.542  -76.912  36.120 0.3000000119
10496  -33.193  -75.175  34.937 0.2000000030
10508  -33.527  -75.036  33.575 0.2000000030
10531  -34.949  -75.147  31.715 0.2000000030
10532  -35.604  -75.374  31.449 0.3000000119
10533  -37.140  -75.907  30.859 0.4000000060
10543  -36.862  -75.033  30.527 0.4000000060
10571  -38.972  -75.595  26.974 0.4000000060
10576  -44.339  -74.629  26.178 0.5000000000
10609  -38.673  -76.130  22.564 0.1000000015
10623  -40.776  -75.298  21.600 0.1000000015
10638  -39.324  -75.100  20.522 0.1000000015
10689  -39.368  -75.125  16.349 0.1000000015
11209  -35.056  -74.222  40.524 0.1000000015
11279  -32.180  -74.132  35.171 0.3000000119
11301  -32.535  -74.435  34.542 0.3000000119
11329  -33.936  -74.586  32.331 0.2000000030
11389  -36.742  -74.196  27.430 0.1000000015
11405  -44.482  -74.100  26.505 0.6000000238
11452  -36.659  -74.701  22.532 0.1000000015
11478  -38.196  -74.676  19.925 0.1000000015
11480  -39.979  -74.638  20.456 0.1000000015
11482  -41.352  -74.180  20.963 0.1000000015
11494  -40.600  -74.033  20.093 0.1000000015
11510  -38.204  -74.755  19.124 0.1000000015
11511  -39.108  -74.648  18.423 0.1000000015
11524  -39.468  -74.985  17.192 0.1000000015
12039  -33.494  -73.178  40.179 0.1000000015
12050  -32.363  -73.023  39.126 0.1000000015
12051  -33.108  -73.492  39.493 0.1000000015
12139  -45.472  -74.078  32.918 0.3000000119
12153  -45.758  -73.578  32.434 0.3000000119
12162  -34.475  -73.350  31.161 0.2000000030
12172  -35.199  -73.423  30.730 0.2000000030
12272  -35.801  -73.671  22.487 0.1000000015
12277  -41.049  -73.870  21.443 0.1000000015
12319  -41.581  -73.129  19.225 0.1000000015
12353  -41.274  -72.943  17.352 0.1000000015
12804  -35.519  -72.413  42.023 0.1000000015
12828  -33.854  -72.750  40.816 0.1000000015
12888  -31.677  -72.710  36.549 0.3000000119
12899  -31.823  -72.611  34.822 0.3000000119
12901  -37.483  -72.485  35.495 0.3000000119
12924  -32.572  -72.794  33.027 0.3000000119
12929  -46.354  -72.275  32.022 0.3000000119
12942  -33.746  -72.372  31.936 0.3000000119
12946  -46.090  -73.077  32.202 0.3000000119
12958  -35.328  -72.031  31.183 0.3000000119
12961  -46.259  -71.757  31.632 0.3000000119
12971  -36.567  -72.557  30.445 0.4000000060
13005  -38.522  -72.217  27.034 0.3000000119
13021  -43.087  -72.075  26.439 0.6000000238
13081  -40.057  -71.935  21.483 0.1000000015
13083  -41.319  -73.029  21.161 0.1000000015
13098  -41.571  -72.950  20.683 0.1000000015
13118  -41.607  -72.552  18.972 0.1000000015
13154  -40.828  -72.646  16.352 0.1000000015
13166  -40.871  -72.184  15.774 0.1000000015
13598  -32.326  -71.413  39.571 0.1000000015
13614  -32.111  -71.472  38.827 0.1000000015
13620  -45.689  -72.133  38.396 0.1000000015
13648  -32.646  -70.880  36.080 0.3000000119
13649  -35.813  -71.385  36.034 0.3000000119
13677  -36.595  -71.501  34.535 0.3000000119
13679  -37.961  -71.587  33.939 0.3000000119
13690  -34.304  -71.121  32.967 0.3000000119
13694  -38.351  -71.122  33.400 0.3000000119
13697  -41.252  -72.282  33.275 0.3000000119
13714  -35.914  -71.048  32.130 0.3000000119
13718  -41.143  -71.611  32.794 0.3000000119
13720  -46.297  -71.423  31.822 0.3000000119
13738  -36.548  -71.222  31.523 0.3000000119
13742  -46.216  -71.225  31.392 0.3000000119
13751  -37.533  -71.553  30.697 0.4000000060
13800  -40.529  -71.467  26.389 0.5000000000
13849  -37.522  -70.883  22.258 0.1000000015
13864  -40.111  -71.294  21.142 0.1000000015
13881  -41.388  -72.273  20.415 0.1000000015
13917  -41.326  -72.005  17.478 0.1000000015
14358  -43.985  -70.796  40.394 0.1000000015
14418  -32.962  -70.189  37.696 0.2000000030
14470  -36.073  -70.795  32.959 0.3000000119
14485  -37.556  -70.670  32.382 0.3000000119
14487  -39.245  -70.574  32.213 0.3000000119
14491  -46.001  -70.699  31.468 0.3000000119
14509  -37.933  -70.747  31.596 0.3000000119
14525  -38.487  -70.877  30.952 0.4000000060
14539  -37.940  -69.994  28.764 0.3000000119
14546  -36.091  -71.244  28.822 0.1000000015
14640  -38.126  -70.297  21.853 0.1000000015
14641  -38.535  -70.314  21.476 0.1000000015
14659  -38.882  -70.303  21.150 0.1000000015
14660  -39.599  -70.672  20.982 0.1000000015
14689  -37.731  -70.490  19.127 0.1000000015
14691  -39.518  -70.848  19.636 0.1000000015
14730  -37.949  -70.004  16.792 0.1000000015
15106  -34.761  -68.730  41.527 0.1000000015
15123  -33.184  -69.406  40.100 0.1000000015
15208  -42.081  -70.151  34.661 0.1000000015
15351  -38.155  -70.028  21.611 0.1000000015
15368  -37.822  -69.564  21.520 0.1000000015
15385  -34.930  -69.302  20.024 0.1000000015
15406  -36.242  -70.051  19.459 0.1000000015
15422  -36.403  -70.074  18.415 0.1000000015
15927  -34.045  -68.740  41.143 0.1000000015
15938  -42.561  -68.119  40.147 0.1000000015
15956  -35.882  -68.191  38.335 0.1000000015
16191  -33.700  -68.365  20.004 0.1000000015
16221  -35.467  -68.974  17.568 0.1000000015
16249  -35.746  -67.867  16.286 0.1000000015
16265  -37.218  -68.713  14.629 0.1000000015
16280  -37.465  -68.814  13.903 0.1000000015
16791  -42.985  -67.152  41.171 0.1000000015
16804  -43.300  -67.758  40.832 0.1000000015
16824  -39.170  -67.692  38.775 0.1000000015
16949  -44.137  -67.828  29.985 0.4000000060
17031  -35.788  -67.643  22.659 0.1000000015
17053  -33.221  -67.617  19.514 0.1000000015
17125  -35.615  -67.981  14.864 0.1000000015
17653  -42.586  -66.775  41.559 0.1000000015
17683  -35.903  -66.747  38.922 0.1000000015
17780  -39.154  -66.432  33.954 0.1000000015
17940  -33.829  -66.564  18.008 0.1000000015
17952  -34.546  -66.458  17.359 0.1000000015
18614  -34.765  -65.763  34.040 0.1000000015
18737  -32.209  -65.390  21.540 0.1000000015
18773  -32.475  -64.442  18.978 0.1000000015
19506  -31.914  -64.534  19.896 0.1000000015
19529  -33.930  -64.823  17.744 0.1000000015
19546  -34.301  -64.184  17.126 0.1000000015
20057  -40.802  -63.132  37.083 0.1000000015
20298  -32.763  -63.640  18.623 0.1000000015
21081  -33.681  -62.978  16.809 0.1000000015
21571  -36.420  -61.506  36.563 0.1000000015
21858  -32.414  -61.864  18.922 0.1000000015
23353  -36.316  -59.722  36.079 0.1000000015
119227  -38.682  -79.585  20.102 0.1000000015
119335  -40.187  -78.150  31.729 0.3000000119
119353  -37.027  -71.944  22.363 0.1000000015
119415  -23.872  -89.182  12.941 0.1000000015
120141  -41.255  -80.804  32.993 0.1000000015
120911  -38.939  -74.003  22.355 0.1000000015
121895  -30.405  -80.680  19.525 0.1000000015
122082  -42.857  -73.588  27.976 0.4000000060
122418  -40.907  -71.626  19.330 0.1000000015
122553  -28.922  -85.209  14.923 0.1000000015
122766  -25.490  -92.240  24.164 0.1000000015
123323  -43.896  -79.471  30.062 0.5000000000
123428  -39.232  -70.757  17.812 0.1000000015
123697  -32.969  -67.378  20.263 0.1000000015
123762  -31.275  -87.800  30.414 0.1000000015
124643  -39.035  -75.410  22.498 0.1000000015
124743  -43.657  -79.864  28.987 0.5000000000
124861  -37.322  -69.293  22.255 0.1000000015
125492  -40.644  -76.338  21.612 0.1000000015
125674  -32.130  -57.863  20.251 0.1000000015
126533  -45.054  -78.210  27.705 0.5000000000
126646  -25.209  -88.727  23.663 0.1000000015
126857  -23.595  -91.832  16.931 0.1000000015
127624  -44.928  -76.529  28.376 0.5000000000
128696  -31.812  -71.866  36.207 0.3000000119
128801  -33.189  -69.427  39.325 0.1000000015
130361  -36.838  -69.354  20.932 0.1000000015
130417  -32.493  -58.148  18.683 0.1000000015
130855  -44.795  -75.476  26.127 0.5000000000
131038  -39.954  -75.501  22.325 0.1000000015
131121  -43.754  -65.479  36.959 0.1000000015
131181  -33.554  -70.085  37.255 0.3000000119
131224  -34.261  -72.761  31.413 0.3000000119
131600  -38.328  -68.970  38.390 0.2000000030
131807  -26.539  -89.904  25.525 0.1000000015
132189  -37.967  -74.707  27.169 0.3000000119
132671  -42.048  -81.172  26.949 0.3000000119
132980  -35.488  -77.261  27.325 0.1000000015
134990  -23.330  -92.286  17.293 0.1000000015
135115  -36.017  -69.633  17.778 0.1000000015
135608  -31.842  -71.983  35.454 0.3000000119
135840  -40.962  -71.485  16.391 0.1000000015
136348  -41.690  -81.107  24.318 0.4000000060
136353  -33.300  -85.288  29.404 0.1000000015
138089  -25.282  -92.033  22.085 0.1000000015
138361  -32.168  -71.272  36.173 0.3000000119
138545  -35.409  -77.626  34.253 0.2000000030
138576  -42.637  -80.802  26.908 0.3000000119
138736  -31.848  -64.967  21.219 0.1000000015
138828  -24.440  -88.767  22.624 0.1000000015
138942  -36.964  -84.599  36.723 0.1000000015
139452  -25.346  -91.324  21.552 0.1000000015
139595  -23.023  -90.892  13.844 0.1000000015
139605  -35.422  -71.002  36.338 0.3000000119
139929  -36.377  -65.519  33.819 0.1000000015
139965  -32.602  -86.955  25.098 0.1000000015
140201  -35.856  -78.516  34.454 0.2000000030
140336  -36.272  -86.640  29.271 0.2000000030
140528  -38.733  -68.339  38.531 0.1000000015
140626  -40.520  -77.754  21.099 0.1000000015
140687  -34.675  -83.011  43.511 0.1000000015
140991  -26.072  -90.515  27.432 0.1000000015
141171  -31.687  -64.044  21.455 0.1000000015
141338  -35.550  -83.499  33.939 0.1000000015
141359  -23.798  -93.238  21.827 0.1000000015
141447  -35.908  -77.549  16.821 0.1000000015
142400  -32.639  -57.832  17.410 0.1000000015
