#!ascii label  , from subject sub-v2s0x29039_ses-1 vox2ras=TkReg
1767
58770  47.334  -15.269  62.596 0.0000000000
48081  44.456  -26.357  78.554 0.0000000000
42297  30.908  -32.933  82.197 0.0000000000
124454  24.017  -34.172  86.006 0.0000000000
46124  38.554  -28.329  86.367 0.0000000000
47169  33.938  -27.747  77.112 0.0000000000
50987  47.471  -23.761  66.777 0.0000000000
63715  57.125  -10.852  59.473 0.0000000000
51840  55.255  -22.316  74.732 0.0000000000
52808  45.953  -20.830  70.977 0.0000000000
116851  37.563  -23.618  68.797 0.0000000000
42211  31.698  -32.495  87.563 0.0000000000
124371  27.135  -32.245  84.076 0.0000000000
41292  27.689  -33.363  89.901 0.0000000000
43294  34.693  -31.776  84.595 0.0000000000
57706  56.522  -16.779  71.270 0.0000000000
50770  43.878  -22.996  83.702 0.0000000000
51795  47.365  -22.003  79.980 0.0000000000
55621  47.749  -18.703  76.189 0.0000000000
50897  44.108  -23.224  74.992 0.0000000000
50944  42.120  -22.874  69.636 0.0000000000
49946  40.714  -24.562  74.181 0.0000000000
45309  29.458  -29.767  75.194 0.0000000000
47213  31.317  -27.361  72.508 0.0000000000
60685  52.132  -13.318  61.576 0.0000000000
60727  51.106  -13.122  55.045 0.0000000000
42364  28.689  -33.086  77.519 0.0000000000
41382  27.053  -33.887  78.706 0.0000000000
47076  41.155  -27.332  81.900 0.0000000000
48099  39.076  -26.505  77.452 0.0000000000
46190  36.621  -28.701  81.293 0.0000000000
118503  32.273  -29.789  80.264 0.0000000000
55736  45.890  -18.384  65.756 0.0000000000
38485  24.235  -36.147  90.728 0.0000000000
131498  22.100  -38.463  85.595 0.0000000000
65615  53.770  -8.668  63.251 0.0000000000
140569  51.792  -12.454  66.845 0.0000000000
56692  51.052  -17.203  69.139 0.0000000000
51891  51.462  -22.030  71.100 0.0000000000
49050  49.619  -26.744  73.790 0.0000000000
56582  52.135  -17.015  75.311 0.0000000000
51842  49.428  -22.141  75.208 0.0000000000
48182  46.067  -26.423  71.053 0.0000000000
48206  44.439  -26.504  68.413 0.0000000000
49056  35.921  -25.686  73.220 0.0000000000
43226  31.911  -31.673  89.898 0.0000000000
42199  29.403  -32.525  88.754 0.0000000000
42174  29.219  -32.055  91.630 0.0000000000
42195  33.595  -32.272  88.564 0.0000000000
48950  44.678  -25.557  80.702 0.0000000000
50828  46.194  -24.372  79.624 0.0000000000
51811  45.507  -22.818  77.718 0.0000000000
49907  44.251  -24.873  76.662 0.0000000000
49944  42.799  -24.530  74.291 0.0000000000
49017  42.561  -25.247  75.647 0.0000000000
43403  27.796  -31.767  74.452 0.0000000000
123985  28.337  -30.052  72.831 0.0000000000
60688  49.969  -13.655  61.815 0.0000000000
127748  48.831  -13.220  59.117 0.0000000000
59743  46.605  -14.979  59.512 0.0000000000
42342  30.214  -32.885  80.073 0.0000000000
126517  28.112  -34.017  77.948 0.0000000000
42329  28.529  -32.843  80.599 0.0000000000
41319  25.324  -33.166  85.358 0.0000000000
42302  25.430  -32.633  82.325 0.0000000000
41344  23.538  -33.915  82.571 0.0000000000
39522  22.760  -35.377  82.761 0.0000000000
49817  39.761  -24.443  83.332 0.0000000000
47063  40.089  -28.035  83.973 0.0000000000
131589  39.867  -28.382  81.841 0.0000000000
45233  38.530  -29.015  83.627 0.0000000000
42279  32.803  -32.508  83.832 0.0000000000
44294  33.548  -30.645  82.437 0.0000000000
43327  31.553  -32.339  81.478 0.0000000000
44323  30.593  -31.009  79.266 0.0000000000
52848  46.630  -21.524  66.420 0.0000000000
51961  46.217  -22.531  63.776 0.0000000000
50082  48.265  -24.498  64.485 0.0000000000
36706  20.073  -38.295  85.762 0.0000000000
58720  51.082  -15.127  67.929 0.0000000000
59644  53.502  -14.271  68.746 0.0000000000
53710  56.266  -19.952  72.952 0.0000000000
54705  53.153  -20.062  71.474 0.0000000000
51864  52.929  -22.768  73.062 0.0000000000
49968  51.024  -24.084  72.232 0.0000000000
50895  52.325  -24.272  75.104 0.0000000000
54687  46.588  -19.479  73.519 0.0000000000
54685  48.606  -19.297  73.503 0.0000000000
52791  47.719  -21.050  72.438 0.0000000000
127124  47.312  -24.328  73.702 0.0000000000
50929  46.271  -23.842  71.230 0.0000000000
129437  45.413  -26.153  69.686 0.0000000000
50956  45.162  -22.806  69.140 0.0000000000
119296  42.260  -22.940  66.220 0.0000000000
47166  36.533  -27.484  77.571 0.0000000000
49023  37.099  -26.124  75.267 0.0000000000
48127  35.007  -26.951  75.118 0.0000000000
49093  31.844  -25.810  69.788 0.0000000000
137424  59.583  -10.898  55.507 0.0000000000
116528  56.993  -10.783  56.016 0.0000000000
138554  31.100  -32.518  84.631 0.0000000000
42284  28.643  -32.245  83.413 0.0000000000
42232  29.452  -32.244  86.255 0.0000000000
41305  27.021  -32.845  87.087 0.0000000000
41307  25.605  -33.633  87.627 0.0000000000
46111  36.754  -28.902  87.753 0.0000000000
44261  37.113  -30.780  85.618 0.0000000000
132935  35.884  -31.804  87.251 0.0000000000
117414  33.424  -32.660  86.280 0.0000000000
59636  56.317  -14.227  69.763 0.0000000000
117013  56.109  -18.090  73.719 0.0000000000
53614  47.171  -20.062  77.932 0.0000000000
53646  45.507  -20.445  75.352 0.0000000000
52777  44.289  -21.396  72.935 0.0000000000
52820  44.015  -21.363  70.119 0.0000000000
51868  43.322  -22.734  72.395 0.0000000000
135920  41.211  -23.772  71.654 0.0000000000
50934  39.166  -23.886  71.368 0.0000000000
46262  31.681  -28.566  76.236 0.0000000000
47199  32.569  -27.503  74.435 0.0000000000
46271  30.527  -28.603  74.359 0.0000000000
62677  54.806  -11.978  60.410 0.0000000000
62713  53.680  -11.626  56.984 0.0000000000
61674  51.632  -12.361  58.287 0.0000000000
117767  26.953  -32.366  81.690 0.0000000000
135841  41.562  -24.000  82.014 0.0000000000
48065  42.794  -26.963  80.385 0.0000000000
48097  41.453  -26.492  77.830 0.0000000000
46213  40.646  -28.106  80.303 0.0000000000
46216  37.873  -28.176  79.602 0.0000000000
46230  35.311  -28.017  78.904 0.0000000000
116475  35.933  -29.501  82.706 0.0000000000
45263  34.315  -29.013  80.869 0.0000000000
46233  32.770  -28.510  78.348 0.0000000000
45279  31.204  -29.609  78.249 0.0000000000
43367  29.056  -31.087  76.617 0.0000000000
57791  45.669  -16.613  64.416 0.0000000000
56793  44.030  -17.553  61.239 0.0000000000
54786  43.731  -19.501  62.942 0.0000000000
116862  25.826  -34.402  90.336 0.0000000000
39475  24.132  -35.047  88.419 0.0000000000
37611  23.142  -37.419  88.337 0.0000000000
39487  22.805  -36.185  86.014 0.0000000000
62629  56.274  -12.028  63.709 0.0000000000
63660  53.750  -11.647  62.818 0.0000000000
63649  50.553  -11.118  63.243 0.0000000000
61590  49.460  -12.740  65.387 0.0000000000
58728  48.458  -15.662  66.483 0.0000000000
56703  48.249  -17.847  67.385 0.0000000000
53783  48.674  -20.477  68.313 0.0000000000
57721  54.017  -16.651  70.485 0.0000000000
54713  50.948  -19.909  70.099 0.0000000000
138347  49.418  -22.600  69.081 0.0000000000
50008  48.951  -24.579  69.617 0.0000000000
123724  48.127  -27.189  70.615 0.0000000000
54671  53.214  -18.874  73.904 0.0000000000
56564  50.052  -17.512  76.249 0.0000000000
54673  51.254  -19.000  73.829 0.0000000000
51829  51.989  -22.709  76.688 0.0000000000
123322  49.274  -25.636  76.303 0.0000000000
48152  47.842  -27.565  74.043 0.0000000000
50973  43.549  -22.691  67.444 0.0000000000
49020  39.421  -25.242  76.005 0.0000000000
49053  38.286  -24.725  73.758 0.0000000000
127106  36.775  -24.442  71.218 0.0000000000
48165  33.485  -26.390  72.576 0.0000000000
49090  34.379  -25.246  70.687 0.0000000000
43212  30.588  -31.575  90.745 0.0000000000
43197  30.060  -31.269  91.265 0.0000000000
48063  44.953  -26.245  79.820 0.0000000000
49857  45.791  -24.927  80.493 0.0000000000
48978  45.133  -26.068  78.838 0.0000000000
49892  45.194  -24.483  77.894 0.0000000000
48995  43.954  -25.469  76.832 0.0000000000
49016  43.198  -25.114  75.567 0.0000000000
48984  43.546  -26.017  77.151 0.0000000000
119893  48.455  -14.477  61.934 0.0000000000
121007  48.081  -14.382  60.687 0.0000000000
58793  47.016  -15.218  61.002 0.0000000000
42311  30.687  -32.986  81.451 0.0000000000
120906  29.435  -33.097  80.323 0.0000000000
42298  30.190  -32.935  81.943 0.0000000000
41320  24.678  -33.612  85.686 0.0000000000
41334  24.377  -33.380  83.685 0.0000000000
40433  23.854  -33.844  84.335 0.0000000000
40441  23.007  -34.521  83.083 0.0000000000
39510  22.742  -35.011  84.738 0.0000000000
47024  37.950  -26.996  87.146 0.0000000000
47036  39.169  -27.079  86.176 0.0000000000
47989  39.562  -26.660  85.660 0.0000000000
46138  39.416  -28.239  85.220 0.0000000000
46150  39.481  -28.426  84.462 0.0000000000
46151  39.090  -28.715  85.073 0.0000000000
42296  31.476  -32.742  82.544 0.0000000000
43319  31.857  -32.516  82.169 0.0000000000
42310  31.241  -32.804  81.816 0.0000000000
43337  30.731  -32.513  80.431 0.0000000000
130464  47.358  -22.863  66.870 0.0000000000
51020  46.653  -23.194  65.325 0.0000000000
51004  47.211  -23.924  65.780 0.0000000000
61570  54.754  -11.714  67.858 0.0000000000
60609  53.874  -13.490  68.430 0.0000000000
60608  54.805  -13.154  68.626 0.0000000000
53687  56.029  -21.191  73.799 0.0000000000
52788  55.154  -21.623  73.273 0.0000000000
51853  54.627  -22.844  74.590 0.0000000000
50907  52.976  -23.693  74.637 0.0000000000
50906  53.975  -23.360  75.163 0.0000000000
53715  46.247  -20.195  72.182 0.0000000000
53714  47.041  -20.400  72.147 0.0000000000
52807  46.524  -21.180  71.263 0.0000000000
51867  47.052  -22.860  72.161 0.0000000000
51894  46.265  -21.791  70.790 0.0000000000
50942  45.854  -23.797  70.433 0.0000000000
51895  45.713  -21.986  70.074 0.0000000000
47167  35.669  -27.535  77.447 0.0000000000
48114  36.023  -27.033  76.089 0.0000000000
47191  34.390  -27.321  75.684 0.0000000000
63739  58.560  -10.534  57.665 0.0000000000
63741  56.761  -10.636  58.009 0.0000000000
135654  31.158  -32.445  86.219 0.0000000000
42248  29.885  -32.258  85.495 0.0000000000
42231  30.314  -32.320  86.379 0.0000000000
118011  28.988  -32.717  89.413 0.0000000000
42214  28.427  -32.465  87.459 0.0000000000
42215  27.681  -32.771  87.770 0.0000000000
41306  26.308  -33.213  87.332 0.0000000000
41298  26.615  -33.485  88.718 0.0000000000
45179  36.045  -29.395  88.148 0.0000000000
44236  36.649  -30.677  87.418 0.0000000000
44228  35.388  -30.847  88.483 0.0000000000
119882  32.350  -32.482  88.076 0.0000000000
42209  33.829  -32.539  87.740 0.0000000000
117415  32.469  -32.587  87.260 0.0000000000
117711  32.394  -32.619  85.322 0.0000000000
51780  47.022  -22.918  81.351 0.0000000000
52668  47.427  -21.422  81.984 0.0000000000
53586  48.224  -20.870  80.787 0.0000000000
53605  48.301  -20.130  79.485 0.0000000000
52698  47.109  -21.321  79.077 0.0000000000
51821  44.832  -22.532  76.348 0.0000000000
52712  45.669  -21.409  77.066 0.0000000000
52745  44.689  -21.687  75.142 0.0000000000
53669  45.030  -20.747  74.173 0.0000000000
51857  44.220  -22.035  73.750 0.0000000000
52793  43.796  -21.755  72.133 0.0000000000
51845  43.851  -23.124  73.986 0.0000000000
118716  41.586  -24.522  73.876 0.0000000000
49959  41.785  -24.230  73.019 0.0000000000
49972  40.868  -24.186  72.680 0.0000000000
50932  40.563  -23.725  71.386 0.0000000000
49973  39.468  -24.183  72.542 0.0000000000
46263  30.982  -28.967  75.953 0.0000000000
46266  31.496  -28.433  75.462 0.0000000000
45312  30.055  -29.158  74.816 0.0000000000
61654  53.984  -12.671  61.284 0.0000000000
130010  53.084  -12.295  59.492 0.0000000000
61669  51.622  -12.557  59.428 0.0000000000
60718  48.882  -13.832  57.384 0.0000000000
42377  28.273  -32.689  76.550 0.0000000000
41411  28.141  -33.594  76.901 0.0000000000
123879  27.965  -32.164  84.131 0.0000000000
42299  28.390  -32.360  82.426 0.0000000000
42285  26.747  -32.327  83.305 0.0000000000
42317  24.502  -33.302  81.579 0.0000000000
42316  25.047  -32.888  81.523 0.0000000000
48942  40.646  -26.121  82.648 0.0000000000
135534  40.313  -24.277  82.542 0.0000000000
48953  41.487  -25.648  81.443 0.0000000000
48952  42.384  -26.233  81.041 0.0000000000
118008  41.612  -27.287  81.268 0.0000000000
118539  41.866  -27.651  79.911 0.0000000000
46185  41.226  -27.735  81.314 0.0000000000
45243  38.144  -28.771  82.020 0.0000000000
46201  39.088  -28.407  80.607 0.0000000000
46202  38.006  -28.371  80.403 0.0000000000
47129  37.221  -28.025  79.141 0.0000000000
127232  36.534  -28.211  79.843 0.0000000000
43293  35.774  -31.254  84.833 0.0000000000
44291  36.136  -30.101  83.671 0.0000000000
44283  35.246  -30.585  83.690 0.0000000000
44311  32.842  -29.870  80.948 0.0000000000
119519  33.708  -29.552  81.339 0.0000000000
45264  33.497  -29.186  80.579 0.0000000000
46206  34.072  -28.673  80.116 0.0000000000
45272  32.477  -29.232  79.590 0.0000000000
45278  32.033  -28.977  78.234 0.0000000000
119441  31.833  -29.414  78.966 0.0000000000
43352  30.044  -31.870  78.927 0.0000000000
44334  30.146  -30.931  78.406 0.0000000000
43359  28.827  -32.094  77.021 0.0000000000
56726  45.759  -17.691  65.397 0.0000000000
56762  44.221  -17.750  63.538 0.0000000000
135923  44.238  -19.651  64.365 0.0000000000
52871  46.722  -22.129  62.914 0.0000000000
39458  25.251  -35.008  90.892 0.0000000000
40400  25.032  -34.823  89.756 0.0000000000
39460  24.073  -35.981  89.703 0.0000000000
36668  21.763  -38.539  87.204 0.0000000000
126349  22.511  -38.104  87.071 0.0000000000
37620  22.946  -36.733  86.749 0.0000000000
37626  22.461  -38.028  85.711 0.0000000000
127036  22.514  -37.514  84.996 0.0000000000
36704  22.283  -38.269  84.912 0.0000000000
62628  57.226  -11.864  63.859 0.0000000000
64648  55.683  -9.968  63.398 0.0000000000
65628  53.717  -9.371  62.762 0.0000000000
128711  52.143  -11.508  62.621 0.0000000000
64650  52.472  -9.484  63.075 0.0000000000
62591  51.616  -11.401  65.982 0.0000000000
62604  51.033  -11.047  65.164 0.0000000000
61580  50.626  -12.409  66.103 0.0000000000
59674  49.049  -14.012  65.936 0.0000000000
60630  50.169  -13.582  66.568 0.0000000000
58715  51.465  -15.770  68.522 0.0000000000
57752  50.107  -16.128  67.901 0.0000000000
120990  49.574  -17.881  68.354 0.0000000000
55700  48.959  -18.628  68.145 0.0000000000
55699  50.129  -18.182  68.864 0.0000000000
58695  56.259  -15.523  70.490 0.0000000000
58696  55.200  -15.565  70.285 0.0000000000
57720  54.883  -16.415  70.682 0.0000000000
53733  52.632  -20.885  71.541 0.0000000000
54711  52.436  -19.453  70.951 0.0000000000
53753  51.155  -20.648  70.445 0.0000000000
52823  50.146  -21.267  69.661 0.0000000000
51901  50.381  -21.934  69.950 0.0000000000
50954  49.364  -23.757  69.530 0.0000000000
50941  49.962  -23.449  70.077 0.0000000000
49969  50.552  -25.115  72.836 0.0000000000
49980  49.569  -25.365  71.627 0.0000000000
49073  49.058  -26.001  71.767 0.0000000000
48171  48.627  -26.867  72.353 0.0000000000
56603  52.950  -17.245  74.676 0.0000000000
55610  47.967  -18.841  76.945 0.0000000000
55608  49.475  -18.007  76.965 0.0000000000
55620  48.478  -18.284  76.275 0.0000000000
53688  49.194  -20.058  73.582 0.0000000000
54684  49.383  -19.162  73.718 0.0000000000
52759  50.351  -20.978  74.656 0.0000000000
53644  51.631  -21.150  75.041 0.0000000000
51831  49.975  -22.654  76.215 0.0000000000
49906  50.529  -24.134  77.032 0.0000000000
50887  48.973  -24.225  76.226 0.0000000000
49971  46.573  -25.153  72.613 0.0000000000
49051  47.329  -26.662  74.232 0.0000000000
49064  46.689  -26.229  72.764 0.0000000000
47211  47.051  -27.672  72.196 0.0000000000
121338  46.561  -27.213  71.565 0.0000000000
47233  46.196  -27.452  70.886 0.0000000000
48205  44.965  -26.307  69.021 0.0000000000
46329  44.938  -27.521  69.582 0.0000000000
51897  42.806  -22.325  69.992 0.0000000000
51916  43.875  -22.039  68.475 0.0000000000
51918  42.618  -22.351  68.231 0.0000000000
50053  43.177  -24.197  66.081 0.0000000000
48098  40.544  -26.596  77.891 0.0000000000
48986  40.798  -25.994  77.290 0.0000000000
49000  39.211  -25.881  76.842 0.0000000000
49039  36.290  -25.925  74.050 0.0000000000
133719  37.643  -25.242  74.247 0.0000000000
49054  37.458  -25.042  73.535 0.0000000000
127107  37.734  -24.494  72.323 0.0000000000
49076  36.168  -24.942  71.862 0.0000000000
47207  32.347  -27.289  73.642 0.0000000000
47206  33.157  -27.100  73.883 0.0000000000
48166  32.683  -26.600  72.315 0.0000000000
49091  33.592  -25.457  70.426 0.0000000000
50013  34.769  -24.615  69.382 0.0000000000
128708  52.261  -12.208  56.204 0.0000000000
62727  53.733  -11.594  56.064 0.0000000000
55807  44.879  -17.841  59.324 0.0000000000
42197  31.695  -32.404  88.609 0.0000000000
117775  30.904  -32.440  87.857 0.0000000000
42189  30.640  -32.363  89.700 0.0000000000
42190  29.764  -32.549  89.884 0.0000000000
42191  28.980  -32.827  90.406 0.0000000000
43225  32.658  -31.678  89.583 0.0000000000
50784  44.234  -23.511  82.781 0.0000000000
50769  44.717  -22.998  83.375 0.0000000000
49827  45.389  -24.039  81.789 0.0000000000
49856  46.138  -24.181  81.002 0.0000000000
50827  46.592  -23.595  79.809 0.0000000000
52686  46.777  -22.084  79.136 0.0000000000
50856  45.631  -23.670  78.275 0.0000000000
50857  45.116  -23.577  77.428 0.0000000000
134225  44.010  -24.034  75.389 0.0000000000
50898  43.638  -23.998  74.640 0.0000000000
49926  43.483  -24.624  75.229 0.0000000000
49927  42.838  -24.877  74.905 0.0000000000
120686  41.377  -24.704  74.600 0.0000000000
44353  28.712  -30.405  75.051 0.0000000000
44368  28.923  -29.905  74.420 0.0000000000
43402  27.868  -31.186  73.892 0.0000000000
60686  51.431  -13.433  61.652 0.0000000000
60709  50.243  -13.025  60.272 0.0000000000
60710  49.287  -13.370  60.219 0.0000000000
59742  47.245  -14.393  59.204 0.0000000000
42354  29.517  -32.662  78.711 0.0000000000
41394  28.618  -33.576  78.158 0.0000000000
117803  28.993  -33.331  78.797 0.0000000000
42344  28.631  -33.191  79.546 0.0000000000
42330  27.568  -32.815  80.186 0.0000000000
42269  25.924  -32.766  84.934 0.0000000000
42286  25.828  -32.554  83.245 0.0000000000
41333  25.330  -32.873  84.101 0.0000000000
130927  24.237  -33.372  82.774 0.0000000000
39534  23.186  -35.685  82.019 0.0000000000
48003  40.114  -26.265  84.352 0.0000000000
47062  40.522  -27.568  83.403 0.0000000000
46175  40.356  -28.119  82.348 0.0000000000
46162  40.224  -28.104  83.171 0.0000000000
46177  38.740  -28.774  82.778 0.0000000000
45242  37.715  -29.084  82.819 0.0000000000
42261  33.452  -32.292  84.087 0.0000000000
43316  33.933  -30.950  83.063 0.0000000000
43317  33.250  -31.488  82.813 0.0000000000
43325  32.858  -31.161  82.156 0.0000000000
44312  32.074  -30.495  80.784 0.0000000000
44322  31.255  -30.588  79.827 0.0000000000
43343  30.947  -31.551  80.085 0.0000000000
43344  30.401  -32.127  79.698 0.0000000000
54757  46.586  -19.833  66.603 0.0000000000
53817  45.068  -20.955  65.052 0.0000000000
51943  46.084  -22.321  65.196 0.0000000000
51035  47.315  -23.707  64.281 0.0000000000
36669  20.812  -38.510  87.234 0.0000000000
36686  21.167  -38.540  85.836 0.0000000000
130097  21.616  -38.569  84.245 0.0000000000
36730  20.688  -38.438  84.491 0.0000000000
61572  52.884  -12.448  67.400 0.0000000000
124504  51.755  -13.508  67.446 0.0000000000
60620  52.544  -13.262  67.683 0.0000000000
59645  52.674  -14.569  68.478 0.0000000000
57740  52.113  -16.157  69.129 0.0000000000
55669  56.633  -18.275  72.273 0.0000000000
56651  55.018  -18.070  71.467 0.0000000000
54703  55.048  -20.088  72.243 0.0000000000
52803  53.469  -21.288  72.194 0.0000000000
51877  51.913  -22.234  71.669 0.0000000000
50928  51.084  -23.428  71.492 0.0000000000
51865  51.851  -23.091  72.248 0.0000000000
49956  51.291  -24.518  73.290 0.0000000000
49957  50.779  -25.365  73.877 0.0000000000
54676  46.575  -19.348  74.365 0.0000000000
55648  48.199  -18.430  74.523 0.0000000000
53690  47.355  -19.390  73.250 0.0000000000
129594  48.270  -20.676  72.923 0.0000000000
52775  48.305  -21.637  73.323 0.0000000000
50909  48.010  -23.333  74.225 0.0000000000
51866  47.503  -22.764  72.852 0.0000000000
121147  46.671  -23.967  72.197 0.0000000000
49981  46.287  -24.783  71.808 0.0000000000
135495  45.713  -26.034  70.317 0.0000000000
49994  45.631  -24.631  70.211 0.0000000000
129617  45.290  -24.622  69.410 0.0000000000
133058  44.846  -24.616  68.536 0.0000000000
50959  41.447  -23.147  69.255 0.0000000000
50974  42.161  -22.549  67.922 0.0000000000
50976  40.946  -23.059  67.828 0.0000000000
50992  40.741  -22.908  66.801 0.0000000000
50071  40.913  -24.272  64.729 0.0000000000
48101  37.871  -26.978  77.191 0.0000000000
48111  38.445  -26.410  76.950 0.0000000000
48113  36.803  -26.853  76.286 0.0000000000
48138  36.396  -26.307  74.899 0.0000000000
48154  35.387  -26.240  73.786 0.0000000000
48175  31.609  -26.603  71.168 0.0000000000
48186  30.335  -26.671  69.852 0.0000000000
63745  59.692  -10.613  56.767 0.0000000000
62737  57.839  -10.858  55.495 0.0000000000
117170  56.132  -11.201  54.994 0.0000000000
129569  31.273  -32.604  83.914 0.0000000000
127932  30.361  -32.743  82.817 0.0000000000
42264  30.403  -32.389  84.496 0.0000000000
42265  29.312  -32.197  84.767 0.0000000000
42266  28.229  -32.182  84.985 0.0000000000
117229  29.532  -32.298  87.087 0.0000000000
42249  27.997  -32.301  85.966 0.0000000000
42250  27.339  -32.339  85.388 0.0000000000
41311  26.307  -32.982  86.438 0.0000000000
120373  25.404  -33.341  86.228 0.0000000000
40421  24.676  -33.870  86.522 0.0000000000
46125  37.990  -28.814  86.832 0.0000000000
45217  38.101  -29.727  85.832 0.0000000000
44246  37.321  -30.145  87.055 0.0000000000
43278  36.541  -31.360  86.124 0.0000000000
42226  35.269  -32.183  86.028 0.0000000000
43251  34.801  -31.930  88.331 0.0000000000
42227  34.696  -32.471  86.547 0.0000000000
42260  33.908  -32.380  84.845 0.0000000000
131720  33.170  -32.519  84.534 0.0000000000
42280  32.070  -32.671  83.859 0.0000000000
50037  47.947  -24.578  67.573 0.0000000000
49143  47.869  -25.126  66.224 0.0000000000
48235  48.625  -26.353  66.930 0.0000000000
61539  56.672  -12.540  69.108 0.0000000000
57705  57.748  -16.314  71.930 0.0000000000
56636  56.971  -18.199  72.815 0.0000000000
54683  56.291  -19.725  73.318 0.0000000000
122571  55.817  -20.980  74.229 0.0000000000
54629  48.009  -19.640  78.458 0.0000000000
54642  47.555  -19.413  77.470 0.0000000000
52711  46.196  -21.183  77.669 0.0000000000
53615  46.539  -20.443  77.439 0.0000000000
54655  46.679  -19.514  76.213 0.0000000000
54663  45.979  -19.796  74.889 0.0000000000
130557  45.249  -20.345  72.999 0.0000000000
53737  45.091  -20.549  71.844 0.0000000000
52819  44.696  -21.134  70.280 0.0000000000
129830  44.017  -21.276  71.029 0.0000000000
51881  43.315  -22.218  71.505 0.0000000000
51882  42.763  -22.649  71.033 0.0000000000
50911  43.348  -23.344  73.147 0.0000000000
121453  42.342  -23.267  71.536 0.0000000000
50930  42.090  -23.133  70.714 0.0000000000
50946  40.439  -23.565  70.564 0.0000000000
117210  39.800  -23.552  69.854 0.0000000000
116956  38.864  -23.622  69.991 0.0000000000
46260  33.114  -27.999  76.867 0.0000000000
47192  33.565  -27.480  75.471 0.0000000000
46265  32.221  -28.125  75.749 0.0000000000
47200  31.794  -27.737  74.172 0.0000000000
47209  30.740  -27.862  73.017 0.0000000000
45321  29.131  -29.451  73.833 0.0000000000
46280  29.864  -28.254  72.617 0.0000000000
62689  55.445  -11.404  59.904 0.0000000000
62710  55.927  -10.810  58.390 0.0000000000
62701  54.573  -11.412  58.585 0.0000000000
118141  52.926  -11.944  58.087 0.0000000000
61686  51.396  -12.610  56.524 0.0000000000
60713  50.097  -12.694  58.372 0.0000000000
138193  50.184  -13.341  56.737 0.0000000000
118521  29.292  -32.712  81.760 0.0000000000
42314  27.668  -32.521  81.090 0.0000000000
42346  26.547  -32.885  79.961 0.0000000000
42315  25.932  -32.524  81.415 0.0000000000
42331  26.006  -32.727  80.527 0.0000000000
50772  42.035  -23.420  82.970 0.0000000000
49845  42.869  -24.710  81.333 0.0000000000
48951  43.943  -25.797  80.667 0.0000000000
48073  43.835  -26.844  79.521 0.0000000000
48096  43.098  -26.715  78.261 0.0000000000
47124  42.420  -27.311  79.546 0.0000000000
47147  40.740  -27.437  79.000 0.0000000000
47148  39.940  -27.413  78.779 0.0000000000
46200  40.082  -28.374  80.958 0.0000000000
46214  39.720  -28.189  80.027 0.0000000000
47149  38.459  -27.578  78.422 0.0000000000
47150  37.690  -27.703  78.375 0.0000000000
47152  35.930  -27.741  78.236 0.0000000000
47153  35.040  -27.782  78.104 0.0000000000
45227  38.053  -29.741  84.946 0.0000000000
45234  36.903  -29.475  83.253 0.0000000000
45253  36.281  -29.028  81.963 0.0000000000
44293  34.178  -30.312  82.635 0.0000000000
45254  35.418  -29.207  81.893 0.0000000000
133422  35.876  -28.855  81.380 0.0000000000
46205  34.943  -28.539  80.366 0.0000000000
46231  34.423  -28.098  78.740 0.0000000000
46245  33.311  -28.113  77.725 0.0000000000
46246  32.408  -28.463  77.461 0.0000000000
45299  31.238  -29.074  76.733 0.0000000000
45300  30.424  -29.585  76.493 0.0000000000
136265  30.694  -30.323  78.587 0.0000000000
44340  30.217  -30.063  77.172 0.0000000000
44345  29.170  -30.381  75.871 0.0000000000
44354  28.528  -31.021  75.661 0.0000000000
58757  46.880  -15.555  63.317 0.0000000000
58772  45.881  -16.017  62.039 0.0000000000
118758  45.057  -16.597  63.065 0.0000000000
53834  44.504  -21.052  63.508 0.0000000000
134050  45.542  -20.969  61.934 0.0000000000
49157  49.217  -25.616  65.507 0.0000000000
44197  28.933  -30.884  91.742 0.0000000000
42175  28.499  -32.343  91.878 0.0000000000
41287  27.572  -33.356  91.432 0.0000000000
40390  26.734  -33.813  91.561 0.0000000000
120634  27.008  -33.611  89.648 0.0000000000
40406  25.871  -33.789  88.525 0.0000000000
116841  24.516  -34.490  88.108 0.0000000000
123829  23.999  -34.419  86.843 0.0000000000
38496  23.827  -36.835  90.097 0.0000000000
38506  23.442  -36.505  88.466 0.0000000000
130383  23.165  -35.896  87.212 0.0000000000
39499  22.962  -35.360  85.708 0.0000000000
39511  22.535  -35.797  84.235 0.0000000000
134200  57.480  -11.264  61.042 0.0000000000
62674  56.713  -11.572  61.231 0.0000000000
62659  55.676  -12.231  61.837 0.0000000000
61636  54.313  -12.748  62.271 0.0000000000
64647  56.682  -10.323  64.074 0.0000000000
62643  55.007  -12.286  63.217 0.0000000000
61620  52.935  -12.990  62.306 0.0000000000
125890  51.406  -13.254  62.248 0.0000000000
61623  50.084  -13.217  62.469 0.0000000000
60658  48.760  -13.618  63.154 0.0000000000
63648  51.223  -10.437  63.676 0.0000000000
62617  49.580  -11.727  64.144 0.0000000000
60649  48.415  -13.400  63.944 0.0000000000
59676  47.792  -14.719  64.996 0.0000000000
57776  46.878  -16.155  65.353 0.0000000000
57763  47.521  -16.775  66.389 0.0000000000
59657  49.954  -14.883  67.115 0.0000000000
57754  48.607  -16.470  66.988 0.0000000000
55720  47.224  -18.441  66.801 0.0000000000
54756  47.287  -19.267  67.081 0.0000000000
53797  47.459  -20.641  67.353 0.0000000000
51925  48.221  -22.124  67.867 0.0000000000
58703  55.100  -14.636  69.644 0.0000000000
137874  53.536  -15.397  69.501 0.0000000000
124562  52.544  -17.147  69.990 0.0000000000
55677  53.391  -18.150  70.985 0.0000000000
55678  52.488  -18.492  70.652 0.0000000000
55688  51.006  -18.567  69.702 0.0000000000
54724  50.095  -19.478  69.290 0.0000000000
52830  49.003  -21.098  68.589 0.0000000000
123134  48.446  -22.977  68.118 0.0000000000
50971  48.406  -23.897  68.262 0.0000000000
50009  48.400  -25.142  69.032 0.0000000000
126400  49.759  -24.660  70.965 0.0000000000
49991  49.069  -25.022  70.272 0.0000000000
54670  55.135  -18.999  73.958 0.0000000000
53641  54.509  -21.548  75.146 0.0000000000
56583  50.696  -17.225  75.671 0.0000000000
55647  48.874  -18.178  74.496 0.0000000000
56606  50.026  -17.707  74.569 0.0000000000
56604  51.673  -17.486  74.477 0.0000000000
54672  52.213  -18.942  73.875 0.0000000000
53643  52.476  -21.268  75.199 0.0000000000
139117  53.417  -22.852  76.040 0.0000000000
50884  52.015  -24.153  76.652 0.0000000000
49013  50.375  -25.469  76.236 0.0000000000
48135  49.470  -26.925  75.493 0.0000000000
49941  48.203  -25.803  75.764 0.0000000000
48137  47.938  -27.336  74.992 0.0000000000
48151  48.419  -27.757  74.498 0.0000000000
47217  47.490  -27.778  72.147 0.0000000000
47234  45.537  -27.480  70.152 0.0000000000
131883  44.692  -29.221  71.481 0.0000000000
51905  44.566  -22.016  68.984 0.0000000000
50957  44.631  -22.784  68.526 0.0000000000
49129  44.396  -24.999  67.816 0.0000000000
50989  43.329  -22.929  66.896 0.0000000000
131062  43.681  -24.045  66.667 0.0000000000
48985  41.764  -25.980  77.151 0.0000000000
49019  40.553  -25.106  76.003 0.0000000000
130445  39.935  -24.617  74.587 0.0000000000
49021  38.475  -25.352  75.472 0.0000000000
49947  39.216  -24.863  75.071 0.0000000000
116846  39.121  -24.400  73.318 0.0000000000
49974  38.575  -24.354  72.584 0.0000000000
49995  37.683  -24.088  70.995 0.0000000000
50963  37.397  -23.842  69.569 0.0000000000
47197  34.196  -27.143  74.889 0.0000000000
48155  34.547  -26.443  73.570 0.0000000000
49057  35.099  -25.948  73.020 0.0000000000
48174  32.451  -26.375  71.493 0.0000000000
49079  33.816  -25.695  71.232 0.0000000000
49077  35.381  -25.253  71.666 0.0000000000
49998  35.576  -24.691  70.448 0.0000000000
50011  36.593  -24.119  69.652 0.0000000000
62725  55.280  -11.027  56.968 0.0000000000
62752  55.265  -11.318  54.851 0.0000000000
62769  54.552  -11.330  53.785 0.0000000000
58794  45.490  -15.994  60.320 0.0000000000
48072  44.802  -26.399  79.308 0.0000000000
48062  45.238  -26.084  79.481 0.0000000000
119451  44.786  -25.860  78.155 0.0000000000
48983  44.240  -25.949  77.632 0.0000000000
48095  43.749  -26.402  77.955 0.0000000000
59709  47.929  -14.892  62.265 0.0000000000
58787  47.263  -15.280  61.848 0.0000000000
42312  30.008  -33.130  81.060 0.0000000000
40426  23.997  -33.944  85.185 0.0000000000
40434  23.103  -34.386  84.027 0.0000000000
126331  23.375  -34.307  84.769 0.0000000000
47037  38.612  -27.481  86.590 0.0000000000
47045  39.136  -27.933  85.940 0.0000000000
47044  39.609  -27.532  85.464 0.0000000000
46139  38.926  -28.608  85.682 0.0000000000
129521  46.979  -23.126  66.206 0.0000000000
60607  55.187  -12.257  68.341 0.0000000000
61556  56.076  -11.965  68.632 0.0000000000
51839  55.473  -22.144  74.435 0.0000000000
52772  55.684  -21.919  74.002 0.0000000000
51852  55.230  -22.412  74.545 0.0000000000
51841  54.634  -22.839  75.141 0.0000000000
53736  45.726  -20.532  71.613 0.0000000000
53735  46.425  -20.676  71.614 0.0000000000
52818  45.526  -21.197  70.389 0.0000000000
47168  34.799  -27.611  77.296 0.0000000000
47180  35.432  -27.355  76.664 0.0000000000
47181  34.588  -27.476  76.485 0.0000000000
125953  57.919  -10.723  59.250 0.0000000000
63728  58.224  -10.577  58.472 0.0000000000
63729  57.380  -10.646  58.636 0.0000000000
117230  31.018  -32.398  86.978 0.0000000000
41291  28.332  -33.047  89.628 0.0000000000
41296  28.474  -32.678  88.503 0.0000000000
41297  27.524  -33.155  88.842 0.0000000000
119159  26.907  -33.161  87.942 0.0000000000
46100  35.240  -28.883  88.610 0.0000000000
44227  36.074  -30.362  88.070 0.0000000000
42230  31.786  -32.534  86.656 0.0000000000
51787  47.516  -22.266  80.991 0.0000000000
51779  47.307  -22.185  81.797 0.0000000000
125769  47.677  -21.698  81.466 0.0000000000
52675  47.892  -21.527  80.792 0.0000000000
53599  47.908  -20.984  79.909 0.0000000000
51833  44.517  -22.487  75.473 0.0000000000
52726  44.811  -21.878  75.838 0.0000000000
51844  44.329  -22.335  74.610 0.0000000000
49960  40.832  -24.402  73.423 0.0000000000
50922  40.190  -24.091  72.434 0.0000000000
116549  40.064  -24.256  73.044 0.0000000000
45308  30.251  -29.357  75.604 0.0000000000
46267  30.769  -28.790  75.156 0.0000000000
61656  52.731  -13.050  61.023 0.0000000000
61668  52.549  -12.585  59.955 0.0000000000
61657  51.964  -12.956  60.574 0.0000000000
135152  27.688  -32.224  83.326 0.0000000000
41363  24.554  -33.933  80.711 0.0000000000
48038  40.925  -27.088  82.733 0.0000000000
134760  40.785  -25.584  81.984 0.0000000000
48037  41.118  -26.499  81.984 0.0000000000
48053  41.697  -26.808  81.444 0.0000000000
46189  37.566  -28.604  81.256 0.0000000000
46188  38.548  -28.565  81.272 0.0000000000
46203  36.981  -28.422  80.559 0.0000000000
138799  35.220  -31.488  84.713 0.0000000000
44275  35.774  -30.727  84.209 0.0000000000
43305  35.194  -31.171  84.278 0.0000000000
116698  32.856  -29.349  80.263 0.0000000000
44321  31.771  -29.848  79.679 0.0000000000
42363  29.214  -32.403  77.839 0.0000000000
43353  29.638  -31.680  78.139 0.0000000000
55737  45.210  -18.312  65.135 0.0000000000
54767  45.358  -19.320  65.484 0.0000000000
39450  25.183  -35.008  91.750 0.0000000000
39451  24.683  -35.526  91.336 0.0000000000
39459  24.601  -35.457  90.258 0.0000000000
36685  21.900  -38.564  86.260 0.0000000000
130592  22.177  -38.393  86.857 0.0000000000
36684  22.291  -38.272  86.339 0.0000000000
37621  22.658  -37.747  86.519 0.0000000000
63629  58.250  -10.716  64.668 0.0000000000
131782  58.528  -9.804  64.849 0.0000000000
65614  54.759  -8.253  63.410 0.0000000000
65627  54.410  -9.057  62.877 0.0000000000
64649  53.107  -9.309  62.873 0.0000000000
61579  51.330  -12.253  66.440 0.0000000000
62592  50.812  -11.779  65.723 0.0000000000
60629  50.760  -12.967  66.554 0.0000000000
57741  51.437  -16.533  68.970 0.0000000000
57742  50.702  -16.536  68.524 0.0000000000
56693  50.331  -17.447  68.728 0.0000000000
56684  50.706  -17.982  69.235 0.0000000000
57718  56.623  -16.054  70.876 0.0000000000
57719  55.816  -16.213  70.773 0.0000000000
56664  55.492  -16.955  71.105 0.0000000000
52805  51.931  -21.500  71.339 0.0000000000
53734  51.817  -20.754  70.986 0.0000000000
52816  51.314  -21.421  70.777 0.0000000000
52817  50.727  -21.350  70.222 0.0000000000
51892  50.872  -22.208  70.562 0.0000000000
51893  50.249  -22.662  70.006 0.0000000000
50940  50.615  -23.211  70.725 0.0000000000
49062  50.173  -25.932  73.506 0.0000000000
49063  49.597  -26.030  72.644 0.0000000000
48160  48.769  -27.433  73.579 0.0000000000
52760  49.595  -21.094  74.330 0.0000000000
52743  50.208  -21.786  75.426 0.0000000000
51832  49.177  -23.094  75.804 0.0000000000
49075  46.386  -25.620  72.165 0.0000000000
130246  46.515  -26.564  72.027 0.0000000000
133606  44.696  -25.676  68.424 0.0000000000
48195  44.727  -27.015  69.003 0.0000000000
51907  42.885  -22.214  68.909 0.0000000000
48085  39.690  -26.907  78.034 0.0000000000
48987  39.888  -26.188  77.397 0.0000000000
137192  37.024  -25.495  73.945 0.0000000000
49055  36.712  -25.368  73.370 0.0000000000
49066  36.426  -25.159  72.640 0.0000000000
47212  32.123  -27.074  72.836 0.0000000000
48167  31.895  -26.875  72.000 0.0000000000
61691  51.626  -12.630  55.597 0.0000000000
61695  51.789  -12.621  54.708 0.0000000000
42188  32.003  -32.091  89.531 0.0000000000
118459  31.324  -32.293  89.405 0.0000000000
42180  31.214  -31.997  90.125 0.0000000000
42173  29.861  -31.816  91.210 0.0000000000
42181  30.323  -32.140  90.544 0.0000000000
42182  29.539  -32.365  90.947 0.0000000000
43210  32.128  -31.204  90.030 0.0000000000
49828  44.663  -24.140  81.915 0.0000000000
49843  45.046  -24.807  81.225 0.0000000000
49870  45.915  -25.063  79.843 0.0000000000
49869  46.266  -24.386  80.321 0.0000000000
50812  46.656  -23.658  80.799 0.0000000000
50842  46.099  -23.825  79.058 0.0000000000
123226  44.670  -24.292  77.038 0.0000000000
50872  44.723  -23.456  76.641 0.0000000000
49925  44.289  -24.230  76.145 0.0000000000
139965  43.911  -24.498  75.668 0.0000000000
48996  43.188  -25.571  76.304 0.0000000000
49928  41.983  -24.925  75.093 0.0000000000
118377  28.159  -31.053  74.784 0.0000000000
44369  28.344  -30.499  74.205 0.0000000000
60687  50.761  -13.502  61.723 0.0000000000
126773  50.077  -13.481  61.111 0.0000000000
60704  49.310  -13.856  61.200 0.0000000000
130147  47.347  -14.727  60.280 0.0000000000
131009  47.933  -14.092  59.893 0.0000000000
58800  45.989  -15.423  58.978 0.0000000000
42343  29.562  -33.079  79.605 0.0000000000
138968  29.185  -32.908  81.029 0.0000000000
138601  25.329  -33.039  84.793 0.0000000000
137419  23.920  -33.609  83.138 0.0000000000
41343  24.044  -33.551  81.975 0.0000000000
40459  23.656  -34.167  81.726 0.0000000000
38532  22.779  -36.348  82.617 0.0000000000
49799  39.097  -24.780  85.505 0.0000000000
48004  40.042  -27.046  85.003 0.0000000000
122851  39.788  -26.256  85.136 0.0000000000
47054  40.294  -27.344  84.216 0.0000000000
48020  40.553  -26.735  83.492 0.0000000000
45225  39.198  -28.695  83.979 0.0000000000
46164  39.183  -28.628  83.404 0.0000000000
138453  33.201  -32.254  83.667 0.0000000000
43307  33.604  -31.780  83.539 0.0000000000
43308  32.961  -32.214  83.196 0.0000000000
43326  32.187  -31.776  81.829 0.0000000000
43335  31.833  -31.434  81.149 0.0000000000
44303  32.451  -30.787  81.489 0.0000000000
44313  31.477  -31.022  80.501 0.0000000000
43336  31.273  -32.011  80.781 0.0000000000
42353  29.942  -32.631  79.414 0.0000000000
53808  46.247  -20.757  66.228 0.0000000000
53816  45.659  -20.872  65.614 0.0000000000
52856  46.081  -21.609  65.738 0.0000000000
51019  47.112  -23.953  65.007 0.0000000000
51036  46.761  -23.415  64.677 0.0000000000
50083  47.598  -24.235  64.669 0.0000000000
51034  47.982  -24.019  64.135 0.0000000000
50081  49.251  -24.437  64.383 0.0000000000
134522  20.463  -38.411  86.512 0.0000000000
139822  21.287  -38.547  86.609 0.0000000000
118188  20.598  -38.413  85.182 0.0000000000
121774  21.412  -38.591  85.035 0.0000000000
60619  53.376  -12.994  67.887 0.0000000000
60610  53.025  -13.793  68.176 0.0000000000
58714  52.347  -15.358  68.787 0.0000000000
58713  53.132  -15.012  69.045 0.0000000000
55670  56.150  -19.137  72.425 0.0000000000
128191  55.180  -19.120  71.949 0.0000000000
54702  55.771  -19.784  72.478 0.0000000000
52789  54.215  -21.868  73.018 0.0000000000
53713  54.408  -21.260  72.591 0.0000000000
52790  53.259  -22.097  72.643 0.0000000000
52804  52.585  -21.715  71.935 0.0000000000
51876  52.475  -22.368  72.290 0.0000000000
50908  52.035  -24.048  73.927 0.0000000000
121439  51.517  -24.765  74.399 0.0000000000
120672  47.130  -19.115  73.877 0.0000000000
120848  47.739  -20.021  72.686 0.0000000000
52776  47.789  -21.989  72.820 0.0000000000
51856  47.948  -22.631  73.478 0.0000000000
118864  46.596  -22.888  71.379 0.0000000000
49993  45.958  -24.676  71.007 0.0000000000
124498  45.484  -23.760  69.643 0.0000000000
50010  45.088  -23.713  68.882 0.0000000000
50960  40.806  -23.257  68.821 0.0000000000
51007  40.423  -23.019  65.863 0.0000000000
51021  40.792  -23.512  65.165 0.0000000000
116730  39.929  -23.401  65.222 0.0000000000
48102  37.105  -27.133  76.967 0.0000000000
48126  35.800  -26.767  75.362 0.0000000000
48139  35.615  -26.505  74.584 0.0000000000
63747  58.028  -10.534  56.960 0.0000000000
137339  57.651  -10.650  56.320 0.0000000000
117060  56.970  -11.025  55.163 0.0000000000
62738  56.343  -11.004  55.695 0.0000000000
133276  30.586  -32.574  83.578 0.0000000000
117227  28.919  -32.195  85.687 0.0000000000
117416  30.007  -32.373  88.060 0.0000000000
42213  29.114  -32.413  87.834 0.0000000000
42234  27.805  -32.497  86.854 0.0000000000
128921  27.148  -32.553  86.227 0.0000000000
42251  26.552  -32.614  85.598 0.0000000000
119080  25.763  -33.342  86.911 0.0000000000
133940  25.236  -33.640  86.939 0.0000000000
46098  36.699  -27.988  87.688 0.0000000000
46110  37.374  -28.413  87.359 0.0000000000
45189  37.408  -29.317  87.268 0.0000000000
45203  37.884  -29.606  86.618 0.0000000000
43264  36.406  -31.376  86.994 0.0000000000
43265  35.969  -31.862  86.521 0.0000000000
43279  35.903  -31.656  85.653 0.0000000000
43238  34.098  -31.776  88.894 0.0000000000
42194  34.241  -32.277  88.278 0.0000000000
42228  34.007  -32.657  86.855 0.0000000000
42244  34.082  -32.563  85.893 0.0000000000
131609  34.683  -32.408  85.966 0.0000000000
42245  33.170  -32.632  85.374 0.0000000000
42263  31.752  -32.597  84.756 0.0000000000
49128  47.931  -25.323  66.983 0.0000000000
56635  57.531  -17.077  72.262 0.0000000000
57686  57.628  -16.725  73.120 0.0000000000
56599  56.525  -17.313  73.847 0.0000000000
56621  56.975  -17.870  73.243 0.0000000000
55640  56.255  -19.109  73.410 0.0000000000
53661  56.032  -20.193  73.667 0.0000000000
55641  55.806  -19.082  73.702 0.0000000000
50768  45.395  -22.925  83.133 0.0000000000
53606  47.508  -20.472  78.846 0.0000000000
51804  46.212  -22.777  78.704 0.0000000000
52699  46.433  -21.673  78.444 0.0000000000
52700  45.834  -21.977  77.798 0.0000000000
53628  45.653  -20.755  76.303 0.0000000000
53616  46.038  -20.762  77.038 0.0000000000
53627  46.278  -20.167  76.663 0.0000000000
53645  46.046  -19.929  75.803 0.0000000000
53693  44.806  -20.863  73.467 0.0000000000
53692  45.383  -20.276  73.677 0.0000000000
53717  44.848  -20.667  72.569 0.0000000000
53716  45.490  -20.305  72.341 0.0000000000
52792  44.454  -20.941  71.892 0.0000000000
51869  42.821  -23.040  71.901 0.0000000000
50899  43.194  -24.078  73.874 0.0000000000
50920  41.506  -23.963  72.198 0.0000000000
50919  42.301  -23.703  72.279 0.0000000000
118389  41.832  -23.593  71.589 0.0000000000
50931  41.278  -23.513  71.023 0.0000000000
50945  41.373  -23.319  70.152 0.0000000000
50933  39.849  -23.921  71.854 0.0000000000
117637  39.876  -23.716  71.175 0.0000000000
50947  39.437  -23.682  70.641 0.0000000000
50948  38.557  -23.851  70.818 0.0000000000
46261  32.369  -28.271  76.547 0.0000000000
47183  32.950  -27.829  76.038 0.0000000000
46270  31.287  -28.266  74.668 0.0000000000
47201  31.039  -28.086  73.852 0.0000000000
45322  28.559  -29.978  73.653 0.0000000000
137267  28.754  -29.525  73.201 0.0000000000
45334  28.636  -29.418  72.463 0.0000000000
46281  29.033  -28.734  72.110 0.0000000000
62690  54.685  -11.616  59.516 0.0000000000
61673  52.503  -12.236  58.807 0.0000000000
61672  53.377  -11.953  58.759 0.0000000000
61679  52.291  -12.141  57.676 0.0000000000
135093  51.998  -12.287  56.939 0.0000000000
61680  51.521  -12.435  57.383 0.0000000000
60714  49.660  -12.864  59.321 0.0000000000
61670  50.599  -12.671  59.405 0.0000000000
138462  49.278  -12.963  58.523 0.0000000000
128679  49.690  -13.656  56.910 0.0000000000
138131  28.319  -33.761  77.663 0.0000000000
42283  29.431  -32.525  82.664 0.0000000000
135973  27.308  -32.306  82.525 0.0000000000
42300  27.760  -32.392  81.851 0.0000000000
117894  26.753  -32.560  80.790 0.0000000000
41362  25.123  -33.562  80.311 0.0000000000
42332  25.347  -32.961  80.729 0.0000000000
41361  25.719  -33.151  80.005 0.0000000000
49808  39.313  -24.431  84.490 0.0000000000
139661  39.854  -23.649  83.536 0.0000000000
49831  40.864  -24.646  81.856 0.0000000000
50786  40.991  -23.792  82.553 0.0000000000
49830  42.508  -23.942  82.001 0.0000000000
48051  43.273  -26.453  80.536 0.0000000000
131334  43.160  -25.626  80.896 0.0000000000
48064  43.797  -26.657  80.066 0.0000000000
47110  43.128  -27.093  79.915 0.0000000000
48074  43.145  -27.068  79.114 0.0000000000
47125  41.143  -27.796  79.748 0.0000000000
47126  40.270  -27.839  79.503 0.0000000000
46186  40.589  -28.133  81.589 0.0000000000
46215  38.718  -28.157  79.665 0.0000000000
136693  38.785  -27.844  78.949 0.0000000000
47128  38.122  -27.993  78.986 0.0000000000
47130  36.229  -27.980  79.036 0.0000000000
121676  37.674  -30.188  85.515 0.0000000000
44273  37.374  -30.296  84.958 0.0000000000
44282  37.272  -29.879  84.165 0.0000000000
125650  36.780  -29.170  82.539 0.0000000000
44284  34.652  -30.443  83.125 0.0000000000
45255  34.549  -29.351  81.648 0.0000000000
45262  35.164  -28.890  81.136 0.0000000000
46219  33.822  -28.428  79.345 0.0000000000
46232  33.571  -28.253  78.551 0.0000000000
45287  31.591  -29.041  77.490 0.0000000000
45288  30.840  -29.569  77.344 0.0000000000
44332  31.195  -30.085  79.114 0.0000000000
44341  29.735  -30.783  77.491 0.0000000000
44344  29.703  -30.270  76.618 0.0000000000
57790  46.175  -16.043  63.902 0.0000000000
123012  45.498  -16.439  63.674 0.0000000000
135766  43.891  -18.647  63.509 0.0000000000
56780  43.876  -17.935  62.810 0.0000000000
54797  43.805  -19.277  62.096 0.0000000000
52863  45.160  -21.503  64.606 0.0000000000
53826  44.631  -21.051  64.377 0.0000000000
52872  45.145  -21.691  63.876 0.0000000000
52885  46.210  -21.556  62.470 0.0000000000
53851  46.790  -21.070  61.756 0.0000000000
126844  48.857  -26.039  66.201 0.0000000000
49158  48.337  -25.466  65.766 0.0000000000
49141  49.790  -26.079  66.031 0.0000000000
42170  28.060  -32.087  92.052 0.0000000000
42176  27.810  -32.673  92.013 0.0000000000
41281  28.081  -32.966  91.700 0.0000000000
41282  27.363  -33.213  91.911 0.0000000000
137528  26.301  -34.225  91.064 0.0000000000
127696  26.627  -34.006  90.493 0.0000000000
40399  26.235  -33.939  89.453 0.0000000000
123991  25.452  -34.259  89.164 0.0000000000
40408  24.744  -34.632  88.811 0.0000000000
40414  24.008  -34.743  87.644 0.0000000000
37612  22.891  -38.045  88.814 0.0000000000
37607  23.329  -37.435  89.371 0.0000000000
139946  23.415  -37.045  88.830 0.0000000000
125925  23.667  -36.606  89.204 0.0000000000
39486  23.084  -35.637  86.522 0.0000000000
39500  22.607  -36.241  85.132 0.0000000000
38530  22.530  -36.833  84.196 0.0000000000
36754  21.874  -38.510  83.535 0.0000000000
63673  59.016  -11.204  61.919 0.0000000000
62657  57.157  -11.709  62.026 0.0000000000
126423  56.608  -12.170  63.395 0.0000000000
61617  56.072  -12.353  62.898 0.0000000000
140046  56.107  -12.270  63.393 0.0000000000
61635  54.978  -12.593  62.384 0.0000000000
62642  55.578  -12.286  63.241 0.0000000000
64636  57.611  -10.003  64.511 0.0000000000
65612  56.968  -9.001  64.047 0.0000000000
64663  54.247  -10.123  62.760 0.0000000000
63659  55.140  -10.845  63.339 0.0000000000
129718  54.608  -11.665  63.168 0.0000000000
124895  54.362  -12.362  62.893 0.0000000000
62644  53.264  -12.392  62.598 0.0000000000
61621  52.087  -13.150  62.301 0.0000000000
62645  52.227  -12.645  62.507 0.0000000000
63662  51.446  -10.722  62.902 0.0000000000
62631  51.299  -11.809  62.703 0.0000000000
62632  50.530  -12.154  62.790 0.0000000000
60657  49.411  -13.284  62.765 0.0000000000
130720  49.768  -12.621  62.901 0.0000000000
64637  52.426  -9.433  63.879 0.0000000000
64638  51.851  -9.919  64.173 0.0000000000
61589  50.149  -12.213  65.544 0.0000000000
62605  50.209  -11.489  64.820 0.0000000000
61600  49.105  -12.387  64.408 0.0000000000
61601  48.697  -12.931  64.306 0.0000000000
60641  48.544  -13.440  64.769 0.0000000000
59683  48.147  -14.043  64.500 0.0000000000
59675  48.437  -14.174  65.413 0.0000000000
59665  48.757  -14.699  66.200 0.0000000000
58737  48.075  -15.115  65.729 0.0000000000
58729  47.592  -16.034  65.970 0.0000000000
57764  46.919  -16.801  65.911 0.0000000000
57762  48.024  -16.412  66.558 0.0000000000
59655  51.405  -14.322  67.683 0.0000000000
59656  50.644  -14.598  67.432 0.0000000000
123619  50.355  -15.354  67.657 0.0000000000
126871  49.267  -17.269  67.880 0.0000000000
57753  49.331  -16.505  67.540 0.0000000000
56702  48.722  -17.182  67.425 0.0000000000
57755  47.999  -17.163  66.893 0.0000000000
56704  47.690  -17.913  66.995 0.0000000000
55710  47.836  -18.594  67.344 0.0000000000
54734  48.953  -19.595  68.398 0.0000000000
130682  48.318  -19.915  68.015 0.0000000000
52838  47.831  -21.364  67.604 0.0000000000
122492  56.786  -13.434  69.546 0.0000000000
60600  55.678  -13.576  69.154 0.0000000000
57730  54.347  -15.997  70.275 0.0000000000
58704  54.261  -15.394  69.841 0.0000000000
57731  53.529  -16.063  69.934 0.0000000000
57732  52.674  -16.491  69.700 0.0000000000
57722  53.197  -16.877  70.229 0.0000000000
55671  54.169  -18.641  71.409 0.0000000000
54710  53.264  -19.053  71.209 0.0000000000
53752  51.676  -19.885  70.617 0.0000000000
54712  51.893  -19.086  70.512 0.0000000000
55679  51.688  -18.478  70.120 0.0000000000
54722  51.299  -19.191  70.136 0.0000000000
54723  50.681  -19.287  69.708 0.0000000000
53769  50.431  -19.918  69.676 0.0000000000
51902  49.813  -22.119  69.379 0.0000000000
52829  49.536  -21.230  69.065 0.0000000000
51915  49.018  -22.082  68.634 0.0000000000
51903  49.031  -23.205  68.881 0.0000000000
50955  48.744  -24.212  68.954 0.0000000000
49992  48.567  -25.358  69.674 0.0000000000
49979  50.488  -24.007  71.286 0.0000000000
49085  49.073  -25.550  71.001 0.0000000000
49086  48.441  -26.069  70.217 0.0000000000
137605  48.205  -26.651  69.845 0.0000000000
55643  53.558  -17.858  74.030 0.0000000000
130801  54.231  -18.934  73.984 0.0000000000
133805  55.074  -20.386  74.444 0.0000000000
53663  53.946  -20.253  74.505 0.0000000000
56545  50.360  -17.691  77.105 0.0000000000
56563  50.913  -17.313  76.616 0.0000000000
55655  48.713  -18.608  73.980 0.0000000000
54674  50.292  -19.039  73.804 0.0000000000
55646  49.582  -18.241  74.115 0.0000000000
55645  50.706  -17.957  74.018 0.0000000000
131776  51.644  -18.097  73.895 0.0000000000
52741  51.979  -21.996  75.978 0.0000000000
52740  53.028  -22.169  75.918 0.0000000000
52724  52.732  -22.766  76.386 0.0000000000
50883  52.722  -23.684  76.301 0.0000000000
50870  52.012  -23.838  77.005 0.0000000000
49923  49.647  -24.800  76.689 0.0000000000
49922  50.497  -24.834  76.789 0.0000000000
123489  49.814  -25.366  76.471 0.0000000000
49033  50.241  -26.085  75.547 0.0000000000
48124  49.056  -26.874  75.870 0.0000000000
50910  47.603  -23.524  73.638 0.0000000000
138196  47.763  -24.558  74.715 0.0000000000
123658  48.165  -27.747  73.683 0.0000000000
48162  47.637  -27.566  73.030 0.0000000000
119593  46.951  -28.313  71.646 0.0000000000
48183  45.749  -26.752  70.230 0.0000000000
46330  44.287  -28.060  69.744 0.0000000000
46310  45.130  -28.098  70.158 0.0000000000
136571  44.542  -28.504  70.403 0.0000000000
52825  44.572  -21.537  69.615 0.0000000000
50972  44.162  -22.868  67.836 0.0000000000
50039  44.449  -23.993  67.770 0.0000000000
50988  43.941  -23.449  67.256 0.0000000000
129466  41.692  -22.733  67.616 0.0000000000
50990  42.437  -22.642  66.980 0.0000000000
49145  42.856  -24.938  65.819 0.0000000000
49144  43.429  -25.120  66.442 0.0000000000
131000  42.393  -26.436  77.713 0.0000000000
48999  40.143  -25.584  76.726 0.0000000000
48998  41.151  -25.530  76.592 0.0000000000
49930  40.110  -24.834  75.321 0.0000000000
49022  37.755  -25.963  75.721 0.0000000000
49001  38.473  -25.851  76.262 0.0000000000
49036  38.390  -24.996  74.647 0.0000000000
49948  39.126  -24.600  74.223 0.0000000000
140555  38.471  -24.531  73.175 0.0000000000
49984  37.482  -24.346  71.672 0.0000000000
49996  37.114  -24.122  70.337 0.0000000000
47198  33.372  -27.310  74.670 0.0000000000
48156  33.722  -26.621  73.356 0.0000000000
48164  34.296  -26.194  72.800 0.0000000000
48185  31.274  -26.326  70.296 0.0000000000
48184  32.170  -26.089  70.662 0.0000000000
49078  34.600  -25.483  71.467 0.0000000000
49089  35.136  -25.062  70.910 0.0000000000
50025  35.304  -24.238  68.827 0.0000000000
50012  35.664  -24.414  69.680 0.0000000000
50024  36.174  -23.963  68.855 0.0000000000
137365  59.215  -11.138  54.695 0.0000000000
62711  55.215  -11.028  57.975 0.0000000000
116529  56.051  -10.783  57.456 0.0000000000
62740  54.514  -11.391  55.499 0.0000000000
62753  54.407  -11.432  54.567 0.0000000000
119424  55.109  -11.353  54.159 0.0000000000
123210  45.129  -16.380  61.716 0.0000000000
58789  45.701  -16.009  61.186 0.0000000000
57854  44.383  -17.034  60.598 0.0000000000
43211  31.374  -31.355  90.342 0.0000000000
137993  29.502  -31.552  91.589 0.0000000000
48962  44.933  -25.973  80.267 0.0000000000
48949  45.299  -25.300  80.607 0.0000000000
48961  45.469  -25.720  80.007 0.0000000000
48970  45.552  -25.623  79.288 0.0000000000
49883  45.762  -24.691  78.911 0.0000000000
49884  45.232  -25.402  78.415 0.0000000000
49893  44.625  -25.230  77.483 0.0000000000
124569  43.769  -24.955  76.012 0.0000000000
60689  49.146  -14.012  61.987 0.0000000000
59726  48.607  -14.271  61.310 0.0000000000
59727  47.849  -14.780  61.346 0.0000000000
135674  46.643  -15.186  60.268 0.0000000000
42327  30.486  -33.000  80.748 0.0000000000
42328  30.008  -33.103  80.368 0.0000000000
117801  24.691  -33.364  84.753 0.0000000000
41335  23.584  -33.889  83.480 0.0000000000
40435  22.636  -35.125  83.694 0.0000000000
47974  39.076  -26.118  86.329 0.0000000000
130543  39.366  -25.738  85.667 0.0000000000
47055  39.924  -27.863  84.753 0.0000000000
45226  38.782  -29.040  84.551 0.0000000000
42295  32.220  -32.596  83.029 0.0000000000
42326  31.031  -32.782  81.100 0.0000000000
51934  47.040  -22.254  66.617 0.0000000000
51935  46.520  -22.390  65.905 0.0000000000
50069  47.714  -24.699  65.354 0.0000000000
117231  19.132  -38.211  85.623 0.0000000000
61557  54.251  -12.663  68.116 0.0000000000
59643  54.466  -13.999  68.979 0.0000000000
138378  56.044  -20.655  73.321 0.0000000000
53711  55.806  -20.474  72.832 0.0000000000
52787  55.768  -21.167  73.348 0.0000000000
52773  55.020  -22.339  73.892 0.0000000000
51863  53.990  -22.546  73.610 0.0000000000
51854  53.604  -23.136  74.206 0.0000000000
50894  53.105  -23.738  75.640 0.0000000000
53691  45.908  -19.863  72.992 0.0000000000
54695  46.817  -19.792  72.720 0.0000000000
52806  47.054  -21.104  71.751 0.0000000000
51879  47.377  -21.926  72.195 0.0000000000
51880  46.851  -21.921  71.530 0.0000000000
128419  46.116  -22.873  70.587 0.0000000000
50943  45.619  -22.865  69.856 0.0000000000
47179  36.269  -27.247  76.825 0.0000000000
47190  35.213  -27.169  75.891 0.0000000000
63740  57.661  -10.543  57.779 0.0000000000
62724  57.038  -10.640  56.992 0.0000000000
42247  30.915  -32.444  85.386 0.0000000000
126017  26.248  -33.426  88.022 0.0000000000
46099  35.982  -28.439  88.071 0.0000000000
45190  36.766  -29.827  87.673 0.0000000000
43249  35.937  -31.280  87.817 0.0000000000
42210  33.073  -32.524  87.977 0.0000000000
42229  33.250  -32.666  87.065 0.0000000000
117228  32.615  -32.642  86.233 0.0000000000
42246  31.777  -32.557  85.749 0.0000000000
129183  46.707  -22.695  82.196 0.0000000000
51770  46.976  -21.891  82.418 0.0000000000
53598  48.516  -20.309  80.426 0.0000000000
51820  45.312  -22.189  77.082 0.0000000000
52725  45.195  -21.643  76.404 0.0000000000
52744  45.112  -21.194  75.666 0.0000000000
53647  45.000  -20.921  74.877 0.0000000000
52762  44.627  -21.426  74.248 0.0000000000
138708  44.486  -21.430  73.608 0.0000000000
51858  43.799  -22.425  73.060 0.0000000000
49958  42.416  -24.376  73.743 0.0000000000
50921  40.712  -23.961  72.028 0.0000000000
49982  39.060  -24.100  72.005 0.0000000000
140681  54.441  -12.328  60.792 0.0000000000
61666  54.124  -12.136  60.154 0.0000000000
120600  53.352  -12.589  60.414 0.0000000000
61675  50.960  -12.508  58.656 0.0000000000
59745  48.008  -13.952  57.797 0.0000000000
60715  48.654  -13.356  58.176 0.0000000000
135047  28.157  -33.656  78.565 0.0000000000
41351  24.738  -33.401  80.973 0.0000000000
48935  40.159  -25.665  83.365 0.0000000000
119052  40.253  -25.101  82.469 0.0000000000
49846  41.833  -24.630  81.445 0.0000000000
48052  42.320  -26.973  80.930 0.0000000000
47111  42.308  -27.374  80.222 0.0000000000
47095  41.947  -27.355  80.779 0.0000000000
46198  41.498  -27.813  80.518 0.0000000000
123607  39.079  -28.624  82.006 0.0000000000
46187  39.358  -28.507  81.345 0.0000000000
131728  37.310  -28.251  79.905 0.0000000000
46217  35.593  -28.216  79.741 0.0000000000
43292  36.407  -31.176  85.349 0.0000000000
44274  36.560  -30.619  84.660 0.0000000000
44292  35.345  -30.049  83.124 0.0000000000
44302  33.206  -30.276  81.766 0.0000000000
44301  33.988  -29.939  82.062 0.0000000000
45271  33.285  -28.891  79.845 0.0000000000
46220  33.041  -28.666  79.109 0.0000000000
120155  32.431  -28.953  78.855 0.0000000000
131809  29.286  -31.580  77.423 0.0000000000
43368  28.391  -31.783  76.165 0.0000000000
56727  45.311  -17.413  64.779 0.0000000000
56744  44.890  -17.108  63.861 0.0000000000
55750  44.508  -18.140  64.332 0.0000000000
54777  44.130  -19.018  64.203 0.0000000000
128657  43.913  -19.610  63.747 0.0000000000
51960  47.118  -22.734  63.350 0.0000000000
123636  45.821  -21.970  63.284 0.0000000000
51959  48.007  -22.758  63.268 0.0000000000
40395  25.840  -34.460  91.562 0.0000000000
39468  24.377  -35.264  89.264 0.0000000000
130117  21.988  -38.542  87.966 0.0000000000
37616  22.715  -38.037  87.893 0.0000000000
37615  22.893  -37.555  87.372 0.0000000000
38527  22.702  -37.157  85.866 0.0000000000
62641  57.516  -11.926  63.142 0.0000000000
62627  58.239  -11.644  63.893 0.0000000000
63645  57.873  -11.415  64.314 0.0000000000
63646  56.933  -11.475  64.181 0.0000000000
65613  56.103  -8.947  63.521 0.0000000000
65626  55.234  -8.878  63.136 0.0000000000
64662  54.907  -9.653  62.944 0.0000000000
139741  53.937  -10.929  62.814 0.0000000000
63661  52.867  -11.196  62.617 0.0000000000
64664  53.271  -10.213  62.628 0.0000000000
64665  52.350  -10.310  62.743 0.0000000000
63617  51.866  -10.681  65.424 0.0000000000
60640  48.982  -13.456  65.430 0.0000000000
60631  49.524  -13.467  66.038 0.0000000000
59664  49.547  -14.278  66.538 0.0000000000
139133  50.738  -15.784  68.112 0.0000000000
57743  49.863  -16.944  68.189 0.0000000000
55709  48.439  -18.414  67.707 0.0000000000
55690  49.650  -18.883  68.758 0.0000000000
59630  56.853  -14.795  70.304 0.0000000000
133853  55.930  -14.946  70.094 0.0000000000
137909  52.323  -20.207  71.110 0.0000000000
53754  50.548  -20.577  69.916 0.0000000000
127370  49.680  -22.967  69.470 0.0000000000
126174  49.575  -24.205  70.177 0.0000000000
123195  50.190  -24.842  71.893 0.0000000000
49074  48.497  -26.520  71.279 0.0000000000
48172  48.019  -27.460  71.826 0.0000000000
54628  48.955  -19.052  78.408 0.0000000000
118937  49.461  -18.475  77.908 0.0000000000
55609  48.706  -18.566  77.378 0.0000000000
55619  49.253  -17.768  75.823 0.0000000000
53667  49.981  -20.081  73.942 0.0000000000
53666  50.919  -20.316  74.330 0.0000000000
52742  51.008  -21.495  75.352 0.0000000000
51830  51.029  -22.393  76.378 0.0000000000
50871  51.259  -23.774  77.152 0.0000000000
50885  50.662  -23.283  76.951 0.0000000000
50886  49.764  -23.696  76.669 0.0000000000
49924  48.838  -25.347  76.266 0.0000000000
49970  46.910  -24.678  73.178 0.0000000000
49942  47.205  -25.359  74.085 0.0000000000
49052  46.861  -25.859  73.426 0.0000000000
48153  47.189  -27.043  73.425 0.0000000000
48163  46.986  -27.173  72.767 0.0000000000
47219  46.827  -27.873  71.564 0.0000000000
130628  46.755  -28.729  71.551 0.0000000000
46309  45.845  -28.138  70.676 0.0000000000
48194  45.269  -26.897  69.557 0.0000000000
51906  43.681  -21.735  69.450 0.0000000000
51917  43.308  -22.213  67.989 0.0000000000
50054  42.476  -23.774  65.666 0.0000000000
49038  37.020  -25.783  74.566 0.0000000000
49037  37.711  -25.548  74.999 0.0000000000
49962  37.943  -24.657  73.039 0.0000000000
49065  37.191  -24.868  72.843 0.0000000000
49975  36.946  -24.658  72.105 0.0000000000
48157  32.912  -26.828  73.115 0.0000000000
49092  32.762  -25.655  70.128 0.0000000000
49104  34.173  -25.016  69.898 0.0000000000
49999  34.949  -24.824  70.171 0.0000000000
119169  53.015  -11.867  56.540 0.0000000000
55802  44.268  -18.634  60.550 0.0000000000
56801  44.186  -17.767  60.492 0.0000000000
55808  44.540  -18.207  59.864 0.0000000000
42198  30.788  -32.417  88.774 0.0000000000
119602  30.124  -32.439  89.028 0.0000000000
43224  33.424  -31.248  89.442 0.0000000000
42187  33.351  -31.896  89.166 0.0000000000
42196  32.739  -32.265  88.893 0.0000000000
50783  45.079  -23.498  82.581 0.0000000000
50782  45.715  -23.376  82.377 0.0000000000
49842  45.621  -24.546  81.107 0.0000000000
49841  45.943  -23.822  81.664 0.0000000000
50799  46.459  -23.451  81.552 0.0000000000
51788  47.068  -22.902  80.442 0.0000000000
51796  46.836  -22.684  79.586 0.0000000000
51812  45.056  -22.885  77.059 0.0000000000
50888  44.418  -23.325  75.830 0.0000000000
49943  43.159  -24.486  74.555 0.0000000000
49945  42.231  -24.666  74.395 0.0000000000
44381  28.079  -30.622  73.329 0.0000000000
43417  27.786  -31.386  72.992 0.0000000000
61658  51.134  -12.922  60.312 0.0000000000
60703  50.879  -13.322  61.055 0.0000000000
130310  48.503  -13.629  59.731 0.0000000000
59738  48.627  -13.946  60.528 0.0000000000
59741  47.988  -13.739  58.825 0.0000000000
59746  47.301  -14.345  58.270 0.0000000000
42355  29.077  -33.138  78.235 0.0000000000
42345  27.382  -33.268  79.301 0.0000000000
42268  26.761  -32.391  84.810 0.0000000000
120582  26.273  -32.476  84.097 0.0000000000
42287  24.962  -32.910  83.074 0.0000000000
42303  24.665  -33.042  82.206 0.0000000000
41352  24.183  -33.780  81.293 0.0000000000
40450  23.138  -34.723  82.191 0.0000000000
48929  39.584  -25.460  84.869 0.0000000000
48936  39.752  -25.237  84.047 0.0000000000
47096  40.850  -27.824  81.978 0.0000000000
47077  40.724  -27.684  82.597 0.0000000000
46176  39.613  -28.436  82.763 0.0000000000
46163  39.653  -28.367  83.661 0.0000000000
45252  37.168  -28.873  81.981 0.0000000000
43295  34.045  -31.944  84.137 0.0000000000
43306  34.479  -31.230  83.761 0.0000000000
43318  32.570  -32.053  82.520 0.0000000000
117688  31.752  -30.304  80.220 0.0000000000
54766  46.152  -19.137  66.145 0.0000000000
130681  45.871  -20.023  65.940 0.0000000000
52857  45.558  -21.591  65.135 0.0000000000
51944  45.672  -22.120  64.475 0.0000000000
51952  46.290  -22.842  64.611 0.0000000000
51951  46.750  -23.180  64.059 0.0000000000
51050  47.421  -23.230  63.699 0.0000000000
119681  21.181  -38.541  88.132 0.0000000000
36705  21.830  -38.596  85.516 0.0000000000
36729  21.969  -38.587  84.923 0.0000000000
36756  19.880  -38.201  83.859 0.0000000000
124686  51.439  -12.947  66.941 0.0000000000
61573  52.103  -12.740  67.206 0.0000000000
59654  52.222  -14.081  67.913 0.0000000000
59646  51.858  -14.872  68.226 0.0000000000
56650  55.990  -17.662  71.565 0.0000000000
128784  55.850  -18.480  71.916 0.0000000000
54704  54.130  -19.583  71.720 0.0000000000
53712  55.103  -20.890  72.690 0.0000000000
53732  54.063  -20.543  72.085 0.0000000000
138087  53.307  -20.689  71.809 0.0000000000
51878  51.319  -22.727  71.248 0.0000000000
50916  52.510  -23.419  73.451 0.0000000000
127752  51.745  -23.828  72.942 0.0000000000
118511  52.538  -16.854  76.468 0.0000000000
54661  47.231  -18.957  75.719 0.0000000000
55632  47.905  -18.478  75.401 0.0000000000
54675  47.330  -18.847  74.666 0.0000000000
54686  47.867  -18.887  73.776 0.0000000000
119796  48.034  -19.449  73.185 0.0000000000
53689  48.493  -20.017  73.128 0.0000000000
52774  48.838  -20.851  73.526 0.0000000000
52761  48.898  -21.788  74.270 0.0000000000
51843  48.820  -22.569  74.966 0.0000000000
51855  48.404  -22.566  74.209 0.0000000000
50917  47.172  -23.672  72.945 0.0000000000
49087  46.113  -25.567  71.493 0.0000000000
49088  45.792  -25.452  70.696 0.0000000000
49103  45.500  -25.399  69.927 0.0000000000
49115  45.119  -25.477  69.178 0.0000000000
50958  42.102  -22.681  68.735 0.0000000000
50975  41.505  -22.954  68.404 0.0000000000
50991  41.619  -22.769  66.828 0.0000000000
51006  41.501  -23.024  65.797 0.0000000000
48100  38.467  -26.864  77.456 0.0000000000
48112  37.660  -26.531  76.450 0.0000000000
134285  37.178  -26.444  75.850 0.0000000000
48125  36.550  -26.602  75.618 0.0000000000
47220  31.045  -27.147  71.648 0.0000000000
48176  30.710  -26.879  70.784 0.0000000000
48196  30.898  -26.113  69.341 0.0000000000
62722  59.216  -10.664  56.149 0.0000000000
63746  58.891  -10.551  56.873 0.0000000000
62723  58.396  -10.634  56.196 0.0000000000
62736  58.774  -10.847  55.481 0.0000000000
62750  57.709  -11.164  54.503 0.0000000000
62751  56.799  -11.211  54.345 0.0000000000
118065  55.916  -11.307  54.109 0.0000000000
59762  50.557  -13.584  54.531 0.0000000000
42282  31.098  -32.811  82.984 0.0000000000
125416  29.658  -32.354  83.705 0.0000000000
123880  28.750  -32.167  84.207 0.0000000000
42267  27.471  -32.235  84.689 0.0000000000
42212  30.334  -32.348  87.259 0.0000000000
139465  28.934  -32.333  87.246 0.0000000000
42233  28.696  -32.296  86.644 0.0000000000
41318  25.906  -32.962  85.717 0.0000000000
47025  37.290  -27.487  87.410 0.0000000000
46109  38.003  -27.931  86.996 0.0000000000
45202  38.398  -29.073  86.146 0.0000000000
44260  37.595  -30.264  86.246 0.0000000000
44247  37.047  -30.859  86.619 0.0000000000
43280  35.267  -31.801  85.186 0.0000000000
43237  34.785  -31.315  88.771 0.0000000000
119951  35.277  -31.485  88.271 0.0000000000
43250  35.386  -31.911  87.747 0.0000000000
42208  34.663  -32.394  87.537 0.0000000000
42207  35.380  -32.217  86.967 0.0000000000
42243  34.656  -32.235  85.412 0.0000000000
42262  32.576  -32.602  84.579 0.0000000000
42281  31.643  -32.726  83.212 0.0000000000
140392  47.753  -24.177  67.187 0.0000000000
50038  47.714  -24.620  66.788 0.0000000000
49142  48.248  -25.771  66.533 0.0000000000
48234  49.388  -26.494  66.688 0.0000000000
59635  57.460  -13.854  70.116 0.0000000000
59629  57.772  -14.670  70.727 0.0000000000
58694  57.170  -15.467  70.800 0.0000000000
56648  57.305  -16.183  71.269 0.0000000000
58686  57.911  -15.397  71.396 0.0000000000
134286  57.307  -16.802  71.688 0.0000000000
56649  56.960  -17.443  71.868 0.0000000000
55663  56.548  -19.039  72.832 0.0000000000
55654  56.596  -18.877  73.145 0.0000000000
54694  56.392  -19.656  73.192 0.0000000000
53686  56.144  -20.400  73.481 0.0000000000
53662  56.130  -21.000  73.974 0.0000000000
53640  55.286  -21.757  74.713 0.0000000000
54641  48.218  -19.105  77.723 0.0000000000
54654  47.311  -19.180  76.609 0.0000000000
53607  46.799  -20.842  78.227 0.0000000000
54643  46.871  -19.757  77.083 0.0000000000
54662  46.612  -19.349  75.269 0.0000000000
54677  45.943  -19.773  73.988 0.0000000000
53668  45.455  -20.305  74.503 0.0000000000
140005  45.050  -20.756  71.054 0.0000000000
51896  43.387  -21.844  70.490 0.0000000000
50918  42.909  -23.408  72.570 0.0000000000
50912  42.695  -23.910  73.094 0.0000000000
119674  40.677  -23.415  69.653 0.0000000000
50961  39.277  -23.478  69.028 0.0000000000
47182  33.747  -27.624  76.283 0.0000000000
47193  32.771  -27.675  75.233 0.0000000000
47194  32.015  -27.931  74.967 0.0000000000
47208  31.562  -27.553  73.350 0.0000000000
136427  29.477  -29.452  74.472 0.0000000000
46272  29.782  -28.983  74.042 0.0000000000
46278  29.295  -28.918  73.138 0.0000000000
46277  30.206  -28.429  73.524 0.0000000000
47214  30.435  -27.657  72.139 0.0000000000
62688  56.307  -11.052  59.752 0.0000000000
63730  56.554  -10.764  58.892 0.0000000000
62699  55.864  -10.945  59.169 0.0000000000
62700  55.248  -11.144  58.915 0.0000000000
62712  54.384  -11.386  57.600 0.0000000000
62691  54.044  -11.806  59.154 0.0000000000
137216  53.973  -11.645  58.386 0.0000000000
61678  52.984  -11.879  57.346 0.0000000000
61685  52.505  -12.069  56.940 0.0000000000
60717  49.425  -13.172  57.726 0.0000000000
116865  50.234  -12.979  57.287 0.0000000000
61681  50.882  -12.558  57.828 0.0000000000
60722  50.625  -13.040  56.612 0.0000000000
41395  27.884  -34.343  77.303 0.0000000000
42313  28.483  -32.579  81.465 0.0000000000
42301  26.352  -32.394  82.436 0.0000000000
41374  26.325  -33.486  79.398 0.0000000000
50773  40.406  -23.588  83.259 0.0000000000
50771  42.907  -22.881  83.947 0.0000000000
50785  43.205  -23.453  82.919 0.0000000000
49829  43.617  -24.044  81.971 0.0000000000
49844  44.060  -24.954  81.193 0.0000000000
48963  44.248  -26.180  80.339 0.0000000000
121800  44.414  -26.532  79.679 0.0000000000
48082  43.827  -26.762  78.781 0.0000000000
47145  42.190  -26.978  78.568 0.0000000000
47146  41.601  -27.405  79.212 0.0000000000
48083  41.141  -27.007  78.457 0.0000000000
48084  40.394  -27.057  78.417 0.0000000000
46199  40.889  -28.138  80.969 0.0000000000
47127  39.435  -27.854  79.223 0.0000000000
131350  39.190  -27.443  78.551 0.0000000000
48086  38.835  -27.106  77.936 0.0000000000
47164  38.125  -27.307  77.813 0.0000000000
47165  37.369  -27.417  77.684 0.0000000000
47151  36.828  -27.734  78.332 0.0000000000
45216  38.607  -29.177  85.389 0.0000000000
119838  38.087  -29.415  84.187 0.0000000000
121762  37.698  -29.347  83.616 0.0000000000
45244  34.844  -29.782  82.466 0.0000000000
46204  35.945  -28.505  80.631 0.0000000000
46218  34.677  -28.286  79.558 0.0000000000
46244  34.167  -27.896  77.935 0.0000000000
46247  31.853  -28.668  76.899 0.0000000000
45301  29.783  -29.860  75.972 0.0000000000
44333  30.451  -30.183  77.884 0.0000000000
43381  28.055  -31.675  75.297 0.0000000000
58771  46.669  -15.669  62.376 0.0000000000
57808  45.932  -16.101  62.978 0.0000000000
57829  45.310  -16.344  62.441 0.0000000000
128361  44.073  -17.369  62.120 0.0000000000
119173  43.915  -18.214  61.058 0.0000000000
54776  44.677  -20.135  64.853 0.0000000000
53827  44.164  -20.372  64.058 0.0000000000
53835  44.009  -20.328  63.205 0.0000000000
52886  45.228  -21.429  62.927 0.0000000000
53852  44.593  -20.805  62.617 0.0000000000
50052  47.514  -24.491  66.160 0.0000000000
50068  48.641  -25.104  64.979 0.0000000000
50067  49.743  -25.002  64.892 0.0000000000
44207  29.599  -30.475  91.257 0.0000000000
43198  28.877  -31.598  91.855 0.0000000000
42183  28.781  -32.640  91.347 0.0000000000
41286  28.186  -33.226  90.825 0.0000000000
41293  27.341  -33.606  90.691 0.0000000000
40407  25.155  -34.149  88.254 0.0000000000
125725  24.742  -34.115  87.412 0.0000000000
39469  23.832  -35.791  88.817 0.0000000000
39476  23.528  -35.619  87.922 0.0000000000
38514  23.179  -36.634  87.686 0.0000000000
40415  23.447  -35.125  87.094 0.0000000000
40422  23.408  -34.807  86.298 0.0000000000
40427  23.359  -34.544  85.472 0.0000000000
36728  22.097  -38.427  84.227 0.0000000000
140583  22.181  -38.299  83.588 0.0000000000
63714  58.366  -10.820  59.814 0.0000000000
63694  58.434  -11.000  60.792 0.0000000000
63695  57.701  -10.972  60.080 0.0000000000
63696  56.886  -11.166  60.354 0.0000000000
62675  56.073  -11.568  60.731 0.0000000000
62676  55.358  -11.935  60.828 0.0000000000
117343  56.756  -12.132  62.792 0.0000000000
62658  56.444  -12.009  62.031 0.0000000000
61653  54.795  -12.420  61.436 0.0000000000
61637  53.552  -13.006  62.109 0.0000000000
63630  57.473  -10.903  64.461 0.0000000000
63647  56.029  -11.265  63.841 0.0000000000
62630  55.451  -11.917  63.548 0.0000000000
61619  53.918  -12.667  62.488 0.0000000000
61638  52.867  -13.222  61.895 0.0000000000
60667  52.385  -13.278  62.126 0.0000000000
131311  51.283  -13.458  62.042 0.0000000000
60669  50.630  -13.393  62.157 0.0000000000
62646  51.421  -12.815  62.496 0.0000000000
60670  49.761  -13.555  62.273 0.0000000000
60671  49.127  -13.735  62.541 0.0000000000
59708  48.505  -14.271  62.645 0.0000000000
122657  53.607  -8.612  64.025 0.0000000000
64651  51.837  -9.912  63.314 0.0000000000
63631  51.381  -10.454  64.598 0.0000000000
63632  50.616  -10.831  64.219 0.0000000000
62633  49.847  -11.729  63.371 0.0000000000
61608  49.335  -12.167  63.611 0.0000000000
59695  47.744  -14.878  63.207 0.0000000000
58756  47.300  -15.171  63.906 0.0000000000
58745  46.811  -15.603  64.232 0.0000000000
133257  46.929  -15.686  64.876 0.0000000000
58738  47.408  -15.461  65.279 0.0000000000
57777  46.144  -16.879  65.250 0.0000000000
56712  46.392  -17.594  65.877 0.0000000000
60621  50.911  -13.735  67.097 0.0000000000
59663  50.252  -14.225  66.943 0.0000000000
58727  49.245  -15.178  66.780 0.0000000000
58721  49.675  -15.654  67.343 0.0000000000
58722  49.071  -15.900  67.021 0.0000000000
56711  47.177  -17.562  66.474 0.0000000000
55721  46.578  -18.340  66.308 0.0000000000
136019  46.749  -18.994  66.612 0.0000000000
137118  47.158  -20.040  67.113 0.0000000000
140487  47.778  -19.202  67.458 0.0000000000
54743  47.740  -19.818  67.553 0.0000000000
52847  47.221  -21.430  67.035 0.0000000000
51926  47.585  -22.156  67.254 0.0000000000
130531  47.844  -22.928  67.433 0.0000000000
138632  55.638  -12.744  68.740 0.0000000000
59637  53.978  -14.779  69.310 0.0000000000
58705  52.875  -15.745  69.350 0.0000000000
56682  51.889  -17.006  69.533 0.0000000000
140002  55.256  -17.470  71.291 0.0000000000
56665  54.611  -17.241  71.010 0.0000000000
56666  53.678  -17.382  70.744 0.0000000000
56667  52.875  -17.612  70.473 0.0000000000
56668  52.126  -17.751  70.075 0.0000000000
56683  51.394  -17.819  69.650 0.0000000000
55689  50.368  -18.721  69.271 0.0000000000
54733  49.572  -19.741  68.915 0.0000000000
53770  49.929  -20.371  69.343 0.0000000000
53782  49.281  -20.417  68.769 0.0000000000
52837  48.470  -21.284  68.154 0.0000000000
50986  47.981  -23.705  67.579 0.0000000000
50022  48.218  -24.831  68.337 0.0000000000
49990  50.105  -23.892  70.631 0.0000000000
129965  55.406  -17.998  73.927 0.0000000000
54669  55.655  -19.995  74.016 0.0000000000
52738  54.708  -22.462  75.253 0.0000000000
56562  51.858  -17.102  77.166 0.0000000000
122438  51.531  -17.008  76.023 0.0000000000
55631  48.620  -18.064  75.211 0.0000000000
55630  49.321  -17.784  74.872 0.0000000000
56584  49.954  -17.474  75.310 0.0000000000
56605  50.695  -17.388  74.785 0.0000000000
138021  51.302  -17.118  75.180 0.0000000000
55644  52.509  -17.895  73.960 0.0000000000
53665  51.887  -20.182  74.385 0.0000000000
53664  52.866  -20.177  74.443 0.0000000000
53642  53.492  -21.387  75.245 0.0000000000
52739  53.908  -22.384  75.667 0.0000000000
51827  54.002  -22.977  75.755 0.0000000000
50882  53.648  -23.287  75.729 0.0000000000
49920  52.279  -24.234  76.040 0.0000000000
49905  51.335  -24.306  76.997 0.0000000000
49921  51.339  -24.768  76.383 0.0000000000
49939  51.605  -24.879  75.475 0.0000000000
49940  50.885  -25.513  74.938 0.0000000000
49049  50.107  -26.409  74.570 0.0000000000
48150  49.215  -27.394  74.646 0.0000000000
50896  48.448  -23.544  75.173 0.0000000000
127165  48.394  -24.725  75.752 0.0000000000
49035  47.642  -26.170  75.043 0.0000000000
49015  48.761  -26.409  76.020 0.0000000000
48136  48.686  -27.350  75.505 0.0000000000
48161  48.090  -27.703  72.842 0.0000000000
46290  45.212  -28.747  70.849 0.0000000000
52824  45.200  -21.521  69.881 0.0000000000
51904  45.199  -22.032  69.485 0.0000000000
50023  44.691  -23.599  68.272 0.0000000000
51927  42.880  -22.430  67.536 0.0000000000
51005  43.001  -23.278  66.279 0.0000000000
50040  44.130  -24.361  67.301 0.0000000000
138103  43.122  -26.364  77.569 0.0000000000
134065  42.717  -26.042  77.001 0.0000000000
48997  42.171  -25.612  76.404 0.0000000000
49018  41.589  -25.187  75.842 0.0000000000
49929  41.035  -24.866  75.290 0.0000000000
136306  40.626  -24.696  74.803 0.0000000000
49961  39.950  -24.432  73.813 0.0000000000
49983  38.310  -24.147  71.684 0.0000000000
50949  37.966  -23.823  70.184 0.0000000000
48141  33.965  -26.884  74.120 0.0000000000
48140  34.794  -26.716  74.336 0.0000000000
48173  33.251  -26.146  71.781 0.0000000000
49080  33.018  -25.908  70.965 0.0000000000
49069  34.061  -25.971  72.013 0.0000000000
49068  34.841  -25.709  72.247 0.0000000000
49067  35.637  -25.449  72.446 0.0000000000
49985  35.876  -24.783  71.083 0.0000000000
49997  36.262  -24.420  70.404 0.0000000000
50964  36.917  -23.826  69.067 0.0000000000
123855  56.183  -10.865  56.492 0.0000000000
62726  54.499  -11.335  56.490 0.0000000000
62739  55.457  -11.147  55.849 0.0000000000
62768  55.305  -11.207  53.564 0.0000000000
60729  51.226  -13.060  54.186 0.0000000000
58788  46.493  -15.639  61.524 0.0000000000
136789  46.237  -15.580  60.698 0.0000000000
58796  46.000  -15.470  59.851 0.0000000000
56812  44.606  -17.291  59.762 0.0000000000
57862  45.077  -16.669  59.213 0.0000000000
49012  50.912  -25.387  75.744 0.0000000000
49014  49.480  -26.149  76.033 0.0000000000
49034  48.153  -26.798  75.667 0.0000000000
50869  52.454  -23.309  76.717 0.0000000000
51049  48.058  -23.457  63.716 0.0000000000
51819  51.597  -23.210  77.011 0.0000000000
51828  53.235  -23.248  76.176 0.0000000000
52758  55.723  -21.701  74.295 0.0000000000
53796  48.065  -20.575  67.852 0.0000000000
53807  46.855  -20.695  66.825 0.0000000000
53853  44.075  -20.118  62.360 0.0000000000
55676  54.139  -17.878  71.148 0.0000000000
55776  43.718  -18.723  62.659 0.0000000000
56620  57.476  -17.365  72.880 0.0000000000
56694  48.863  -17.864  67.829 0.0000000000
57809  44.382  -17.189  62.977 0.0000000000
57830  44.666  -16.741  62.312 0.0000000000
57843  44.917  -16.459  60.843 0.0000000000
57844  44.409  -16.869  61.450 0.0000000000
57853  44.902  -16.560  59.997 0.0000000000
58744  47.320  -15.205  64.591 0.0000000000
58797  45.437  -16.014  59.457 0.0000000000
59684  47.708  -14.646  64.146 0.0000000000
59694  48.189  -14.121  63.580 0.0000000000
60668  51.832  -13.409  62.078 0.0000000000
60702  51.525  -13.250  61.056 0.0000000000
61581  50.098  -12.876  66.083 0.0000000000
61591  48.915  -12.950  64.896 0.0000000000
61609  48.927  -12.818  63.507 0.0000000000
61618  54.809  -12.517  62.874 0.0000000000
61622  50.690  -13.012  62.483 0.0000000000
61655  53.306  -12.996  61.423 0.0000000000
61667  53.588  -12.131  59.586 0.0000000000
62606  49.663  -12.061  64.883 0.0000000000
62616  50.034  -11.249  63.924 0.0000000000
62702  53.539  -11.716  57.859 0.0000000000
119175  46.403  -16.146  64.708 0.0000000000
121631  44.640  -19.082  64.780 0.0000000000
123429  44.521  -26.348  80.035 0.0000000000
124698  44.315  -26.647  79.214 0.0000000000
124942  56.547  -18.252  73.412 0.0000000000
129903  45.305  -20.262  65.421 0.0000000000
130642  48.289  -19.161  67.803 0.0000000000
133303  55.399  -12.500  62.778 0.0000000000
135148  57.187  -17.696  72.448 0.0000000000
137341  50.917  -12.696  57.110 0.0000000000
138504  42.282  -25.336  81.091 0.0000000000
138530  45.674  -22.118  63.859 0.0000000000
139982  56.236  -11.846  61.425 0.0000000000
140123  52.785  -9.772  62.746 0.0000000000
