#!ascii label  , from subject sub-v2s0x29039_ses-1 vox2ras=TkReg
1701
27853  37.940  -49.624  10.894 0.6000000238
27845  37.088  -49.987  12.691 0.5000000000
29608  38.547  -47.328  10.186 0.6999999881
30491  38.713  -46.784  9.371 0.6000000238
30497  38.422  -46.925  8.923 0.6000000238
134339  38.811  -45.624  8.758 0.6000000238
28770  37.813  -48.776  11.425 0.6999999881
29596  38.172  -48.097  10.855 0.6000000238
28776  38.388  -48.380  9.813 0.5000000000
29623  38.377  -47.702  9.185 0.5000000000
28788  38.083  -48.758  9.313 0.5000000000
29634  38.196  -47.491  8.814 0.6000000238
120208  38.394  -46.106  8.683 0.6000000238
29597  37.742  -47.896  11.925 0.5000000000
27854  37.460  -49.556  11.984 0.5000000000
28769  38.208  -48.972  10.385 0.6000000238
125537  37.713  -46.108  8.761 0.6000000238
26085  36.565  -51.298  13.440 0.5000000000
26071  36.142  -51.389  14.086 0.5000000000
32304  39.714  -43.979  8.395 0.6000000238
31372  39.292  -45.447  10.383 0.6000000238
30480  38.876  -46.271  10.239 0.6999999881
31382  39.148  -45.417  8.902 0.6000000238
31392  39.157  -44.912  8.699 0.6000000238
128741  38.580  -45.217  8.660 0.6000000238
130559  38.152  -47.231  11.454 0.6000000238
32306  38.185  -44.582  8.729 0.6000000238
28763  37.380  -48.586  12.430 0.5000000000
29590  37.859  -47.106  12.405 0.5000000000
32295  37.519  -44.254  9.075 0.6000000238
27836  36.717  -49.907  13.398 0.5000000000
31384  36.914  -44.885  9.279 0.6000000238
26956  36.400  -50.616  13.772 0.5000000000
32282  36.808  -43.899  9.786 0.6000000238
33204  36.552  -43.613  10.588 0.6999999881
32296  36.231  -44.849  9.961 0.6000000238
33205  35.975  -44.085  11.081 0.6999999881
129178  35.558  -44.969  10.554 0.6000000238
32269  34.972  -45.137  11.149 0.6000000238
32257  34.836  -45.068  11.972 0.6000000238
29562  34.486  -47.342  16.310 0.5000000000
30401  34.439  -46.759  17.658 0.6999999881
29547  34.355  -47.439  17.031 0.6000000238
31291  33.919  -46.071  18.226 0.8000000119
29530  33.892  -47.311  17.582 0.6999999881
33222  40.234  -43.164  7.786 0.6000000238
34096  39.925  -42.631  8.288 0.6999999881
31371  39.536  -45.120  9.509 0.6999999881
32294  39.811  -44.608  8.622 0.6999999881
33223  39.204  -43.304  8.462 0.6999999881
34097  39.201  -42.656  8.848 0.6999999881
31358  38.967  -45.680  11.236 0.6000000238
125983  39.803  -44.913  10.635 0.6000000238
33213  38.463  -42.967  9.099 0.8000000119
30456  38.271  -46.411  12.813 0.5000000000
31343  38.736  -45.878  12.193 0.5000000000
34091  37.995  -42.742  9.767 0.8000000119
33214  37.574  -43.391  9.462 0.6000000238
29583  37.380  -47.607  13.824 0.5000000000
29591  37.469  -47.737  12.876 0.5000000000
33215  37.209  -43.161  10.081 0.8000000119
139294  37.161  -43.438  9.782 0.6000000238
27827  36.344  -49.798  14.217 0.5000000000
34078  37.059  -43.025  10.902 0.8000000119
33197  35.982  -44.063  11.845 0.6999999881
33196  36.492  -43.528  11.367 0.6999999881
32246  35.602  -44.569  13.135 0.6999999881
33179  36.052  -44.058  12.734 0.6999999881
32268  35.439  -44.589  11.504 0.6999999881
31332  35.480  -44.925  13.873 0.6000000238
32247  34.933  -45.097  12.994 0.6000000238
32256  35.454  -44.564  12.345 0.6000000238
31314  35.092  -46.136  15.041 0.6999999881
31333  34.804  -45.659  13.996 0.6999999881
30424  35.263  -46.435  15.931 0.6999999881
30439  34.397  -46.461  14.492 0.6000000238
30416  34.948  -46.858  16.701 0.8000000119
30425  34.689  -46.869  15.555 0.6000000238
31275  34.274  -45.244  18.372 0.8999999762
31292  32.962  -46.083  18.241 0.6999999881
31276  33.320  -45.290  18.378 0.8000000119
30402  33.535  -46.814  18.032 0.6999999881
34095  40.825  -42.552  7.602 0.6000000238
127896  40.432  -42.202  8.323 0.6999999881
34971  39.979  -42.112  9.382 0.6999999881
33227  41.142  -43.000  7.140 0.6000000238
140269  41.445  -44.262  8.892 0.4000000060
32281  40.224  -44.677  9.674 0.6000000238
32309  41.763  -43.241  7.124 0.6000000238
34089  39.553  -42.273  8.957 0.6999999881
32280  40.986  -44.442  9.822 0.6000000238
34090  38.790  -42.469  9.429 0.8000000119
31342  39.487  -45.448  12.734 0.4000000060
31357  39.910  -44.969  11.712 0.5000000000
135904  39.441  -45.205  11.240 0.6000000238
34076  38.434  -42.373  10.189 0.8000000119
30447  38.417  -46.296  13.673 0.5000000000
34077  37.735  -42.632  10.519 0.8000000119
28744  36.928  -48.301  14.258 0.4000000060
34070  37.057  -43.061  11.746 0.8000000119
28745  36.518  -48.992  14.680 0.5000000000
33178  36.729  -43.489  13.168 0.8000000119
32238  36.485  -44.213  14.553 0.8000000119
32245  36.156  -44.234  13.737 0.6999999881
33188  36.539  -43.526  12.217 0.8000000119
32227  36.156  -45.199  15.486 0.8000000119
31307  36.174  -45.454  16.613 0.8999999762
31313  35.679  -45.846  15.731 0.8999999762
32239  36.052  -44.750  14.603 0.6999999881
31326  35.547  -45.423  14.757 0.6999999881
31290  34.801  -45.935  18.059 0.8999999762
30400  35.145  -46.355  17.433 0.8999999762
32206  31.829  -44.482  18.076 0.8000000119
31293  31.524  -45.286  17.961 0.8000000119
126412  32.371  -45.285  18.255 0.8000000119
122990  32.041  -46.059  18.105 0.8000000119
117568  41.015  -42.086  8.580 0.6999999881
34075  40.672  -42.156  9.746 0.6000000238
34103  41.784  -42.540  7.118 0.6000000238
34088  42.352  -41.960  7.878 0.5000000000
34962  40.041  -42.136  10.307 0.6999999881
32302  42.882  -43.580  7.113 0.4000000060
33221  42.641  -42.987  6.673 0.5000000000
133650  41.996  -42.836  6.862 0.6000000238
34972  39.141  -42.224  9.823 0.6999999881
32279  41.931  -44.421  9.709 0.5000000000
34964  38.844  -42.209  10.759 0.6999999881
31356  40.858  -44.813  11.701 0.5000000000
32267  40.476  -44.668  10.804 0.6000000238
31330  40.104  -45.475  13.527 0.4000000060
31341  40.419  -45.156  12.610 0.4000000060
34950  38.019  -42.226  12.815 0.8000000119
34958  38.154  -42.329  11.948 0.8000000119
30438  38.678  -46.312  14.516 0.4000000060
34061  37.069  -43.094  12.491 0.8000000119
34060  37.571  -42.663  12.237 0.8000000119
34069  37.629  -42.626  11.373 0.8000000119
29575  37.397  -47.559  14.842 0.3000000119
33149  36.944  -43.877  15.038 0.8000000119
33166  37.369  -43.157  14.604 0.8000000119
33138  37.065  -44.204  16.099 0.8000000119
33167  36.796  -43.686  14.139 0.8000000119
32219  36.725  -44.746  16.937 0.8999999762
120325  36.562  -44.859  16.093 0.8999999762
32205  36.577  -44.346  17.896 0.8999999762
31288  36.232  -45.059  17.509 0.8999999762
31273  35.837  -44.821  18.099 0.8999999762
31289  35.625  -45.644  17.633 0.8999999762
31274  35.135  -45.133  18.285 0.8999999762
32207  30.991  -44.546  17.675 0.8000000119
32189  34.633  -44.329  18.466 0.8999999762
32191  32.714  -44.479  18.338 0.8000000119
32190  33.653  -44.459  18.448 0.8000000119
126366  41.653  -42.176  9.312 0.6000000238
34068  40.574  -42.316  10.854 0.6000000238
117314  43.036  -42.339  9.192 0.6000000238
32301  44.432  -43.557  6.996 0.4000000060
33220  43.859  -42.955  6.449 0.4000000060
34101  44.022  -42.499  6.527 0.4000000060
139671  42.391  -42.178  7.151 0.5000000000
34963  39.458  -42.167  10.468 0.6999999881
32292  42.377  -44.181  8.497 0.4000000060
34956  39.217  -42.110  11.466 0.6999999881
32265  42.692  -44.783  10.286 0.5000000000
121398  42.941  -44.439  9.218 0.4000000060
34957  38.701  -42.166  11.701 0.6999999881
31355  41.948  -45.028  11.488 0.5000000000
34941  38.521  -41.855  13.423 0.8000000119
34027  37.842  -42.777  15.314 0.8000000119
34052  37.429  -42.757  13.133 0.8000000119
33137  37.597  -43.530  16.534 0.8000000119
136347  37.099  -43.671  17.940 0.8999999762
33106  36.567  -43.559  18.267 0.8999999762
139429  35.403  -44.475  18.371 0.8999999762
34003  31.882  -42.773  17.661 0.8000000119
33108  33.886  -43.629  18.484 1.0000000000
33125  32.217  -43.662  18.113 0.8000000119
33124  33.341  -43.073  18.382 1.0000000000
33109  33.053  -43.702  18.372 0.8000000119
125904  32.682  -42.963  18.126 0.8000000119
136540  41.217  -42.352  10.356 0.6000000238
34058  41.455  -42.763  12.398 0.6000000238
34059  40.537  -42.387  12.062 0.6999999881
33212  45.202  -43.143  7.039 0.4000000060
34086  44.645  -42.418  7.136 0.4000000060
34087  43.660  -42.051  7.755 0.4000000060
32291  43.691  -44.166  8.055 0.4000000060
34947  39.631  -42.072  12.275 0.6999999881
31370  43.763  -45.187  10.009 0.5000000000
32290  45.004  -44.161  7.743 0.4000000060
34948  39.069  -41.959  12.453 0.8000000119
34942  37.954  -42.220  13.645 0.8000000119
34940  38.957  -41.675  13.331 0.8000000119
127264  38.249  -42.497  15.991 0.8000000119
34044  37.889  -42.423  14.475 0.8000000119
33123  37.605  -43.279  17.468 0.8000000119
139290  37.887  -43.062  16.036 0.8000000119
32204  37.185  -44.029  17.205 0.8999999762
33107  35.900  -43.376  18.459 0.8999999762
33984  36.442  -42.830  18.434 0.8999999762
121369  35.276  -43.148  18.499 1.0000000000
130475  34.655  -43.377  18.502 1.0000000000
33987  33.990  -42.811  18.466 1.0000000000
33126  31.366  -43.671  17.699 0.8000000119
34001  33.247  -42.323  18.148 1.0000000000
34002  32.543  -42.329  17.790 0.8000000119
33195  43.101  -42.840  10.728 0.6000000238
34066  42.047  -42.546  10.467 0.6000000238
34067  41.306  -42.588  11.324 0.6000000238
34051  40.210  -42.074  13.128 0.6999999881
33202  45.202  -43.195  8.244 0.4000000060
33203  44.289  -42.891  9.620 0.5000000000
34939  39.488  -41.625  13.364 0.8000000119
32289  45.319  -43.885  7.777 0.4000000060
32275  46.057  -44.981  9.733 0.4000000060
32276  45.571  -44.378  8.884 0.4000000060
34932  38.440  -41.705  14.265 0.8000000119
35742  38.833  -41.268  13.980 0.8000000119
34026  38.283  -42.073  15.163 0.8000000119
34011  38.069  -42.862  16.766 0.8000000119
33983  37.224  -42.895  18.191 0.8999999762
124236  37.527  -42.116  18.208 0.8000000119
33985  35.684  -42.643  18.496 1.0000000000
33986  34.825  -42.503  18.459 1.0000000000
34879  35.472  -41.794  18.450 1.0000000000
137394  34.672  -41.728  18.356 1.0000000000
35689  33.469  -40.837  17.518 1.0000000000
34012  32.144  -42.005  17.411 0.8999999762
34013  31.484  -42.066  17.070 0.8000000119
34894  32.803  -41.599  17.556 1.0000000000
35690  32.748  -40.886  17.066 1.0000000000
34902  32.046  -41.314  16.896 1.0000000000
36549  33.350  -39.427  16.605 1.0000000000
37505  33.644  -38.661  16.307 1.0000000000
36559  32.960  -38.981  15.898 1.0000000000
37514  33.948  -37.922  15.996 1.0000000000
37515  33.275  -38.237  15.552 1.0000000000
134163  41.657  -42.864  13.296 0.6999999881
34043  41.469  -42.527  13.999 0.6999999881
33187  43.070  -43.190  11.990 0.6000000238
34049  42.235  -43.127  12.778 0.6000000238
34050  40.978  -42.523  13.165 0.6999999881
33194  44.122  -43.285  11.029 0.6000000238
119401  44.880  -43.836  11.334 0.5000000000
34931  40.582  -40.974  14.394 0.8000000119
32264  45.681  -44.263  10.412 0.4000000060
35741  39.228  -41.044  14.049 0.8000000119
140194  38.754  -41.134  14.412 0.8000000119
34916  38.713  -41.217  15.093 0.8000000119
34010  38.496  -42.121  16.732 0.8000000119
134809  38.558  -41.841  15.881 0.8000000119
34000  38.025  -42.389  17.701 0.6999999881
33999  38.543  -41.542  17.434 0.8000000119
124123  36.892  -42.176  18.419 0.8999999762
34877  37.321  -41.479  18.361 0.8000000119
34878  36.392  -41.413  18.457 0.8999999762
35675  37.012  -40.702  18.415 1.0000000000
35676  36.134  -40.509  18.408 1.0000000000
35677  34.888  -41.066  18.285 1.0000000000
36523  35.899  -39.827  18.251 1.0000000000
36539  35.378  -39.380  17.855 1.0000000000
36540  34.569  -39.638  17.588 1.0000000000
37504  34.364  -38.365  16.683 1.0000000000
36548  34.053  -39.111  17.005 1.0000000000
35700  32.353  -40.486  16.498 1.0000000000
35701  31.621  -40.774  16.113 1.0000000000
36550  32.654  -39.728  16.214 1.0000000000
36560  32.323  -39.339  15.471 1.0000000000
37516  32.617  -38.600  15.110 1.0000000000
38394  33.644  -37.541  15.238 1.0000000000
123282  42.314  -43.074  13.909 0.6999999881
140650  40.788  -42.132  13.816 0.6999999881
33175  43.943  -43.601  13.423 0.5000000000
33165  43.260  -43.345  14.130 0.6999999881
34938  40.283  -41.538  13.912 0.6999999881
33186  43.943  -43.545  12.312 0.6000000238
33185  44.734  -43.865  12.640 0.5000000000
35740  39.811  -40.892  14.206 0.8000000119
35733  39.693  -40.221  14.706 0.8000000119
35734  39.089  -40.691  14.610 0.6999999881
35715  39.155  -40.469  15.512 0.8000000119
35698  38.875  -40.868  17.258 0.8000000119
125473  38.868  -41.218  16.406 0.8000000119
34891  37.999  -41.548  18.109 0.6999999881
119635  38.442  -40.863  17.893 0.6999999881
36521  37.544  -40.027  18.318 0.8999999762
36537  38.077  -39.314  18.128 0.8000000119
38369  38.500  -37.692  17.861 0.8000000119
39337  38.315  -36.796  17.750 0.8000000119
36522  36.657  -39.908  18.352 0.8999999762
37491  37.664  -38.336  18.057 0.8000000119
38370  37.577  -37.344  17.834 0.8000000119
36538  36.191  -39.207  18.130 1.0000000000
139618  36.892  -37.774  17.816 0.8999999762
40257  38.203  -35.862  17.445 0.8000000119
37492  36.571  -38.454  17.958 0.8999999762
38372  36.020  -37.735  17.429 1.0000000000
37494  34.832  -38.844  17.314 1.0000000000
38384  34.654  -37.622  16.381 1.0000000000
38393  34.288  -37.229  15.672 1.0000000000
37531  32.323  -38.343  14.265 1.0000000000
38392  34.954  -36.906  16.069 1.0000000000
38403  34.024  -36.905  14.922 1.0000000000
37530  32.959  -37.816  14.673 1.0000000000
39361  34.660  -36.587  15.328 1.0000000000
39370  34.422  -36.313  14.579 1.0000000000
39383  33.722  -36.592  14.150 1.0000000000
34040  44.475  -42.968  15.062 0.6999999881
136618  42.861  -42.871  14.654 0.6999999881
131673  43.140  -42.322  15.177 0.6999999881
34042  42.190  -42.286  14.749 0.6999999881
34929  41.964  -41.396  14.911 0.6999999881
33164  44.141  -43.433  14.359 0.6000000238
35731  41.348  -40.599  14.712 0.6999999881
33174  44.788  -43.754  13.687 0.5000000000
35732  40.370  -40.185  14.577 0.6999999881
33173  45.603  -43.844  13.892 0.5000000000
135769  39.812  -39.452  14.951 0.6999999881
35714  39.431  -39.831  15.745 0.6999999881
120054  39.495  -39.934  15.076 0.6999999881
35697  39.261  -40.294  16.691 0.6999999881
36535  39.292  -39.708  17.273 0.6999999881
35673  38.318  -40.132  18.099 0.6999999881
36536  38.832  -39.504  17.764 0.6999999881
39336  39.166  -37.108  17.634 0.8000000119
39350  39.669  -36.450  17.375 0.8000000119
40272  40.077  -35.653  17.134 0.8000000119
136232  38.944  -36.383  17.586 0.8000000119
40256  39.211  -35.710  17.391 0.8000000119
40273  38.604  -35.040  17.165 0.8000000119
38371  36.707  -37.091  17.457 1.0000000000
39351  37.194  -35.658  17.057 0.8999999762
40274  37.779  -35.151  17.019 0.8000000119
39352  36.454  -36.297  16.911 1.0000000000
41154  37.961  -34.482  16.646 0.8000000119
37503  35.120  -38.062  17.060 1.0000000000
135290  36.027  -36.998  17.001 1.0000000000
39360  35.285  -36.232  15.743 1.0000000000
40292  35.408  -35.380  14.552 1.0000000000
37541  32.530  -37.740  13.957 1.0000000000
37542  32.058  -38.113  13.499 1.0000000000
40302  35.154  -35.288  13.732 1.0000000000
136348  34.252  -36.061  13.965 1.0000000000
38415  33.052  -37.216  14.006 1.0000000000
40318  34.931  -35.305  12.902 1.0000000000
34914  44.434  -41.652  15.557 0.6999999881
34915  43.624  -41.606  15.486 0.6999999881
35730  42.411  -40.615  15.025 0.6000000238
36570  41.066  -39.514  14.684 0.6000000238
36571  40.248  -39.293  14.819 0.6999999881
36558  39.742  -39.221  15.434 0.6999999881
136073  39.995  -38.958  15.002 0.6999999881
37502  39.882  -38.690  16.397 0.6999999881
38382  39.954  -37.317  17.194 0.8000000119
126092  39.438  -38.889  17.344 0.6999999881
38368  39.294  -37.966  17.544 0.8000000119
41151  40.435  -34.709  16.781 0.8000000119
41152  39.700  -34.196  16.803 0.8000000119
41168  38.262  -33.724  16.214 0.8000000119
40284  37.047  -34.875  16.426 0.8000000119
42060  37.822  -33.457  15.365 0.8000000119
39359  35.912  -35.859  16.180 1.0000000000
41170  36.647  -34.489  15.473 1.0000000000
41178  36.427  -34.340  14.482 1.0000000000
41177  37.073  -33.850  14.962 0.8999999762
40291  36.001  -34.930  14.981 1.0000000000
41179  35.781  -34.812  14.065 1.0000000000
41187  36.270  -34.358  13.454 1.0000000000
41188  35.559  -34.881  13.117 1.0000000000
41205  35.361  -35.106  12.125 1.0000000000
39382  33.869  -36.012  13.472 1.0000000000
129395  33.196  -36.634  13.631 1.0000000000
38426  32.438  -37.351  13.549 1.0000000000
34928  42.750  -41.515  15.245 0.6999999881
37528  41.032  -38.685  14.799 0.6000000238
37529  40.476  -38.573  15.040 0.6999999881
38391  40.279  -37.902  16.338 0.6999999881
37512  40.619  -37.956  15.502 0.6999999881
118898  39.826  -38.156  17.092 0.6999999881
38381  40.558  -37.137  16.482 0.8000000119
40271  40.880  -35.669  16.557 0.6999999881
40270  41.164  -34.805  16.388 0.6999999881
42058  40.003  -32.915  16.094 0.6999999881
136716  39.278  -32.789  15.825 0.6999999881
42059  38.587  -33.065  15.693 0.6999999881
42074  38.042  -32.936  13.786 0.8000000119
42067  38.235  -32.902  14.805 0.6999999881
41186  36.928  -33.827  13.913 0.8999999762
41203  36.898  -33.914  12.743 1.0000000000
38425  32.827  -36.616  13.457 1.0000000000
41204  36.069  -34.611  12.387 1.0000000000
39393  33.394  -36.134  13.390 1.0000000000
124175  34.875  -35.283  12.172 1.0000000000
35729  43.433  -40.625  15.313 0.6000000238
36568  43.000  -39.764  14.895 0.6000000238
36569  42.029  -39.691  14.788 0.6000000238
37527  42.659  -38.833  14.585 0.6000000238
118452  41.738  -38.941  14.708 0.6000000238
121198  41.917  -38.118  14.666 0.6000000238
38402  41.105  -37.952  15.004 0.6000000238
134509  40.627  -37.523  15.980 0.6000000238
39357  41.384  -36.235  15.841 0.6999999881
40283  41.559  -35.340  15.906 0.6999999881
41167  41.066  -34.046  16.341 0.6999999881
42057  40.871  -33.195  16.069 0.6999999881
43049  41.380  -32.664  15.498 0.6999999881
43050  40.558  -32.474  15.585 0.6999999881
43051  39.731  -32.368  15.437 0.6999999881
43167  45.455  -33.208  5.743 0.3000000119
43067  38.712  -32.371  14.278 0.6999999881
43066  39.463  -32.014  14.690 0.6999999881
122551  46.000  -32.166  4.549 0.3000000119
43074  38.627  -32.495  13.218 0.8000000119
36589  29.408  -39.658  13.146 0.8999999762
42075  37.450  -33.429  13.478 1.0000000000
37558  30.933  -38.259  12.284 1.0000000000
37549  31.805  -37.948  12.981 1.0000000000
37550  31.339  -38.328  12.578 1.0000000000
41221  36.711  -34.684  10.817 1.0000000000
40335  35.193  -35.261  11.231 1.0000000000
40319  34.400  -35.437  12.848 1.0000000000
40336  34.631  -35.162  11.954 1.0000000000
118987  43.772  -39.763  15.094 0.6000000238
37526  43.667  -39.033  14.620 0.6000000238
37540  43.394  -38.361  14.279 0.6000000238
38414  42.855  -37.909  14.324 0.6000000238
38413  43.624  -37.714  13.731 0.6000000238
125126  42.967  -37.172  13.994 0.6999999881
39367  42.237  -36.575  14.648 0.6999999881
38401  41.696  -37.283  14.878 0.6000000238
125089  41.910  -35.908  15.232 0.6999999881
40345  46.024  -35.737  10.869 0.3000000119
40346  45.669  -36.582  10.139 0.3000000119
41166  41.684  -34.442  15.897 0.6999999881
42056  41.630  -33.539  15.763 0.6999999881
42150  45.134  -33.596  6.673 0.3000000119
43161  45.409  -32.421  6.555 0.4000000060
126439  45.559  -32.287  5.760 0.4000000060
44156  45.575  -31.508  6.332 0.4000000060
131200  28.974  -39.245  13.545 0.6999999881
37544  28.736  -38.371  13.812 0.6999999881
46957  45.749  -27.756  5.821 0.3000000119
44162  45.720  -31.566  5.237 0.3000000119
43090  39.362  -31.994  12.753 0.6999999881
37552  29.622  -38.343  12.568 0.8999999762
46961  46.114  -28.124  4.993 0.3000000119
45107  45.667  -30.579  6.160 0.3000000119
43091  38.636  -32.707  12.066 0.8000000119
37559  30.295  -37.951  12.298 0.8999999762
46043  45.802  -28.676  5.506 0.3000000119
46034  45.639  -29.387  6.218 0.3000000119
42091  37.837  -33.232  12.595 0.8000000119
42111  37.416  -34.271  10.463 1.0000000000
38438  32.033  -37.253  13.262 1.0000000000
41231  36.785  -35.012  9.796 1.0000000000
39407  33.278  -35.913  13.256 1.0000000000
131581  35.588  -35.443  10.103 1.0000000000
39392  33.894  -35.551  13.026 1.0000000000
123702  35.085  -35.266  10.427 1.0000000000
41222  34.674  -34.899  11.349 1.0000000000
41233  34.813  -35.077  10.143 1.0000000000
39380  43.410  -36.929  13.333 0.6999999881
39381  42.864  -36.350  13.947 0.6999999881
40332  46.104  -35.424  11.930 0.3000000119
40333  45.506  -36.530  11.288 0.4000000060
40290  42.469  -35.639  14.569 0.6999999881
126039  42.131  -34.993  15.265 0.6999999881
39418  44.857  -37.056  10.452 0.4000000060
41176  42.262  -34.021  15.287 0.6999999881
39423  45.269  -36.751  9.594 0.3000000119
39419  44.213  -36.690  10.621 0.5000000000
42065  42.873  -32.972  14.306 0.6999999881
43063  42.446  -32.109  14.451 0.6999999881
40347  44.620  -36.649  9.707 0.5000000000
131743  40.998  -32.028  15.138 0.6999999881
41256  44.619  -35.345  7.586 0.4000000060
43134  44.573  -33.081  9.701 0.6000000238
43145  44.723  -33.279  8.752 0.5000000000
44046  41.021  -31.556  14.455 0.6999999881
42151  44.780  -34.528  7.152 0.3000000119
44047  40.067  -31.609  14.230 0.6999999881
118879  42.422  -26.935  6.349 0.4000000060
43144  45.086  -32.355  8.493 0.4000000060
44056  39.853  -31.608  13.492 0.6999999881
38416  28.522  -37.487  13.767 0.6999999881
47884  43.553  -27.002  6.704 0.4000000060
43153  45.260  -32.453  7.514 0.4000000060
44136  45.329  -31.367  8.259 0.4000000060
134096  28.425  -38.431  14.621 0.6000000238
47890  45.308  -26.775  6.212 0.3000000119
47882  45.199  -27.532  6.489 0.3000000119
47883  44.542  -27.173  6.744 0.4000000060
120543  45.574  -30.756  6.964 0.4000000060
45083  45.374  -30.359  7.875 0.4000000060
119448  39.240  -32.279  11.729 0.6999999881
44099  39.920  -31.620  11.996 0.6999999881
36590  29.169  -38.800  13.025 0.6999999881
47873  44.056  -27.677  7.223 0.4000000060
45096  45.137  -29.285  7.756 0.4000000060
136478  44.868  -29.639  8.447 0.4000000060
119706  45.461  -28.276  6.428 0.3000000119
46945  45.228  -28.707  7.140 0.3000000119
43114  38.790  -32.907  10.841 0.8000000119
38439  31.477  -37.221  12.975 1.0000000000
42121  38.090  -33.776  10.060 0.8999999762
42122  37.447  -34.644  9.356 1.0000000000
39406  33.950  -35.173  12.663 1.0000000000
41242  35.063  -35.085  9.518 1.0000000000
40355  35.632  -35.454  9.462 1.0000000000
41232  36.121  -35.416  9.481 1.0000000000
133713  34.677  -34.720  10.778 1.0000000000
41206  34.100  -34.687  12.235 1.0000000000
42124  34.739  -34.603  10.144 1.0000000000
42113  34.542  -34.196  11.242 1.0000000000
38424  44.037  -37.340  12.960 0.6000000238
38436  44.243  -37.180  12.289 0.6000000238
39391  43.774  -36.854  12.532 0.6000000238
40300  43.283  -35.998  13.032 0.6999999881
38435  44.630  -37.214  11.844 0.5000000000
39405  44.119  -36.910  11.714 0.6000000238
40301  42.903  -35.351  13.825 0.6999999881
39403  45.015  -37.102  11.308 0.5000000000
135415  44.161  -36.839  11.149 0.4000000060
41175  42.665  -34.626  14.488 0.6999999881
40334  43.832  -36.453  11.308 0.6000000238
41185  43.086  -33.960  13.906 0.6999999881
121151  43.717  -35.825  10.849 0.6000000238
124643  42.674  -33.701  14.652 0.6999999881
40348  43.949  -36.050  9.937 0.6000000238
41230  43.839  -34.964  10.419 0.6000000238
43072  43.125  -32.172  13.771 0.6999999881
44053  42.481  -31.454  13.840 0.6999999881
42132  44.345  -34.213  9.069 0.5000000000
43124  44.371  -32.809  10.636 0.6000000238
43112  44.129  -32.489  11.582 0.6000000238
44054  41.566  -31.159  13.554 0.6000000238
46947  41.264  -27.587  6.157 0.4000000060
127715  44.863  -32.217  9.384 0.4000000060
44114  44.205  -31.642  11.034 0.5000000000
44095  43.759  -31.415  11.846 0.6000000238
47885  41.255  -26.868  5.998 0.4000000060
44124  44.731  -31.346  9.816 0.5000000000
44069  40.746  -31.153  12.733 0.6999999881
140436  42.121  -27.472  6.474 0.5000000000
44137  45.059  -31.315  9.174 0.4000000060
45084  44.947  -30.316  8.932 0.4000000060
44070  40.067  -31.483  12.934 0.6999999881
38429  29.612  -37.551  12.730 0.8999999762
38430  29.012  -37.849  13.124 0.6999999881
46946  44.880  -27.892  7.074 0.4000000060
46924  44.351  -29.060  8.315 0.4000000060
126657  39.245  -32.639  10.153 0.6999999881
43113  39.530  -32.186  10.991 0.6999999881
46934  44.449  -28.461  7.660 0.4000000060
38427  30.870  -36.907  13.013 0.8999999762
42133  38.073  -34.090  8.944 0.8999999762
39395  31.492  -36.424  13.326 0.8999999762
39394  32.225  -36.010  13.398 1.0000000000
41239  36.728  -35.220  8.981 1.0000000000
40337  33.016  -35.636  13.178 1.0000000000
41241  35.699  -34.846  8.881 1.0000000000
40320  33.348  -34.886  12.880 1.0000000000
119957  32.512  -35.140  13.317 1.0000000000
42145  35.653  -33.850  8.599 1.0000000000
44101  36.288  -31.895  11.383 0.8999999762
43127  35.862  -32.669  10.237 1.0000000000
43128  35.299  -33.184  10.530 1.0000000000
126275  34.123  -33.946  12.212 1.0000000000
43116  35.178  -32.820  11.513 1.0000000000
43117  34.583  -33.188  11.926 1.0000000000
42093  33.853  -32.920  12.472 0.8999999762
43092  34.986  -32.380  12.114 1.0000000000
43093  34.392  -32.256  12.353 0.8999999762
40317  43.629  -36.234  12.107 0.6000000238
130760  43.451  -35.427  12.471 0.6999999881
41184  43.244  -34.816  13.201 0.6999999881
122249  43.613  -35.553  11.727 0.6999999881
42072  43.480  -33.772  13.073 0.6999999881
41220  43.738  -34.709  11.407 0.6000000238
42073  43.295  -33.111  13.661 0.6999999881
42090  43.852  -33.456  12.169 0.6999999881
130578  43.807  -32.134  12.476 0.6000000238
43088  43.410  -31.881  13.113 0.6000000238
44066  43.232  -31.231  12.647 0.6000000238
48830  40.354  -26.170  5.915 0.3000000119
42109  44.064  -33.743  11.052 0.6000000238
140258  42.619  -30.785  12.380 0.6000000238
47886  40.349  -26.947  5.850 0.4000000060
116793  39.652  -26.852  5.990 0.4000000060
45035  43.658  -30.815  11.187 0.6000000238
44096  43.150  -30.744  11.875 0.6000000238
45056  43.407  -30.347  10.528 0.5000000000
44068  41.723  -30.838  12.396 0.6000000238
45071  43.848  -30.149  9.940 0.4000000060
44098  40.731  -31.147  11.713 0.6000000238
46937  41.345  -28.442  6.390 0.5000000000
46004  43.359  -29.609  9.248 0.4000000060
46003  44.267  -29.969  9.437 0.4000000060
46024  42.155  -28.994  7.427 0.5000000000
46014  43.569  -29.112  8.550 0.4000000060
44115  39.834  -31.967  10.088 0.6000000238
46926  43.036  -28.747  7.869 0.4000000060
46015  42.689  -29.340  8.413 0.4000000060
38428  30.270  -37.253  12.711 0.8999999762
43136  38.579  -33.385  8.570 0.8999999762
43125  39.255  -32.726  9.222 0.8000000119
40322  30.692  -35.966  13.464 0.8999999762
40321  31.586  -35.410  13.534 0.8999999762
118354  31.991  -34.603  13.455 0.8999999762
41250  36.546  -34.874  8.473 1.0000000000
43138  35.384  -33.508  9.461 1.0000000000
139860  33.547  -34.283  12.666 1.0000000000
116997  33.300  -33.513  12.770 0.8999999762
44072  35.046  -31.585  12.341 1.0000000000
44073  34.172  -31.403  12.432 1.0000000000
45018  34.634  -30.751  12.430 1.0000000000
44103  33.429  -31.106  12.347 0.8999999762
41202  43.573  -34.612  12.341 0.6999999881
119156  40.496  -25.063  6.094 0.3000000119
48823  40.010  -26.102  6.232 0.3000000119
48809  40.033  -26.386  7.064 0.3000000119
45013  42.358  -30.612  11.676 0.6000000238
138562  39.373  -27.420  5.853 0.5000000000
47876  39.029  -27.395  5.979 0.4000000060
45036  42.930  -30.435  11.130 0.5000000000
45072  42.848  -30.005  9.850 0.5000000000
45057  42.048  -30.470  10.760 0.5000000000
44097  41.434  -30.793  11.264 0.5000000000
46948  40.114  -27.656  5.791 0.5000000000
45085  42.306  -29.875  8.994 0.5000000000
45073  41.856  -30.330  9.712 0.5000000000
46025  41.295  -29.382  6.811 0.5000000000
131181  40.105  -31.613  11.103 0.6000000238
46016  41.849  -29.713  7.964 0.5000000000
44126  39.809  -32.114  8.818 0.6999999881
45098  40.239  -30.555  6.772 0.5000000000
45097  41.057  -30.149  7.351 0.5000000000
43147  38.356  -33.193  7.720 0.8999999762
42143  37.108  -34.255  7.862 0.8999999762
42134  37.332  -34.680  8.503 0.8999999762
43157  36.649  -33.067  7.664 0.8999999762
44117  36.524  -32.073  10.053 0.8999999762
43137  36.001  -32.802  8.924 0.8999999762
43148  36.159  -33.230  8.099 1.0000000000
41207  32.709  -34.194  13.125 0.8999999762
44071  35.849  -31.384  12.194 0.8000000119
45017  35.438  -30.723  12.417 0.6999999881
42094  32.318  -33.117  13.028 0.8999999762
44074  33.493  -31.934  12.513 0.8999999762
43094  33.027  -32.633  12.703 0.8999999762
49709  41.186  -24.944  6.859 0.3000000119
49700  41.144  -25.707  7.334 0.3000000119
48807  42.035  -26.156  8.396 0.4000000060
48791  41.787  -26.804  8.889 0.3000000119
47865  40.749  -26.947  8.236 0.4000000060
47867  39.143  -27.400  6.832 0.4000000060
46949  39.305  -28.177  5.794 0.5000000000
46950  38.784  -28.260  5.989 0.4000000060
45074  40.944  -30.810  9.070 0.5000000000
45058  41.180  -30.804  10.199 0.5000000000
45108  39.562  -30.017  5.996 0.5000000000
45086  41.463  -30.314  8.521 0.5000000000
124905  40.450  -31.408  9.557 0.5000000000
44125  40.306  -31.480  8.339 0.5000000000
44138  39.950  -31.329  7.198 0.5000000000
45099  39.407  -30.820  6.412 0.5000000000
44149  39.125  -31.640  6.752 0.6000000238
43135  39.106  -32.728  8.128 0.6000000238
45089  37.507  -31.129  7.040 0.6999999881
44150  37.460  -32.025  7.293 0.6999999881
42152  37.575  -33.478  7.541 0.6999999881
44140  37.114  -31.683  7.592 0.6999999881
44141  36.580  -32.359  8.047 0.8000000119
43156  37.194  -32.852  7.416 0.8000000119
41208  31.770  -33.847  13.378 0.8999999762
44128  36.621  -31.995  9.016 0.8999999762
137799  36.344  -31.290  12.035 0.6999999881
43095  32.313  -32.329  12.730 0.8999999762
119092  32.690  -31.942  12.543 0.8999999762
138018  34.244  -30.061  12.294 1.0000000000
47852  42.430  -27.185  9.954 0.3000000119
47853  41.503  -27.500  9.430 0.4000000060
48773  43.268  -26.724  10.443 0.3000000119
47866  39.763  -27.029  7.491 0.4000000060
46938  38.715  -28.062  6.405 0.4000000060
47854  40.476  -27.724  8.785 0.4000000060
46909  41.155  -28.176  10.061 0.4000000060
46037  38.790  -29.191  5.870 0.4000000060
46927  39.556  -27.735  8.013 0.4000000060
46911  39.507  -28.506  8.766 0.4000000060
46939  38.356  -28.789  6.143 0.4000000060
46929  38.298  -28.731  6.911 0.4000000060
46027  38.018  -29.499  6.474 0.5000000000
44157  38.631  -30.817  6.305 0.5000000000
138465  37.515  -30.665  8.626 0.6000000238
44127  37.064  -31.377  8.555 0.8000000119
44100  37.058  -31.494  10.898 0.6999999881
45016  36.286  -30.683  12.363 0.6999999881
44104  32.646  -31.188  12.259 0.8999999762
136112  31.863  -30.951  11.985 0.8999999762
45972  34.365  -29.324  12.024 0.8999999762
45973  33.525  -29.687  11.875 0.8000000119
131575  32.203  -30.422  11.761 0.8000000119
46881  33.775  -28.858  11.526 0.6999999881
46894  33.469  -28.172  10.918 0.8000000119
48766  43.252  -27.028  11.457 0.3000000119
47836  42.814  -27.353  10.847 0.3000000119
47837  42.078  -27.870  10.698 0.3000000119
47827  41.967  -28.215  11.844 0.4000000060
46910  40.335  -28.406  9.550 0.4000000060
46891  41.451  -28.367  11.110 0.4000000060
46893  39.878  -28.981  10.072 0.5000000000
46017  38.615  -28.886  8.128 0.5000000000
46005  39.111  -29.261  9.376 0.5000000000
45987  39.386  -29.557  10.608 0.5000000000
46006  38.358  -29.635  8.734 0.5000000000
45988  38.710  -29.933  9.974 0.5000000000
45075  38.015  -30.295  9.271 0.5000000000
45060  37.550  -30.882  9.564 0.6000000238
44116  37.063  -31.461  9.783 0.6999999881
124827  37.526  -31.087  10.504 0.6999999881
45015  37.174  -30.343  12.350 0.6999999881
45956  36.476  -29.925  12.586 0.6999999881
45957  35.762  -29.931  12.503 0.6999999881
46867  37.020  -28.969  12.849 0.6999999881
45971  35.213  -29.222  12.265 0.8000000119
46879  35.320  -28.362  12.031 0.6999999881
48765  43.698  -26.443  11.230 0.3000000119
49628  43.745  -25.627  12.691 0.3000000119
49629  43.108  -26.458  12.966 0.4000000060
48748  42.985  -27.137  12.373 0.3000000119
47807  42.299  -27.702  12.561 0.4000000060
46876  41.190  -28.574  11.927 0.4000000060
45986  39.971  -29.233  11.291 0.4000000060
46863  40.789  -28.524  12.571 0.3000000119
46877  40.460  -28.925  12.035 0.5000000000
45970  38.862  -30.036  11.275 0.6000000238
46864  40.143  -28.711  12.782 0.3000000119
45953  39.712  -29.198  12.274 0.5000000000
46865  39.356  -28.896  12.990 0.4000000060
45059  38.147  -30.591  10.621 0.6999999881
45954  38.847  -29.582  12.442 0.6000000238
45014  38.144  -30.315  12.003 0.6999999881
45037  37.555  -30.902  11.461 0.6999999881
45955  37.760  -29.499  12.751 0.6999999881
135126  36.933  -29.585  12.694 0.6000000238
140473  42.473  -26.413  13.505 0.3000000119
47808  41.475  -28.160  12.757 0.3000000119
47809  40.627  -28.197  13.123 0.3000000119
48736  41.694  -26.809  13.614 0.3000000119
47791  40.253  -27.573  13.433 0.3000000119
119594  40.168  -26.062  13.694 0.3000000119
46851  39.811  -28.253  13.255 0.3000000119
47792  39.407  -27.574  13.418 0.4000000060
46866  38.485  -28.869  13.101 0.5000000000
46852  39.002  -28.257  13.294 0.5000000000
47793  38.618  -27.529  13.332 0.5000000000
47810  38.311  -28.154  13.247 0.6000000238
133427  37.590  -28.414  13.013 0.6000000238
118524  43.562  -24.332  13.672 0.4000000060
50562  42.880  -24.801  13.951 0.3000000119
49615  42.920  -25.672  13.605 0.3000000119
138788  42.263  -25.206  14.073 0.3000000119
49616  41.977  -25.892  13.915 0.3000000119
124372  41.381  -25.087  14.137 0.3000000119
49617  41.039  -26.009  13.911 0.3000000119
49618  40.311  -25.226  13.848 0.3000000119
139053  39.828  -25.573  13.606 0.3000000119
140338  39.194  -26.417  13.408 0.4000000060
119058  38.748  -26.174  13.153 0.4000000060
134557  37.851  -27.469  13.046 0.6000000238
48749  38.257  -26.733  13.065 0.4000000060
49632  38.117  -25.925  12.632 0.4000000060
48750  37.460  -26.539  12.517 0.5000000000
47811  37.087  -27.461  12.644 0.6000000238
47839  34.119  -27.628  11.032 0.6999999881
46895  32.627  -28.343  10.606 0.8000000119
129206  43.615  -23.528  13.901 0.4000000060
51527  42.801  -23.994  14.180 0.3000000119
51528  41.861  -23.724  14.349 0.3000000119
50564  40.644  -24.416  14.055 0.3000000119
49630  39.500  -25.114  13.385 0.4000000060
49631  38.726  -25.290  12.847 0.4000000060
49647  38.000  -25.134  12.142 0.4000000060
137079  37.556  -25.714  12.140 0.4000000060
48751  36.628  -26.741  12.100 0.5000000000
49648  37.339  -25.146  11.618 0.4000000060
46878  35.958  -27.926  12.219 0.6000000238
48767  36.933  -25.911  11.816 0.4000000060
47838  34.746  -27.205  11.115 0.6999999881
137738  35.364  -26.761  11.237 0.4000000060
48774  35.297  -26.067  10.774 0.4000000060
138461  34.825  -26.594  10.805 0.6000000238
49665  34.589  -26.108  10.379 0.5000000000
48775  34.156  -26.866  10.587 0.6000000238
47840  33.029  -27.630  10.328 0.6999999881
48776  33.413  -26.936  10.171 0.6999999881
53374  43.076  -22.019  14.344 0.3000000119
52464  41.460  -22.898  14.397 0.3000000119
139344  40.319  -23.947  13.887 0.3000000119
50574  39.858  -24.322  13.568 0.3000000119
50575  39.125  -24.457  12.891 0.4000000060
50591  38.499  -24.453  12.215 0.3000000119
51552  38.487  -23.649  11.676 0.3000000119
50592  37.843  -24.360  11.499 0.3000000119
51553  37.909  -23.646  11.139 0.3000000119
49649  36.606  -25.280  11.186 0.4000000060
125896  36.369  -24.621  10.602 0.3000000119
49663  35.858  -25.385  10.690 0.3000000119
50615  35.622  -24.711  10.133 0.3000000119
49664  35.111  -25.442  10.218 0.3000000119
49682  34.887  -24.803  9.655 0.4000000060
49683  34.347  -25.520  9.830 0.5000000000
48792  33.843  -26.227  10.041 0.5000000000
47855  32.752  -27.073  9.847 0.5000000000
52455  42.049  -22.108  14.490 0.3000000119
52456  41.007  -22.097  14.437 0.3000000119
52465  40.494  -22.779  14.159 0.3000000119
51530  40.009  -23.418  13.655 0.3000000119
126200  39.571  -23.040  12.984 0.3000000119
51570  38.222  -23.057  11.077 0.3000000119
51571  37.546  -23.251  10.579 0.3000000119
50614  36.905  -23.901  10.507 0.3000000119
50628  36.142  -23.958  10.045 0.3000000119
49684  33.558  -25.660  9.450 0.4000000060
48793  33.156  -26.410  9.656 0.5000000000
49685  32.803  -25.928  9.123 0.5000000000
137350  32.564  -26.579  9.422 0.5000000000
53356  41.541  -21.186  14.498 0.3000000119
53375  40.493  -21.437  14.317 0.3000000119
130944  40.277  -22.087  14.155 0.3000000119
130727  39.859  -22.441  13.564 0.3000000119
52472  39.449  -22.411  12.596 0.3000000119
124717  38.725  -22.928  11.533 0.3000000119
52497  37.999  -22.453  10.597 0.3000000119
125049  37.409  -22.539  10.137 0.3000000119
50629  35.408  -24.094  9.570 0.4000000060
50631  34.056  -24.870  9.280 0.4000000060
49701  33.181  -25.016  8.765 0.4000000060
137570  33.199  -24.254  8.334 0.4000000060
48810  32.001  -26.334  9.010 0.5000000000
49702  32.290  -25.454  8.597 0.4000000060
54423  43.144  -20.062  14.218 0.3000000119
54399  42.329  -20.653  14.470 0.3000000119
123756  39.626  -21.068  13.545 0.3000000119
53385  39.568  -21.684  13.116 0.3000000119
53395  39.352  -21.664  12.153 0.3000000119
52486  38.590  -22.367  11.129 0.3000000119
53406  38.445  -21.680  10.656 0.3000000119
51572  36.740  -23.109  9.914 0.3000000119
52508  36.142  -22.559  9.307 0.3000000119
51584  35.841  -23.363  9.501 0.3000000119
50630  34.651  -24.090  9.067 0.4000000060
50641  33.831  -24.266  8.698 0.3000000119
55365  41.336  -19.368  14.540 0.3000000119
126251  40.770  -19.979  14.488 0.3000000119
55366  40.338  -19.374  14.447 0.3000000119
54424  39.958  -20.883  14.114 0.3000000119
54425  39.493  -20.287  13.672 0.3000000119
54437  39.376  -20.841  12.742 0.3000000119
127795  39.235  -20.173  12.093 0.3000000119
54450  39.246  -20.923  11.681 0.3000000119
54462  39.130  -20.214  11.235 0.3000000119
56300  40.736  -18.623  14.530 0.3000000119
55367  39.608  -19.479  14.125 0.3000000119
56301  39.782  -18.640  14.359 0.3000000119
55386  39.206  -19.476  13.472 0.3000000119
126283  39.201  -20.040  12.929 0.3000000119
54451  38.908  -20.920  10.853 0.3000000119
53407  37.758  -21.785  10.099 0.3000000119
52507  36.960  -22.043  9.570 0.3000000119
57341  40.340  -17.898  14.494 0.3000000119
57342  39.608  -17.878  14.317 0.3000000119
124385  38.933  -18.741  13.272 0.3000000119
56306  39.126  -18.253  13.953 0.4000000060
128301  38.785  -18.504  12.342 0.3000000119
130022  38.968  -19.001  11.548 0.3000000119
54463  38.773  -20.092  10.527 0.3000000119
57364  38.626  -17.800  12.212 0.4000000060
57351  38.689  -17.083  13.481 0.4000000060
57405  38.735  -18.196  11.455 0.4000000060
58342  39.142  -16.512  14.068 0.3000000119
57365  38.544  -17.150  12.629 0.4000000060
34893  33.523  -41.593  17.943 1.0000000000
36541  33.779  -39.927  17.262 1.0000000000
45958  34.942  -30.009  12.412 0.6999999881
127934  34.663  -28.648  11.822 0.8000000119
46880  34.148  -28.319  11.412 0.8000000119
47828  35.338  -27.534  11.628 0.6999999881
30479  39.068  -45.927  9.434 0.6000000238
31383  38.743  -46.181  8.956 0.6000000238
33224  38.250  -43.766  8.826 0.6000000238
28755  37.091  -48.412  13.354 0.5000000000
28756  36.695  -49.085  13.797 0.5000000000
32293  40.652  -44.288  8.589 0.6000000238
30415  35.553  -46.175  16.708 0.8999999762
121059  41.531  -43.940  7.782 0.5000000000
30446  39.266  -45.810  13.829 0.4000000060
29574  37.913  -46.857  14.241 0.4000000060
34965  38.243  -42.332  11.047 0.6999999881
32226  36.553  -44.533  15.300 0.8999999762
34955  39.856  -42.169  11.225 0.6999999881
32266  41.417  -44.635  10.741 0.5000000000
34949  38.615  -42.057  12.609 0.8000000119
127260  38.159  -46.838  15.096 0.4000000060
124766  37.549  -42.723  13.915 0.8000000119
32278  44.150  -44.710  8.931 0.4000000060
34057  42.172  -42.874  11.646 0.6000000238
32277  45.282  -44.648  8.558 0.4000000060
34892  34.130  -41.263  18.076 1.0000000000
35699  33.062  -40.214  16.859 1.0000000000
33176  43.063  -43.408  13.149 0.6999999881
35687  35.224  -40.236  18.160 1.0000000000
35688  34.319  -40.472  17.830 1.0000000000
38404  33.469  -37.203  14.580 1.0000000000
37490  38.684  -38.623  17.855 0.8000000119
40286  35.636  -35.578  15.384 1.0000000000
41153  38.878  -34.274  16.789 0.8000000119
121518  36.541  -35.550  16.508 1.0000000000
39353  35.648  -36.589  16.442 1.0000000000
39358  40.882  -36.534  16.340 0.6999999881
42092  37.255  -33.960  11.610 1.0000000000
130235  35.908  -35.034  11.167 1.0000000000
42110  38.035  -33.482  11.276 1.0000000000
39368  41.651  -36.643  15.209 0.6999999881
40368  45.057  -35.870  7.348 0.4000000060
37551  30.256  -38.726  12.378 1.0000000000
38440  30.932  -37.610  12.487 1.0000000000
43154  44.887  -33.443  7.764 0.4000000060
42135  35.162  -34.421  9.331 1.0000000000
40363  44.609  -36.067  8.095 0.4000000060
42141  44.519  -34.388  8.087 0.5000000000
41249  44.293  -35.308  8.483 0.5000000000
46936  42.389  -28.158  7.002 0.4000000060
46935  43.489  -28.190  7.530 0.4000000060
42112  34.862  -33.678  10.912 1.0000000000
45055  44.221  -30.898  10.396 0.5000000000
45040  33.021  -30.439  12.019 0.8000000119
46036  39.658  -29.196  5.797 0.5000000000
45087  40.711  -30.817  7.860 0.5000000000
44139  39.583  -32.066  7.636 0.5000000000
45101  38.133  -31.624  6.768 0.6000000238
46018  38.012  -29.463  7.517 0.5000000000
120152  37.750  -30.135  8.124 0.5000000000
129118  36.174  -29.016  12.519 0.6999999881
129933  36.716  -28.216  12.610 0.6999999881
48769  35.971  -27.098  11.779 0.6000000238
51540  38.923  -23.882  12.369 0.3000000119
31344  34.312  -45.563  12.459 0.5000000000
31345  33.812  -46.002  12.843 0.5000000000
126451  33.565  -46.922  11.418 0.5000000000
30457  33.353  -46.469  12.466 0.5000000000
30483  34.204  -46.949  10.872 0.5000000000
31359  34.315  -45.738  11.685 0.5000000000
30469  33.659  -46.395  11.836 0.5000000000
122174  34.922  -46.970  10.431 0.5000000000
30492  36.102  -46.529  9.640 0.4000000060
31386  35.752  -45.617  10.110 0.5000000000
29625  36.762  -47.272  9.109 0.4000000060
30498  37.973  -46.908  8.708 0.5000000000
31385  36.501  -45.655  9.489 0.5000000000
34029  29.017  -42.263  15.561 0.6999999881
34030  28.723  -41.812  15.370 0.6999999881
34028  29.696  -41.963  15.684 0.8000000119
34904  30.455  -41.714  16.010 0.8000000119
34014  30.137  -42.502  16.413 0.8000000119
34903  31.222  -41.494  16.402 0.8999999762
34934  28.957  -41.177  14.656 0.6999999881
126600  30.075  -41.309  15.177 0.8999999762
34917  30.855  -41.030  15.630 0.8999999762
35717  31.307  -40.361  15.326 0.8999999762
35746  29.153  -40.650  14.033 0.6000000238
34943  29.297  -40.934  14.308 0.8000000119
35718  30.545  -40.586  14.660 0.8999999762
35735  31.166  -40.048  14.621 0.8999999762
36561  31.689  -39.692  15.052 0.8999999762
36565  46.469  -39.271  15.124 0.5000000000
35727  45.358  -40.182  15.421 0.5000000000
137013  44.982  -39.582  15.178 0.5000000000
35711  45.872  -41.062  15.462 0.6000000238
35712  44.896  -40.935  15.536 0.5000000000
35713  44.146  -40.992  15.546 0.5000000000
34024  44.858  -42.303  15.416 0.6000000238
117692  28.953  -40.024  13.860 0.6000000238
35745  29.524  -40.552  13.818 0.8999999762
35744  30.118  -40.403  13.742 0.8999999762
34933  29.758  -40.909  14.365 0.8999999762
35743  30.796  -39.975  13.909 0.8999999762
36573  31.447  -39.488  14.233 0.8999999762
36572  32.055  -39.058  14.643 0.8999999762
37524  45.484  -38.186  14.406 0.5000000000
37538  44.746  -38.266  14.187 0.5000000000
37523  46.293  -38.077  14.535 0.5000000000
116645  45.077  -38.891  14.755 0.5000000000
37525  44.385  -38.778  14.504 0.5000000000
37522  47.110  -38.282  14.526 0.5000000000
36566  45.691  -39.410  15.229 0.5000000000
35751  29.792  -40.120  13.241 0.8999999762
36582  29.340  -40.269  13.547 0.6999999881
36581  30.449  -39.783  13.139 0.8999999762
36580  31.174  -39.311  13.386 0.8999999762
36579  31.773  -38.811  13.811 0.8999999762
137254  45.121  -37.798  13.887 0.5000000000
37539  44.067  -38.327  14.111 0.5000000000
38399  45.790  -37.499  14.093 0.5000000000
38398  46.838  -37.385  14.177 0.5000000000
36588  30.069  -39.512  12.685 0.8999999762
36587  30.883  -38.991  12.587 0.8999999762
37543  31.534  -38.584  13.025 0.8999999762
38412  44.493  -37.702  13.531 0.5000000000
38411  45.221  -37.293  13.307 0.5000000000
38423  44.623  -37.304  12.653 0.5000000000
39379  46.107  -36.858  13.649 0.5000000000
120195  45.322  -36.794  12.038 0.4000000060
138699  28.751  -37.280  13.421 0.6000000238
39398  28.135  -36.043  13.822 0.6000000238
126646  29.032  -37.083  13.205 0.8000000119
40324  28.876  -36.225  13.546 0.6999999881
41191  28.629  -34.451  13.869 0.6999999881
42079  28.326  -33.583  13.801 0.6999999881
43076  28.077  -32.726  13.566 0.6999999881
40323  29.748  -36.023  13.436 0.8000000119
39397  29.611  -36.811  13.094 0.8000000119
41190  29.542  -34.437  13.772 0.6999999881
42078  29.108  -33.746  13.796 0.6999999881
43075  29.074  -32.856  13.499 0.6999999881
122831  28.611  -32.140  13.225 0.6999999881
41189  30.422  -34.411  13.670 0.8000000119
42096  30.586  -33.039  13.291 0.8000000119
134673  30.809  -35.102  13.642 0.8000000119
43098  29.378  -31.924  12.890 0.6999999881
42097  29.991  -32.590  13.132 0.6999999881
43097  30.768  -32.420  12.927 0.8000000119
40304  31.258  -34.503  13.575 0.8000000119
44077  30.189  -31.860  12.622 0.6999999881
44076  30.971  -31.736  12.467 0.8000000119
44106  30.320  -31.109  12.094 0.6000000238
43096  31.588  -32.361  12.815 0.8000000119
45041  31.442  -30.439  11.603 0.6000000238
45061  31.022  -29.901  11.159 0.6000000238
45992  30.533  -29.391  10.735 0.6000000238
44105  31.182  -31.044  12.031 0.8000000119
45975  31.768  -29.779  11.300 0.6000000238
45991  31.350  -29.207  10.781 0.6000000238
44075  31.890  -31.642  12.413 0.8000000119
126048  30.992  -28.665  10.213 0.6000000238
45990  32.152  -29.033  11.010 0.6000000238
46912  32.275  -27.736  10.076 0.6999999881
46896  31.788  -28.468  10.388 0.6000000238
45974  32.604  -29.721  11.513 0.6999999881
45989  33.022  -28.971  11.198 0.6999999881
29624  38.071  -48.081  8.828 0.4000000060
30499  37.069  -46.489  8.972 0.5000000000
31394  37.166  -45.671  9.023 0.5000000000
31373  35.084  -45.637  10.644 0.5000000000
31374  34.585  -45.780  11.078 0.5000000000
35716  31.979  -40.043  15.804 0.8999999762
40316  45.873  -36.104  12.445 0.3000000119
40305  30.050  -35.206  13.634 0.8000000119
130275  35.522  -46.976  10.008 0.5000000000
34918  29.298  -41.456  14.984 0.8000000119
35710  46.245  -40.060  15.372 0.5000000000
42077  29.948  -33.527  13.571 0.6999999881
42076  30.895  -33.716  13.498 0.8000000119
137032  29.747  -31.414  12.399 0.6999999881
32254  45.992  -44.577  12.355 0.4000000060
32252  47.387  -44.686  12.759 0.4000000060
32244  46.174  -44.261  13.285 0.4000000060
32243  46.941  -44.245  13.388 0.4000000060
32242  47.753  -44.046  13.246 0.4000000060
124104  48.179  -44.510  12.621 0.4000000060
34038  46.269  -42.642  15.010 0.5000000000
34023  45.718  -42.082  15.396 0.5000000000
34048  47.649  -42.637  13.988 0.5000000000
33170  48.096  -43.128  13.409 0.4000000060
33172  46.425  -43.793  13.977 0.4000000060
33182  49.088  -43.161  12.210 0.4000000060
34056  48.681  -42.669  12.724 0.4000000060
33192  49.500  -43.564  11.641 0.4000000060
33161  46.718  -43.136  14.459 0.5000000000
137380  49.212  -41.774  12.078 0.4000000060
34954  49.524  -41.863  11.638 0.4000000060
34970  51.240  -41.177  9.136 0.4000000060
128451  50.838  -41.612  9.786 0.4000000060
34064  49.919  -42.293  11.101 0.4000000060
34974  51.547  -41.565  8.361 0.4000000060
34084  50.839  -42.651  9.922 0.4000000060
137682  47.212  -41.525  14.782 0.5000000000
34937  47.700  -41.759  14.155 0.5000000000
34047  48.295  -42.025  13.333 0.4000000060
40377  54.515  -35.337  5.050 0.3000000119
39434  54.347  -36.064  5.516 0.3000000119
137531  49.687  -41.246  11.422 0.4000000060
39435  54.188  -36.982  5.577 0.3000000119
129484  53.605  -37.842  6.436 0.3000000119
37580  52.840  -38.823  7.192 0.3000000119
134426  52.446  -38.837  7.952 0.3000000119
124538  51.648  -39.953  8.716 0.4000000060
35763  50.874  -40.775  9.779 0.4000000060
125884  49.902  -41.648  11.103 0.4000000060
37579  53.312  -38.459  6.602 0.3000000119
36606  52.286  -39.474  7.571 0.3000000119
36610  51.880  -40.085  7.988 0.4000000060
34927  47.586  -40.873  14.381 0.4000000060
124355  48.676  -41.111  12.850 0.4000000060
123165  48.136  -41.040  13.616 0.4000000060
40371  54.497  -35.149  5.927 0.3000000119
133203  53.512  -35.872  8.149 0.3000000119
127939  54.098  -36.597  6.404 0.3000000119
38459  53.174  -37.397  7.880 0.3000000119
37572  52.316  -38.410  8.550 0.3000000119
37573  51.846  -38.604  9.151 0.4000000060
36603  51.479  -39.414  9.348 0.4000000060
35758  50.537  -40.453  10.414 0.4000000060
38458  53.679  -37.169  7.069 0.3000000119
37576  52.807  -38.187  7.932 0.3000000119
36607  51.984  -39.258  8.471 0.3000000119
35726  46.891  -40.734  15.106 0.4000000060
39415  51.594  -36.656  10.178 0.3000000119
122316  50.757  -37.045  10.905 0.3000000119
38447  50.676  -37.800  10.865 0.4000000060
37555  50.123  -38.133  11.414 0.4000000060
37556  49.481  -39.033  12.062 0.4000000060
36586  48.802  -39.655  12.831 0.4000000060
39421  52.824  -35.901  9.073 0.3000000119
39422  52.138  -36.451  9.683 0.3000000119
38446  51.269  -37.329  10.362 0.3000000119
37563  51.136  -38.265  10.292 0.4000000060
36593  50.183  -39.445  11.113 0.4000000060
35750  48.968  -40.370  12.511 0.4000000060
133700  52.594  -36.792  9.076 0.3000000119
38452  51.698  -37.897  9.703 0.3000000119
37569  51.450  -38.661  9.733 0.4000000060
36598  50.580  -39.653  10.583 0.4000000060
35749  49.375  -40.307  11.979 0.4000000060
125643  53.055  -36.708  8.466 0.3000000119
38456  52.147  -37.961  9.097 0.3000000119
36597  51.051  -39.124  10.139 0.4000000060
35754  50.132  -40.151  11.013 0.4000000060
38410  47.805  -37.036  13.640 0.4000000060
38421  48.459  -37.973  13.369 0.4000000060
37537  47.626  -38.676  14.292 0.4000000060
36564  47.197  -39.132  14.751 0.4000000060
123547  49.753  -36.702  11.985 0.3000000119
37548  48.702  -38.885  13.106 0.4000000060
36578  47.838  -39.362  14.188 0.4000000060
38433  50.250  -37.276  11.412 0.4000000060
38434  49.660  -37.640  12.018 0.4000000060
123246  49.096  -39.121  12.563 0.4000000060
36577  48.358  -39.520  13.505 0.4000000060
44078  29.258  -31.306  12.461 0.6000000238
118793  28.665  -31.512  12.764 0.6000000238
45043  29.951  -30.387  11.561 0.5000000000
44107  29.578  -30.913  12.078 0.5000000000
45976  29.303  -29.851  11.304 0.5000000000
45993  29.735  -29.296  10.710 0.5000000000
46897  30.205  -28.700  10.277 0.5000000000
46913  31.425  -27.818  9.796 0.5000000000
48794  32.074  -27.108  9.544 0.4000000060
54472  37.267  -20.644  9.041 0.3000000119
55452  36.988  -19.632  8.242 0.3000000119
54491  36.457  -19.989  7.896 0.3000000119
56365  38.866  -18.726  10.743 0.3000000119
55435  38.732  -19.268  10.267 0.3000000119
54471  37.796  -20.321  9.437 0.3000000119
55442  37.993  -19.505  9.232 0.3000000119
55459  37.128  -18.989  8.016 0.3000000119
54492  35.976  -19.934  7.361 0.3000000119
140624  35.966  -19.384  6.985 0.3000000119
126191  38.720  -17.825  10.550 0.3000000119
56366  38.717  -18.487  10.005 0.3000000119
55441  38.450  -19.018  9.609 0.3000000119
56377  38.440  -18.196  9.321 0.3000000119
55451  37.656  -19.102  8.586 0.3000000119
57434  37.915  -17.843  8.194 0.3000000119
56391  36.957  -18.561  7.455 0.3000000119
56392  36.287  -18.794  6.891 0.3000000119
56399  35.113  -18.635  5.698 0.3000000119
131701  38.605  -17.273  11.526 0.3000000119
124367  38.687  -17.038  10.644 0.3000000119
138515  38.678  -17.810  9.802 0.3000000119
57419  38.598  -17.319  9.325 0.3000000119
57433  38.314  -17.581  8.705 0.3000000119
58402  38.604  -16.672  8.644 0.3000000119
57446  38.164  -17.198  7.949 0.3000000119
57447  37.480  -17.765  7.428 0.3000000119
56398  35.919  -18.354  6.189 0.3000000119
59317  38.454  -15.699  11.749 0.3000000119
59333  38.602  -15.732  10.755 0.3000000119
126483  38.739  -16.447  10.253 0.3000000119
131467  38.854  -15.985  9.039 0.3000000119
58413  38.421  -16.373  7.676 0.3000000119
58423  37.842  -16.918  7.064 0.3000000119
58433  38.167  -16.153  6.723 0.3000000119
123901  38.427  -14.982  11.302 0.3000000119
130782  38.604  -15.093  10.438 0.3000000119
59351  38.777  -15.703  9.782 0.3000000119
120462  38.865  -15.237  8.985 0.3000000119
59375  38.653  -15.528  7.356 0.3000000119
60252  38.422  -14.257  10.674 0.3000000119
123900  38.688  -14.791  9.759 0.3000000119
61205  38.514  -13.541  9.233 0.3000000119
60271  38.745  -14.362  9.017 0.3000000119
61192  38.241  -13.334  10.228 0.3000000119
62176  37.708  -12.003  10.498 0.3000000119
34073  50.297  -42.675  10.636 0.4000000060
31338  46.459  -45.062  11.801 0.4000000060
31336  47.816  -45.208  12.247 0.4000000060
33201  49.899  -43.840  11.116 0.4000000060
32251  48.927  -44.098  12.187 0.4000000060
34083  51.270  -42.099  9.098 0.4000000060
39437  54.561  -35.930  4.414 0.3000000119
133082  54.471  -36.760  4.669 0.3000000119
38465  53.920  -37.705  5.662 0.3000000119
132993  53.144  -39.112  6.279 0.3000000119
36613  52.592  -39.642  6.707 0.3000000119
35769  51.815  -40.980  7.564 0.3000000119
40365  54.328  -34.819  6.977 0.3000000119
40352  52.191  -35.471  9.751 0.3000000119
40360  53.851  -34.858  8.028 0.3000000119
39376  48.188  -36.334  13.333 0.4000000060
38420  48.930  -37.005  12.845 0.4000000060
39401  50.482  -36.330  11.293 0.3000000119
39416  51.115  -36.503  10.637 0.3000000119
133244  46.914  -36.631  13.747 0.4000000060
59310  38.418  -15.674  12.775 0.3000000119
125824  38.342  -14.934  12.334 0.3000000119
60238  38.228  -14.193  11.862 0.3000000119
61183  38.071  -13.401  11.376 0.3000000119
62167  37.860  -12.544  12.032 0.3000000119
41263  54.595  -34.574  5.192 0.3000000119
32255  45.434  -44.258  11.842 0.4000000060
33163  45.030  -43.431  14.514 0.5000000000
34945  49.265  -41.133  12.061 0.4000000060
39430  53.889  -36.282  7.281 0.3000000119
37536  48.162  -38.719  13.786 0.4000000060
127188  38.580  -16.442  11.156 0.3000000119
57457  37.142  -17.377  6.452 0.3000000119
59365  38.759  -15.746  8.320 0.3000000119
60288  38.894  -14.751  8.060 0.3000000119
62168  37.674  -11.865  11.403 0.3000000119
32263  46.010  -44.703  11.170 0.3000000119
31337  47.099  -45.240  12.174 0.3000000119
124801  31.305  -45.957  17.830 0.6999999881
30405  30.705  -46.256  17.614 0.6999999881
32262  48.605  -44.984  12.034 0.3000000119
30437  39.493  -46.085  14.708 0.3000000119
31325  39.944  -45.738  14.240 0.3000000119
32209  29.406  -45.243  16.999 0.6999999881
31368  45.588  -45.421  8.997 0.3000000119
31295  29.977  -45.721  17.332 0.6999999881
31294  30.748  -45.401  17.617 0.6999999881
31366  46.517  -45.934  10.338 0.3000000119
31350  47.508  -45.718  11.689 0.3000000119
30463  47.880  -46.204  11.256 0.3000000119
31364  50.209  -45.246  10.267 0.3000000119
31365  49.191  -45.961  10.740 0.3000000119
31348  48.946  -45.434  11.392 0.3000000119
128666  50.823  -45.085  9.766 0.3000000119
32273  50.665  -44.424  10.121 0.3000000119
121922  49.631  -45.228  10.891 0.3000000119
31340  41.470  -45.282  12.440 0.3000000119
32220  29.715  -43.833  16.906 0.6999999881
31367  46.106  -45.659  9.490 0.3000000119
31369  44.842  -45.504  9.039 0.3000000119
32208  30.060  -44.706  17.269 0.6999999881
30475  46.736  -46.497  10.321 0.3000000119
131789  48.409  -46.617  10.675 0.3000000119
31381  49.812  -46.015  10.150 0.3000000119
32261  49.415  -44.542  11.480 0.3000000119
31390  51.668  -45.434  8.357 0.3000000119
31354  43.023  -45.358  11.110 0.4000000060
33140  29.548  -43.142  16.433 0.6999999881
30478  44.848  -46.246  9.442 0.3000000119
30474  47.474  -46.717  10.653 0.3000000119
30476  46.119  -46.250  9.507 0.3000000119
137389  30.145  -43.214  16.887 0.6999999881
29604  47.842  -47.301  10.221 0.3000000119
33127  30.504  -43.786  17.318 0.6999999881
33211  51.032  -43.698  9.720 0.3000000119
32274  50.073  -44.472  10.752 0.3000000119
32287  51.629  -44.643  8.801 0.3000000119
127698  51.458  -43.977  9.118 0.3000000119
30490  45.646  -46.813  9.219 0.3000000119
29619  47.392  -47.897  9.619 0.3000000119
29605  46.866  -47.253  9.955 0.3000000119
33139  30.881  -42.851  17.160 0.6999999881
34100  51.811  -42.852  7.433 0.3000000119
29620  45.953  -47.349  9.287 0.3000000119
135880  30.829  -42.107  16.637 0.6999999881
34092  51.603  -42.468  8.265 0.3000000119
40313  48.402  -35.163  12.908 0.3000000119
29531  33.226  -47.495  17.797 0.5000000000
125827  30.770  -47.004  17.634 0.6999999881
29532  32.333  -47.761  17.793 0.6000000238
29533  31.293  -47.688  17.707 0.6000000238
30403  32.614  -46.863  18.054 0.6000000238
32221  29.213  -44.519  16.760 0.6999999881
30455  42.072  -45.922  13.043 0.3000000119
33141  28.993  -43.746  16.394 0.6999999881
31339  42.486  -45.640  12.129 0.4000000060
33150  28.881  -42.994  15.973 0.6999999881
30466  43.269  -46.047  11.567 0.4000000060
31353  43.921  -45.799  10.359 0.4000000060
34015  29.429  -42.554  16.019 0.6999999881
140377  44.952  -46.691  9.372 0.3000000119
29607  44.369  -47.077  10.179 0.3000000119
28774  44.344  -48.061  10.016 0.3000000119
31352  46.384  -45.321  10.656 0.3000000119
30404  31.570  -46.808  17.866 0.6000000238
29621  45.247  -47.645  9.189 0.3000000119
30453  43.372  -46.704  11.798 0.3000000119
30449  33.366  -46.540  13.201 0.5000000000
124539  34.259  -47.463  15.705 0.5000000000
29576  33.396  -47.517  14.449 0.5000000000
30448  34.071  -46.181  13.602 0.4000000060
25235  29.513  -52.156  16.516 0.4000000060
25257  27.819  -53.469  15.934 0.5000000000
30426  34.030  -47.141  14.910 0.4000000060
30440  33.680  -46.804  14.032 0.5000000000
24446  26.792  -54.462  14.684 0.4000000060
23539  26.380  -54.942  13.986 0.4000000060
26058  28.369  -52.755  16.358 0.5000000000
29548  33.713  -47.835  17.253 0.4000000060
23520  25.735  -54.534  14.591 0.4000000060
23540  25.283  -55.155  14.026 0.4000000060
25258  26.663  -53.177  15.806 0.4000000060
130095  28.011  -51.861  16.495 0.5000000000
26074  27.399  -52.477  16.251 0.4000000060
26050  29.382  -51.438  16.736 0.5000000000
27785  30.328  -48.926  17.440 0.4000000060
27784  31.265  -49.208  17.484 0.4000000060
28691  31.772  -48.523  17.619 0.4000000060
23521  24.620  -54.627  14.433 0.4000000060
24429  22.633  -53.411  15.634 0.4000000060
26075  26.490  -51.945  15.976 0.4000000060
26077  22.923  -51.203  15.509 0.4000000060
26924  27.846  -50.934  16.483 0.5000000000
26059  27.155  -51.382  16.253 0.4000000060
129699  23.648  -50.937  15.395 0.4000000060
130817  28.601  -50.499  16.736 0.5000000000
121394  24.445  -48.968  15.421 0.4000000060
27797  28.910  -49.714  16.936 0.5000000000
29566  25.233  -47.605  15.471 0.4000000060
29567  24.453  -47.618  15.385 0.4000000060
124870  29.593  -49.374  17.218 0.5000000000
28692  30.876  -48.370  17.571 0.5000000000
23524  22.820  -54.111  15.270 0.4000000060
26076  23.101  -52.170  15.457 0.4000000060
24426  25.144  -53.965  14.975 0.4000000060
25248  23.610  -52.354  15.377 0.4000000060
26936  24.544  -50.736  15.423 0.4000000060
27798  27.747  -50.119  16.502 0.5000000000
121970  25.295  -49.123  15.525 0.4000000060
27815  24.506  -49.735  15.424 0.4000000060
134750  28.125  -49.504  16.628 0.5000000000
28709  29.467  -48.392  17.230 0.5000000000
30429  25.525  -46.921  15.493 0.4000000060
29534  30.424  -47.577  17.497 0.6000000238
25245  25.797  -52.368  15.645 0.4000000060
25247  24.336  -52.455  15.369 0.4000000060
26061  25.015  -51.726  15.488 0.4000000060
27814  25.934  -49.694  15.697 0.4000000060
121236  25.658  -48.231  15.593 0.4000000060
28710  28.622  -48.748  16.866 0.5000000000
29565  25.950  -47.483  15.623 0.4000000060
29535  29.612  -47.559  17.266 0.6000000238
24427  24.055  -53.990  14.812 0.4000000060
24416  24.641  -53.268  15.234 0.4000000060
129033  25.389  -50.944  15.573 0.4000000060
127105  25.326  -50.143  15.539 0.4000000060
121738  27.204  -49.342  16.252 0.5000000000
27813  26.523  -49.764  15.971 0.5000000000
28731  26.283  -48.894  15.819 0.5000000000
28711  27.933  -47.984  16.518 0.5000000000
129276  27.781  -48.739  16.469 0.5000000000
28730  27.063  -48.227  16.138 0.5000000000
126565  26.315  -48.033  15.807 0.4000000060
29549  28.742  -47.653  16.904 0.6000000238
30428  26.267  -46.744  15.639 0.5000000000
30406  29.939  -46.719  17.369 0.6000000238
30417  29.150  -46.937  17.085 0.6000000238
29550  28.074  -47.269  16.495 0.6000000238
29564  26.670  -47.402  15.858 0.5000000000
30419  27.758  -46.626  16.289 0.6000000238
29551  27.404  -47.345  16.192 0.5000000000
31308  29.126  -46.070  16.929 0.6000000238
33152  27.485  -43.530  15.813 0.5000000000
33151  28.249  -43.608  16.000 0.6000000238
32228  27.645  -44.333  15.924 0.5000000000
32222  28.426  -44.418  16.328 0.6000000238
31315  27.890  -45.127  16.228 0.6000000238
132681  27.147  -45.083  15.790 0.5000000000
31316  26.593  -45.855  15.672 0.5000000000
30418  28.504  -46.749  16.695 0.6000000238
31310  27.415  -45.868  16.058 0.5000000000
30427  27.025  -46.637  15.901 0.5000000000
31317  25.927  -45.411  15.498 0.5000000000
120213  28.244  -42.705  15.760 0.5000000000
119556  28.700  -45.209  16.636 0.6000000238
28728  33.492  -48.566  15.954 0.4000000060
28689  33.103  -48.088  17.523 0.4000000060
29563  34.021  -47.927  16.386 0.4000000060
31309  28.210  -45.932  16.487 0.6000000238
29584  32.987  -47.197  13.596 0.5000000000
28746  33.212  -48.323  14.904 0.5000000000
119278  33.789  -47.847  15.364 0.5000000000
137191  28.536  -51.376  16.615 0.5000000000
24425  26.217  -54.006  15.284 0.4000000060
25259  25.615  -53.274  15.438 0.4000000060
26938  23.221  -50.294  15.424 0.4000000060
28733  23.983  -48.363  15.369 0.4000000060
25246  25.094  -52.611  15.443 0.4000000060
26935  26.219  -50.700  15.837 0.4000000060
25260  23.737  -53.210  15.185 0.4000000060
127504  22.650  -52.045  15.666 0.3000000119
27816  23.571  -49.353  15.396 0.3000000119
26950  22.658  -50.360  15.581 0.3000000119
133647  22.897  -49.757  15.457 0.3000000119
28734  23.108  -48.445  15.413 0.3000000119
28748  22.287  -49.060  15.700 0.3000000119
25261  23.140  -53.039  15.336 0.4000000060
25262  22.722  -52.804  15.586 0.4000000060
26051  28.851  -52.086  16.545 0.5000000000
26060  25.796  -51.515  15.684 0.4000000060
26062  24.083  -51.620  15.392 0.4000000060
26063  23.449  -51.650  15.433 0.4000000060
26934  27.098  -50.363  16.229 0.5000000000
26937  23.877  -50.197  15.393 0.4000000060
27817  22.757  -49.125  15.475 0.3000000119
27835  37.025  -49.239  12.950 0.5000000000
28693  30.129  -48.158  17.407 0.6000000238
28726  36.848  -48.316  15.040 0.3000000119
28732  24.857  -48.311  15.426 0.4000000060
28735  22.420  -48.483  15.616 0.3000000119
29582  37.820  -46.960  13.319 0.5000000000
29603  48.626  -47.191  10.099 0.3000000119
29606  46.218  -46.789  9.580 0.3000000119
29622  44.744  -48.097  9.452 0.3000000119
29626  36.061  -47.443  9.631 0.4000000060
29635  37.917  -47.581  8.712 0.4000000060
29636  37.456  -47.265  8.796 0.5000000000
30423  39.003  -46.525  15.293 0.3000000119
30462  48.508  -46.006  11.199 0.3000000119
30464  47.196  -46.187  11.079 0.3000000119
30465  43.875  -46.469  10.834 0.4000000060
30467  38.515  -46.447  11.208 0.6000000238
30468  34.123  -46.314  11.247 0.5000000000
30473  49.221  -46.683  10.173 0.3000000119
30477  45.502  -46.280  9.111 0.3000000119
30481  35.316  -46.323  10.267 0.5000000000
30482  34.676  -46.306  10.747 0.5000000000
31329  41.076  -45.560  13.316 0.3000000119
31331  38.814  -45.885  13.098 0.4000000060
31349  48.207  -45.643  11.704 0.3000000119
31351  46.824  -45.692  11.311 0.3000000119
31360  33.860  -46.017  12.242 0.5000000000
31379  51.252  -45.303  9.179 0.3000000119
31393  37.760  -45.263  8.772 0.6000000238
32187  35.967  -44.101  18.344 0.8999999762
32188  35.322  -43.821  18.468 0.8999999762
32253  46.670  -44.702  12.691 0.4000000060
32283  36.087  -44.304  10.489 0.6999999881
32288  51.182  -44.521  9.489 0.3000000119
32300  45.107  -43.533  7.173 0.4000000060
32303  40.659  -43.710  7.799 0.6000000238
32305  38.845  -44.330  8.575 0.6000000238
33148  37.463  -43.455  15.595 0.8000000119
33160  47.211  -42.936  14.291 0.5000000000
33162  45.904  -43.344  14.565 0.5000000000
33171  47.280  -43.475  13.889 0.4000000060
33177  37.172  -43.162  13.782 0.8000000119
33183  48.490  -43.632  12.783 0.4000000060
33184  45.426  -44.159  13.015 0.4000000060
33191  49.932  -43.087  11.101 0.4000000060
33193  45.156  -43.604  9.876 0.4000000060
33200  50.423  -43.542  10.506 0.3000000119
33210  51.414  -43.140  8.977 0.3000000119
33218  51.796  -43.915  8.439 0.3000000119
33219  44.854  -43.062  6.575 0.4000000060
33226  44.551  -42.673  6.454 0.4000000060
34022  46.575  -41.772  15.204 0.5000000000
34025  43.991  -42.366  15.396 0.6999999881
34037  47.103  -42.381  14.652 0.5000000000
34039  45.380  -42.849  15.092 0.5000000000
34041  43.607  -42.971  14.906 0.6999999881
34055  49.167  -42.316  12.131 0.4000000060
34065  49.532  -42.698  11.634 0.4000000060
34074  44.319  -42.419  8.376 0.5000000000
34085  44.831  -42.708  6.569 0.4000000060
34093  44.445  -42.444  6.557 0.4000000060
34094  43.557  -42.131  6.893 0.4000000060
34102  42.894  -42.572  6.707 0.4000000060
34880  34.055  -42.027  18.311 1.0000000000
34913  45.163  -41.623  15.518 0.6000000238
34930  41.213  -41.686  14.438 0.6999999881
34946  48.871  -41.823  12.502 0.4000000060
34953  50.083  -41.010  10.866 0.4000000060
34961  50.338  -41.855  10.524 0.4000000060
35674  37.817  -40.808  18.268 0.8000000119
35686  38.904  -40.250  17.594 0.6999999881
35725  47.441  -40.006  14.641 0.4000000060
35728  44.416  -40.180  15.351 0.5000000000
35738  48.498  -40.313  13.191 0.4000000060
35739  48.002  -40.183  13.925 0.4000000060
35755  49.692  -40.596  11.480 0.4000000060
35762  51.303  -40.327  9.240 0.4000000060
35765  51.585  -40.684  8.513 0.4000000060
35768  52.103  -40.210  7.116 0.3000000119
36547  39.575  -39.445  16.522 0.6999999881
36567  44.380  -39.357  14.937 0.6000000238
36585  49.242  -39.706  12.256 0.4000000060
36594  49.701  -39.735  11.610 0.4000000060
36604  50.997  -39.963  9.937 0.4000000060
37493  35.653  -38.596  17.650 1.0000000000
37513  40.166  -38.563  15.488 0.6999999881
37547  49.163  -38.297  12.556 0.4000000060
37557  31.456  -37.835  12.629 1.0000000000
37564  50.525  -38.762  10.839 0.4000000060
37575  53.272  -37.998  7.217 0.3000000119
38383  35.378  -37.306  16.743 1.0000000000
38390  41.084  -37.169  15.635 0.6000000238
38400  42.387  -37.319  14.461 0.6999999881
38422  45.044  -37.133  12.291 0.5000000000
38437  32.594  -36.418  13.388 1.0000000000
38451  52.201  -37.308  9.377 0.3000000119
38455  52.620  -37.545  8.639 0.3000000119
38462  53.914  -37.266  6.241 0.3000000119
38464  54.289  -37.529  4.932 0.3000000119
39338  37.389  -36.483  17.485 0.8999999762
39349  40.374  -36.455  16.944 0.8000000119
39369  35.058  -35.990  14.951 1.0000000000
39377  47.422  -36.173  13.510 0.4000000060
39388  49.284  -36.171  12.435 0.4000000060
39389  48.659  -35.951  12.898 0.3000000119
39390  45.623  -36.661  12.927 0.5000000000
39396  30.239  -36.608  13.151 0.8999999762
39404  44.525  -37.063  11.135 0.4000000060
39408  31.985  -36.743  13.291 1.0000000000
39417  45.189  -36.911  10.502 0.4000000060
39424  44.892  -36.601  8.731 0.5000000000
39431  53.469  -36.689  7.790 0.3000000119
40285  36.253  -35.175  15.854 1.0000000000
40293  34.798  -35.758  14.217 1.0000000000
40303  34.534  -35.645  13.510 1.0000000000
40349  35.342  -35.455  9.689 1.0000000000
40350  35.172  -35.313  9.712 1.0000000000
40354  44.293  -36.124  8.995 0.4000000060
40356  35.445  -35.347  9.384 1.0000000000
40372  54.255  -35.751  6.618 0.3000000119
41169  37.391  -34.054  15.928 0.8000000119
41238  44.038  -35.176  9.447 0.6000000238
41240  36.001  -35.325  9.063 1.0000000000
42041  40.266  -33.721  16.515 0.6999999881
42042  39.261  -33.461  16.370 0.8000000119
42066  42.237  -32.949  15.094 0.6999999881
42068  37.577  -33.381  14.383 0.8999999762
42095  31.326  -33.059  13.197 0.8000000119
42120  44.169  -34.013  10.041 0.6000000238
42123  34.971  -33.953  9.956 1.0000000000
42142  37.875  -33.967  8.106 0.6999999881
42144  36.395  -34.001  8.102 1.0000000000
42153  36.958  -33.553  7.632 0.8999999762
43052  38.943  -32.478  15.188 0.6999999881
43064  41.697  -32.034  14.910 0.6999999881
43065  40.309  -31.912  14.978 0.6999999881
43071  43.583  -32.729  13.088 0.6999999881
43073  39.302  -31.931  13.801 0.6999999881
43089  42.997  -31.484  13.334 0.6000000238
43115  35.684  -32.546  11.184 1.0000000000
43126  38.706  -33.287  9.612 0.8000000119
43146  38.752  -32.430  7.210 0.6000000238
43155  37.894  -32.644  7.189 0.6999999881
44045  41.864  -31.538  14.313 0.6999999881
44055  40.571  -31.343  13.626 0.6999999881
44067  42.469  -31.026  13.083 0.6000000238
44102  35.553  -32.113  11.924 1.0000000000
44148  45.477  -31.477  7.272 0.4000000060
44151  36.955  -32.384  7.525 0.8000000119
45038  36.850  -31.160  11.846 0.6999999881
45039  33.819  -30.569  12.306 0.8999999762
45042  30.710  -30.484  11.584 0.6000000238
45054  44.534  -30.636  9.639 0.5000000000
45062  30.433  -29.990  11.213 0.6000000238
45063  29.998  -29.810  11.066 0.6000000238
45076  37.419  -30.868  7.725 0.5000000000
45088  37.726  -30.238  7.126 0.6999999881
45095  45.522  -29.921  7.054 0.4000000060
45100  38.053  -30.497  6.621 0.5000000000
45109  38.889  -30.186  5.951 0.4000000060
45110  38.411  -29.865  6.134 0.5000000000
45969  39.407  -29.596  11.646 0.5000000000
46013  44.259  -29.524  8.925 0.4000000060
46026  40.416  -29.740  6.334 0.5000000000
46035  40.362  -28.777  5.932 0.5000000000
46892  40.667  -28.713  10.880 0.4000000060
46925  43.799  -28.668  8.061 0.4000000060
46928  38.923  -28.159  7.467 0.4000000060
47789  41.867  -27.541  13.181 0.3000000119
47790  41.131  -27.581  13.384 0.3000000119
47812  36.456  -27.478  12.295 0.6000000238
47826  42.654  -27.634  11.664 0.4000000060
47829  34.723  -27.936  11.484 0.8000000119
47874  43.051  -27.591  6.935 0.4000000060
47875  39.508  -26.769  6.437 0.3000000119
47894  46.160  -27.208  5.395 0.3000000119
48735  42.482  -27.085  13.124 0.3000000119
48737  40.685  -26.829  13.653 0.3000000119
48738  39.732  -26.763  13.532 0.3000000119
48739  38.972  -26.872  13.406 0.4000000060
48747  43.545  -26.464  12.087 0.3000000119
48768  36.082  -26.162  11.364 0.4000000060
48790  42.735  -26.543  9.390 0.3000000119
48808  41.015  -26.336  7.778 0.4000000060
48822  40.388  -25.959  6.825 0.3000000119
49619  39.380  -25.901  13.428 0.3000000119
49710  40.471  -25.513  6.355 0.3000000119
49713  40.302  -25.493  5.928 0.3000000119
50563  42.095  -24.521  14.237 0.3000000119
50593  37.084  -24.528  11.056 0.3000000119
50613  37.466  -23.934  10.940 0.3000000119
50642  32.440  -24.516  8.120 0.4000000060
51529  40.833  -23.639  14.189 0.3000000119
51539  39.403  -23.710  12.964 0.4000000060
51551  39.142  -23.157  12.209 0.3000000119
51585  35.228  -23.562  9.148 0.4000000060
52485  39.094  -22.381  11.765 0.3000000119
53376  39.888  -21.615  13.888 0.3000000119
53396  38.993  -21.671  11.319 0.3000000119
54400  41.533  -20.336  14.522 0.3000000119
54401  40.691  -20.666  14.417 0.3000000119
54402  40.071  -20.124  14.297 0.3000000119
54470  38.352  -19.837  9.857 0.3000000119
54481  37.423  -19.951  8.832 0.3000000119
54483  36.017  -20.552  7.854 0.3000000119
55408  39.036  -19.374  12.469 0.3000000119
55420  39.123  -19.652  11.619 0.3000000119
55434  39.034  -19.494  10.942 0.3000000119
55450  38.155  -18.831  9.082 0.3000000119
55460  36.539  -19.325  7.557 0.3000000119
56307  38.706  -17.863  13.176 0.4000000060
56383  38.027  -18.325  8.679 0.3000000119
56384  37.550  -18.427  8.070 0.3000000119
57350  39.111  -17.452  14.007 0.4000000060
57448  36.709  -18.097  6.716 0.3000000119
58327  39.874  -17.188  14.384 0.3000000119
58351  38.477  -16.445  12.166 0.3000000119
62175  37.834  -12.639  10.960 0.3000000119
118573  36.183  -42.175  18.485 0.8999999762
119021  42.594  -30.252  10.416 0.5000000000
120165  51.806  -37.134  9.882 0.3000000119
120395  45.939  -38.701  14.891 0.5000000000
120863  46.628  -38.665  14.821 0.5000000000
122063  46.885  -39.826  15.083 0.4000000060
123245  49.946  -38.918  11.485 0.4000000060
123409  37.129  -39.202  18.229 0.8999999762
123440  47.740  -37.971  14.067 0.4000000060
124271  46.509  -47.862  9.367 0.3000000119
126117  38.559  -14.054  9.776 0.3000000119
126378  39.222  -18.931  13.955 0.3000000119
126415  40.601  -31.262  10.673 0.5000000000
126662  38.781  -16.547  9.480 0.3000000119
127771  34.346  -45.654  13.177 0.5000000000
128133  29.683  -39.057  12.688 1.0000000000
128170  39.287  -45.372  11.878 0.5000000000
128182  35.573  -44.599  10.936 0.6999999881
128373  38.749  -17.168  9.967 0.3000000119
128434  45.735  -32.721  5.028 0.3000000119
129122  50.517  -41.139  10.265 0.4000000060
129207  41.423  -42.112  7.635 0.5000000000
130138  51.774  -43.239  8.135 0.3000000119
130267  36.208  -35.245  10.188 1.0000000000
130630  44.948  -47.182  9.397 0.3000000119
130850  51.005  -35.807  10.837 0.3000000119
130885  22.455  -50.911  15.711 0.3000000119
131433  37.956  -12.608  10.154 0.3000000119
131596  29.128  -35.290  13.697 0.6999999881
131753  36.571  -34.425  11.748 1.0000000000
131859  44.636  -31.950  10.231 0.5000000000
132705  54.009  -35.525  7.443 0.3000000119
132851  24.896  -47.087  15.419 0.4000000060
133443  42.610  -36.851  14.253 0.6999999881
133527  53.631  -38.473  5.800 0.3000000119
134940  22.854  -53.526  15.373 0.4000000060
135752  39.533  -34.920  17.116 0.8000000119
135899  46.827  -46.079  10.819 0.3000000119
136363  34.469  -34.552  11.538 1.0000000000
136537  35.619  -41.001  18.415 1.0000000000
136565  38.229  -46.573  12.031 0.5000000000
136675  49.673  -38.405  11.897 0.4000000060
137357  34.231  -28.776  11.692 0.8000000119
137893  38.320  -29.283  6.080 0.4000000060
138621  45.416  -29.302  7.093 0.3000000119
138688  22.534  -52.438  15.748 0.3000000119
139369  40.019  -28.119  8.783 0.4000000060
139750  41.807  -20.729  14.513 0.3000000119
139832  45.106  -34.625  6.446 0.3000000119
139975  49.716  -45.610  10.511 0.3000000119
140521  41.354  -24.277  14.248 0.3000000119
140661  33.625  -27.442  10.591 0.6999999881
140669  42.978  -34.690  13.843 0.6999999881
