#!ascii label  , from subject sub-v2s0x29023_ses-1 vox2ras=TkReg
1296
59485  -20.597  -9.349  18.050 0.5555555820
58667  -21.685  -9.185  16.821 0.6666666865
60340  -21.905  -8.396  16.131 0.7777777910
59518  -22.561  -8.474  15.792 0.7777777910
61967  -21.418  -7.086  15.729 0.8888888955
60366  -23.828  -7.624  14.560 0.8888888955
58640  -20.262  -9.759  18.892 0.5555555820
59502  -20.386  -8.659  17.803 0.5555555820
60338  -20.355  -7.763  17.170 0.6666666865
61140  -20.884  -7.695  16.512 0.8888888955
60347  -22.870  -8.210  15.391 0.8888888955
121795  -22.616  -7.583  15.177 0.8888888955
125118  -23.895  -6.564  14.031 1.0000000000
61169  -24.343  -7.170  14.244 0.8888888955
62004  -24.637  -5.696  13.470 1.0000000000
61106  -19.723  -7.596  17.822 0.7777777910
61966  -19.832  -6.079  16.617 1.0000000000
62865  -20.028  -5.355  16.206 1.0000000000
61979  -21.473  -6.352  15.461 1.0000000000
63763  -21.589  -4.571  14.623 1.0000000000
62877  -20.813  -5.456  15.686 1.0000000000
62888  -22.998  -5.269  13.717 1.0000000000
63774  -22.354  -4.453  13.859 1.0000000000
62901  -23.613  -4.934  13.210 1.0000000000
62905  -25.182  -4.781  13.125 1.0000000000
63775  -23.150  -4.364  13.169 1.0000000000
63787  -24.458  -4.186  12.685 1.0000000000
63777  -26.699  -4.309  13.647 1.0000000000
64635  -25.526  -3.402  12.568 1.0000000000
64623  -27.688  -3.085  13.949 0.7777777910
64590  -18.776  -3.985  16.435 0.8888888955
63751  -20.255  -4.741  15.779 1.0000000000
64609  -21.605  -3.569  14.161 1.0000000000
64600  -20.222  -3.906  15.457 1.0000000000
64632  -23.230  -3.067  12.595 1.0000000000
63798  -24.617  -3.557  12.452 1.0000000000
64648  -25.103  -2.882  12.229 1.0000000000
65493  -27.068  -2.922  13.270 1.0000000000
65481  -28.527  -2.432  14.337 0.8888888955
65494  -27.611  -2.383  13.539 1.0000000000
105127  -29.503  -2.140  14.899 0.7777777910
66338  -31.855  -1.809  14.967 0.7777777910
65462  -18.274  -2.495  16.374 0.5555555820
108654  -19.832  -0.667  14.394 0.7777777910
65479  -19.722  -2.190  14.940 0.8888888955
65492  -21.714  -2.121  13.545 1.0000000000
64620  -21.921  -2.856  13.626 1.0000000000
66345  -20.757  -1.275  13.962 0.8888888955
65501  -22.301  -1.773  12.911 1.0000000000
65513  -24.115  -2.469  12.044 1.0000000000
65515  -25.254  -2.212  12.003 1.0000000000
66348  -28.158  -1.715  13.745 0.8888888955
66358  -26.929  -1.488  12.649 1.0000000000
123761  -28.528  -1.090  13.871 0.8888888955
67186  -32.341  -0.278  14.149 0.7777777910
66359  -32.579  -1.556  12.199 0.6666666865
67187  -32.583  -0.723  13.196 0.6666666865
108275  -16.959  0.762  16.600 0.4444444478
67161  -18.731  -0.360  15.194 0.7777777910
67172  -19.114  0.314  14.821 0.6666666865
67183  -21.442  -0.385  13.169 0.7777777910
66355  -22.159  -0.917  12.769 0.8888888955
66356  -22.939  -1.509  12.346 0.8888888955
66365  -23.932  -1.132  11.560 1.0000000000
66368  -25.503  -1.448  11.799 1.0000000000
67184  -27.796  -1.057  13.244 1.0000000000
67185  -28.441  -0.411  13.669 0.8888888955
107138  -29.964  0.073  14.777 0.7777777910
116769  -30.865  -0.028  14.993 0.7777777910
108949  -32.419  -1.090  11.391 0.5555555820
67993  -32.392  0.555  13.890 0.7777777910
68002  -32.365  0.349  11.840 0.6666666865
68807  -18.813  1.905  14.686 0.6666666865
68796  -18.068  1.731  15.513 0.6666666865
67182  -20.876  0.191  13.446 0.7777777910
67989  -20.575  1.002  13.445 0.7777777910
67193  -22.043  0.016  12.603 0.8888888955
108216  -23.433  -0.680  11.738 0.8888888955
67201  -23.111  0.014  11.767 1.0000000000
67213  -24.675  -0.314  11.267 1.0000000000
67204  -26.616  -0.203  12.067 1.0000000000
67195  -27.154  -0.633  12.602 0.8888888955
67991  -28.625  0.959  13.641 0.8888888955
116790  -31.408  1.304  14.712 0.8888888955
67984  -30.684  0.680  14.859 0.7777777910
68829  -27.992  1.234  12.997 0.8888888955
111703  -30.297  1.496  14.679 0.7777777910
68811  -32.029  2.017  14.298 0.7777777910
122499  -32.408  0.890  12.394 0.7777777910
68011  -32.156  0.535  11.104 0.6666666865
69643  -18.184  2.776  15.175 0.6666666865
69642  -17.568  2.304  15.896 0.5555555820
68808  -19.570  1.864  14.030 0.7777777910
67998  -21.713  0.805  12.674 0.8888888955
68007  -22.620  0.691  11.930 0.8888888955
68017  -24.257  0.379  11.152 1.0000000000
68016  -23.647  0.338  11.372 1.0000000000
68838  -27.228  1.221  12.305 1.0000000000
68001  -27.395  0.322  12.623 0.8888888955
68810  -31.162  2.021  14.698 0.7777777910
69670  -32.276  2.613  13.609 0.7777777910
69689  -32.172  2.151  11.827 0.6666666865
68848  -31.797  1.217  10.001 0.5555555820
68024  -31.800  0.535  9.429 0.5555555820
69656  -19.145  2.801  14.367 0.7777777910
69665  -19.906  2.492  13.776 0.6666666865
68819  -20.851  1.632  13.168 0.8888888955
68845  -23.803  1.115  11.158 1.0000000000
68847  -25.705  0.887  11.348 1.0000000000
69678  -28.177  2.184  13.061 0.8888888955
68820  -28.694  1.694  13.644 0.8888888955
111521  -28.215  3.019  13.213 0.8888888955
115238  -29.455  2.041  14.281 0.8888888955
70507  -32.152  3.456  13.620 0.7777777910
70529  -31.969  3.763  11.715 0.7777777910
69679  -32.209  2.971  12.200 0.7777777910
116091  -31.594  2.161  9.636 0.5555555820
71359  -31.789  4.773  13.816 0.7777777910
70541  -31.709  3.542  10.686 0.5555555820
117954  -31.407  1.904  8.765 0.5555555820
71389  -31.741  4.297  11.018 0.6666666865
72169  -18.199  5.315  16.192 0.4444444478
70503  -19.683  3.142  13.997 0.5555555820
69685  -22.579  2.195  11.684 0.7777777910
115803  -23.247  1.842  11.301 1.0000000000
69684  -22.234  1.868  12.082 0.8888888955
123835  -25.450  2.155  11.110 1.0000000000
69696  -25.991  1.930  11.436 0.8888888955
111212  -27.040  3.019  12.069 0.8888888955
69677  -27.605  2.760  12.575 0.8888888955
70506  -28.959  3.550  13.805 0.8888888955
70494  -29.950  3.719  14.457 0.8888888955
123929  -32.038  4.318  12.474 0.6666666865
70548  -31.487  3.321  9.649 0.5555555820
108985  -24.017  4.068  10.619 0.6666666865
121291  -22.028  3.128  12.178 0.6666666865
108122  -24.670  3.930  10.627 0.7777777910
126245  -26.144  3.424  11.493 0.8888888955
70540  -25.751  3.785  11.161 0.7777777910
70527  -26.270  4.012  11.525 0.7777777910
70517  -27.461  3.786  12.423 0.8888888955
71368  -27.475  4.703  12.420 0.7777777910
70518  -28.200  3.749  13.080 0.8888888955
72198  -28.682  5.169  13.537 0.7777777910
71350  -29.503  4.588  14.124 0.7777777910
72192  -31.145  5.039  14.278 0.6666666865
73009  -29.286  6.487  13.589 0.6666666865
73018  -31.654  6.039  12.432 0.6666666865
73012  -31.569  5.944  13.143 0.6666666865
72210  -31.865  5.157  12.858 0.5555555820
73041  -31.676  6.955  11.104 0.6666666865
108867  -31.627  6.834  12.090 0.5555555820
72236  -31.550  5.632  9.949 0.5555555820
71394  -31.587  4.265  10.171 0.4444444478
114806  -31.629  6.199  10.490 0.5555555820
73039  -24.599  6.444  10.905 0.3333333433
72228  -24.352  5.572  10.757 0.3333333433
107508  -25.030  5.166  10.755 0.5555555820
71387  -24.570  4.673  10.662 0.6666666865
72219  -25.861  6.070  11.156 0.5555555820
71388  -25.285  4.406  10.835 0.7777777910
126753  -26.762  5.329  11.828 0.7777777910
73016  -27.644  6.167  12.598 0.6666666865
72209  -27.884  5.296  12.821 0.6666666865
108611  -28.439  5.943  13.261 0.6666666865
73817  -30.028  7.297  13.551 0.6666666865
73828  -30.705  7.972  13.139 0.6666666865
111038  -31.580  7.755  11.773 0.6666666865
73045  -31.599  7.008  10.097 0.5555555820
73053  -31.361  7.022  9.057 0.5555555820
73848  -31.617  7.774  10.723 0.6666666865
73040  -25.243  6.557  11.057 0.4444444478
73038  -23.807  6.421  10.973 0.4444444478
73836  -25.914  7.352  11.432 0.5555555820
73029  -26.319  6.616  11.576 0.6666666865
124624  -26.321  6.011  11.452 0.6666666865
73030  -27.074  6.817  12.144 0.6666666865
73017  -28.431  6.646  13.121 0.6666666865
73816  -29.012  7.340  13.269 0.6666666865
74704  -30.978  8.610  12.668 0.6666666865
74723  -31.548  8.659  10.415 0.6666666865
74731  -31.373  8.609  9.423 0.5555555820
73855  -31.482  7.829  9.730 0.6666666865
74710  -25.430  7.935  11.209 0.4444444478
73837  -26.669  7.462  11.800 0.6666666865
73838  -27.344  7.550  12.211 0.6666666865
114664  -27.862  7.973  12.475 0.6666666865
73825  -27.973  7.224  12.681 0.6666666865
73826  -28.653  8.055  12.887 0.6666666865
75561  -31.299  9.428  11.852 0.6666666865
61147  -21.481  -7.645  15.970 0.8888888955
61139  -20.218  -7.250  16.926 1.0000000000
112650  -20.711  -6.234  16.064 1.0000000000
61990  -22.191  -6.387  14.906 1.0000000000
62003  -24.236  -5.971  13.613 1.0000000000
67972  -17.724  0.706  15.881 0.5555555820
67196  -28.211  0.357  13.343 0.8888888955
71344  -19.800  4.407  14.231 0.5555555820
69666  -20.551  2.340  13.350 0.7777777910
121128  -25.258  1.519  11.070 1.0000000000
69657  -30.418  3.107  14.627 0.8888888955
72179  -18.684  5.431  15.543 0.2222222239
71379  -31.846  4.705  11.784 0.6666666865
71378  -26.776  4.605  11.853 0.7777777910
115035  -31.495  4.965  9.717 0.4444444478
74700  -27.229  8.309  12.023 0.6666666865
68795  -17.298  1.520  16.249 0.4444444478
70477  -17.423  3.102  16.027 0.4444444478
73861  -30.859  7.466  7.994 0.5555555820
73052  -30.996  6.754  8.231 0.5555555820
73845  -24.223  7.162  11.003 0.2222222239
120669  -24.811  7.028  11.013 0.3333333433
116425  -30.796  8.392  7.931 0.5555555820
57811  -21.063  -10.951  18.741 0.5555555820
57830  -21.464  -10.452  17.898 0.5555555820
58653  -21.253  -9.636  17.566 0.6666666865
59515  -22.167  -8.789  16.257 0.5555555820
59516  -22.699  -8.948  16.098 0.5555555820
60357  -23.437  -7.986  14.932 0.7777777910
61159  -24.109  -7.905  14.666 0.8888888955
58631  -20.432  -10.558  19.218 0.5555555820
60356  -23.171  -7.897  15.025 0.8888888955
61170  -25.095  -6.876  14.160 0.7777777910
61996  -26.191  -5.796  14.050 0.8888888955
58630  -19.954  -10.151  19.729 0.4444444478
60306  -19.930  -8.241  18.203 0.5555555820
62891  -25.611  -5.302  13.511 1.0000000000
61105  -18.957  -6.789  17.958 0.2222222239
61946  -18.828  -6.418  17.513 0.6666666865
63778  -27.562  -3.892  14.214 0.8888888955
64610  -28.526  -3.430  14.839 0.6666666865
65473  -30.194  -2.704  15.418 0.7777777910
65483  -31.709  -2.747  15.201 0.6666666865
62858  -18.198  -5.352  17.107 0.5555555820
66339  -32.488  -1.977  14.151 0.6666666865
65444  -17.544  -3.141  17.155 0.4444444478
66350  -32.625  -1.736  13.319 0.5555555820
108726  -32.284  -1.137  10.585 0.5555555820
67129  -17.041  -0.975  17.288 0.2222222239
67214  -32.176  -0.473  10.256 0.5555555820
68780  -16.644  1.311  16.856 0.4444444478
106775  -31.817  -0.047  8.814 0.5555555820
71284  -15.042  4.445  20.762 0.3333333433
68030  -31.600  0.294  8.085 0.5555555820
71334  -18.143  4.750  15.718 0.4444444478
124224  -31.050  1.132  6.896 0.4444444478
72146  -17.753  6.258  18.050 0.3333333433
110585  -31.287  2.681  8.801 0.5555555820
70555  -30.851  3.735  7.945 0.4444444478
72227  -23.422  5.457  11.028 0.3333333433
125332  -23.030  4.965  11.269 0.3333333433
71376  -22.702  4.471  11.525 0.4444444478
72244  -31.129  5.311  8.478 0.4444444478
72252  -30.786  5.856  7.838 0.4444444478
73060  -30.118  7.207  6.866 0.2222222239
74711  -26.235  8.214  11.498 0.6666666865
74701  -28.210  8.727  12.543 0.6666666865
74702  -29.264  8.838  12.857 0.6666666865
75548  -29.932  9.518  12.669 0.6666666865
120969  -31.140  10.320  11.745 0.6666666865
76477  -31.447  10.299  10.782 0.6666666865
75574  -31.505  9.572  10.614 0.6666666865
75579  -31.457  9.254  9.886 0.6666666865
74730  -31.139  8.696  8.692 0.4444444478
73868  -30.400  7.691  7.338 0.3333333433
116781  -26.772  8.910  11.661 0.5555555820
59503  -21.002  -8.961  17.299 0.6666666865
58641  -20.849  -10.107  18.391 0.5555555820
60327  -20.738  -8.384  17.166 0.6666666865
59514  -21.451  -8.646  16.659 0.7777777910
60339  -21.146  -8.181  16.593 0.7777777910
60345  -21.547  -8.041  16.149 0.8888888955
60346  -22.180  -8.051  15.699 0.8888888955
61968  -22.121  -7.151  15.242 1.0000000000
61148  -22.109  -7.603  15.479 0.8888888955
61992  -23.963  -7.016  14.232 1.0000000000
61158  -23.539  -7.623  14.702 0.8888888955
59484  -20.098  -8.987  18.551 0.5555555820
60326  -20.216  -8.108  17.660 0.6666666865
61959  -20.602  -6.990  16.409 0.8888888955
60355  -22.798  -7.877  15.221 0.8888888955
61980  -22.767  -7.174  14.863 1.0000000000
61993  -24.379  -6.458  13.872 1.0000000000
61991  -22.922  -6.268  14.366 1.0000000000
62889  -23.678  -5.896  13.751 1.0000000000
61995  -25.397  -6.076  13.788 1.0000000000
62904  -24.840  -5.013  13.175 1.0000000000
61128  -19.596  -7.084  17.432 0.8888888955
113345  -18.893  -5.954  17.099 0.8888888955
62864  -19.150  -5.279  16.703 0.8888888955
105647  -19.638  -6.646  17.011 1.0000000000
63750  -19.474  -4.463  16.209 1.0000000000
62878  -21.542  -5.478  15.094 1.0000000000
63762  -20.894  -4.652  15.288 1.0000000000
62887  -22.266  -5.423  14.421 1.0000000000
107648  -20.975  -3.956  14.858 1.0000000000
62902  -24.144  -4.875  13.027 1.0000000000
63764  -27.387  -4.771  14.491 0.8888888955
63788  -24.848  -4.299  12.756 1.0000000000
126417  -23.392  -3.719  12.757 1.0000000000
64621  -22.595  -3.511  13.262 1.0000000000
63790  -26.051  -3.869  13.038 1.0000000000
115120  -29.259  -2.811  15.038 0.7777777910
64599  -19.348  -3.563  15.904 1.0000000000
64598  -18.533  -3.322  16.419 0.5555555820
63745  -18.496  -4.636  16.728 0.6666666865
64589  -17.978  -3.983  16.886 0.5555555820
64608  -20.717  -3.209  14.746 1.0000000000
64607  -19.925  -2.993  15.209 0.8888888955
64619  -21.236  -2.614  14.159 1.0000000000
64631  -22.485  -2.596  13.026 1.0000000000
64646  -24.386  -3.001  12.263 1.0000000000
125002  -24.451  -2.545  12.071 1.0000000000
65505  -26.744  -2.357  12.819 1.0000000000
66335  -28.961  -1.572  14.368 0.8888888955
66337  -30.829  -1.417  15.291 0.7777777910
65461  -17.417  -2.215  17.027 0.5555555820
66319  -17.939  -1.690  16.326 0.6666666865
66330  -18.926  -1.807  15.515 0.6666666865
65472  -19.143  -2.737  15.719 0.7777777910
66334  -19.713  -1.415  14.651 0.7777777910
124286  -19.378  -0.323  14.685 0.6666666865
108656  -20.849  -0.676  13.693 0.8888888955
115363  -20.306  -1.678  14.365 0.8888888955
65480  -20.454  -2.397  14.561 0.8888888955
65491  -20.982  -1.846  14.051 1.0000000000
66346  -21.440  -1.265  13.459 0.8888888955
65512  -23.608  -2.065  12.071 1.0000000000
66357  -26.040  -1.903  12.241 1.0000000000
123746  -29.268  -0.677  14.445 0.8888888955
67175  -30.359  -0.671  15.029 0.8888888955
66349  -32.404  -1.186  14.187 0.7777777910
125879  -32.498  -0.055  13.542 0.6666666865
66370  -32.420  -1.998  11.049 0.5555555820
67197  -32.505  -0.506  12.085 0.6666666865
120367  -18.443  0.279  15.364 0.5555555820
110408  -16.544  0.486  17.103 0.3333333433
67957  -17.043  -0.101  16.660 0.3333333433
67160  -17.896  -0.270  15.827 0.4444444478
108655  -18.305  -1.049  15.649 0.6666666865
67981  -19.381  1.077  14.429 0.6666666865
67173  -19.840  0.220  14.247 0.7777777910
67194  -22.837  -0.605  12.162 0.8888888955
66366  -24.358  -1.921  11.792 1.0000000000
67202  -25.078  -0.934  11.465 1.0000000000
126428  -29.045  0.325  14.134 0.7777777910
116795  -32.065  1.138  14.338 0.7777777910
67192  -21.419  0.322  12.998 0.8888888955
108719  -26.149  0.274  11.649 1.0000000000
69680  -32.336  2.366  12.760 0.7777777910
68830  -32.367  1.589  12.517 0.7777777910
68840  -32.191  1.210  11.585 0.6666666865
70456  -16.603  3.349  17.191 0.4444444478
68827  -22.096  1.287  12.282 0.8888888955
68018  -24.955  0.568  11.079 1.0000000000
68837  -26.493  1.163  11.768 0.8888888955
69658  -31.338  2.829  14.593 0.7777777910
68854  -31.582  1.287  9.130 0.5555555820
70478  -17.992  3.796  15.429 0.5555555820
69676  -21.150  2.217  12.890 0.6666666865
68835  -22.710  1.352  11.707 0.8888888955
69687  -26.954  2.113  11.986 1.0000000000
69667  -28.816  2.558  13.740 0.8888888955
109186  -31.939  4.090  13.923 0.8888888955
69697  -31.704  2.759  10.386 0.6666666865
71351  -30.549  4.428  14.464 0.8888888955
70491  -19.893  3.621  13.968 0.5555555820
70514  -20.875  2.971  13.175 0.5555555820
69694  -24.035  2.022  10.925 1.0000000000
105350  -23.561  2.604  10.971 0.7777777910
70525  -22.092  2.492  12.155 0.7777777910
69686  -26.410  2.827  11.674 0.8888888955
69695  -24.917  2.325  10.838 0.7777777910
69714  -30.907  2.976  7.998 0.5555555820
70516  -22.315  3.738  11.891 0.5555555820
71385  -22.819  3.605  11.357 0.5555555820
71386  -23.317  4.413  11.008 0.4444444478
70537  -23.449  3.408  10.903 0.6666666865
70536  -22.964  2.746  11.288 0.7777777910
70515  -21.533  2.871  12.589 0.7777777910
70505  -21.237  3.670  12.997 0.6666666865
71377  -26.009  4.590  11.307 0.7777777910
70538  -24.254  3.101  10.670 0.7777777910
71369  -28.050  4.499  12.934 0.7777777910
126420  -29.005  5.831  13.631 0.6666666865
72200  -30.773  5.746  14.084 0.6666666865
73010  -30.371  6.463  13.785 0.6666666865
73829  -31.350  7.426  12.701 0.6666666865
73819  -31.444  6.625  12.940 0.6666666865
73031  -31.693  6.123  11.475 0.5555555820
72231  -31.684  5.209  10.798 0.5555555820
117412  -31.216  6.121  8.714 0.4444444478
71402  -31.075  4.440  8.361 0.4444444478
120990  -23.927  4.849  10.735 0.4444444478
72229  -25.149  5.857  10.893 0.5555555820
72230  -25.628  5.261  11.047 0.6666666865
72220  -26.313  5.415  11.465 0.7777777910
75550  -31.390  8.706  12.004 0.6666666865
74718  -31.579  8.415  11.250 0.6666666865
73028  -25.708  6.748  11.283 0.5555555820
73827  -29.669  8.097  13.232 0.6666666865
74703  -30.264  8.762  12.904 0.6666666865
75560  -31.056  9.959  12.020 0.6666666865
71329  -16.982  4.177  16.892 0.4444444478
104652  -19.474  5.201  14.644 0.3333333433
69620  -16.546  2.866  17.153 0.4444444478
70447  -16.092  4.233  18.518 0.4444444478
72262  -30.272  5.890  7.013 0.3333333433
74737  -30.217  8.489  7.119 0.3333333433
60358  -24.467  -8.218  14.959 0.6666666865
57803  -20.033  -10.954  20.020 0.4444444478
57804  -20.613  -11.386  19.529 0.5555555820
62892  -26.425  -5.064  13.819 0.7777777910
58616  -19.736  -10.476  20.525 0.3333333433
60290  -19.887  -8.658  18.853 0.4444444478
65474  -31.033  -2.933  15.536 0.6666666865
67145  -17.478  -0.968  16.431 0.3333333433
66318  -17.302  -1.538  16.934 0.3333333433
66299  -17.076  -1.784  17.610 0.1111111119
67941  -16.816  -0.104  17.713 0.1111111119
70446  -15.951  3.086  19.225 0.4444444478
72144  -15.879  4.996  19.456 0.3333333433
72145  -16.506  5.342  18.454 0.3333333433
104757  -21.682  4.354  12.824 0.3333333433
115862  -31.423  10.098  9.862 0.6666666865
75589  -30.977  9.285  8.332 0.4444444478
57059  -24.715  -11.610  17.361 0.4444444478
57042  -26.975  -12.470  17.594 0.2222222239
57812  -21.744  -11.375  18.304 0.4444444478
57021  -22.364  -12.113  18.384 0.4444444478
57831  -22.065  -10.676  17.479 0.4444444478
57832  -22.627  -10.834  17.214 0.4444444478
57834  -23.909  -11.116  17.120 0.4444444478
58671  -24.645  -10.141  16.553 0.4444444478
58673  -26.734  -10.488  16.766 0.2222222239
58669  -22.774  -9.408  16.310 0.4444444478
58670  -23.145  -9.558  16.269 0.4444444478
112867  -23.945  -9.293  16.029 0.4444444478
58685  -27.080  -9.796  16.542 0.1111111119
58686  -28.758  -10.189  16.085 0.1111111119
107132  -25.286  -9.139  15.987 0.3333333433
58681  -22.996  -9.022  16.014 0.4444444478
58682  -23.322  -9.049  15.933 0.4444444478
58683  -24.888  -9.557  16.206 0.3333333433
59523  -26.189  -9.043  16.244 0.3333333433
124866  -28.021  -9.878  16.314 0.2222222239
59522  -24.315  -8.795  15.562 0.4444444478
59519  -22.959  -8.500  15.582 0.5555555820
59521  -23.518  -8.732  15.591 0.4444444478
60350  -27.349  -8.234  16.190 0.2222222239
60351  -28.347  -8.140  16.211 0.1111111119
60367  -30.763  -8.160  14.810 0.1111111119
109896  -26.456  -7.731  15.502 0.3333333433
61149  -27.457  -7.482  15.981 0.3333333433
61161  -25.703  -7.344  14.706 0.4444444478
61981  -25.990  -6.569  14.377 0.5555555820
61983  -27.869  -6.074  15.557 0.6666666865
61984  -30.866  -6.577  15.139 0.4444444478
62879  -27.626  -5.485  15.112 0.6666666865
62894  -31.597  -5.493  13.852 0.3333333433
114358  -28.290  -4.927  15.292 0.6666666865
62869  -31.035  -4.874  15.373 0.5555555820
63765  -28.141  -4.243  14.935 0.6666666865
63755  -31.102  -4.157  15.406 0.5555555820
63766  -31.697  -4.434  14.986 0.5555555820
123370  -31.825  -4.839  14.313 0.4444444478
64624  -32.306  -4.083  13.243 0.3333333433
63754  -30.307  -4.269  15.580 0.5555555820
64649  -32.448  -3.199  11.997 0.4444444478
65506  -32.596  -2.456  12.624 0.5555555820
64638  -32.504  -3.285  12.923 0.4444444478
75547  -28.828  9.694  12.525 0.5555555820
76447  -29.806  10.311  12.390 0.5555555820
76459  -30.701  10.623  12.035 0.5555555820
77327  -31.370  11.132  10.543 0.5555555820
77330  -31.174  11.963  9.862 0.5555555820
57038  -23.556  -11.898  17.588 0.4444444478
57060  -25.544  -11.579  17.300 0.2222222239
58654  -21.873  -9.879  17.109 0.4444444478
107018  -28.203  -8.791  16.239 0.2222222239
59534  -29.127  -8.925  15.885 0.1111111119
61969  -27.658  -6.715  15.740 0.4444444478
61151  -29.347  -7.331  15.892 0.3333333433
61162  -26.683  -6.996  15.194 0.4444444478
62866  -28.507  -5.665  15.652 0.6666666865
61972  -30.341  -6.063  15.598 0.4444444478
110561  -32.260  -3.968  11.301 0.3333333433
65524  -32.305  -2.852  10.286 0.4444444478
67219  -32.040  -0.874  8.978 0.4444444478
76446  -28.931  10.661  12.271 0.5555555820
107749  -28.912  11.370  12.050 0.5555555820
58668  -22.316  -9.319  16.488 0.4444444478
76482  -31.288  10.990  9.345 0.5555555820
56048  -23.193  -13.664  19.174 0.4444444478
56065  -23.520  -13.232  18.618 0.4444444478
108976  -24.332  -13.373  18.528 0.4444444478
56084  -25.627  -12.948  18.033 0.2222222239
56085  -26.501  -12.983  18.043 0.2222222239
56086  -27.356  -12.942  18.099 0.1111111119
57019  -21.262  -11.760  19.115 0.4444444478
56064  -22.663  -13.054  18.919 0.4444444478
57857  -27.331  -11.372  16.910 0.1111111119
57865  -27.919  -10.607  16.466 0.1111111119
57062  -27.357  -12.045  17.214 0.1111111119
58687  -29.598  -10.341  15.893 0.1111111119
59536  -30.598  -9.129  15.096 0.1111111119
60368  -31.088  -8.003  14.028 0.1111111119
61171  -31.143  -7.762  14.006 0.1111111119
62006  -31.753  -6.876  12.320 0.2222222239
109806  -31.786  -5.460  12.024 0.1111111119
61998  -31.430  -6.407  13.193 0.2222222239
63805  -32.194  -4.744  10.635 0.2222222239
63811  -32.373  -4.614  9.930 0.2222222239
64660  -32.385  -3.656  9.704 0.3333333433
66378  -32.298  -1.915  10.048 0.4444444478
65543  -32.458  -2.018  8.075 0.3333333433
66397  -32.182  -1.213  7.719 0.3333333433
106946  -32.026  -0.259  9.585 0.4444444478
66403  -32.108  -0.955  6.894 0.3333333433
107246  -21.834  3.711  12.453 0.4444444478
69715  -31.150  2.124  8.052 0.4444444478
115575  -30.809  5.007  7.874 0.3333333433
115808  -30.839  10.012  7.974 0.5555555820
75546  -27.574  9.404  12.109 0.5555555820
75559  -28.129  10.222  12.209 0.5555555820
76458  -29.852  11.276  12.126 0.5555555820
78138  -30.564  12.469  11.239 0.5555555820
76457  -28.038  10.989  11.930 0.5555555820
120854  -22.324  -11.364  17.794 0.4444444478
60348  -23.156  -8.229  15.252 0.5555555820
59533  -23.699  -8.220  15.048 0.5555555820
61160  -24.770  -7.659  14.504 0.6666666865
61982  -26.972  -6.159  14.905 0.6666666865
64602  -30.639  -3.518  15.529 0.5555555820
64612  -32.165  -3.420  14.717 0.5555555820
65495  -32.589  -2.575  13.561 0.4444444478
118364  -31.864  -0.674  7.419 0.4444444478
110144  -30.436  5.127  7.255 0.3333333433
58655  -22.431  -10.029  16.803 0.4444444478
60359  -25.441  -8.029  15.056 0.3333333433
57040  -25.182  -12.296  17.628 0.3333333433
57854  -24.620  -10.855  17.013 0.4444444478
57039  -24.340  -12.128  17.597 0.4444444478
57041  -26.086  -12.398  17.611 0.3333333433
57061  -26.610  -11.871  17.241 0.1111111119
57020  -21.788  -12.078  18.853 0.4444444478
57022  -23.144  -12.485  18.172 0.4444444478
57037  -22.862  -11.656  17.677 0.4444444478
57853  -22.903  -10.181  16.645 0.4444444478
57833  -23.189  -11.019  17.113 0.4444444478
122990  -23.343  -10.360  16.672 0.4444444478
111759  -23.762  -10.007  16.479 0.4444444478
57855  -25.331  -10.797  16.985 0.4444444478
58672  -25.631  -10.315  16.693 0.4444444478
57856  -26.227  -11.078  17.057 0.2222222239
58684  -25.956  -9.713  16.457 0.4444444478
59525  -28.547  -9.474  16.136 0.1111111119
57866  -28.893  -10.838  16.261 0.1111111119
105976  -26.302  -8.387  15.874 0.3333333433
60349  -25.294  -8.619  15.539 0.3333333433
59524  -27.422  -9.078  16.352 0.2222222239
61150  -28.489  -7.359  16.094 0.2222222239
60352  -29.261  -8.060  15.878 0.1111111119
60360  -30.100  -8.637  15.367 0.1111111119
61164  -30.807  -7.458  14.992 0.1111111119
60361  -30.841  -8.592  14.784 0.1111111119
62867  -29.505  -5.921  15.797 0.4444444478
62893  -31.264  -6.105  14.414 0.3333333433
61970  -28.784  -6.536  15.930 0.4444444478
61971  -30.021  -6.831  15.706 0.3333333433
62906  -31.672  -6.142  12.114 0.1111111119
62881  -31.486  -5.275  14.785 0.4444444478
63753  -29.114  -4.343  15.511 0.5555555820
62868  -30.104  -5.201  15.680 0.5555555820
124704  -32.000  -3.933  14.857 0.5555555820
63791  -31.980  -4.793  12.553 0.3333333433
65529  -32.354  -2.667  9.487 0.4444444478
105706  -30.845  11.556  11.565 0.5555555820
56082  -23.947  -12.715  18.062 0.4444444478
77312  -28.402  11.815  11.710 0.5555555820
61997  -31.122  -7.012  14.086 0.2222222239
56066  -25.166  -13.447  18.517 0.4444444478
56083  -24.770  -12.860  18.039 0.4444444478
57004  -21.479  -12.502  19.360 0.4444444478
57858  -28.333  -11.385  16.704 0.1111111119
57063  -27.924  -11.882  17.065 0.1111111119
59526  -29.362  -9.706  15.764 0.1111111119
50502  -23.729  -19.359  24.575 0.1111111119
122917  -21.257  -17.548  22.937 0.3333333433
51457  -23.054  -18.386  23.569 0.2222222239
50520  -23.354  -18.862  24.115 0.2222222239
50521  -24.060  -18.865  24.190 0.1111111119
109835  -23.857  -18.414  23.703 0.1111111119
54129  -19.729  -15.385  22.707 0.3333333433
53216  -20.307  -16.194  22.547 0.3333333433
52330  -20.795  -17.004  22.711 0.3333333433
52351  -22.476  -16.802  22.018 0.3333333433
52352  -23.220  -16.842  22.018 0.3333333433
51477  -23.576  -17.894  23.162 0.2222222239
51478  -24.358  -17.941  23.284 0.1111111119
52334  -24.100  -17.480  22.717 0.2222222239
55070  -19.624  -14.018  22.444 0.2222222239
55062  -19.961  -14.758  22.221 0.2222222239
53234  -20.902  -15.953  21.991 0.3333333433
53217  -21.167  -16.499  22.198 0.3333333433
52350  -21.806  -16.565  21.935 0.3333333433
52353  -23.923  -16.959  22.169 0.1111111119
56981  -19.821  -12.818  21.510 0.2222222239
115601  -20.093  -14.161  21.700 0.3333333433
56027  -20.246  -13.511  21.214 0.3333333433
55084  -20.704  -14.238  21.050 0.3333333433
56036  -20.872  -13.616  20.552 0.3333333433
55085  -21.282  -14.234  20.576 0.3333333433
55071  -20.592  -14.848  21.563 0.3333333433
125590  -21.869  -15.056  20.744 0.3333333433
53250  -22.682  -15.750  21.066 0.3333333433
54153  -22.388  -15.166  20.645 0.3333333433
54154  -23.190  -15.316  20.578 0.3333333433
54168  -23.704  -14.850  20.080 0.3333333433
113481  -24.005  -15.467  20.561 0.3333333433
53252  -24.270  -16.003  21.147 0.1111111119
54155  -24.835  -15.500  20.694 0.2222222239
56994  -19.849  -12.070  21.112 0.2222222239
56995  -20.394  -12.738  20.631 0.2222222239
57790  -20.193  -11.790  20.313 0.3333333433
56046  -21.150  -13.037  19.960 0.3333333433
56047  -21.892  -13.185  19.472 0.3333333433
54152  -21.962  -14.546  20.377 0.3333333433
55101  -22.493  -13.903  19.656 0.3333333433
55086  -22.854  -14.664  20.160 0.3333333433
55102  -23.388  -14.247  19.589 0.3333333433
54169  -24.530  -14.949  20.097 0.3333333433
57778  -19.703  -11.628  21.252 0.3333333433
57789  -19.798  -11.279  20.774 0.3333333433
55120  -23.893  -13.827  19.072 0.3333333433
55121  -24.700  -13.915  19.047 0.3333333433
64667  -32.535  -3.351  9.033 0.2222222239
65544  -32.863  -2.499  7.712 0.2222222239
65545  -33.432  -2.900  7.373 0.2222222239
68037  -31.311  0.701  7.272 0.3333333433
106599  -31.348  0.080  6.702 0.2222222239
51475  -21.957  -17.775  22.925 0.3333333433
51476  -22.772  -17.855  23.035 0.3333333433
120031  -24.745  -17.546  22.848 0.1111111119
56026  -19.734  -13.449  21.938 0.3333333433
54141  -21.857  -15.532  21.138 0.3333333433
53237  -22.966  -16.344  21.524 0.3333333433
57003  -20.801  -12.239  19.789 0.3333333433
49613  -23.263  -19.873  25.035 0.1111111119
52315  -19.654  -17.475  23.792 0.3333333433
52316  -20.520  -17.558  23.286 0.3333333433
51455  -21.257  -18.174  23.420 0.3333333433
50518  -21.655  -18.841  23.884 0.3333333433
51456  -22.208  -18.354  23.438 0.3333333433
50519  -22.531  -18.870  23.987 0.3333333433
49614  -24.158  -19.854  25.081 0.1111111119
116910  -24.647  -19.266  24.541 0.1111111119
51458  -24.729  -18.504  23.885 0.1111111119
56018  -19.574  -13.350  22.626 0.2222222239
53239  -25.255  -16.574  22.043 0.1111111119
54170  -25.381  -14.948  20.209 0.1111111119
55104  -25.041  -14.456  19.577 0.1111111119
55122  -25.541  -13.942  19.074 0.1111111119
58605  -19.688  -10.916  20.949 0.1111111119
65549  -33.160  -2.074  6.985 0.2222222239
68042  -30.948  0.764  6.372 0.2222222239
68043  -31.198  0.125  5.874 0.2222222239
59454  -19.755  -9.786  20.144 0.2222222239
62846  -18.064  -5.891  17.498 0.5555555820
59468  -19.951  -9.402  19.392 0.3333333433
66408  -33.000  -1.060  5.598 0.2222222239
52331  -21.710  -17.120  22.419 0.3333333433
54130  -20.427  -15.453  22.077 0.3333333433
53215  -19.474  -16.005  23.273 0.2222222239
53207  -19.954  -16.823  23.230 0.3333333433
52332  -22.522  -17.358  22.519 0.3333333433
53235  -21.502  -16.066  21.687 0.3333333433
53236  -22.205  -16.209  21.519 0.3333333433
52333  -23.294  -17.372  22.545 0.2222222239
53238  -23.730  -16.441  21.602 0.2222222239
54140  -21.097  -15.468  21.550 0.3333333433
52354  -24.661  -17.060  22.371 0.1111111119
109136  -24.487  -16.516  21.779 0.1111111119
117115  -19.585  -12.905  22.167 0.2222222239
55072  -21.325  -14.872  20.964 0.3333333433
55100  -21.597  -13.781  20.075 0.3333333433
53251  -23.480  -15.904  21.060 0.3333333433
53253  -25.075  -16.030  21.367 0.1111111119
55103  -24.212  -14.410  19.542 0.3333333433
49600  -22.746  -20.459  25.417 0.1111111119
51454  -20.301  -18.189  23.773 0.3333333433
50517  -20.875  -18.713  23.898 0.3333333433
50500  -22.012  -19.393  24.367 0.3333333433
119706  -19.240  -15.150  23.463 0.2222222239
65550  -33.826  -2.441  6.622 0.1111111119
65551  -34.552  -2.747  6.285 0.1111111119
65563  -36.324  -2.004  4.005 0.1111111119
65557  -35.003  -2.303  5.454 0.1111111119
66409  -33.908  -1.348  5.041 0.1111111119
66417  -35.333  -0.634  2.969 0.1111111119
122380  -31.679  -0.432  6.949 0.1111111119
67252  -34.350  -0.544  3.260 0.1111111119
67246  -32.408  -0.556  5.055 0.1111111119
67251  -33.478  -0.414  3.620 0.1111111119
69723  -30.744  2.361  7.140 0.2222222239
67245  -31.697  -0.302  5.445 0.1111111119
67250  -32.632  -0.290  4.063 0.1111111119
70573  -30.088  3.534  6.309 0.1111111119
124268  -30.361  3.931  6.906 0.2222222239
69731  -29.881  2.648  5.794 0.1111111119
70572  -29.222  3.252  5.439 0.1111111119
120243  -30.037  5.235  6.649 0.1111111119
76456  -26.572  10.417  11.312 0.4444444478
112830  -27.367  10.264  11.787 0.4444444478
72261  -29.673  5.774  6.375 0.1111111119
77314  -30.144  12.060  11.783 0.4444444478
76490  -30.365  10.062  7.275 0.3333333433
75602  -30.520  9.249  7.558 0.2222222239
73876  -29.349  7.839  6.168 0.1111111119
73080  -29.286  6.431  6.071 0.1111111119
73079  -28.551  6.261  5.498 0.1111111119
78137  -29.768  12.648  11.508 0.4444444478
78905  -29.277  13.216  11.126 0.4444444478
78916  -29.635  13.672  10.540 0.4444444478
78151  -30.135  13.158  10.938 0.4444444478
78924  -30.383  13.419  9.590 0.4444444478
78153  -30.712  12.805  10.310 0.4444444478
78155  -30.784  12.660  9.219 0.4444444478
77334  -30.240  11.869  7.178 0.4444444478
77335  -30.679  11.420  7.861 0.2222222239
77337  -29.720  11.256  6.418 0.2222222239
76489  -29.833  10.283  6.619 0.2222222239
75627  -28.748  9.934  5.541 0.2222222239
75614  -28.924  9.105  5.772 0.2222222239
79703  -26.260  14.819  2.701 0.1111111119
78170  -27.113  12.345  3.717 0.1111111119
75625  -27.493  9.026  4.674 0.1111111119
77310  -26.583  11.221  11.129 0.4444444478
77325  -26.834  12.077  10.995 0.4444444478
78135  -27.844  12.353  11.300 0.4444444478
78150  -28.307  13.094  11.054 0.3333333433
78915  -28.784  13.735  10.677 0.4444444478
79668  -29.429  14.685  9.391 0.4444444478
79671  -29.698  14.693  8.461 0.4444444478
78927  -30.035  14.052  9.037 0.4444444478
78928  -30.414  13.337  8.658 0.4444444478
78157  -30.158  12.814  7.201 0.4444444478
80304  -29.042  15.946  7.322 0.3333333433
78931  -29.658  13.189  6.540 0.3333333433
78163  -29.260  12.724  5.909 0.1111111119
111550  -29.272  11.847  5.849 0.1111111119
77343  -28.292  11.900  4.772 0.1111111119
76495  -29.314  10.492  5.998 0.2222222239
76502  -28.407  10.606  5.114 0.1111111119
77342  -27.569  11.484  4.295 0.1111111119
78914  -27.812  13.644  10.607 0.3333333433
79660  -28.318  14.275  10.278 0.3333333433
80300  -29.211  15.362  8.737 0.3333333433
79674  -29.685  14.509  7.527 0.4444444478
80312  -28.841  15.728  6.385 0.2222222239
80313  -29.326  15.128  6.913 0.2222222239
79687  -28.988  14.011  5.665 0.2222222239
78945  -28.289  13.648  4.692 0.1111111119
80954  -28.336  16.323  5.867 0.1111111119
80322  -28.496  15.435  5.482 0.1111111119
80331  -28.021  15.162  4.698 0.1111111119
112256  -27.766  13.028  4.178 0.1111111119
80321  -28.025  16.024  4.950 0.1111111119
79697  -27.890  14.393  4.368 0.1111111119
78944  -27.684  13.756  4.056 0.1111111119
78149  -27.282  12.896  10.807 0.3333333433
79665  -26.926  14.826  9.795 0.3333333433
80296  -28.635  15.261  9.429 0.3333333433
80299  -28.945  15.976  8.224 0.3333333433
80938  -28.504  16.519  7.766 0.2222222239
80945  -28.523  16.503  6.830 0.2222222239
80944  -27.916  17.149  6.361 0.1111111119
80960  -27.455  16.540  4.377 0.1111111119
79696  -27.529  14.965  4.072 0.1111111119
80964  -26.211  16.680  2.829 0.1111111119
79663  -24.664  14.514  9.629 0.1111111119
80293  -25.320  15.446  9.414 0.1111111119
80294  -26.426  15.346  9.511 0.2222222239
80922  -26.395  16.045  9.237 0.2222222239
80295  -27.564  15.677  9.371 0.3333333433
80929  -26.331  16.781  8.808 0.2222222239
80298  -28.175  16.308  8.617 0.3333333433
80930  -27.241  16.495  8.839 0.3333333433
81547  -26.394  17.504  8.204 0.2222222239
81558  -26.984  17.854  7.405 0.1111111119
81567  -26.721  18.279  6.923 0.1111111119
81568  -27.305  17.870  6.566 0.1111111119
81576  -27.409  17.683  5.607 0.1111111119
80953  -27.803  16.876  5.282 0.1111111119
81582  -27.264  17.380  4.618 0.1111111119
81581  -26.654  17.832  3.957 0.1111111119
80965  -26.920  16.163  3.549 0.1111111119
78953  -26.291  13.838  2.830 0.1111111119
122919  -24.011  14.628  9.668 0.1111111119
119447  -23.803  15.922  9.377 0.1111111119
80920  -23.892  16.449  9.017 0.1111111119
80927  -24.241  17.186  8.548 0.1111111119
81546  -25.288  17.760  8.128 0.1111111119
82217  -25.195  18.449  7.544 0.1111111119
82218  -26.149  18.165  7.585 0.1111111119
82226  -24.099  19.286  6.712 0.1111111119
82886  -25.862  19.149  5.877 0.1111111119
82895  -25.112  19.674  5.209 0.1111111119
82235  -26.432  18.709  5.115 0.1111111119
80919  -23.407  16.415  9.491 0.1111111119
80916  -23.230  16.496  10.277 0.1111111119
81542  -23.117  17.081  9.590 0.1111111119
81545  -23.307  17.757  8.467 0.1111111119
106037  -22.852  18.380  8.007 0.1111111119
81556  -23.420  18.268  7.858 0.1111111119
81538  -22.932  17.807  9.638 0.1111111119
82200  -23.248  18.095  10.380 0.1111111119
122463  -22.790  18.330  9.223 0.1111111119
65558  -35.816  -2.533  5.024 0.1111111119
65556  -34.279  -1.999  5.814 0.1111111119
121894  -34.689  -1.721  4.995 0.1111111119
66414  -35.882  -1.325  3.410 0.1111111119
68047  -31.146  0.145  4.943 0.1111111119
67249  -31.822  -0.134  4.495 0.1111111119
68046  -30.677  0.634  5.414 0.1111111119
71427  -28.881  4.098  5.487 0.1111111119
120811  -27.198  10.897  11.544 0.4444444478
76485  -30.990  10.818  8.391 0.4444444478
124784  -30.651  10.642  7.715 0.3333333433
75601  -29.928  9.318  6.763 0.2222222239
74744  -29.662  8.488  6.494 0.1111111119
73875  -28.826  7.907  5.749 0.1111111119
75642  -28.015  9.847  4.911 0.2222222239
78167  -28.342  12.743  4.753 0.1111111119
78166  -27.838  12.302  4.347 0.1111111119
76512  -26.989  10.644  4.065 0.1111111119
79667  -28.737  14.717  9.871 0.3333333433
79704  -27.161  14.337  3.553 0.1111111119
80928  -25.397  17.044  8.627 0.2222222239
80926  -23.355  17.011  8.990 0.1111111119
82215  -23.109  18.786  7.281 0.1111111119
82884  -24.033  19.945  5.778 0.1111111119
82203  -22.574  18.799  8.689 0.1111111119
111427  -22.963  18.511  9.868 0.1111111119
67254  -38.352  -0.874  3.060 0.1111111119
66415  -36.889  -1.470  3.106 0.1111111119
121208  -30.769  1.522  6.630 0.2222222239
70564  -30.564  3.392  7.190 0.2222222239
114119  -29.446  4.882  6.030 0.1111111119
75558  -26.718  9.634  11.528 0.4444444478
77311  -27.471  11.568  11.465 0.4444444478
78923  -29.900  13.991  9.873 0.4444444478
79661  -29.193  14.238  10.146 0.4444444478
115708  -29.934  13.665  7.275 0.4444444478
79679  -29.447  14.132  6.528 0.2222222239
80291  -23.533  15.710  9.920 0.1111111119
120331  -23.343  15.844  10.594 0.1111111119
81539  -23.135  17.332  10.320 0.1111111119
81541  -22.989  17.590  9.065 0.1111111119
81544  -22.827  18.183  8.687 0.1111111119
65568  -38.505  -1.717  3.192 0.1111111119
64675  -33.672  -3.707  7.731 0.1111111119
64681  -34.784  -3.534  6.683 0.1111111119
65559  -36.875  -2.788  4.483 0.1111111119
67248  -38.171  -0.675  3.845 0.1111111119
66416  -38.806  -1.126  3.637 0.1111111119
68059  -36.601  -0.419  2.908 0.1111111119
67259  -35.591  -0.241  2.769 0.1111111119
67262  -34.888  0.117  2.570 0.1111111119
67256  -32.935  0.059  3.209 0.1111111119
68050  -30.564  0.578  4.479 0.1111111119
68051  -31.252  0.286  4.011 0.1111111119
67255  -32.065  0.174  3.597 0.1111111119
68876  -30.075  1.088  4.905 0.1111111119
68880  -29.339  1.618  4.438 0.1111111119
69739  -28.512  2.697  4.661 0.1111111119
70580  -28.310  3.434  4.891 0.1111111119
120568  -28.181  4.135  5.030 0.1111111119
116652  -27.467  6.882  4.816 0.1111111119
125962  -27.581  5.319  4.842 0.1111111119
74759  -25.944  7.765  3.992 0.1111111119
75640  -26.429  8.873  4.058 0.1111111119
77324  -25.827  11.663  10.627 0.2222222239
78148  -26.079  12.683  10.441 0.2222222239
78913  -26.799  13.512  10.395 0.2222222239
76523  -26.247  10.643  3.584 0.1111111119
78921  -25.347  13.909  9.821 0.1111111119
79664  -25.841  14.682  9.679 0.2222222239
78965  -25.430  13.271  2.322 0.1111111119
79712  -25.238  14.317  1.869 0.1111111119
78920  -24.499  13.759  9.771 0.1111111119
79658  -23.946  14.121  9.780 0.1111111119
80288  -23.394  15.307  10.454 0.1111111119
80344  -25.490  15.364  1.864 0.1111111119
80285  -23.334  15.513  11.254 0.1111111119
80905  -23.669  15.988  11.978 0.1111111119
82899  -24.361  20.272  4.535 0.1111111119
82900  -25.150  19.760  3.992 0.1111111119
82243  -25.330  18.949  2.364 0.1111111119
82248  -25.523  18.127  2.248 0.1111111119
109929  -23.422  16.967  11.069 0.1111111119
82214  -22.501  18.906  7.622 0.1111111119
82883  -22.273  20.443  6.042 0.1111111119
82865  -22.747  18.984  9.375 0.1111111119
113783  -29.597  7.174  6.368 0.1111111119
77332  -30.985  11.744  8.787 0.4444444478
66404  -32.763  -1.350  6.529 0.1111111119
71419  -30.129  4.455  6.638 0.2222222239
66412  -33.225  -0.743  4.604 0.1111111119
67257  -33.815  -0.092  2.838 0.1111111119
69732  -30.387  2.091  6.183 0.1111111119
69740  -29.211  2.315  5.041 0.1111111119
109078  -28.569  4.819  5.398 0.1111111119
73886  -28.873  7.157  5.767 0.1111111119
72272  -27.652  6.005  4.914 0.1111111119
78160  -29.740  12.286  6.495 0.2222222239
77339  -29.203  11.133  5.811 0.1111111119
75626  -28.270  9.116  5.257 0.2222222239
74750  -27.853  8.333  4.992 0.1111111119
80338  -26.987  15.282  3.453 0.1111111119
77347  -26.664  11.376  3.669 0.1111111119
78954  -27.103  13.363  3.552 0.1111111119
113938  -26.282  12.897  3.074 0.1111111119
78169  -26.102  11.998  3.142 0.1111111119
74760  -26.992  8.125  4.457 0.1111111119
75641  -27.208  9.816  4.345 0.2222222239
80305  -29.396  15.326  7.867 0.3333333433
76513  -27.760  10.599  4.588 0.2222222239
79666  -27.937  14.865  9.876 0.3333333433
79678  -29.026  14.851  5.966 0.2222222239
79686  -28.518  14.485  5.131 0.1111111119
80330  -27.520  15.685  4.189 0.1111111119
79659  -27.366  14.223  10.197 0.3333333433
78922  -26.364  14.104  10.021 0.1111111119
108761  -27.782  16.871  8.198 0.2222222239
80937  -28.024  17.050  7.348 0.1111111119
81586  -26.830  17.031  3.730 0.1111111119
81585  -26.144  17.548  3.023 0.1111111119
80337  -26.247  15.768  2.717 0.1111111119
80921  -25.426  16.321  9.048 0.1111111119
81559  -27.361  17.376  7.825 0.2222222239
115828  -27.586  17.510  7.104 0.1111111119
82228  -26.046  18.691  6.864 0.1111111119
82236  -26.773  18.440  5.990 0.1111111119
81575  -26.909  18.129  4.895 0.1111111119
82244  -25.974  18.327  3.260 0.1111111119
82240  -26.330  18.525  4.226 0.1111111119
113246  -24.484  15.965  9.175 0.1111111119
80292  -24.106  15.241  9.524 0.1111111119
79657  -23.677  14.792  10.002 0.1111111119
113401  -24.642  16.568  8.854 0.1111111119
81557  -24.235  17.993  8.003 0.1111111119
82216  -24.170  18.647  7.410 0.1111111119
82227  -25.110  19.077  6.860 0.1111111119
82885  -24.917  19.505  6.149 0.1111111119
82901  -25.876  19.193  4.650 0.1111111119
82206  -22.581  18.691  8.181 0.1111111119
82225  -23.094  19.467  6.560 0.1111111119
64685  -36.127  -3.308  5.532 0.1111111119
67260  -37.555  -0.776  2.736 0.1111111119
68870  -30.430  1.286  5.806 0.1111111119
73885  -28.189  7.605  5.276 0.1111111119
76511  -26.333  9.886  3.774 0.1111111119
83593  -23.240  20.584  4.847 0.1111111119
82864  -22.522  19.638  8.814 0.1111111119
67253  -37.514  -0.495  3.228 0.1111111119
80912  -23.405  16.255  11.171 0.1111111119
69741  -29.867  1.811  5.347 0.1111111119
122439  -28.733  2.157  4.390 0.1111111119
73894  -26.502  7.071  4.342 0.1111111119
75655  -25.457  9.181  3.512 0.1111111119
77346  -25.729  11.126  3.166 0.1111111119
78912  -24.965  13.085  9.995 0.1111111119
78173  -25.544  12.498  2.634 0.1111111119
82905  -25.648  19.074  3.523 0.1111111119
110860  -22.239  19.904  6.750 0.1111111119
83586  -22.067  20.778  6.193 0.1111111119
82894  -22.838  20.145  5.883 0.1111111119
50499  -21.015  -19.357  24.331 0.2222222239
63728  -16.938  -4.883  17.979 0.2222222239
115307  -16.821  -3.332  17.870 0.2222222239
61093  -19.518  -7.570  18.215 0.3333333433
63744  -17.600  -4.751  17.265 0.4444444478
64571  -17.094  -4.015  17.559 0.3333333433
115154  -26.116  9.043  11.271 0.3333333433
120630  -25.616  8.574  11.152 0.2222222239
76475  -25.673  10.680  10.799 0.1111111119
71367  -22.236  4.623  12.154 0.2222222239
104654  -20.457  4.791  14.031 0.1111111119
61945  -18.192  -6.240  17.817 0.2222222239
104656  -21.098  4.390  13.419 0.1111111119
73027  -23.141  6.349  11.396 0.1111111119
74716  -24.324  8.530  10.992 0.1111111119
121042  -24.844  10.556  10.609 0.1111111119
61924  -18.140  -6.236  18.047 0.2222222239
68768  -16.401  0.979  17.147 0.2222222239
73846  -24.713  7.754  11.031 0.1111111119
117340  -16.534  0.300  17.489 0.1111111119
69601  -16.081  2.106  19.659 0.3333333433
75557  -25.924  9.806  11.092 0.3333333433
62845  -17.598  -5.659  18.160 0.2222222239
74717  -25.013  8.530  10.942 0.1111111119
75573  -25.400  9.175  10.950 0.1111111119
76474  -25.126  9.917  10.787 0.1111111119
73835  -23.489  7.376  11.373 0.1111111119
75572  -24.661  9.259  10.859 0.1111111119
117013  -24.048  7.860  11.065 0.1111111119
62005  -31.427  -7.335  13.180 0.1111111119
50498  -20.044  -19.542  24.643 0.1111111119
120489  -21.580  -19.839  24.740 0.1111111119
50491  -19.235  -19.603  25.126 0.1111111119
51441  -19.336  -18.919  24.700 0.1111111119
51453  -19.476  -18.182  24.292 0.1111111119
53206  -19.150  -16.633  23.886 0.1111111119
60276  -19.741  -8.227  20.302 0.1111111119
64550  -16.692  -3.099  18.348 0.1111111119
64551  -16.624  -3.842  18.366 0.1111111119
62857  -17.536  -5.376  17.536 0.1111111119
104724  -16.098  5.577  20.959 0.2222222239
125794  -17.057  6.016  18.459 0.2222222239
72944  -17.274  6.519  19.678 0.2222222239
104646  -18.123  6.671  19.516 0.2222222239
65443  -16.879  -2.590  17.837 0.1111111119
50490  -18.600  -19.631  25.762 0.1111111119
49610  -19.937  -20.191  25.085 0.1111111119
49611  -20.816  -20.046  24.852 0.1111111119
51427  -18.685  -18.942  25.348 0.1111111119
51440  -18.820  -18.202  24.986 0.1111111119
52307  -18.885  -17.323  24.570 0.1111111119
53194  -18.741  -16.399  24.644 0.1111111119
54125  -19.005  -15.747  24.062 0.1111111119
55061  -19.433  -14.588  22.941 0.1111111119
60262  -19.723  -9.651  20.244 0.1111111119
61079  -19.399  -7.463  19.736 0.1111111119
62824  -17.540  -5.736  18.152 0.1111111119
118916  -17.355  4.936  22.115 0.2222222239
104730  -19.159  6.654  19.350 0.2222222239
72170  -19.368  6.310  16.405 0.1111111119
49612  -22.364  -19.894  24.903 0.1111111119
72973  -18.601  6.441  17.607 0.2222222239
118800  -19.166  5.836  15.292 0.1111111119
104644  -14.881  4.839  22.388 0.2222222239
110130  -19.471  -13.902  23.128 0.1111111119
56967  -19.640  -12.818  22.613 0.1111111119
56980  -19.589  -12.401  21.906 0.1111111119
110846  -19.841  -9.337  19.755 0.1111111119
51442  -20.140  -18.867  24.195 0.1111111119
63706  -17.022  -5.261  18.204 0.1111111119
49597  -19.200  -20.282  25.540 0.1111111119
60277  -20.008  -8.183  20.910 0.1111111119
118812  -18.203  5.702  20.981 0.1111111119
53175  -18.548  -16.894  25.131 0.1111111119
107869  -20.159  -9.299  21.518 0.1111111119
60263  -20.458  -8.607  21.449 0.1111111119
104651  -20.267  6.580  17.865 0.1111111119
104650  -19.700  6.008  15.046 0.1111111119
70399  -14.970  3.643  23.389 0.1111111119
104657  -21.616  4.751  13.233 0.1111111119
72218  -22.748  5.428  11.594 0.1111111119
50501  -22.880  -19.374  24.507 0.2222222239
56063  -22.042  -12.598  19.008 0.4444444478
59520  -23.149  -8.579  15.562 0.4444444478
59532  -23.258  -8.280  15.227 0.5555555820
61157  -23.127  -7.722  14.967 0.8888888955
61163  -30.062  -7.798  15.498 0.1111111119
61168  -23.402  -6.940  14.455 1.0000000000
61174  -31.807  -7.483  12.675 0.1111111119
61994  -24.767  -6.309  13.772 1.0000000000
62880  -30.930  -5.708  15.264 0.4444444478
62890  -25.027  -5.517  13.421 1.0000000000
62903  -24.555  -4.965  13.113 1.0000000000
63752  -29.085  -5.187  15.703 0.5555555820
63767  -32.188  -4.162  14.265 0.5555555820
63776  -25.815  -4.576  13.268 1.0000000000
63779  -31.951  -4.809  13.520 0.4444444478
63785  -23.817  -4.221  12.762 1.0000000000
63786  -24.101  -4.084  12.640 1.0000000000
63789  -25.348  -4.100  12.783 1.0000000000
63797  -24.301  -3.524  12.436 1.0000000000
64601  -29.650  -3.486  15.420 0.6666666865
64611  -31.538  -3.599  15.275 0.5555555820
64622  -26.914  -3.557  13.437 0.7777777910
64625  -32.480  -3.379  13.876 0.4444444478
64633  -23.881  -3.465  12.463 1.0000000000
64634  -25.090  -3.500  12.459 1.0000000000
64636  -26.316  -3.162  12.855 1.0000000000
64637  -32.272  -4.031  12.251 0.3333333433
64645  -23.987  -2.998  12.285 1.0000000000
64647  -24.732  -2.870  12.207 1.0000000000
64655  -32.295  -3.836  10.455 0.3333333433
64661  -32.625  -4.446  9.271 0.2222222239
64674  -33.091  -3.376  8.039 0.1111111119
64680  -34.072  -3.245  7.019 0.1111111119
65482  -31.004  -2.229  15.441 0.7777777910
65484  -32.330  -2.642  14.466 0.6666666865
65502  -23.080  -2.307  12.465 1.0000000000
65503  -23.730  -2.743  12.264 1.0000000000
65504  -25.760  -2.687  12.399 1.0000000000
65514  -24.776  -2.348  11.967 1.0000000000
65516  -32.337  -3.044  11.124 0.4444444478
65517  -32.511  -2.440  11.790 0.5555555820
65536  -32.410  -2.370  8.773 0.2222222239
65537  -32.693  -2.918  8.403 0.2222222239
65552  -35.286  -3.043  5.909 0.1111111119
65562  -35.413  -1.838  4.498 0.1111111119
65564  -38.057  -2.441  3.672 0.1111111119
65567  -37.763  -1.633  3.009 0.1111111119
65569  -38.963  -1.468  3.374 0.1111111119
66336  -29.842  -1.394  14.955 0.8888888955
66347  -27.447  -1.801  13.194 0.8888888955
66364  -23.492  -1.329  11.891 0.8888888955
66367  -24.863  -1.719  11.694 1.0000000000
66369  -26.321  -1.068  12.120 1.0000000000
66377  -24.479  -1.111  11.501 1.0000000000
66385  -32.234  -1.747  9.226 0.5555555820
66391  -32.212  -1.464  8.470 0.3333333433
66398  -32.575  -1.668  7.340 0.2222222239
66405  -33.518  -1.664  6.156 0.1111111119
66411  -39.299  -1.583  4.073 0.1111111119
66413  -34.779  -1.210  3.973 0.1111111119
66418  -36.550  -0.809  2.839 0.1111111119
66419  -37.465  -1.113  2.731 0.1111111119
66420  -38.181  -1.176  2.852 0.1111111119
67162  -19.156  -0.978  14.954 0.7777777910
67174  -20.361  -0.275  13.930 0.8888888955
67176  -31.573  -0.690  14.929 0.7777777910
67181  -20.347  0.429  13.751 0.7777777910
67203  -25.816  -0.608  11.668 1.0000000000
67205  -32.281  -0.277  11.072 0.6666666865
67211  -23.628  -0.300  11.516 1.0000000000
67212  -24.088  -0.410  11.329 1.0000000000
67227  -31.894  -0.589  8.121 0.3333333433
67235  -31.591  -0.122  7.416 0.2222222239
67242  -31.667  -0.407  6.308 0.2222222239
67243  -32.232  -0.790  5.984 0.1111111119
67258  -34.699  -0.144  2.648 0.1111111119
67973  -18.645  1.018  15.125 0.6666666865
67982  -20.000  1.059  13.841 0.7777777910
67983  -29.823  0.762  14.588 0.7777777910
67985  -31.727  0.395  14.680 0.7777777910
67990  -21.139  0.928  13.084 0.8888888955
67992  -29.270  1.213  14.206 0.8888888955
67994  -32.478  1.076  13.198 0.7777777910
67999  -22.213  0.623  12.323 0.8888888955
68000  -22.575  0.170  12.144 1.0000000000
68008  -23.129  0.599  11.603 0.8888888955
68009  -25.379  -0.067  11.325 1.0000000000
68010  -26.791  0.557  12.057 1.0000000000
68019  -32.043  0.340  10.308 0.6666666865
68036  -31.097  1.522  7.354 0.4444444478
68054  -30.700  0.726  3.613 0.1111111119
68055  -31.531  0.616  3.278 0.1111111119
68759  -16.208  1.551  18.150 0.2222222239
68809  -30.361  2.402  14.645 0.8888888955
68818  -20.244  1.740  13.556 0.7777777910
68821  -32.392  1.844  13.423 0.7777777910
68826  -21.435  1.500  12.747 0.8888888955
68828  -27.618  1.899  12.538 0.8888888955
68836  -23.279  1.025  11.419 1.0000000000
68839  -31.893  1.915  10.766 0.6666666865
68846  -24.528  1.293  10.985 1.0000000000
68859  -31.404  1.222  8.196 0.4444444478
68881  -29.913  0.988  4.029 0.1111111119
69557  -15.669  3.713  23.535 0.1111111119
69574  -15.359  2.650  22.806 0.1111111119
69613  -16.204  2.250  18.660 0.4444444478
69621  -16.562  2.095  17.022 0.4444444478
69631  -16.972  2.266  16.537 0.4444444478
69668  -29.598  2.900  14.360 0.8888888955
69669  -32.015  2.910  14.149 0.7777777910
69688  -31.913  2.849  11.251 0.7777777910
70413  -14.566  3.274  22.710 0.1111111119
70423  -14.479  3.697  21.860 0.3333333433
70457  -16.696  3.883  17.117 0.4444444478
70469  -16.780  3.240  16.892 0.4444444478
70470  -17.401  4.034  16.280 0.4444444478
70489  -18.616  3.520  14.827 0.6666666865
70490  -19.252  3.778  14.397 0.5555555820
70495  -30.934  3.675  14.616 0.8888888955
70496  -31.748  3.562  14.285 0.7777777910
70504  -20.479  3.840  13.586 0.5555555820
70519  -32.193  3.642  12.720 0.7777777910
70526  -22.418  2.959  11.720 0.6666666865
70528  -26.685  3.616  11.832 0.8888888955
70539  -25.118  3.398  10.778 0.7777777910
71283  -14.255  4.214  23.077 0.1111111119
71308  -15.638  3.956  19.687 0.4444444478
71318  -17.074  4.567  17.028 0.4444444478
71319  -17.523  4.843  16.615 0.4444444478
71335  -18.795  5.069  15.027 0.4444444478
71342  -18.618  4.297  14.966 0.4444444478
71343  -19.158  4.585  14.640 0.5555555820
71352  -31.435  4.289  14.342 0.7777777910
71358  -28.651  4.307  13.496 0.8888888955
71370  -32.057  4.256  13.274 0.8888888955
71403  -31.388  4.247  9.242 0.4444444478
71410  -30.599  4.301  7.462 0.2222222239
71418  -29.600  4.065  5.957 0.1111111119
72111  -14.500  4.694  22.215 0.2222222239
72132  -15.811  5.535  20.370 0.2222222239
72133  -16.602  6.009  19.340 0.2222222239
72157  -17.402  5.036  16.899 0.2222222239
72158  -17.804  5.313  16.617 0.3333333433
72159  -18.247  5.476  16.331 0.2222222239
72180  -19.120  5.594  15.041 0.1111111119
72191  -30.359  5.134  14.301 0.6666666865
72199  -29.700  5.670  13.980 0.7777777910
72201  -31.468  5.525  13.696 0.6666666865
72208  -27.205  5.338  12.217 0.6666666865
72221  -31.749  5.458  11.881 0.5555555820
72245  -31.385  5.530  9.222 0.5555555820
72273  -28.179  5.460  5.224 0.1111111119
72274  -28.980  5.618  5.760 0.1111111119
72957  -17.503  6.502  18.919 0.3333333433
73011  -31.184  6.275  13.598 0.6666666865
73061  -30.510  6.775  7.402 0.5555555820
73070  -29.953  6.546  6.659 0.2222222239
73818  -30.920  7.062  13.404 0.6666666865
73847  -25.284  7.220  11.166 0.3333333433
73862  -31.195  7.899  8.730 0.6666666865
73867  -29.914  7.819  6.709 0.1111111119
73884  -27.447  7.616  4.762 0.1111111119
74743  -29.138  8.463  5.972 0.1111111119
74751  -28.537  8.430  5.525 0.1111111119
75549  -30.851  9.313  12.417 0.6666666865
75590  -31.282  9.333  9.150 0.6666666865
76448  -30.491  9.959  12.333 0.6666666865
76460  -31.360  9.932  11.405 0.6666666865
76476  -31.230  10.677  11.394 0.5555555820
76486  -31.176  10.085  8.814 0.5555555820
76503  -28.888  10.706  5.555 0.2222222239
77313  -29.344  11.993  11.854 0.5555555820
77326  -31.105  12.070  10.755 0.5555555820
77338  -28.739  11.382  5.308 0.1111111119
78136  -28.830  12.564  11.504 0.5555555820
78158  -30.582  12.470  8.089 0.4444444478
78162  -28.809  12.308  5.307 0.1111111119
78917  -30.217  13.462  10.288 0.4444444478
78929  -30.289  13.268  7.854 0.4444444478
78935  -28.819  13.251  5.344 0.1111111119
78936  -29.243  13.463  5.980 0.2222222239
81548  -27.052  17.057  8.443 0.3333333433
104647  -19.425  6.561  17.678 0.1111111119
104649  -19.190  6.449  17.067 0.1111111119
104653  -18.504  6.667  18.575 0.2222222239
104681  -15.066  5.086  21.530 0.2222222239
104733  -20.036  6.578  16.973 0.1111111119
105887  -34.873  0.508  2.788 0.1111111119
106413  -30.359  2.821  6.518 0.1111111119
106764  -32.187  -1.071  9.764 0.5555555820
106803  -31.690  -5.525  12.849 0.3333333433
107701  -20.238  3.048  13.631 0.5555555820
108200  -30.050  13.947  8.140 0.4444444478
108241  -23.936  -1.828  11.799 1.0000000000
108435  -31.985  1.044  10.749 0.6666666865
110005  -25.673  2.840  11.202 0.8888888955
111272  -30.277  -1.966  15.269 0.7777777910
111380  -29.370  9.685  6.146 0.2222222239
111510  -28.586  15.800  8.926 0.3333333433
112531  -19.544  6.615  18.489 0.2222222239
112818  -30.285  10.918  7.146 0.3333333433
112932  -31.624  0.658  8.731 0.5555555820
113005  -26.787  5.949  11.879 0.6666666865
113142  -31.289  8.119  12.513 0.6666666865
115596  -31.508  9.133  11.276 0.6666666865
115658  -21.737  2.037  12.448 0.8888888955
116469  -28.179  6.800  5.250 0.1111111119
116645  -31.481  6.252  9.575 0.5555555820
116909  -29.403  9.009  6.233 0.2222222239
117434  -32.335  1.336  13.927 0.7777777910
118079  -32.523  0.229  12.876 0.6666666865
118238  -37.164  -2.101  3.577 0.1111111119
118796  -16.964  5.862  21.065 0.2222222239
118897  -17.646  6.332  20.271 0.2222222239
118919  -15.968  5.232  21.825 0.2222222239
119194  -26.920  -5.474  14.427 0.6666666865
119612  -19.941  4.982  14.345 0.3333333433
119981  -23.401  0.165  11.554 0.8888888955
120205  -31.187  3.570  8.662 0.4444444478
120279  -22.545  19.291  7.026 0.1111111119
120407  -27.790  -0.280  13.108 0.8888888955
121678  -33.947  -0.857  4.097 0.1111111119
121988  -28.192  11.190  4.792 0.1111111119
122012  -32.318  3.020  13.002 0.7777777910
122447  -22.886  -17.105  22.267 0.3333333433
122628  -20.302  -1.014  14.143 0.8888888955
122738  -18.637  5.578  15.904 0.2222222239
123523  -16.692  6.162  20.295 0.2222222239
123627  -19.002  6.604  18.086 0.2222222239
123735  -14.343  4.603  21.925 0.3333333433
124508  -27.855  3.327  12.812 0.8888888955
124796  -22.854  17.932  9.134 0.1111111119
124885  -31.327  4.900  8.986 0.4444444478
124920  -22.539  19.790  6.534 0.1111111119
125936  -28.682  13.852  5.188 0.1111111119
126358  -31.121  7.285  8.484 0.5555555820
