#!ascii label  , from subject sub-v2s0x29012_ses-1 vox2ras=TkReg
1266
55463  -24.448  -7.485  -1.192 0.5555555820
55474  -25.023  -6.964  -1.872 0.6666666865
56344  -25.774  -6.546  -2.385 0.7777777910
56345  -26.589  -6.808  -2.282 0.7777777910
57151  -26.909  -5.401  -3.036 0.8888888955
57122  -29.811  -5.764  -1.786 0.8888888955
55457  -23.939  -7.677  -0.707 0.5555555820
56330  -24.433  -6.695  -1.506 0.5555555820
57121  -24.384  -5.892  -1.844 0.6666666865
57134  -24.823  -5.672  -2.363 0.8888888955
56346  -27.387  -5.999  -2.605 0.8888888955
57152  -27.679  -5.135  -3.063 0.8888888955
57918  -29.182  -4.312  -2.891 1.0000000000
57139  -30.302  -5.003  -1.950 0.8888888955
57920  -31.380  -4.280  -1.850 1.0000000000
57120  -23.889  -5.145  -1.517 0.7777777910
57930  -24.851  -4.337  -2.926 1.0000000000
58685  -25.047  -3.658  -3.340 1.0000000000
57932  -26.063  -4.506  -3.462 1.0000000000
58689  -28.071  -3.384  -3.839 1.0000000000
58686  -25.746  -3.661  -3.681 1.0000000000
57935  -28.837  -3.732  -3.355 1.0000000000
58706  -27.272  -3.140  -4.118 1.0000000000
59494  -28.796  -2.831  -3.684 1.0000000000
58690  -29.483  -3.130  -3.177 1.0000000000
58676  -31.451  -3.513  -1.997 1.0000000000
59495  -29.486  -2.345  -3.386 1.0000000000
59496  -30.111  -2.632  -2.851 1.0000000000
58666  -32.835  -3.384  -1.613 1.0000000000
110223  -31.744  -1.948  -2.046 1.0000000000
110180  -33.291  -2.060  -1.538 0.7777777910
59492  -24.400  -2.117  -3.291 0.8888888955
59493  -25.272  -2.952  -3.715 1.0000000000
58707  -28.023  -2.367  -4.303 1.0000000000
102133  -26.186  -2.359  -4.393 1.0000000000
60299  -27.379  -1.662  -4.654 1.0000000000
113262  -29.497  -1.664  -3.547 1.0000000000
60290  -30.040  -1.795  -3.029 1.0000000000
60279  -31.267  -1.360  -2.258 1.0000000000
60266  -32.840  -1.280  -1.529 1.0000000000
60268  -34.405  -1.834  -1.634 0.8888888955
60267  -33.643  -1.326  -1.438 1.0000000000
100868  -35.165  -1.190  -1.975 0.7777777910
60291  -35.603  -2.023  -4.238 0.7777777910
61060  -24.401  -0.648  -3.713 0.5555555820
61963  -26.421  0.281  -5.262 0.7777777910
61070  -25.464  -0.684  -4.679 0.8888888955
61071  -27.735  -0.836  -4.798 1.0000000000
60301  -28.526  -1.609  -4.271 1.0000000000
61082  -27.111  -0.274  -5.129 0.8888888955
61073  -28.976  -0.337  -4.311 1.0000000000
61061  -29.646  -0.334  -3.800 1.0000000000
61053  -31.923  -0.243  -1.788 1.0000000000
61041  -33.326  -0.671  -1.373 0.8888888955
61934  -31.951  0.552  -1.761 1.0000000000
109851  -33.797  -0.090  -1.276 0.8888888955
61945  -35.690  0.389  -3.325 0.7777777910
61084  -35.158  -0.772  -5.476 0.6666666865
61966  -35.275  0.271  -5.188 0.6666666865
62795  -24.140  1.640  -4.304 0.4444444478
61952  -24.636  0.848  -4.554 0.7777777910
62807  -25.435  1.499  -5.285 0.6666666865
113759  -27.512  1.287  -5.325 0.7777777910
61965  -28.023  0.881  -5.073 0.8888888955
61943  -29.429  0.410  -4.161 0.8888888955
61051  -30.816  -0.244  -2.692 1.0000000000
62785  -29.840  1.170  -3.947 1.0000000000
62775  -31.168  1.185  -2.616 1.0000000000
116496  -31.559  0.838  -2.185 1.0000000000
62768  -33.292  1.495  -0.972 0.8888888955
61924  -34.693  0.902  -1.242 0.7777777910
61936  -35.628  0.758  -2.733 0.7777777910
61095  -33.964  -0.582  -7.554 0.5555555820
100549  -35.713  1.117  -3.573 0.7777777910
62811  -35.164  1.143  -5.339 0.6666666865
108281  -25.434  2.956  -5.477 0.6666666865
63620  -25.395  2.190  -5.374 0.6666666865
62809  -27.316  1.989  -5.457 0.7777777910
63622  -26.931  2.850  -5.566 0.7777777910
62810  -28.138  1.793  -5.155 0.8888888955
62797  -29.577  1.903  -4.273 0.8888888955
63611  -29.279  2.621  -4.582 1.0000000000
62798  -30.182  1.945  -3.720 1.0000000000
110030  -31.556  2.194  -2.286 1.0000000000
62776  -31.845  1.299  -1.906 0.8888888955
105738  -32.849  2.769  -1.179 0.8888888955
63593  -35.366  2.171  -1.745 0.8888888955
62778  -35.597  1.560  -2.423 0.7777777910
64366  -33.597  3.091  -0.977 0.8888888955
63594  -35.632  2.550  -2.416 0.7777777910
108141  -35.029  1.969  -5.475 0.7777777910
62819  -34.556  1.342  -6.344 0.6666666865
64406  -24.964  3.459  -5.326 0.6666666865
64396  -24.330  3.352  -4.945 0.5555555820
64407  -26.073  3.403  -5.551 0.7777777910
63623  -27.864  2.696  -5.393 0.8888888955
107006  -28.984  3.230  -4.874 0.8888888955
64398  -29.553  3.445  -4.347 1.0000000000
63612  -29.873  2.653  -4.055 1.0000000000
63591  -31.557  3.068  -2.333 1.0000000000
63592  -32.121  2.882  -1.728 0.8888888955
64377  -35.518  3.388  -2.327 0.7777777910
102182  -35.659  3.875  -2.996 0.7777777910
63624  -34.994  2.822  -5.564 0.6666666865
63629  -33.964  2.801  -7.243 0.5555555820
108810  -33.691  2.209  -7.639 0.5555555820
110136  -25.457  3.946  -5.398 0.7777777910
65232  -25.467  4.636  -5.261 0.6666666865
64409  -27.594  3.534  -5.470 0.8888888955
64397  -28.884  4.065  -4.826 1.0000000000
64384  -30.038  3.884  -3.878 1.0000000000
65204  -31.673  4.345  -2.397 0.8888888955
64375  -31.884  3.659  -2.022 0.8888888955
66073  -32.607  5.071  -1.740 0.8888888955
108512  -33.773  3.855  -1.166 0.8888888955
65197  -35.320  4.691  -2.044 0.7777777910
66108  -35.818  5.281  -3.294 0.7777777910
65215  -35.716  4.487  -3.686 0.7777777910
64411  -35.053  3.532  -5.594 0.5555555820
66926  -34.734  6.257  -1.540 0.7777777910
66126  -35.627  4.848  -4.618 0.5555555820
108990  -34.362  3.965  -6.848 0.5555555820
66127  -35.942  5.660  -4.144 0.6666666865
66104  -23.854  5.832  -4.135 0.4444444478
65222  -25.075  5.270  -4.952 0.5555555820
66138  -26.904  5.069  -5.238 0.7777777910
65224  -28.443  4.877  -4.948 1.0000000000
65223  -27.724  4.947  -5.195 0.8888888955
65225  -29.072  4.884  -4.602 1.0000000000
65213  -30.315  4.670  -3.620 0.8888888955
66107  -30.941  5.317  -3.142 0.8888888955
114135  -31.553  5.052  -2.629 0.8888888955
66089  -32.130  5.497  -2.253 0.8888888955
66074  -33.451  5.294  -1.391 0.8888888955
66091  -35.864  5.853  -2.840 0.6666666865
66140  -35.671  5.637  -5.213 0.5555555820
67732  -27.787  7.174  -4.641 0.6666666865
66122  -26.591  5.835  -4.894 0.6666666865
108310  -28.622  6.580  -4.527 0.7777777910
66959  -29.229  6.190  -4.276 0.8888888955
66947  -29.920  6.417  -3.838 0.7777777910
66948  -30.873  6.296  -3.253 0.8888888955
107422  -31.353  7.095  -3.134 0.7777777910
66936  -32.207  6.303  -2.353 0.8888888955
67705  -32.104  7.150  -2.643 0.7777777910
66937  -33.068  6.904  -1.910 0.7777777910
67698  -34.202  7.013  -1.631 0.6666666865
68453  -32.616  8.528  -2.795 0.6666666865
67708  -34.690  7.820  -1.838 0.6666666865
67699  -35.089  7.047  -1.764 0.6666666865
66927  -35.354  6.359  -1.833 0.5555555820
69224  -34.655  9.260  -2.382 0.6666666865
68456  -35.112  8.576  -2.167 0.5555555820
67723  -36.424  7.293  -3.459 0.5555555820
106493  -36.115  6.395  -4.764 0.4444444478
108921  -36.478  8.079  -3.166 0.5555555820
109087  -26.855  8.814  -4.540 0.3333333433
68473  -26.532  8.144  -4.383 0.3333333433
107304  -28.093  7.970  -4.743 0.5555555820
104648  -28.801  8.187  -4.768 0.5555555820
67733  -28.665  7.406  -4.578 0.7777777910
111560  -29.834  7.213  -4.063 0.7777777910
68477  -30.365  8.542  -4.412 0.6666666865
67721  -31.351  7.853  -3.442 0.6666666865
68462  -30.693  8.036  -3.923 0.6666666865
68464  -31.922  8.565  -3.380 0.6666666865
69229  -32.528  9.273  -3.278 0.6666666865
101373  -32.861  9.982  -3.454 0.6666666865
70010  -34.142  9.884  -2.680 0.6666666865
68465  -36.316  8.868  -2.924 0.5555555820
104495  -36.566  9.384  -3.671 0.5555555820
70011  -34.938  9.938  -2.621 0.6666666865
107727  -27.329  9.056  -4.807 0.4444444478
69235  -27.067  9.619  -4.478 0.4444444478
69249  -27.722  9.752  -5.066 0.5555555820
68475  -28.068  8.814  -4.998 0.5555555820
68476  -29.021  8.923  -5.123 0.6666666865
107963  -29.601  8.390  -4.648 0.6666666865
69236  -29.889  9.229  -4.985 0.6666666865
68463  -31.159  8.690  -3.997 0.6666666865
69228  -31.809  9.188  -3.814 0.6666666865
69239  -32.138  9.915  -4.027 0.6666666865
70726  -34.110  11.273  -3.435 0.6666666865
108638  -35.941  11.037  -3.532 0.5555555820
70017  -36.398  10.332  -3.683 0.6666666865
69251  -29.251  9.552  -5.415 0.6666666865
69252  -30.616  9.887  -5.248 0.6666666865
69237  -30.667  9.182  -4.601 0.6666666865
111904  -33.304  11.123  -3.742 0.6666666865
57150  -26.237  -5.270  -3.127 0.8888888955
57133  -24.365  -5.065  -2.148 1.0000000000
57931  -25.371  -4.412  -3.240 1.0000000000
57933  -26.987  -4.619  -3.450 1.0000000000
57919  -30.002  -4.244  -2.469 1.0000000000
62806  -24.776  1.737  -4.995 0.5555555820
63582  -32.481  1.988  -1.365 0.8888888955
65221  -24.604  4.329  -5.049 0.5555555820
66955  -24.686  6.071  -4.357 0.5555555820
65234  -27.269  4.314  -5.428 0.7777777910
108267  -29.581  4.391  -4.244 1.0000000000
65195  -34.040  4.643  -1.241 0.8888888955
66945  -23.933  6.473  -3.771 0.2222222239
66949  -36.123  6.568  -2.897 0.6666666865
67720  -30.564  7.253  -3.655 0.7777777910
101222  -29.031  10.100  -5.766 0.6666666865
63609  -24.236  2.503  -4.689 0.4444444478
64395  -23.897  3.933  -4.542 0.4444444478
69240  -36.683  9.862  -4.443 0.5555555820
68486  -36.620  8.780  -5.492 0.5555555820
70027  -36.592  10.604  -4.414 0.5555555820
54521  -24.687  -8.853  -0.870 0.5555555820
53607  -25.020  -8.886  -1.058 0.5555555820
55465  -25.056  -7.641  -1.577 0.6666666865
54545  -25.512  -7.658  -1.730 0.5555555820
55476  -26.234  -7.613  -1.868 0.5555555820
116659  -29.760  -6.392  -1.563 0.7777777910
110372  -30.356  -6.472  -1.394 0.8888888955
54519  -23.759  -8.561  -0.382 0.5555555820
55466  -27.062  -7.467  -1.926 0.6666666865
55477  -27.676  -6.876  -2.101 0.6666666865
56347  -28.344  -6.230  -2.226 0.8888888955
57123  -30.771  -5.748  -1.532 0.7777777910
57124  -31.681  -5.767  -1.510 0.7777777910
116919  -32.775  -4.816  -1.644 0.8888888955
55456  -23.335  -7.681  -0.105 0.4444444478
57115  -22.968  -5.404  -0.067 0.5555555820
107349  -32.260  -4.041  -1.684 1.0000000000
57906  -23.414  -4.197  -0.961 0.2222222239
57915  -23.938  -4.279  -1.875 0.6666666865
58667  -33.708  -3.432  -1.614 0.8888888955
58678  -35.045  -3.408  -2.407 0.6666666865
60281  -35.208  -2.004  -2.299 0.7777777910
59497  -35.334  -2.801  -4.461 0.6666666865
59468  -23.693  -2.612  -2.056 0.5555555820
60303  -35.235  -1.664  -5.212 0.6666666865
105989  -23.623  -0.974  -2.661 0.4444444478
112163  -34.782  -1.524  -6.048 0.5555555820
61106  -32.682  -0.542  -9.013 0.5555555820
98271  -23.607  0.532  -2.965 0.2222222239
61976  -34.021  0.430  -7.390 0.5555555820
63608  -23.739  2.409  -4.041 0.4444444478
62818  -33.787  1.462  -7.524 0.5555555820
64374  -22.816  3.769  -2.863 0.3333333433
62823  -33.014  1.651  -8.767 0.5555555820
66120  -24.253  5.241  -4.560 0.4444444478
64424  -33.363  3.626  -8.665 0.4444444478
66087  -22.822  6.045  -2.888 0.3333333433
65251  -34.122  4.933  -7.958 0.5555555820
66975  -35.313  6.278  -6.799 0.4444444478
68472  -26.035  7.963  -4.081 0.3333333433
67730  -26.014  7.437  -4.307 0.4444444478
109995  -36.299  7.034  -5.208 0.4444444478
98729  -36.445  8.250  -6.169 0.4444444478
69265  -36.558  9.353  -6.450 0.2222222239
70023  -27.452  10.444  -4.623 0.3333333433
70037  -28.346  10.302  -5.469 0.6666666865
99219  -29.764  9.963  -5.683 0.6666666865
70024  -31.476  10.268  -4.865 0.6666666865
70041  -31.877  10.870  -5.317 0.6666666865
70754  -32.369  11.518  -5.655 0.6666666865
70740  -33.572  11.799  -3.999 0.6666666865
70727  -35.166  11.352  -3.398 0.6666666865
70729  -36.371  11.193  -4.069 0.4444444478
100186  -36.656  10.453  -5.175 0.3333333433
70038  -29.503  10.419  -6.462 0.5555555820
56324  -23.975  -6.874  -0.954 0.5555555820
55464  -24.792  -7.231  -1.582 0.6666666865
54528  -24.755  -7.985  -1.237 0.6666666865
56331  -24.794  -6.501  -1.945 0.6666666865
55475  -25.337  -7.041  -1.964 0.7777777910
106592  -25.813  -7.136  -2.062 0.7777777910
56343  -25.199  -6.342  -2.289 0.7777777910
57135  -25.683  -5.844  -2.727 0.8888888955
57136  -26.392  -5.991  -2.753 0.8888888955
57149  -25.583  -5.146  -3.026 1.0000000000
57138  -29.464  -4.957  -2.383 1.0000000000
100537  -28.935  -5.622  -2.315 0.8888888955
56348  -29.198  -6.337  -1.833 0.8888888955
54520  -24.378  -8.291  -0.852 0.5555555820
56318  -23.050  -6.856  0.166 0.4444444478
56323  -23.521  -7.061  -0.440 0.5555555820
110362  -23.348  -6.212  -0.429 0.5555555820
101578  -23.902  -6.030  -1.218 0.6666666865
105622  -25.250  -5.637  -2.641 0.8888888955
57137  -28.185  -5.567  -2.636 0.8888888955
57917  -28.596  -4.882  -2.872 1.0000000000
108290  -30.709  -4.458  -2.045 1.0000000000
57934  -28.050  -4.293  -3.430 1.0000000000
57140  -31.150  -5.023  -1.706 1.0000000000
100069  -30.741  -3.821  -2.266 1.0000000000
57116  -23.412  -5.258  -0.717 0.5555555820
57148  -25.091  -5.048  -2.812 1.0000000000
57916  -24.412  -4.287  -2.477 0.8888888955
58674  -24.533  -3.583  -2.896 0.8888888955
108147  -24.721  -4.907  -2.564 1.0000000000
59478  -24.193  -2.761  -2.783 0.8888888955
59479  -24.697  -2.915  -3.329 1.0000000000
58687  -26.584  -3.736  -3.821 1.0000000000
58705  -26.505  -2.998  -4.162 1.0000000000
58688  -27.394  -3.833  -3.748 1.0000000000
58675  -30.107  -3.436  -2.698 1.0000000000
59509  -26.997  -2.408  -4.469 1.0000000000
104173  -30.798  -3.035  -2.416 1.0000000000
57908  -33.374  -4.231  -1.662 0.8888888955
59481  -31.549  -2.728  -2.080 1.0000000000
59510  -28.919  -1.999  -3.888 1.0000000000
59480  -30.835  -2.071  -2.450 1.0000000000
59482  -32.434  -2.567  -1.721 1.0000000000
110642  -33.265  -2.840  -1.573 0.8888888955
59470  -34.801  -2.702  -1.978 0.7777777910
60288  -24.763  -1.539  -3.891 1.0000000000
60287  -24.122  -1.266  -3.239 0.5555555820
108863  -24.895  -2.353  -3.707 1.0000000000
60277  -23.791  -1.816  -2.584 0.5555555820
102141  -26.546  -1.726  -4.664 1.0000000000
60297  -25.396  -1.344  -4.443 0.8888888955
60309  -26.868  -1.040  -4.937 1.0000000000
60302  -29.138  -1.140  -3.968 1.0000000000
60289  -29.875  -1.048  -3.396 1.0000000000
61052  -31.304  -0.622  -2.269 1.0000000000
61040  -32.543  -0.645  -1.558 1.0000000000
61042  -34.376  -0.756  -1.471 0.8888888955
61055  -35.565  -0.754  -2.656 0.7777777910
99046  -35.598  -1.066  -4.419 0.6666666865
61059  -23.846  -0.428  -3.077 0.5555555820
61942  -24.128  0.059  -3.537 0.6666666865
61069  -24.935  -0.706  -4.308 0.6666666865
61953  -25.178  0.055  -4.716 0.7777777910
98881  -25.893  0.985  -5.356 0.6666666865
62808  -26.725  1.259  -5.458 0.8888888955
61964  -27.289  0.561  -5.271 0.8888888955
60298  -26.042  -1.074  -4.830 0.8888888955
61081  -26.451  -0.494  -5.058 1.0000000000
61954  -28.647  0.428  -4.649 0.8888888955
61933  -31.336  0.280  -2.343 1.0000000000
61923  -33.738  0.714  -1.084 0.8888888955
61935  -35.284  0.661  -1.889 0.8888888955
61054  -35.205  -0.309  -1.890 0.7777777910
61063  -35.698  -0.368  -3.596 0.7777777910
100234  -35.522  0.912  -4.528 0.6666666865
106431  -33.627  -1.569  -8.202 0.5555555820
112430  -34.794  0.627  -6.083 0.6666666865
62784  -23.601  1.604  -3.413 0.3333333433
61951  -24.107  0.788  -3.835 0.4444444478
100391  -24.588  0.063  -4.107 0.6666666865
107251  -26.014  1.746  -5.486 0.7777777910
106124  -28.589  1.227  -4.816 0.8888888955
61944  -30.069  0.426  -3.598 1.0000000000
62769  -34.236  1.524  -0.955 0.7777777910
62788  -35.748  2.196  -3.503 0.7777777910
63602  -31.027  2.895  -2.878 1.0000000000
63603  -35.743  3.095  -3.159 0.7777777910
63613  -35.478  2.492  -4.635 0.7777777910
63630  -34.364  2.280  -6.546 0.6666666865
110081  -23.827  3.165  -4.397 0.4444444478
64410  -28.375  3.395  -5.223 0.8888888955
64399  -30.113  3.273  -3.828 1.0000000000
64386  -31.302  3.679  -2.682 0.8888888955
108025  -34.495  4.054  -1.327 0.7777777910
64400  -35.451  3.380  -4.742 0.6666666865
64417  -33.890  3.450  -7.496 0.5555555820
63635  -33.359  2.751  -8.416 0.5555555820
65220  -23.913  4.637  -4.486 0.5555555820
65235  -28.088  4.205  -5.276 0.8888888955
65214  -31.077  4.449  -2.996 1.0000000000
65194  -33.132  4.469  -1.395 0.8888888955
66076  -35.217  5.549  -1.772 0.8888888955
103476  -35.340  4.128  -5.194 0.6666666865
66925  -33.777  6.158  -1.460 0.8888888955
66139  -35.270  4.842  -5.691 0.5555555820
66137  -26.009  5.199  -5.123 0.5555555820
66124  -28.066  5.468  -4.906 0.7777777910
66123  -27.414  5.663  -4.949 0.7777777910
66106  -30.314  5.620  -3.571 0.8888888955
66105  -29.587  5.406  -4.103 0.7777777910
66152  -34.730  5.575  -7.249 0.5555555820
67731  -26.822  7.368  -4.523 0.5555555820
66957  -26.281  6.649  -4.578 0.5555555820
66958  -27.149  6.479  -4.694 0.6666666865
105620  -27.959  6.171  -4.695 0.7777777910
66121  -25.688  5.963  -4.709 0.7777777910
106555  -29.290  6.902  -4.314 0.7777777910
66935  -31.594  6.534  -2.817 0.7777777910
67722  -32.070  7.898  -2.935 0.6666666865
67707  -33.735  7.793  -1.911 0.6666666865
67706  -32.822  7.807  -2.380 0.6666666865
69222  -33.102  9.048  -2.698 0.6666666865
68455  -34.248  8.538  -2.107 0.6666666865
67709  -35.590  7.808  -2.145 0.5555555820
67710  -36.190  7.458  -2.690 0.5555555820
101309  -36.547  7.911  -5.093 0.4444444478
66967  -35.808  6.454  -5.812 0.4444444478
99932  -36.691  8.872  -4.508 0.5555555820
68474  -27.313  8.219  -4.658 0.4444444478
67735  -30.088  7.836  -4.205 0.7777777910
113191  -33.563  10.471  -3.236 0.6666666865
70016  -34.600  10.600  -2.961 0.6666666865
69250  -28.551  9.584  -5.323 0.5555555820
69238  -31.308  9.526  -4.415 0.6666666865
70025  -32.185  10.595  -4.500 0.6666666865
70026  -32.714  11.257  -4.522 0.6666666865
65212  -23.416  4.406  -3.951 0.4444444478
63600  -23.453  3.090  -3.762 0.4444444478
64383  -23.538  3.676  -4.054 0.4444444478
100353  -36.568  11.210  -4.898 0.3333333433
117123  -23.346  -9.079  0.080 0.5555555820
54515  -23.086  -8.357  0.286 0.3333333433
59483  -35.347  -2.740  -2.737 0.6666666865
58673  -24.055  -3.489  -2.310 0.7777777910
61931  -23.107  0.634  -2.116 0.1111111119
62774  -23.267  1.267  -2.585 0.1111111119
64382  -23.178  3.752  -3.491 0.4444444478
65211  -22.926  4.483  -3.258 0.3333333433
102130  -23.137  5.081  -3.576 0.3333333433
70741  -34.501  11.996  -3.783 0.6666666865
71455  -35.247  12.088  -3.858 0.4444444478
52755  -29.522  -10.188  -0.728 0.4444444478
51813  -30.687  -11.245  -0.682 0.2222222239
53608  -25.370  -9.436  -0.974 0.4444444478
52752  -25.973  -10.015  -0.860 0.4444444478
104491  -25.461  -8.803  -1.260 0.4444444478
53609  -26.239  -9.128  -1.244 0.4444444478
53611  -28.972  -9.522  -0.805 0.4444444478
53612  -29.836  -9.532  -0.880 0.4444444478
101524  -31.121  -10.500  -1.420 0.2222222239
54532  -26.935  -8.273  -1.571 0.4444444478
107177  -28.517  -8.308  -1.235 0.4444444478
54534  -29.289  -8.685  -1.005 0.4444444478
52767  -31.768  -10.942  -2.782 0.1111111119
108161  -29.967  -7.977  -1.041 0.4444444478
109097  -30.989  -9.117  -1.339 0.3333333433
55467  -27.975  -7.734  -1.601 0.4444444478
110705  -29.031  -7.778  -1.304 0.4444444478
116201  -30.703  -8.312  -1.122 0.3333333433
54546  -31.510  -9.444  -1.883 0.3333333433
53623  -31.525  -10.587  -3.524 0.2222222239
103807  -31.312  -8.360  -1.433 0.3333333433
100847  -32.000  -8.803  -3.022 0.2222222239
53635  -31.751  -9.482  -4.742 0.1111111119
53643  -33.896  -8.847  -5.994 0.1111111119
55478  -32.717  -7.676  -3.125 0.3333333433
56335  -32.144  -6.639  -1.604 0.4444444478
56336  -32.771  -6.694  -2.269 0.5555555820
57153  -33.763  -6.252  -3.126 0.6666666865
112148  -32.822  -6.416  -5.938 0.4444444478
57126  -33.484  -5.179  -1.908 0.6666666865
57160  -33.525  -5.532  -6.809 0.3333333433
57154  -34.280  -5.623  -3.599 0.6666666865
57944  -34.142  -4.645  -5.331 0.5555555820
57921  -34.234  -4.686  -2.061 0.6666666865
58708  -34.797  -4.069  -4.633 0.5555555820
57947  -33.731  -4.844  -6.502 0.4444444478
58717  -34.187  -4.168  -6.383 0.3333333433
106366  -35.131  -4.009  -2.834 0.5555555820
59531  -34.368  -3.429  -6.916 0.4444444478
108041  -34.281  -2.690  -6.968 0.5555555820
59522  -34.377  -3.577  -6.014 0.4444444478
60321  -34.034  -2.329  -7.863 0.4444444478
70040  -31.105  10.462  -5.963 0.5555555820
70039  -30.298  10.299  -6.371 0.5555555820
70753  -31.575  11.060  -6.377 0.5555555820
70755  -33.161  12.048  -4.908 0.5555555820
71476  -33.584  12.839  -5.177 0.5555555820
52740  -27.782  -10.460  -0.598 0.4444444478
52756  -30.683  -10.627  -1.035 0.2222222239
54530  -25.248  -8.256  -1.401 0.4444444478
53622  -31.601  -10.442  -2.568 0.2222222239
54556  -31.399  -9.809  -3.983 0.2222222239
53629  -31.723  -10.309  -4.245 0.1111111119
55482  -32.575  -7.741  -4.625 0.4444444478
55486  -32.303  -8.028  -5.553 0.3333333433
56353  -33.180  -6.054  -5.410 0.4444444478
58721  -34.475  -4.045  -7.258 0.3333333433
59535  -34.303  -2.794  -7.928 0.4444444478
61110  -32.119  -0.901  -10.133 0.4444444478
70765  -31.216  11.464  -7.138 0.5555555820
70778  -30.886  12.021  -7.560 0.5555555820
55491  -33.443  -6.902  -6.945 0.2222222239
71464  -34.030  12.453  -4.384 0.5555555820
51804  -26.484  -11.507  -0.348 0.4444444478
111172  -27.628  -11.366  -0.375 0.4444444478
116448  -28.360  -11.519  -0.329 0.4444444478
51806  -29.879  -11.421  -0.487 0.2222222239
51793  -30.975  -11.667  -0.122 0.2222222239
51807  -31.477  -11.275  -0.542 0.1111111119
53596  -24.394  -9.697  -0.502 0.4444444478
52738  -25.639  -10.814  -0.472 0.4444444478
52757  -31.339  -10.918  -1.203 0.1111111119
52768  -32.347  -10.930  -2.935 0.1111111119
53630  -32.509  -10.491  -4.327 0.1111111119
110717  -34.769  -9.607  -4.698 0.1111111119
53638  -34.937  -9.340  -5.418 0.1111111119
54572  -34.517  -8.317  -6.683 0.1111111119
55492  -34.460  -7.520  -7.134 0.2222222239
57165  -34.420  -5.639  -7.630 0.1111111119
56359  -34.157  -6.501  -7.423 0.2222222239
58722  -35.051  -4.355  -7.828 0.2222222239
58725  -34.697  -3.439  -7.837 0.3333333433
117768  -33.157  -1.846  -9.792 0.4444444478
112359  -32.605  -1.543  -10.123 0.3333333433
61113  -32.715  -1.167  -10.333 0.3333333433
61985  -32.895  0.700  -8.711 0.4444444478
61997  -32.463  0.029  -10.207 0.3333333433
66956  -25.427  6.753  -4.303 0.4444444478
65243  -33.924  4.206  -7.732 0.4444444478
66976  -35.768  6.903  -6.540 0.3333333433
71465  -34.870  12.579  -4.228 0.5555555820
70054  -29.965  10.753  -7.168 0.5555555820
70764  -30.474  11.408  -7.442 0.5555555820
70766  -31.979  11.826  -6.602 0.5555555820
71485  -32.248  12.745  -6.806 0.5555555820
71486  -33.069  13.293  -6.045 0.5555555820
70763  -29.666  11.684  -7.443 0.5555555820
53597  -24.808  -9.705  -0.679 0.4444444478
56332  -28.659  -6.991  -1.741 0.5555555820
56333  -29.680  -7.029  -1.362 0.5555555820
56334  -31.262  -6.572  -1.369 0.6666666865
57125  -32.650  -5.719  -1.732 0.6666666865
58692  -35.274  -3.442  -4.123 0.5555555820
58715  -34.840  -3.326  -5.143 0.5555555820
59523  -34.561  -2.974  -6.052 0.4444444478
62832  -32.667  1.103  -9.807 0.4444444478
67750  -35.964  7.596  -6.929 0.3333333433
54531  -25.870  -8.302  -1.554 0.4444444478
55469  -31.681  -7.506  -1.503 0.3333333433
55468  -30.760  -7.427  -1.187 0.3333333433
110984  -28.048  -9.660  -0.800 0.4444444478
52741  -29.297  -10.887  -0.536 0.3333333433
52754  -28.699  -10.271  -0.623 0.4444444478
52751  -25.233  -10.099  -0.687 0.4444444478
52739  -26.738  -10.682  -0.609 0.4444444478
52753  -27.016  -9.848  -0.916 0.4444444478
53610  -27.402  -9.057  -1.161 0.4444444478
109924  -28.363  -8.937  -1.036 0.4444444478
105398  -30.171  -10.195  -0.902 0.4444444478
53613  -30.640  -9.854  -1.190 0.4444444478
54535  -30.262  -8.886  -1.024 0.4444444478
52766  -31.701  -10.603  -1.858 0.1111111119
53614  -31.255  -10.060  -1.690 0.2222222239
52773  -31.882  -10.938  -3.669 0.1111111119
52759  -32.601  -10.603  -1.986 0.1111111119
54536  -31.821  -8.596  -2.034 0.3333333433
54547  -31.569  -9.842  -2.956 0.2222222239
55485  -32.059  -8.657  -4.998 0.2222222239
54560  -32.244  -8.928  -5.261 0.1111111119
53636  -32.391  -9.882  -4.975 0.1111111119
54567  -32.706  -8.350  -5.904 0.1111111119
53637  -33.687  -9.695  -5.146 0.1111111119
55470  -32.286  -7.634  -2.153 0.3333333433
55479  -33.237  -6.969  -3.524 0.4444444478
56350  -33.461  -6.475  -4.322 0.4444444478
56356  -33.116  -6.021  -6.413 0.3333333433
56352  -32.639  -6.985  -5.586 0.4444444478
104144  -32.509  -7.574  -6.166 0.3333333433
56367  -35.331  -6.457  -7.721 0.1111111119
57158  -33.506  -5.328  -5.748 0.4444444478
57941  -34.652  -4.846  -4.115 0.5555555820
57156  -33.886  -5.479  -4.729 0.5555555820
58714  -34.415  -3.940  -5.496 0.5555555820
57951  -34.386  -4.740  -7.325 0.3333333433
107726  -33.861  -2.238  -9.386 0.4444444478
70055  -30.796  10.729  -6.950 0.5555555820
71475  -32.753  12.341  -5.874 0.5555555820
111291  -28.478  -11.016  -0.440 0.4444444478
118497  -33.075  -10.159  -4.741 0.1111111119
70777  -30.378  12.263  -7.757 0.5555555820
55489  -33.306  -7.792  -6.642 0.2222222239
51805  -29.015  -11.624  -0.326 0.4444444478
50903  -29.717  -12.027  -0.176 0.2222222239
52737  -24.859  -10.557  -0.381 0.4444444478
52736  -24.447  -10.416  -0.286 0.4444444478
52758  -31.874  -10.832  -1.700 0.1111111119
112121  -31.980  -10.992  -0.934 0.1111111119
53624  -32.962  -10.531  -3.458 0.1111111119
46919  -27.608  -16.748  4.181 0.1111111119
48614  -24.016  -14.720  1.949 0.3333333433
47798  -26.662  -16.043  3.042 0.2222222239
46937  -26.936  -16.533  3.559 0.2222222239
48580  -27.743  -16.142  3.621 0.1111111119
50107  -22.964  -13.037  1.475 0.3333333433
49365  -23.090  -13.655  1.861 0.3333333433
49346  -23.276  -14.400  2.234 0.3333333433
49368  -25.364  -14.497  1.198 0.3333333433
49369  -26.349  -14.692  1.502 0.3333333433
48599  -26.972  -15.492  2.641 0.2222222239
48617  -26.932  -14.924  2.090 0.2222222239
104002  -27.772  -15.525  3.100 0.1111111119
52710  -22.283  -10.963  1.862 0.2222222239
51778  -22.500  -11.750  1.424 0.2222222239
50875  -22.836  -12.406  1.212 0.2222222239
50108  -23.492  -13.238  1.219 0.3333333433
49366  -23.715  -13.934  1.577 0.3333333433
49367  -24.447  -14.252  1.337 0.3333333433
49347  -27.731  -14.865  2.441 0.1111111119
101253  -23.026  -10.420  0.703 0.2222222239
51779  -23.037  -11.727  0.789 0.3333333433
52721  -23.348  -11.076  0.485 0.3333333433
50887  -23.764  -12.194  0.547 0.3333333433
51801  -24.134  -11.026  0.054 0.3333333433
51792  -24.127  -11.662  0.264 0.3333333433
50889  -24.817  -12.502  0.342 0.3333333433
50123  -26.101  -13.572  0.512 0.3333333433
50132  -25.621  -12.756  0.230 0.3333333433
50124  -27.071  -13.462  0.538 0.3333333433
50134  -27.372  -12.947  0.236 0.3333333433
49383  -27.752  -13.760  1.094 0.3333333433
49371  -28.173  -14.178  1.934 0.1111111119
50110  -28.735  -13.611  1.463 0.2222222239
53586  -22.719  -9.679  1.024 0.2222222239
53587  -23.238  -9.733  0.360 0.3333333433
51802  -24.478  -11.105  -0.028 0.3333333433
50898  -24.577  -11.792  0.173 0.3333333433
115046  -25.632  -11.566  -0.221 0.3333333433
50133  -26.582  -12.907  0.172 0.3333333433
50901  -27.237  -12.282  -0.125 0.3333333433
100621  -27.771  -13.240  0.537 0.3333333433
50125  -28.460  -13.221  0.742 0.1111111119
54510  -22.468  -8.948  1.380 0.3333333433
115099  -22.875  -9.007  0.674 0.3333333433
106505  -24.279  -9.038  -0.611 0.3333333433
51803  -24.996  -11.291  -0.132 0.3333333433
108216  -28.246  -12.007  -0.194 0.3333333433
50902  -28.957  -12.314  -0.007 0.3333333433
59539  -34.567  -2.623  -8.921 0.2222222239
60334  -33.324  -1.867  -10.025 0.2222222239
60335  -34.564  -2.198  -9.554 0.2222222239
110189  -33.054  3.102  -9.411 0.3333333433
108071  -33.056  2.004  -9.962 0.2222222239
48615  -24.832  -15.020  1.771 0.3333333433
105475  -25.693  -15.196  1.872 0.3333333433
111741  -27.214  -15.936  3.211 0.2222222239
48600  -28.480  -15.039  3.044 0.1111111119
52711  -22.702  -11.090  1.010 0.3333333433
50886  -23.340  -12.145  0.718 0.3333333433
50122  -25.174  -13.252  0.525 0.3333333433
49380  -25.485  -13.900  0.754 0.3333333433
49381  -26.023  -14.225  0.906 0.3333333433
51791  -23.691  -11.569  0.406 0.3333333433
52735  -24.086  -10.394  -0.164 0.3333333433
46918  -26.812  -17.303  4.156 0.1111111119
49345  -22.582  -14.129  2.588 0.3333333433
48595  -23.533  -15.236  2.527 0.3333333433
47796  -24.649  -16.246  2.681 0.3333333433
47797  -25.425  -16.397  2.855 0.3333333433
47785  -26.165  -16.484  3.168 0.3333333433
46904  -27.875  -17.673  5.247 0.1111111119
47786  -28.352  -16.286  4.197 0.1111111119
50859  -22.560  -12.848  1.797 0.3333333433
48582  -29.253  -15.068  3.634 0.1111111119
103176  -22.271  -10.198  2.017 0.2222222239
49348  -28.519  -14.527  2.536 0.1111111119
50111  -29.572  -13.431  1.788 0.1111111119
50126  -29.362  -13.054  0.958 0.1111111119
50890  -28.915  -12.785  0.405 0.1111111119
109683  -22.292  -8.287  1.658 0.1111111119
61111  -34.152  -1.381  -10.213 0.2222222239
64437  -33.325  3.763  -10.219 0.2222222239
63651  -33.462  2.844  -10.304 0.2222222239
58665  -23.585  -3.364  -1.534 0.5555555820
53595  -23.834  -9.610  -0.243 0.4444444478
54514  -22.583  -8.262  0.982 0.2222222239
106817  -33.403  0.680  -10.282 0.2222222239
46920  -28.289  -16.944  4.843 0.1111111119
46936  -26.312  -16.980  3.620 0.1111111119
48596  -24.343  -15.508  2.321 0.3333333433
48597  -25.177  -15.734  2.308 0.3333333433
50874  -22.339  -12.353  1.890 0.2222222239
50090  -22.579  -13.379  2.152 0.2222222239
48616  -26.392  -15.224  2.131 0.3333333433
49379  -24.797  -13.749  0.841 0.3333333433
49370  -27.277  -14.417  1.667 0.2222222239
50109  -24.092  -13.479  1.009 0.3333333433
50120  -23.861  -12.801  0.737 0.3333333433
52720  -22.540  -10.339  1.375 0.2222222239
52734  -23.609  -10.415  0.156 0.3333333433
50888  -24.220  -12.306  0.435 0.3333333433
50121  -24.447  -12.998  0.622 0.3333333433
49382  -26.769  -14.080  0.966 0.3333333433
50899  -25.223  -12.015  0.045 0.3333333433
98549  -29.084  -14.008  2.299 0.1111111119
50135  -28.149  -12.708  0.196 0.3333333433
50891  -29.570  -12.510  0.338 0.1111111119
46096  -26.136  -18.120  4.375 0.1111111119
48594  -22.778  -14.957  2.828 0.2222222239
47795  -23.846  -16.055  2.751 0.3333333433
46935  -25.606  -17.091  3.383 0.3333333433
50858  -22.168  -12.927  2.488 0.2222222239
61112  -35.523  -1.417  -9.468 0.1111111119
60336  -35.674  -2.053  -9.020 0.1111111119
104195  -37.860  -1.063  -8.029 0.1111111119
60337  -36.751  -1.344  -8.552 0.1111111119
61996  -36.865  0.221  -8.807 0.1111111119
61986  -37.803  0.533  -8.108 0.1111111119
62838  -32.911  1.107  -10.137 0.1111111119
102147  -36.179  0.920  -9.388 0.1111111119
61998  -34.701  0.762  -10.117 0.1111111119
66163  -34.356  5.515  -8.204 0.2222222239
62839  -33.820  1.730  -10.242 0.1111111119
62833  -35.439  1.789  -9.861 0.1111111119
116996  -34.699  6.369  -8.649 0.1111111119
67749  -35.454  6.880  -7.282 0.2222222239
67756  -35.809  7.886  -8.002 0.1111111119
66173  -34.240  5.786  -9.112 0.1111111119
67774  -34.440  7.381  -10.602 0.1111111119
68493  -36.278  8.622  -7.207 0.1111111119
70739  -27.913  11.995  -5.563 0.4444444478
70752  -29.167  11.014  -6.955 0.4444444478
68500  -36.214  9.004  -8.301 0.1111111119
71484  -31.495  12.287  -7.365 0.4444444478
71466  -35.627  12.475  -4.474 0.3333333433
70742  -36.258  11.913  -4.608 0.2222222239
70056  -36.628  10.448  -6.321 0.1111111119
69278  -36.505  9.703  -7.688 0.1111111119
69291  -36.827  10.126  -8.945 0.1111111119
71493  -31.027  12.671  -8.033 0.4444444478
72177  -30.435  13.065  -8.156 0.4444444478
72178  -31.150  13.573  -8.241 0.4444444478
71494  -31.734  13.108  -7.727 0.4444444478
72168  -32.547  13.635  -7.068 0.4444444478
72156  -34.027  13.634  -5.488 0.4444444478
72828  -34.566  14.302  -5.941 0.4444444478
72157  -35.048  13.669  -5.302 0.2222222239
72147  -36.334  13.463  -6.044 0.2222222239
71467  -36.244  12.675  -5.371 0.2222222239
71478  -36.734  12.592  -6.231 0.2222222239
70757  -36.853  11.949  -6.593 0.2222222239
73571  -38.730  15.263  -6.798 0.1111111119
98279  -38.337  14.071  -7.436 0.1111111119
70779  -37.871  12.193  -8.342 0.1111111119
71474  -28.066  12.655  -5.716 0.4444444478
72154  -28.434  13.222  -6.075 0.4444444478
71483  -29.079  12.456  -7.228 0.4444444478
72167  -29.193  13.290  -7.321 0.3333333433
110222  -30.389  13.831  -8.173 0.4444444478
115025  -32.192  14.662  -7.759 0.4444444478
72856  -32.858  15.308  -7.533 0.4444444478
72855  -32.793  14.496  -7.279 0.4444444478
72169  -33.563  14.215  -6.394 0.4444444478
73577  -32.735  16.161  -7.714 0.3333333433
72840  -35.026  15.053  -6.637 0.3333333433
72841  -36.153  14.985  -6.935 0.1111111119
72830  -36.304  14.229  -6.562 0.1111111119
72831  -37.040  13.919  -7.120 0.1111111119
71487  -36.901  13.227  -6.725 0.2222222239
72170  -37.693  13.497  -7.501 0.1111111119
71463  -27.754  12.669  -4.881 0.2222222239
72176  -29.793  13.605  -7.847 0.3333333433
73575  -30.444  15.243  -7.705 0.3333333433
107329  -31.865  15.337  -7.832 0.3333333433
72839  -33.876  15.120  -7.007 0.4444444478
73579  -34.598  16.825  -8.057 0.2222222239
73567  -34.813  15.965  -7.421 0.2222222239
73568  -35.913  15.757  -7.522 0.2222222239
73569  -36.824  15.478  -7.788 0.1111111119
74348  -35.320  17.454  -8.360 0.1111111119
73580  -35.692  16.683  -8.158 0.1111111119
73581  -36.892  16.291  -8.219 0.1111111119
72843  -38.140  15.083  -7.605 0.1111111119
74349  -36.355  17.245  -8.394 0.1111111119
73582  -37.786  16.143  -8.051 0.1111111119
72857  -37.487  15.572  -8.026 0.1111111119
72155  -28.840  13.711  -6.610 0.3333333433
72838  -29.275  14.153  -7.213 0.3333333433
72820  -29.282  14.558  -5.351 0.3333333433
73566  -29.874  15.564  -7.146 0.3333333433
73576  -31.014  15.749  -7.751 0.3333333433
74345  -31.736  16.311  -7.683 0.3333333433
74346  -32.597  17.067  -7.651 0.2222222239
99876  -33.618  16.861  -7.849 0.2222222239
74347  -34.360  17.492  -8.067 0.1111111119
75111  -36.787  17.728  -8.133 0.1111111119
73570  -38.381  16.027  -7.459 0.1111111119
74331  -37.940  16.567  -5.317 0.1111111119
72804  -28.518  14.508  -2.663 0.1111111119
73545  -30.088  15.294  -4.027 0.1111111119
73560  -29.923  15.821  -5.678 0.2222222239
74336  -29.954  16.623  -6.091 0.2222222239
105562  -30.063  16.491  -6.750 0.3333333433
75097  -30.186  17.484  -6.203 0.2222222239
74344  -30.833  16.511  -7.377 0.3333333433
75103  -30.573  17.217  -6.856 0.3333333433
75802  -30.925  19.094  -6.629 0.2222222239
76449  -31.954  19.734  -7.224 0.1111111119
77047  -32.263  20.169  -7.096 0.1111111119
76450  -32.742  19.357  -7.210 0.1111111119
75807  -34.301  18.315  -7.531 0.1111111119
75110  -35.791  17.917  -8.243 0.1111111119
75105  -37.069  17.922  -7.237 0.1111111119
74342  -38.016  16.840  -7.830 0.1111111119
73562  -38.750  15.290  -5.462 0.1111111119
72832  -39.082  14.630  -5.991 0.1111111119
108655  -29.424  14.932  -3.152 0.1111111119
73538  -30.302  15.437  -3.092 0.1111111119
73554  -30.434  15.773  -4.699 0.1111111119
73546  -30.726  15.789  -3.763 0.1111111119
75795  -31.091  18.202  -4.063 0.1111111119
106470  -30.592  18.613  -4.819 0.1111111119
75801  -30.479  19.054  -6.067 0.2222222239
77038  -30.388  20.807  -5.027 0.1111111119
77040  -30.614  20.916  -5.875 0.1111111119
78195  -32.530  22.651  -3.978 0.1111111119
77046  -33.078  20.435  -6.351 0.1111111119
76443  -33.776  20.120  -5.315 0.1111111119
106584  -34.749  18.684  -6.458 0.1111111119
73526  -30.786  15.465  -2.253 0.1111111119
73540  -31.517  16.003  -2.584 0.1111111119
75083  -31.372  17.213  -3.835 0.1111111119
75084  -31.681  17.842  -3.310 0.1111111119
106164  -31.475  19.375  -3.652 0.1111111119
76420  -31.961  19.434  -3.263 0.1111111119
77628  -32.313  21.360  -3.025 0.1111111119
74313  -32.205  16.670  -2.567 0.1111111119
74300  -32.130  16.095  -1.817 0.1111111119
60331  -37.484  -1.738  -7.856 0.1111111119
105083  -36.476  -0.646  -8.941 0.1111111119
61987  -38.462  0.063  -7.661 0.1111111119
64438  -34.036  3.629  -10.509 0.1111111119
63652  -34.620  2.696  -10.293 0.1111111119
65265  -33.635  4.507  -10.591 0.1111111119
67763  -35.177  7.555  -9.173 0.1111111119
70751  -28.431  11.555  -6.319 0.4444444478
71477  -34.476  13.076  -4.792 0.4444444478
72146  -35.691  13.191  -5.194 0.3333333433
70756  -36.566  11.918  -5.564 0.2222222239
70042  -36.629  11.190  -5.883 0.1111111119
70057  -36.892  11.108  -7.510 0.1111111119
68511  -36.239  9.184  -9.419 0.1111111119
71488  -37.241  12.691  -7.188 0.2222222239
72842  -37.239  14.792  -7.548 0.1111111119
99504  -37.767  14.272  -7.602 0.1111111119
72180  -38.451  13.379  -7.584 0.1111111119
107440  -31.105  15.012  -7.964 0.3333333433
75090  -30.331  18.024  -5.504 0.2222222239
76446  -31.311  19.948  -6.845 0.1111111119
74322  -31.556  16.583  -3.285 0.1111111119
76436  -31.460  20.061  -3.670 0.1111111119
77039  -33.579  21.077  -4.371 0.1111111119
75073  -32.449  17.426  -2.892 0.1111111119
104890  -32.643  16.552  -1.817 0.1111111119
61979  -39.378  -0.114  -6.505 0.1111111119
61108  -38.509  -0.663  -7.685 0.1111111119
65250  -33.463  4.373  -8.950 0.2222222239
66984  -34.847  6.208  -7.869 0.2222222239
67764  -35.788  8.377  -8.901 0.1111111119
70750  -28.062  11.126  -5.451 0.4444444478
72179  -31.995  13.928  -7.834 0.4444444478
72853  -30.730  14.436  -8.122 0.4444444478
118039  -34.249  14.687  -6.421 0.4444444478
72805  -29.983  15.169  -2.401 0.1111111119
73518  -30.902  15.338  -1.416 0.1111111119
73527  -31.490  15.633  -1.665 0.1111111119
75072  -31.876  17.122  -3.174 0.1111111119
115312  -39.089  -0.999  -7.284 0.1111111119
59540  -35.292  -2.699  -8.769 0.1111111119
60330  -36.384  -2.267  -8.294 0.1111111119
60332  -38.467  -1.352  -7.539 0.1111111119
61085  -39.811  -0.537  -5.931 0.1111111119
61098  -39.659  -0.967  -6.713 0.1111111119
62820  -38.644  1.163  -6.717 0.1111111119
62824  -37.847  1.259  -7.880 0.1111111119
102672  -37.537  1.922  -8.154 0.1111111119
110150  -36.713  1.852  -9.023 0.1111111119
65266  -34.961  4.429  -10.477 0.1111111119
64439  -35.134  3.420  -10.296 0.1111111119
63644  -36.132  2.761  -9.596 0.1111111119
66187  -33.805  5.695  -10.842 0.1111111119
101487  -34.111  6.861  -11.321 0.1111111119
108619  -28.760  10.717  -6.125 0.4444444478
68510  -35.423  8.352  -9.922 0.1111111119
69279  -36.912  10.735  -8.216 0.1111111119
69307  -36.690  9.853  -11.253 0.1111111119
118257  -28.125  12.151  -6.079 0.4444444478
69293  -38.046  10.715  -9.615 0.1111111119
70780  -38.624  12.229  -8.141 0.1111111119
72137  -27.569  13.410  -4.069 0.2222222239
72144  -28.226  13.426  -4.983 0.3333333433
72819  -28.761  13.932  -5.670 0.2222222239
72827  -29.135  14.420  -6.327 0.2222222239
114564  -39.093  13.252  -7.269 0.1111111119
72131  -27.907  14.213  -3.206 0.1111111119
73559  -29.487  15.129  -6.019 0.2222222239
72159  -39.276  13.939  -6.260 0.1111111119
72148  -39.229  13.942  -5.172 0.1111111119
72803  -27.985  14.116  -2.266 0.1111111119
72793  -28.396  14.417  -1.553 0.1111111119
72795  -30.193  15.149  -1.624 0.1111111119
72785  -29.590  14.974  -0.910 0.1111111119
73556  -38.333  15.082  -4.200 0.1111111119
72776  -29.899  15.061  -0.019 0.1111111119
72777  -30.855  15.202  0.057 0.1111111119
76441  -34.403  19.308  -4.845 0.1111111119
75797  -35.528  18.314  -5.137 0.1111111119
74330  -37.135  16.848  -4.678 0.1111111119
74324  -37.396  16.163  -4.216 0.1111111119
73519  -31.391  15.405  -0.766 0.1111111119
73528  -32.013  15.749  -1.157 0.1111111119
76421  -32.811  19.610  -3.011 0.1111111119
75789  -34.131  18.760  -3.179 0.1111111119
74314  -32.904  17.073  -2.208 0.1111111119
66162  -33.788  5.072  -9.079 0.1111111119
69266  -36.614  10.275  -7.219 0.1111111119
61995  -35.452  -0.298  -9.757 0.1111111119
67755  -35.165  6.963  -8.245 0.2222222239
111267  -29.750  12.700  -7.743 0.4444444478
62825  -38.336  0.862  -7.450 0.1111111119
66172  -33.580  5.264  -9.999 0.1111111119
66996  -34.479  6.548  -9.574 0.1111111119
66995  -33.824  5.727  -10.360 0.1111111119
69301  -36.833  9.988  -10.092 0.1111111119
72829  -35.485  14.334  -6.091 0.2222222239
72158  -35.775  13.786  -5.744 0.2222222239
70767  -37.273  12.007  -7.671 0.2222222239
73561  -38.524  16.025  -6.117 0.1111111119
72844  -38.871  14.473  -7.019 0.1111111119
109016  -38.981  13.774  -7.119 0.1111111119
70791  -38.245  11.809  -8.670 0.1111111119
70065  -37.524  11.615  -8.504 0.1111111119
71495  -37.929  12.779  -7.939 0.2222222239
73578  -33.748  16.064  -7.596 0.3333333433
74350  -37.314  16.971  -8.251 0.1111111119
99535  -29.418  15.023  -6.914 0.3333333433
72811  -28.742  14.188  -4.662 0.1111111119
74335  -29.673  15.823  -6.515 0.3333333433
74343  -30.342  16.042  -7.311 0.3333333433
112834  -32.088  17.773  -7.367 0.2222222239
75107  -32.926  17.899  -7.529 0.1111111119
75108  -33.848  18.062  -7.737 0.1111111119
75109  -34.836  17.972  -8.096 0.1111111119
75100  -37.744  17.436  -7.008 0.1111111119
74338  -38.223  16.782  -6.628 0.1111111119
74337  -37.597  17.223  -5.793 0.1111111119
73555  -38.176  15.836  -4.796 0.1111111119
72792  -27.827  14.232  -0.946 0.1111111119
103125  -28.605  14.458  -3.663 0.1111111119
72812  -29.400  14.741  -4.321 0.1111111119
103855  -30.415  16.523  -5.267 0.1111111119
103657  -31.249  18.184  -7.020 0.2222222239
75806  -32.212  18.656  -7.299 0.1111111119
99527  -31.827  21.517  -6.447 0.1111111119
76448  -33.337  19.479  -6.846 0.1111111119
75805  -35.042  18.291  -7.466 0.1111111119
114279  -37.149  17.676  -6.240 0.1111111119
75098  -36.327  18.047  -6.027 0.1111111119
72794  -29.268  14.811  -1.917 0.1111111119
73539  -30.923  15.766  -3.013 0.1111111119
75091  -30.713  17.451  -4.806 0.1111111119
74329  -31.026  16.428  -4.205 0.1111111119
77032  -30.727  20.668  -4.211 0.1111111119
75798  -30.412  18.921  -5.466 0.1111111119
77642  -30.693  21.761  -3.917 0.1111111119
78212  -31.392  23.028  -5.356 0.1111111119
77042  -33.109  21.224  -5.386 0.1111111119
77035  -33.578  20.861  -3.602 0.1111111119
76444  -34.313  19.202  -5.885 0.1111111119
75799  -34.890  18.736  -5.520 0.1111111119
75800  -35.437  18.436  -6.402 0.1111111119
75777  -32.409  18.441  -3.048 0.1111111119
77016  -32.816  20.681  -2.949 0.1111111119
77017  -33.314  20.356  -3.215 0.1111111119
114490  -38.174  -2.224  -7.319 0.1111111119
61978  -38.889  0.373  -7.007 0.1111111119
65256  -33.347  4.570  -10.042 0.1111111119
71497  -39.298  12.287  -7.486 0.1111111119
76440  -33.971  20.094  -4.196 0.1111111119
75074  -33.183  17.738  -2.631 0.1111111119
61967  -39.081  0.654  -6.234 0.1111111119
72786  -30.496  15.180  -0.784 0.1111111119
66186  -33.692  5.160  -10.499 0.1111111119
67007  -33.922  6.346  -10.824 0.1111111119
69292  -37.505  11.060  -9.110 0.1111111119
72160  -39.413  13.276  -6.502 0.1111111119
72123  -27.717  13.838  -1.865 0.1111111119
76422  -33.536  19.393  -3.173 0.1111111119
76438  -34.393  19.187  -3.942 0.1111111119
47783  -23.451  -16.680  3.198 0.2222222239
114603  -23.371  -1.852  -1.796 0.2222222239
99722  -23.267  -1.121  -2.003 0.2222222239
108352  -27.664  11.031  -4.806 0.3333333433
71453  -27.226  12.596  -3.554 0.1111111119
71454  -27.231  13.052  -3.692 0.1111111119
71462  -27.386  12.658  -4.251 0.2222222239
67719  -25.289  7.377  -3.882 0.2222222239
66946  -24.691  6.816  -3.919 0.1111111119
58664  -23.167  -3.225  -0.793 0.2222222239
67718  -24.215  7.048  -3.471 0.1111111119
68461  -26.526  8.816  -4.165 0.1111111119
69227  -26.939  9.793  -4.102 0.1111111119
70724  -27.286  11.439  -3.855 0.1111111119
71444  -26.663  12.370  -2.049 0.1111111119
118440  -27.404  13.609  -3.435 0.1111111119
58659  -22.787  -3.593  -0.242 0.2222222239
108922  -23.403  2.461  -3.394 0.2222222239
70022  -27.187  10.531  -4.130 0.1111111119
62783  -23.138  2.133  -2.675 0.1111111119
63599  -23.122  3.043  -3.076 0.3333333433
70738  -27.554  11.837  -4.742 0.3333333433
70725  -27.250  12.159  -3.998 0.1111111119
59467  -23.174  -2.397  -1.131 0.2222222239
70737  -27.369  11.245  -4.291 0.1111111119
70719  -27.071  11.693  -2.462 0.1111111119
70014  -27.246  10.485  -3.925 0.1111111119
70009  -27.255  11.123  -2.041 0.1111111119
54573  -35.556  -8.219  -6.947 0.1111111119
47784  -24.192  -16.683  2.975 0.1111111119
104516  -24.962  -17.499  3.370 0.1111111119
47781  -21.762  -16.219  4.193 0.1111111119
48578  -22.216  -15.493  3.493 0.1111111119
49329  -22.271  -14.709  3.112 0.1111111119
50089  -22.156  -13.686  2.834 0.1111111119
110005  -22.552  -5.874  0.851 0.1111111119
61039  -22.860  -0.574  -1.483 0.1111111119
60265  -22.918  -1.426  -1.241 0.1111111119
66102  -22.786  5.275  -3.059 0.2222222239
66103  -23.237  5.877  -3.531 0.2222222239
66933  -22.809  6.049  -2.620 0.2222222239
48566  -21.549  -15.397  4.154 0.1111111119
47770  -21.897  -16.911  4.297 0.1111111119
46933  -23.107  -17.440  3.598 0.1111111119
46109  -23.736  -18.174  3.662 0.1111111119
46943  -24.842  -16.904  3.085 0.1111111119
49316  -20.949  -15.219  4.872 0.1111111119
49317  -21.417  -14.574  4.127 0.1111111119
50072  -21.794  -14.068  3.477 0.1111111119
115083  -21.824  -13.313  3.299 0.1111111119
50843  -21.877  -12.499  3.136 0.1111111119
104567  -22.079  -12.258  2.517 0.1111111119
51767  -22.155  -11.712  2.179 0.1111111119
108532  -22.454  -6.240  1.128 0.1111111119
57111  -22.600  -5.026  0.550 0.1111111119
58658  -22.673  -2.701  -0.342 0.1111111119
60264  -22.592  -1.048  -0.836 0.1111111119
66086  -22.686  5.351  -2.654 0.2222222239
66919  -22.513  6.848  -0.896 0.2222222239
67691  -23.264  7.390  -1.326 0.1111111119
46112  -26.073  -17.486  3.824 0.1111111119
46917  -22.280  -17.448  4.101 0.1111111119
66934  -23.073  6.484  -2.811 0.2222222239
66944  -23.357  6.624  -3.185 0.1111111119
57901  -22.903  -4.560  -0.160 0.1111111119
65203  -22.658  4.552  -2.738 0.2222222239
61050  -23.267  -0.238  -2.263 0.1111111119
110254  -22.819  -6.000  0.359 0.1111111119
110054  -22.068  -11.130  2.597 0.1111111119
53581  -22.373  -9.622  1.741 0.1111111119
56317  -22.572  -6.708  0.865 0.1111111119
48579  -23.016  -15.846  3.043 0.1111111119
49344  -22.103  -14.268  3.100 0.1111111119
46934  -24.142  -17.391  3.296 0.1111111119
47782  -22.492  -16.585  3.661 0.1111111119
49328  -21.863  -14.754  3.554 0.1111111119
57099  -22.328  -5.364  1.995 0.1111111119
66918  -22.155  6.098  -0.240 0.1111111119
101136  -21.588  -12.880  3.877 0.1111111119
108902  -22.519  -3.939  0.336 0.1111111119
68431  -22.973  8.352  1.179 0.1111111119
64359  -22.670  3.777  -2.493 0.1111111119
67704  -24.909  7.288  -3.616 0.1111111119
68460  -25.951  8.001  -3.888 0.1111111119
48598  -26.072  -15.820  2.552 0.2222222239
50876  -23.361  -12.651  0.922 0.3333333433
50900  -26.111  -12.209  -0.102 0.3333333433
52722  -23.839  -10.938  0.156 0.3333333433
52742  -30.053  -10.793  -0.739 0.4444444478
54529  -24.934  -8.321  -1.225 0.5555555820
54533  -27.855  -8.459  -1.323 0.4444444478
54561  -32.875  -9.187  -5.529 0.1111111119
55481  -31.937  -8.798  -4.247 0.2222222239
56337  -33.382  -5.989  -2.366 0.6666666865
56355  -32.728  -6.872  -6.403 0.4444444478
57110  -22.490  -5.479  0.969 0.1111111119
57141  -34.098  -5.459  -2.605 0.6666666865
57142  -34.864  -4.813  -2.928 0.5555555820
57907  -31.994  -4.931  -1.545 1.0000000000
57909  -34.140  -3.976  -1.800 0.8888888955
57922  -34.694  -4.062  -2.266 0.8888888955
58668  -34.456  -3.397  -1.842 0.6666666865
58677  -32.080  -3.236  -1.778 1.0000000000
58679  -35.367  -3.441  -3.201 0.5555555820
58691  -35.136  -4.140  -3.626 0.5555555820
58704  -25.863  -2.934  -4.043 1.0000000000
59469  -34.035  -2.726  -1.575 0.8888888955
59484  -35.530  -2.762  -3.659 0.6666666865
59508  -25.433  -2.196  -4.155 1.0000000000
59511  -35.086  -2.486  -5.178 0.4444444478
59538  -34.395  -2.711  -8.630 0.2222222239
60278  -30.600  -1.055  -2.722 1.0000000000
60280  -31.971  -1.134  -1.844 1.0000000000
60282  -35.575  -2.049  -3.175 0.7777777910
60300  -28.048  -1.508  -4.543 1.0000000000
60310  -34.718  -2.221  -6.062 0.5555555820
60322  -34.319  -1.953  -6.989 0.5555555820
60329  -33.607  -2.313  -8.950 0.4444444478
61062  -30.279  -0.300  -3.208 1.0000000000
61072  -28.355  -0.346  -4.655 1.0000000000
61080  -25.847  -0.282  -4.990 0.8888888955
61083  -27.867  0.054  -4.963 0.8888888955
61096  -34.484  -1.092  -6.752 0.5555555820
61097  -39.061  -0.382  -7.178 0.1111111119
61107  -37.624  -0.396  -8.274 0.1111111119
61922  -32.806  0.092  -1.383 1.0000000000
61932  -30.671  0.434  -2.967 1.0000000000
61955  -29.194  1.165  -4.449 0.8888888955
61956  -35.644  0.343  -4.118 0.7777777910
61961  -25.219  0.892  -5.070 0.6666666865
61962  -25.685  0.366  -5.121 0.7777777910
61977  -34.691  -0.162  -6.367 0.5555555820
61993  -32.343  0.156  -9.809 0.4444444478
61994  -33.702  -0.282  -10.369 0.3333333433
62767  -32.628  1.020  -1.316 0.8888888955
62777  -35.103  1.515  -1.468 0.7777777910
62786  -30.455  1.198  -3.334 1.0000000000
62787  -30.766  2.031  -3.034 1.0000000000
62796  -28.917  1.886  -4.731 0.8888888955
62799  -35.521  1.647  -4.505 0.7777777910
62834  -37.245  1.131  -8.550 0.1111111119
63583  -33.591  2.274  -0.892 0.8888888955
63584  -34.690  2.341  -1.104 0.8888888955
63601  -30.442  2.740  -3.487 1.0000000000
63610  -28.620  2.607  -5.042 0.8888888955
63619  -24.794  2.698  -5.214 0.5555555820
63621  -26.074  2.536  -5.555 0.6666666865
63643  -32.944  2.261  -9.547 0.2222222239
63650  -33.108  2.984  -9.935 0.3333333433
64367  -34.515  3.275  -1.139 0.7777777910
64368  -35.097  3.856  -1.722 0.7777777910
64376  -32.764  3.587  -1.418 0.8888888955
64385  -30.631  3.652  -3.357 1.0000000000
64387  -35.733  3.642  -3.835 0.6666666865
64408  -26.851  3.698  -5.548 0.8888888955
64418  -34.498  3.276  -6.431 0.5555555820
64430  -33.091  3.760  -9.719 0.2222222239
65196  -34.822  4.703  -1.541 0.8888888955
65205  -32.309  4.340  -1.832 0.8888888955
65206  -35.637  4.616  -2.762 0.7777777910
65226  -35.608  4.096  -4.420 0.7777777910
65233  -26.298  4.339  -5.421 0.7777777910
65236  -34.880  4.085  -6.071 0.6666666865
65244  -34.626  4.767  -6.776 0.5555555820
66075  -34.398  5.436  -1.386 0.8888888955
66088  -31.528  5.833  -2.736 0.8888888955
66090  -35.621  5.343  -2.454 0.7777777910
66109  -36.031  5.967  -3.383 0.6666666865
66119  -23.580  5.213  -4.085 0.4444444478
66125  -28.716  5.654  -4.582 0.7777777910
66195  -34.189  6.279  -11.328 0.1111111119
66902  -20.741  6.724  1.758 0.2222222239
66908  -21.791  6.887  0.039 0.2222222239
66924  -32.840  5.893  -1.748 0.8888888955
66938  -35.736  6.886  -2.203 0.5555555820
66960  -36.268  6.492  -3.814 0.6666666865
66966  -35.254  5.598  -6.243 0.5555555820
67677  -21.750  7.937  1.195 0.1111111119
67678  -23.186  8.312  0.435 0.1111111119
67683  -21.190  7.252  0.625 0.2222222239
67684  -22.404  7.676  -0.118 0.1111111119
67734  -29.393  7.651  -4.434 0.7777777910
67736  -36.441  7.179  -4.377 0.5555555820
67741  -36.191  7.347  -5.953 0.4444444478
68425  -22.473  7.839  1.982 0.1111111119
68426  -23.485  8.027  1.623 0.1111111119
68442  -23.680  7.910  -0.647 0.1111111119
68454  -33.386  8.494  -2.341 0.6666666865
68457  -35.783  8.573  -2.438 0.5555555820
68478  -36.598  8.645  -3.623 0.5555555820
68521  -35.107  8.468  -11.127 0.1111111119
69223  -33.804  9.165  -2.469 0.6666666865
69225  -35.565  9.353  -2.590 0.5555555820
69230  -33.326  9.650  -2.932 0.6666666865
69231  -35.608  10.373  -3.027 0.6666666865
69232  -36.196  9.694  -3.085 0.6666666865
69253  -36.660  9.598  -5.362 0.2222222239
70015  -32.756  10.594  -3.858 0.6666666865
70036  -27.817  10.515  -5.119 0.4444444478
70043  -36.790  11.343  -6.830 0.1111111119
70077  -38.008  11.413  -8.990 0.1111111119
70078  -38.554  11.255  -8.986 0.1111111119
70728  -35.835  11.739  -3.886 0.4444444478
70762  -28.910  11.754  -7.023 0.4444444478
71482  -28.453  12.408  -6.527 0.4444444478
71496  -38.808  12.836  -7.688 0.1111111119
72145  -35.160  13.035  -4.714 0.4444444478
72166  -28.730  13.038  -6.798 0.4444444478
72852  -29.915  14.579  -7.661 0.3333333433
72854  -31.513  14.438  -8.049 0.4444444478
73547  -31.172  16.131  -3.369 0.1111111119
73553  -29.914  15.118  -5.048 0.1111111119
75092  -36.017  17.734  -4.624 0.1111111119
75099  -36.795  17.484  -5.176 0.1111111119
75104  -36.130  18.199  -7.460 0.1111111119
75106  -31.466  17.166  -7.348 0.2222222239
75112  -37.499  17.442  -7.851 0.1111111119
75776  -31.535  18.755  -3.513 0.1111111119
75803  -33.582  18.711  -7.274 0.1111111119
75804  -34.144  18.850  -6.848 0.1111111119
76435  -31.066  19.341  -4.180 0.1111111119
76437  -33.793  19.776  -3.604 0.1111111119
76439  -30.571  19.730  -4.885 0.1111111119
76442  -30.459  19.900  -5.601 0.1111111119
76445  -30.760  19.977  -6.325 0.2222222239
76447  -32.731  20.080  -6.932 0.1111111119
77015  -32.140  20.401  -3.121 0.1111111119
77033  -31.346  21.074  -3.399 0.1111111119
77034  -33.125  21.341  -3.155 0.1111111119
77041  -32.402  21.446  -6.136 0.1111111119
77043  -31.129  20.839  -6.491 0.1111111119
77044  -31.740  20.685  -6.856 0.1111111119
77045  -32.305  20.771  -6.761 0.1111111119
77643  -31.583  22.108  -3.447 0.1111111119
77644  -32.555  22.195  -3.389 0.1111111119
77645  -33.164  21.891  -3.787 0.1111111119
77653  -30.525  22.229  -4.584 0.1111111119
77654  -32.598  22.557  -4.568 0.1111111119
77655  -32.520  22.156  -5.372 0.1111111119
77656  -31.008  21.730  -6.057 0.1111111119
77657  -31.451  22.110  -6.027 0.1111111119
77658  -31.890  22.295  -5.915 0.1111111119
78193  -31.080  22.701  -4.203 0.1111111119
78194  -31.950  22.909  -3.960 0.1111111119
78205  -30.853  22.876  -5.074 0.1111111119
78206  -31.586  23.218  -4.767 0.1111111119
78207  -32.139  23.071  -4.508 0.1111111119
78211  -31.083  22.535  -5.649 0.1111111119
78213  -31.975  22.996  -5.275 0.1111111119
78214  -31.517  22.709  -5.658 0.1111111119
99884  -33.092  18.506  -7.399 0.1111111119
99888  -35.539  -0.307  -4.548 0.7777777910
101514  -35.575  0.066  -2.639 0.7777777910
101633  -33.731  19.587  -6.273 0.1111111119
102571  -35.697  -1.284  -3.465 0.7777777910
102572  -33.927  5.128  -10.788 0.1111111119
102740  -26.619  2.072  -5.540 0.7777777910
104090  -30.552  18.208  -6.409 0.2222222239
104118  -25.898  -1.756  -4.544 0.8888888955
105934  -30.278  17.260  -5.644 0.2222222239
106251  -32.720  -1.548  -9.658 0.4444444478
106462  -30.287  18.330  -5.932 0.2222222239
107125  -30.516  21.918  -5.327 0.1111111119
107623  -36.623  7.992  -4.007 0.4444444478
108682  -35.246  2.927  -1.651 0.7777777910
109473  -34.601  0.180  -1.382 0.8888888955
109599  -28.480  -0.978  -4.456 1.0000000000
109797  -35.674  6.095  -2.298 0.6666666865
110431  -32.438  -1.804  -1.724 0.7777777910
110917  -35.776  2.958  -3.987 0.7777777910
110952  -35.436  4.074  -2.339 0.7777777910
111198  -36.143  8.168  -2.625 0.5555555820
112041  -27.536  -17.316  4.662 0.1111111119
112056  -29.524  -3.772  -2.941 1.0000000000
112285  -32.621  0.895  -9.437 0.4444444478
112715  -33.236  -6.687  -2.827 0.4444444478
113097  -35.604  7.330  -7.564 0.2222222239
113359  -35.500  -1.456  -2.685 0.7777777910
114224  -31.444  21.429  -6.414 0.1111111119
114787  -33.097  21.865  -4.652 0.1111111119
115194  -30.411  21.524  -4.553 0.1111111119
115644  -31.705  7.495  -3.033 0.6666666865
116061  -26.157  -3.343  -3.949 1.0000000000
116119  -31.483  19.145  -7.063 0.1111111119
116125  -32.045  4.864  -2.188 0.8888888955
116288  -28.673  -4.310  -3.175 1.0000000000
116546  -36.553  13.021  -6.030 0.2222222239
116961  -30.339  16.577  -7.074 0.3333333433
117109  -25.468  3.445  -5.461 0.6666666865
117369  -33.516  17.467  -7.782 0.1111111119
117458  -35.764  5.071  -3.933 0.7777777910
117616  -34.128  2.744  -0.897 0.7777777910
