#!ascii label  , from subject sub-v2s0x29012_ses-1 vox2ras=TkReg
1683
6619  -38.151  -67.614  3.258 0.1000000015
6009  -37.544  -68.220  2.971 0.1000000015
6040  -37.182  -69.058  1.983 0.1000000015
6008  -36.743  -68.577  2.911 0.1000000015
5446  -36.496  -69.098  2.101 0.1000000015
5996  -36.147  -68.578  4.008 0.1000000015
5445  -35.465  -69.278  2.352 0.1000000015
5407  -34.680  -69.349  4.403 0.1000000015
5420  -34.121  -69.570  3.705 0.1000000015
5406  -33.817  -69.617  4.760 0.1000000015
114658  -33.339  -69.705  4.206 0.1000000015
5419  -33.206  -69.678  3.303 0.1000000015
5405  -32.966  -69.800  4.961 0.1000000015
5983  -31.003  -68.985  6.208 0.1000000015
104652  -32.568  -69.753  4.196 0.1000000015
5404  -32.164  -69.733  4.946 0.1000000015
7268  -37.605  -66.249  5.296 0.1000000015
99281  -37.480  -67.622  3.703 0.1000000015
6596  -37.351  -67.060  4.673 0.1000000015
6618  -36.924  -68.129  3.534 0.1000000015
6595  -36.512  -67.568  5.433 0.1000000015
6607  -36.737  -67.883  4.420 0.1000000015
98827  -35.991  -68.261  5.122 0.1000000015
115898  -35.422  -69.074  4.003 0.1000000015
5984  -35.421  -68.504  5.738 0.1000000015
5389  -34.359  -69.346  5.386 0.1000000015
110141  -33.397  -69.592  5.749 0.1000000015
7943  -32.231  -65.401  5.244 0.1000000015
118097  -31.608  -65.744  5.682 0.1000000015
7266  -31.052  -66.371  5.934 0.1000000015
7252  -30.794  -67.342  6.459 0.1000000015
5966  -30.846  -68.224  6.460 0.1000000015
5967  -31.549  -68.641  6.774 0.1000000015
5377  -31.851  -69.308  6.336 0.1000000015
5388  -31.384  -69.492  5.465 0.1000000015
110933  -32.412  -69.654  5.685 0.1000000015
8569  -39.068  -64.381  5.237 0.1000000015
7933  -37.417  -65.284  6.474 0.2000000030
113605  -37.813  -64.981  6.127 0.2000000030
7954  -38.222  -65.747  4.917 0.1000000015
7932  -36.820  -65.750  6.979 0.1000000015
7944  -37.842  -65.440  5.692 0.1000000015
7244  -36.122  -66.160  7.439 0.1000000015
7267  -36.918  -66.821  5.817 0.1000000015
12737  -33.113  -58.063  5.412 0.1000000015
12104  -33.277  -59.184  5.501 0.1000000015
7254  -35.822  -66.945  7.172 0.1000000015
6584  -36.228  -67.299  6.378 0.1000000015
6594  -35.823  -67.976  6.032 0.1000000015
11436  -33.810  -59.743  4.925 0.1000000015
11427  -33.378  -60.131  5.621 0.1000000015
101505  -33.278  -61.043  5.767 0.1000000015
9213  -32.752  -62.767  5.968 0.1000000015
118727  -32.042  -63.199  6.556 0.1000000015
9227  -32.453  -63.852  6.032 0.1000000015
6583  -35.511  -67.705  6.869 0.1000000015
6582  -34.730  -68.058  7.259 0.1000000015
5380  -34.033  -69.252  6.290 0.1000000015
108928  -33.345  -61.963  5.534 0.1000000015
114362  -33.108  -63.433  5.467 0.1000000015
8559  -31.924  -64.629  6.455 0.1000000015
101528  -31.794  -66.128  7.164 0.1000000015
7239  -31.876  -66.897  7.428 0.1000000015
5970  -34.405  -68.718  6.801 0.1000000015
5379  -33.349  -69.321  6.505 0.1000000015
8566  -32.451  -64.788  5.629 0.1000000015
7931  -31.845  -65.310  6.031 0.1000000015
6570  -32.292  -67.682  7.572 0.1000000015
5954  -32.055  -68.341  7.227 0.1000000015
7942  -31.558  -65.987  6.414 0.1000000015
7253  -31.373  -66.774  6.780 0.1000000015
6581  -31.501  -67.736  7.019 0.1000000015
5968  -32.296  -68.964  6.947 0.1000000015
5378  -32.710  -69.411  6.412 0.1000000015
7921  -37.088  -64.892  7.156 0.1000000015
8560  -37.820  -64.483  6.532 0.2000000030
8561  -38.649  -63.988  6.020 0.1000000015
9215  -39.106  -63.296  6.323 0.2000000030
115500  -39.861  -63.332  5.737 0.2000000030
8551  -36.642  -64.382  7.894 0.1000000015
7920  -36.382  -65.331  7.618 0.1000000015
14025  -33.601  -56.468  5.109 0.1000000015
13350  -33.116  -57.147  5.263 0.1000000015
6573  -35.030  -67.301  7.594 0.1000000015
11413  -32.977  -60.421  6.137 0.1000000015
9930  -32.674  -61.772  6.216 0.1000000015
9929  -32.003  -62.415  6.699 0.1000000015
8558  -31.770  -64.613  7.312 0.1000000015
7916  -32.024  -65.383  7.692 0.1000000015
7240  -32.569  -66.785  7.996 0.1000000015
6571  -33.159  -67.675  7.886 0.1000000015
5956  -33.827  -68.309  7.467 0.1000000015
5955  -32.853  -68.500  7.409 0.1000000015
5969  -32.954  -69.097  6.922 0.1000000015
9899  -36.828  -62.718  8.813 0.1000000015
9881  -37.250  -62.405  9.235 0.1000000015
9186  -36.473  -63.448  8.454 0.1000000015
9187  -37.310  -63.019  8.233 0.1000000015
9915  -38.120  -62.758  8.039 0.2000000030
9201  -38.545  -63.025  7.187 0.2000000030
8552  -37.450  -64.017  7.325 0.2000000030
9916  -38.993  -62.688  7.570 0.2000000030
9917  -39.925  -62.680  7.108 0.2000000030
8550  -35.966  -64.988  8.127 0.1000000015
8544  -35.811  -64.313  8.457 0.1000000015
8543  -35.267  -65.097  8.497 0.1000000015
14012  -33.054  -56.723  5.779 0.1000000015
12727  -32.314  -58.138  6.785 0.1000000015
12718  -32.049  -59.016  7.235 0.1000000015
12085  -31.808  -59.772  7.669 0.1000000015
7919  -35.651  -65.694  8.048 0.1000000015
7918  -34.679  -65.888  8.445 0.1000000015
14013  -34.265  -55.914  5.441 0.1000000015
14004  -34.402  -55.903  6.317 0.1000000015
12728  -32.775  -58.689  6.084 0.1000000015
104906  -32.462  -59.073  6.634 0.1000000015
10714  -32.016  -61.537  6.929 0.1000000015
9914  -31.600  -62.193  7.533 0.1000000015
9211  -31.727  -63.927  7.633 0.1000000015
9182  -32.402  -64.203  8.656 0.1000000015
7907  -32.835  -65.487  8.558 0.1000000015
7227  -33.076  -66.166  8.464 0.1000000015
7242  -34.439  -66.775  8.152 0.1000000015
14758  -34.857  -55.741  4.986 0.1000000015
9212  -31.783  -63.884  6.868 0.1000000015
110319  -31.988  -64.448  8.043 0.1000000015
101004  -32.444  -65.852  8.162 0.1000000015
7241  -33.516  -66.904  8.224 0.1000000015
14759  -35.658  -55.719  5.023 0.1000000015
14028  -36.719  -56.011  5.039 0.1000000015
14776  -36.144  -55.618  4.268 0.1000000015
14777  -37.138  -55.731  4.203 0.1000000015
104146  -35.180  -61.692  10.030 0.1000000015
99725  -36.447  -62.318  9.395 0.1000000015
9171  -35.043  -62.865  9.255 0.1000000015
10672  -36.892  -62.040  9.850 0.1000000015
106818  -37.517  -62.670  8.659 0.1000000015
9882  -38.144  -62.463  8.938 0.2000000030
103107  -34.496  -62.179  9.695 0.1000000015
9898  -35.996  -62.801  9.024 0.1000000015
9900  -38.774  -62.562  8.303 0.2000000030
10669  -33.468  -61.756  9.975 0.1000000015
13995  -37.966  -57.232  7.203 0.1000000015
14005  -35.447  -55.997  6.512 0.1000000015
13993  -34.758  -55.977  7.231 0.1000000015
14003  -33.049  -56.483  6.432 0.1000000015
13992  -32.708  -56.619  7.018 0.1000000015
13330  -32.327  -57.246  7.048 0.1000000015
9169  -33.089  -63.182  9.485 0.1000000015
9184  -34.508  -63.683  9.152 0.1000000015
105460  -34.908  -64.400  8.840 0.1000000015
106224  -33.626  -56.204  6.018 0.1000000015
11403  -31.558  -60.578  8.137 0.1000000015
113271  -31.482  -62.002  8.272 0.1000000015
9183  -32.992  -64.002  9.156 0.1000000015
109042  -33.843  -64.500  9.035 0.1000000015
98383  -37.695  -57.070  6.623 0.1000000015
109450  -32.057  -60.603  7.199 0.1000000015
10703  -31.600  -61.376  7.771 0.1000000015
109643  -31.642  -62.227  8.888 0.1000000015
9878  -31.851  -62.879  8.845 0.1000000015
8542  -32.954  -64.825  8.815 0.1000000015
7908  -33.643  -65.493  8.717 0.1000000015
14006  -36.615  -56.468  6.612 0.1000000015
14015  -36.144  -56.074  5.807 0.1000000015
14016  -37.502  -56.741  5.787 0.1000000015
14029  -37.898  -56.510  4.829 0.1000000015
14778  -38.232  -55.987  4.018 0.1000000015
14790  -37.612  -55.554  3.402 0.1000000015
10670  -34.383  -61.555  10.160 0.1000000015
10625  -34.764  -61.214  10.649 0.1000000015
10650  -35.657  -61.513  10.552 0.1000000015
10673  -37.756  -62.223  9.775 0.1000000015
11375  -33.318  -60.494  10.929 0.1000000015
10651  -36.525  -61.718  10.523 0.1000000015
10647  -31.976  -60.853  9.967 0.1000000015
10648  -32.839  -60.993  10.310 0.1000000015
10674  -38.673  -62.306  9.725 0.2000000030
112356  -35.882  -56.256  7.329 0.1000000015
103222  -33.561  -56.127  7.105 0.1000000015
114948  -32.855  -56.427  7.675 0.1000000015
104311  -32.808  -62.454  9.656 0.1000000015
10653  -38.297  -62.133  10.491 0.1000000015
10654  -39.197  -62.186  10.441 0.2000000030
118010  -31.895  -58.361  7.524 0.1000000015
12075  -31.516  -59.734  8.681 0.1000000015
10691  -31.500  -61.375  8.716 0.1000000015
10667  -31.814  -61.650  9.400 0.1000000015
9168  -32.355  -63.337  9.092 0.1000000015
14007  -38.442  -57.465  6.018 0.1000000015
14017  -38.976  -57.493  5.260 0.1000000015
13351  -40.196  -57.728  4.731 0.1000000015
14030  -39.165  -56.925  4.436 0.1000000015
14045  -39.412  -56.274  3.647 0.1000000015
11364  -32.898  -59.877  11.467 0.1000000015
11365  -33.724  -60.407  11.749 0.1000000015
11366  -34.640  -60.880  11.424 0.1000000015
12046  -32.619  -59.210  11.920 0.1000000015
11376  -34.100  -60.739  10.993 0.1000000015
11374  -32.466  -60.213  10.708 0.1000000015
10626  -35.320  -61.214  11.143 0.1000000015
10652  -37.403  -61.953  10.505 0.1000000015
105235  -31.592  -60.269  9.536 0.1000000015
10628  -37.048  -61.716  11.272 0.1000000015
106050  -37.007  -56.735  7.451 0.1000000015
13994  -36.180  -56.426  8.018 0.1000000015
99445  -35.265  -56.146  8.055 0.1000000015
13980  -33.295  -56.207  8.177 0.1000000015
12709  -31.687  -58.066  8.143 0.1000000015
12708  -31.532  -58.590  8.905 0.1000000015
12064  -31.547  -59.338  9.629 0.1000000015
11373  -31.846  -59.846  10.291 0.1000000015
13331  -38.817  -57.625  7.425 0.1000000015
13979  -32.327  -56.890  7.653 0.1000000015
12717  -31.671  -58.926  7.999 0.1000000015
11384  -31.656  -60.997  9.359 0.1000000015
10630  -38.859  -62.044  11.236 0.1000000015
13332  -39.905  -58.097  7.212 0.1000000015
103639  -40.866  -58.358  6.559 0.1000000015
13342  -39.447  -57.967  5.823 0.1000000015
104044  -40.151  -58.034  5.234 0.1000000015
14032  -41.259  -57.586  4.810 0.1000000015
13362  -40.916  -57.657  4.489 0.1000000015
108524  -41.478  -56.822  4.299 0.1000000015
12047  -33.138  -59.685  12.291 0.1000000015
11331  -33.701  -60.205  12.776 0.1000000015
12678  -32.379  -58.409  11.833 0.1000000015
11352  -34.467  -60.703  12.337 0.1000000015
106561  -32.200  -59.256  11.128 0.1000000015
13280  -32.565  -57.595  11.938 0.1000000015
11367  -35.346  -61.135  11.956 0.1000000015
10627  -36.098  -61.467  11.348 0.1000000015
12056  -31.727  -58.895  10.382 0.1000000015
12688  -31.954  -58.301  11.010 0.1000000015
10604  -35.707  -61.250  12.610 0.1000000015
13320  -39.535  -57.671  8.116 0.1000000015
101334  -34.197  -56.001  8.050 0.1000000015
13305  -31.958  -57.125  9.042 0.1000000015
13304  -31.665  -57.830  9.443 0.1000000015
13296  -32.119  -57.496  10.759 0.1000000015
10605  -36.307  -61.409  12.766 0.1000000015
10629  -37.937  -61.944  11.269 0.1000000015
101590  -40.716  -58.174  7.483 0.1000000015
13319  -38.541  -57.218  8.401 0.1000000015
13964  -37.685  -56.805  8.883 0.1000000015
13982  -35.867  -56.286  8.844 0.1000000015
13981  -34.749  -56.056  8.853 0.1000000015
13959  -32.520  -56.614  8.445 0.1000000015
104919  -37.554  -61.762  12.054 0.1000000015
13334  -42.174  -58.006  6.687 0.1000000015
13333  -41.790  -58.269  6.912 0.1000000015
13996  -42.114  -57.729  6.453 0.1000000015
13344  -41.727  -58.215  6.046 0.1000000015
14018  -41.597  -57.809  5.620 0.1000000015
14761  -41.533  -57.089  5.007 0.1000000015
14750  -41.743  -57.105  5.903 0.1000000015
13927  -33.422  -56.662  11.344 0.1000000015
13289  -32.952  -57.055  11.873 0.1000000015
12672  -32.677  -57.983  12.484 0.1000000015
116088  -33.284  -59.493  13.050 0.1000000015
99643  -34.277  -56.370  11.065 0.1000000015
12029  -33.753  -59.816  13.724 0.1000000015
13962  -35.194  -56.142  9.630 0.1000000015
13961  -34.236  -56.134  9.639 0.1000000015
13943  -33.761  -56.366  10.423 0.1000000015
13926  -32.606  -57.179  11.325 0.1000000015
11332  -34.360  -60.535  13.262 0.1000000015
110039  -40.456  -57.781  8.319 0.1000000015
117044  -39.029  -57.269  8.745 0.1000000015
118637  -33.047  -56.290  8.910 0.1000000015
111593  -32.558  -56.658  9.398 0.1000000015
10585  -35.723  -61.166  13.291 0.1000000015
13321  -41.552  -58.028  7.881 0.1000000015
109884  -36.701  -61.576  12.064 0.1000000015
104432  -38.453  -61.886  12.049 0.1000000015
13322  -42.481  -57.846  7.473 0.1000000015
13997  -42.475  -57.658  7.059 0.1000000015
14742  -42.757  -56.976  7.301 0.1000000015
14741  -41.837  -56.681  6.851 0.1000000015
14728  -40.594  -55.601  7.587 0.1000000015
14749  -41.106  -56.133  5.656 0.1000000015
12039  -32.833  -58.791  12.681 0.1000000015
114925  -33.319  -58.854  13.569 0.1000000015
13306  -39.639  -57.245  9.160 0.1000000015
13963  -36.763  -56.486  9.328 0.1000000015
113038  -35.992  -56.291  9.680 0.1000000015
13944  -34.693  -56.217  10.380 0.1000000015
13309  -43.218  -57.424  8.259 0.1000000015
13308  -42.200  -57.634  8.526 0.1000000015
13307  -40.963  -57.523  8.924 0.1000000015
111582  -38.579  -56.921  9.283 0.1000000015
11333  -35.044  -60.754  13.672 0.1000000015
13984  -43.088  -57.264  7.737 0.1000000015
14730  -43.758  -56.458  7.842 0.1000000015
15488  -43.049  -55.708  7.711 0.1000000015
14729  -41.760  -55.826  7.739 0.1000000015
106480  -41.755  -54.821  8.279 0.1000000015
15487  -40.578  -54.993  8.390 0.1000000015
13928  -34.443  -56.508  12.020 0.1000000015
13282  -33.726  -56.946  12.822 0.1000000015
12673  -33.149  -57.860  13.204 0.1000000015
13275  -33.954  -57.290  13.671 0.1000000015
99447  -35.124  -56.281  11.131 0.1000000015
13945  -35.605  -56.247  10.360 0.1000000015
13985  -43.981  -56.921  8.184 0.1000000015
13969  -43.857  -57.098  8.928 0.1000000015
15489  -44.229  -55.356  7.599 0.1000000015
16275  -40.708  -54.283  8.672 0.1000000015
98761  -34.752  -56.702  13.184 0.1000000015
99446  -36.128  -56.318  11.077 0.1000000015
13968  -42.811  -57.222  9.268 0.1000000015
13967  -41.604  -57.153  9.636 0.1000000015
117206  -39.058  -56.856  9.684 0.1000000015
13965  -38.652  -56.673  10.179 0.1000000015
99392  -37.163  -56.417  10.999 0.1000000015
14731  -44.531  -56.093  8.042 0.1000000015
16276  -43.104  -54.315  7.572 0.1000000015
104159  -41.495  -53.800  8.410 0.1000000015
16262  -40.331  -53.577  8.915 0.1000000015
98811  -35.658  -56.387  11.873 0.1000000015
13948  -38.171  -56.526  10.960 0.1000000015
100112  -36.731  -56.459  11.885 0.1000000015
14715  -44.195  -56.450  9.511 0.1000000015
13952  -43.247  -56.678  9.941 0.1000000015
13950  -41.063  -56.665  10.667 0.1000000015
13949  -40.040  -56.608  10.914 0.1000000015
102450  -39.094  -56.609  11.008 0.1000000015
13970  -44.441  -56.589  8.620 0.1000000015
106147  -42.319  -52.902  7.623 0.1000000015
17966  -41.203  -51.923  8.112 0.1000000015
17097  -40.903  -52.841  8.574 0.1000000015
13931  -39.532  -56.393  11.920 0.1000000015
14702  -42.521  -56.151  10.844 0.1000000015
13933  -41.524  -56.220  11.231 0.1000000015
13932  -40.559  -56.297  11.565 0.1000000015
15475  -45.093  -54.763  8.517 0.1000000015
16277  -44.529  -54.199  7.348 0.1000000015
17098  -43.846  -53.144  7.039 0.1000000015
17967  -42.281  -51.976  7.348 0.1000000015
17981  -41.817  -51.295  7.337 0.1000000015
15464  -44.619  -54.908  9.551 0.1000000015
15490  -44.957  -55.074  7.871 0.1000000015
17099  -44.550  -53.167  7.493 0.1000000015
17109  -43.197  -52.198  7.033 0.1000000015
17982  -42.688  -51.556  7.021 0.1000000015
18880  -42.496  -50.851  6.859 0.1000000015
17983  -43.236  -51.505  7.022 0.1000000015
16263  -45.041  -54.039  7.913 0.1000000015
17110  -43.911  -52.173  7.271 0.1000000015
103596  -43.623  -51.373  7.249 0.1000000015
6024  -37.215  -68.736  2.414 0.1000000015
6007  -35.904  -68.992  3.095 0.1000000015
5421  -35.051  -69.293  3.417 0.1000000015
117217  -34.670  -69.423  2.835 0.1000000015
5390  -35.278  -68.918  4.976 0.1000000015
5971  -35.157  -68.362  6.486 0.1000000015
98453  -34.805  -68.905  5.974 0.1000000015
7265  -30.264  -66.911  5.826 0.1000000015
8568  -38.277  -64.712  5.771 0.1000000015
7256  -37.197  -66.042  6.199 0.1000000015
9214  -38.211  -63.615  6.825 0.2000000030
7255  -36.540  -66.533  6.699 0.1000000015
12736  -32.696  -57.878  6.052 0.1000000015
7930  -31.724  -65.349  6.899 0.1000000015
111539  -32.116  -66.212  7.700 0.1000000015
100419  -33.594  -68.960  6.987 0.1000000015
9199  -37.164  -63.603  7.924 0.1000000015
7243  -35.320  -66.497  7.864 0.1000000015
6572  -34.130  -67.551  7.854 0.1000000015
10715  -32.609  -60.941  6.455 0.1000000015
9198  -31.633  -63.132  7.410 0.1000000015
7917  -32.405  -65.041  8.354 0.1000000015
9185  -35.476  -63.559  8.851 0.1000000015
12086  -32.329  -59.746  6.922 0.1000000015
7228  -33.856  -66.275  8.472 0.1000000015
14014  -35.082  -55.794  5.678 0.1000000015
9913  -31.585  -62.692  8.271 0.1000000015
9181  -31.831  -63.548  8.351 0.1000000015
14027  -35.148  -55.711  4.169 0.1000000015
10671  -36.052  -61.826  9.905 0.1000000015
9880  -35.565  -62.220  9.531 0.1000000015
9170  -34.063  -63.029  9.453 0.1000000015
9883  -39.135  -62.424  8.954 0.2000000030
10668  -32.406  -61.720  9.805 0.1000000015
110610  -33.663  -63.708  9.292 0.1000000015
111769  -34.466  -65.107  8.760 0.1000000015
11394  -31.504  -60.615  8.916 0.1000000015
9879  -32.117  -62.480  9.338 0.1000000015
13353  -41.306  -58.096  5.378 0.1000000015
14031  -40.383  -57.158  4.030 0.1000000015
13343  -40.722  -58.280  5.648 0.1000000015
108378  -32.034  -57.235  9.906 0.1000000015
13942  -32.749  -56.748  10.425 0.1000000015
13947  -37.641  -56.553  9.975 0.1000000015
11957  -44.763  -59.766  24.365 0.5000000000
113172  -45.241  -62.267  16.775 0.5000000000
9824  -45.137  -62.117  17.348 0.5000000000
11956  -43.799  -59.674  24.527 0.5000000000
11958  -45.624  -59.962  24.148 0.5000000000
10557  -46.156  -61.683  16.774 0.5000000000
11943  -42.019  -59.804  24.996 0.5000000000
11955  -42.723  -59.619  24.698 0.5000000000
10545  -46.623  -61.002  18.039 0.5000000000
12609  -43.301  -59.013  24.210 0.5000000000
12597  -41.826  -59.350  24.743 0.5000000000
12608  -42.363  -58.911  24.315 0.4000000060
12613  -43.793  -58.533  23.792 0.4000000060
11307  -47.176  -59.917  15.144 0.5000000000
11324  -46.817  -60.155  13.839 0.5000000000
12016  -46.843  -59.637  15.492 0.5000000000
12015  -46.070  -59.336  15.408 0.5000000000
100284  -44.759  -59.445  16.661 0.5000000000
12005  -45.741  -59.310  16.235 0.5000000000
109958  -43.858  -59.559  17.290 0.4000000060
12635  -43.036  -58.424  18.586 0.4000000060
9113  -42.995  -63.413  18.019 0.1000000015
9823  -44.474  -62.664  17.133 0.5000000000
11944  -43.406  -60.368  24.933 0.5000000000
11945  -44.377  -60.417  24.741 0.5000000000
11244  -46.285  -60.227  23.782 0.4000000060
10550  -45.922  -61.570  17.645 0.5000000000
109305  -42.503  -60.305  25.132 0.5000000000
11942  -41.349  -59.717  25.075 0.5000000000
11931  -39.948  -60.238  25.852 0.5000000000
11941  -40.468  -59.626  25.226 0.5000000000
11940  -39.472  -59.543  25.530 0.4000000060
12607  -41.480  -58.849  24.417 0.4000000060
13211  -42.947  -58.289  23.734 0.4000000060
12596  -40.992  -59.209  24.788 0.3000000119
13220  -45.258  -57.796  22.952 0.6999999881
12618  -46.154  -58.071  22.813 0.5000000000
12595  -40.012  -59.001  24.886 0.3000000119
12606  -40.712  -58.804  24.497 0.3000000119
13210  -41.907  -58.376  23.908 0.4000000060
13218  -43.840  -57.947  23.338 0.5000000000
12621  -47.189  -58.278  21.675 0.6000000238
11974  -47.623  -59.206  20.112 0.6000000238
10551  -46.894  -61.032  17.184 0.5000000000
10568  -47.151  -60.615  15.468 0.3000000119
13209  -40.986  -58.435  24.043 0.3000000119
13217  -42.273  -57.713  23.353 0.4000000060
13224  -44.747  -57.191  22.464 0.5000000000
13231  -46.192  -57.230  21.563 0.6000000238
13243  -46.829  -57.753  19.833 0.6000000238
11994  -47.246  -59.349  17.110 0.5000000000
12007  -47.018  -59.597  16.287 0.5000000000
13215  -40.408  -57.911  23.673 0.4000000060
13216  -41.338  -57.840  23.520 0.4000000060
13223  -43.958  -57.313  22.738 0.5000000000
13856  -44.802  -56.720  21.694 0.5000000000
13255  -46.550  -58.062  19.147 0.5000000000
11993  -46.493  -59.179  16.812 0.5000000000
13844  -40.729  -57.268  23.109 0.4000000060
13846  -42.549  -57.067  22.713 0.5000000000
13862  -44.664  -56.529  20.975 0.5000000000
13877  -45.216  -57.013  20.328 0.4000000060
12638  -46.237  -58.447  18.456 0.5000000000
12647  -45.914  -58.832  17.758 0.5000000000
13853  -41.099  -56.583  22.472 0.4000000060
13855  -42.761  -56.559  22.121 0.5000000000
13869  -44.426  -56.623  20.492 0.5000000000
13876  -44.183  -56.727  20.101 0.4000000060
12637  -45.168  -58.400  18.642 0.4000000060
11992  -45.435  -59.193  17.155 0.5000000000
116865  -42.468  -55.636  20.735 0.5000000000
13868  -43.573  -56.377  20.189 0.4000000060
12636  -44.124  -58.340  18.731 0.4000000060
12645  -43.905  -59.052  18.159 0.4000000060
14648  -42.969  -56.034  20.035 0.3000000119
13875  -42.898  -56.162  19.758 0.4000000060
13885  -43.121  -56.587  19.531 0.3000000119
110884  -42.781  -56.786  19.160 0.3000000119
12634  -42.067  -58.190  18.529 0.3000000119
9112  -42.351  -63.839  18.175 0.1000000015
9118  -42.664  -64.052  17.727 0.1000000015
9815  -42.565  -63.004  18.496 0.1000000015
9816  -43.409  -62.553  18.470 0.4000000060
9817  -44.228  -62.307  18.186 0.4000000060
104023  -44.319  -62.548  17.650 0.5000000000
9818  -45.011  -61.934  17.956 0.5000000000
10544  -45.743  -61.346  18.418 0.5000000000
11234  -44.084  -61.162  25.159 0.5000000000
11235  -44.902  -61.172  24.873 0.5000000000
11242  -45.213  -60.530  24.524 0.5000000000
10539  -45.580  -61.042  19.306 0.5000000000
11232  -41.738  -60.269  25.305 0.5000000000
11222  -40.519  -60.917  26.137 0.5000000000
11231  -40.914  -60.263  25.496 0.5000000000
103233  -47.070  -60.092  21.532 0.6000000238
11930  -39.031  -60.013  26.379 0.4000000060
11939  -38.521  -59.339  26.039 0.2000000030
11929  -38.444  -59.516  26.877 0.2000000030
104796  -39.325  -58.587  24.697 0.3000000119
13208  -38.985  -58.080  24.265 0.4000000060
13202  -38.521  -58.389  24.961 0.3000000119
12593  -37.544  -58.304  26.066 0.3000000119
13207  -38.079  -57.824  24.677 0.4000000060
109612  -37.635  -57.294  24.501 0.3000000119
13835  -39.031  -57.505  23.695 0.4000000060
13852  -40.116  -56.628  22.660 0.4000000060
13834  -38.305  -57.431  24.053 0.3000000119
14604  -38.126  -56.357  23.078 0.3000000119
14617  -40.545  -55.967  22.005 0.3000000119
14619  -42.465  -56.045  21.479 0.4000000060
14628  -40.042  -55.329  21.556 0.3000000119
109276  -41.830  -55.477  21.039 0.3000000119
14638  -42.630  -55.738  20.228 0.4000000060
115650  -42.487  -55.946  19.529 0.3000000119
15382  -39.609  -54.652  21.115 0.2000000030
15383  -40.506  -54.801  20.858 0.2000000030
15389  -41.926  -55.237  19.856 0.3000000119
13884  -42.519  -56.236  19.282 0.3000000119
16146  -39.146  -53.998  20.709 0.1000000015
16153  -40.754  -54.239  19.795 0.2000000030
14655  -42.120  -55.751  19.300 0.4000000060
17819  -37.215  -51.894  19.979 0.1000000015
9802  -42.722  -62.123  19.098 0.1000000015
109909  -43.418  -61.820  19.163 0.2000000030
9803  -44.099  -61.778  18.877 0.5000000000
10543  -44.900  -61.603  18.657 0.4000000060
10467  -44.691  -61.914  25.211 0.5000000000
11236  -45.460  -61.191  24.576 0.4000000060
10481  -46.039  -61.713  23.913 0.4000000060
10495  -46.266  -61.479  22.783 0.4000000060
10508  -45.986  -60.966  21.465 0.5000000000
10523  -45.487  -60.859  20.489 0.5000000000
11224  -42.190  -60.830  25.511 0.5000000000
11233  -43.062  -61.154  25.489 0.5000000000
11262  -46.511  -60.447  20.860 0.4000000060
10457  -40.390  -61.398  26.932 0.4000000060
10458  -41.202  -61.564  26.445 0.4000000060
11223  -41.443  -60.919  25.747 0.5000000000
10456  -39.965  -61.128  27.475 0.4000000060
11221  -39.653  -60.718  26.816 0.4000000060
11214  -39.501  -60.656  27.752 0.3000000119
11220  -38.962  -60.126  27.278 0.3000000119
11920  -38.167  -59.031  27.286 0.2000000030
12585  -37.897  -58.793  26.583 0.2000000030
12578  -38.366  -58.741  28.002 0.1000000015
13193  -37.374  -57.926  26.635 0.3000000119
13190  -37.602  -57.695  27.325 0.1000000015
13199  -36.733  -57.079  25.569 0.3000000119
13820  -37.214  -57.128  26.987 0.2000000030
13192  -36.848  -57.187  26.258 0.2000000030
13832  -36.316  -56.426  25.153 0.2000000030
13841  -37.651  -56.758  23.920 0.2000000030
14614  -37.739  -55.611  22.669 0.2000000030
14595  -35.912  -55.770  24.675 0.2000000030
15357  -36.839  -55.320  22.935 0.2000000030
14615  -38.645  -55.823  22.448 0.2000000030
14601  -35.570  -55.082  24.126 0.2000000030
15356  -35.972  -54.926  23.228 0.1000000015
15381  -38.678  -54.577  21.379 0.2000000030
15369  -35.209  -53.838  22.854 0.1000000015
113752  -36.253  -54.079  22.135 0.1000000015
16145  -38.114  -53.861  21.019 0.1000000015
16151  -38.814  -53.323  20.341 0.1000000015
16143  -35.571  -53.046  21.737 0.1000000015
16969  -36.238  -52.953  21.167 0.1000000015
16150  -38.066  -53.137  20.509 0.1000000015
17810  -35.598  -52.268  21.143 0.1000000015
16973  -36.668  -52.454  20.622 0.1000000015
18709  -35.793  -50.782  20.134 0.1000000015
19595  -35.010  -49.291  20.321 0.1000000015
10536  -42.964  -61.403  19.775 0.3000000119
10537  -43.821  -61.299  19.754 0.3000000119
10492  -43.362  -61.933  22.219 0.3000000119
10522  -44.386  -61.034  20.618 0.3000000119
10538  -44.715  -61.212  19.590 0.4000000060
103800  -44.800  -63.310  23.679 0.3000000119
10493  -44.512  -61.980  22.371 0.3000000119
10507  -45.131  -61.314  21.626 0.5000000000
9054  -44.694  -63.318  25.151 0.4000000060
9740  -45.087  -63.022  24.592 0.5000000000
9755  -45.829  -62.121  23.489 0.4000000060
106759  -46.000  -61.350  22.140 0.5000000000
9710  -41.055  -61.989  27.248 0.4000000060
9717  -41.875  -62.278  26.836 0.4000000060
10460  -43.149  -62.026  25.953 0.5000000000
10466  -43.902  -61.981  25.587 0.5000000000
10444  -40.558  -61.765  28.478 0.4000000060
10451  -40.455  -61.634  27.710 0.4000000060
10450  -40.028  -61.165  28.164 0.4000000060
10438  -40.172  -61.244  28.953 0.4000000060
11209  -39.648  -60.603  28.565 0.3000000119
11913  -39.355  -59.946  28.915 0.3000000119
11208  -39.096  -60.062  28.108 0.3000000119
113366  -38.887  -59.369  28.445 0.2000000030
12566  -38.641  -58.050  28.593 0.1000000015
13191  -38.063  -57.867  27.939 0.1000000015
13180  -37.903  -56.900  27.748 0.1000000015
13816  -37.372  -56.244  27.268 0.1000000015
13828  -36.355  -56.488  25.904 0.2000000030
14573  -36.911  -55.741  26.899 0.1000000015
111409  -36.276  -55.640  26.252 0.2000000030
14582  -35.723  -55.056  25.659 0.2000000030
15348  -35.137  -54.451  24.459 0.1000000015
16121  -34.991  -53.603  24.757 0.1000000015
16128  -34.831  -53.544  23.366 0.1000000015
16120  -34.683  -53.156  23.980 0.1000000015
16138  -34.968  -53.161  22.530 0.1000000015
17794  -34.519  -51.136  22.854 0.1000000015
17808  -34.556  -51.071  21.926 0.1000000015
18707  -34.787  -49.506  21.136 0.1000000015
20369  -34.819  -48.991  21.689 0.1000000015
20386  -35.165  -47.977  20.744 0.1000000015
101728  -35.233  -47.541  20.091 0.1000000015
21196  -35.342  -47.061  19.466 0.1000000015
22806  -36.125  -45.710  19.271 0.1000000015
10491  -42.285  -61.858  22.164 0.3000000119
10504  -41.841  -61.285  21.413 0.2000000030
9085  -43.276  -63.613  23.199 0.3000000119
9078  -44.484  -63.742  24.154 0.4000000060
8431  -43.672  -64.531  24.341 0.3000000119
9711  -41.691  -62.634  27.635 0.3000000119
9718  -42.788  -62.557  26.474 0.4000000060
9719  -43.689  -62.874  26.025 0.4000000060
8404  -44.186  -64.087  25.179 0.3000000119
107231  -41.062  -62.329  28.694 0.3000000119
9039  -43.651  -63.823  26.165 0.4000000060
106407  -43.860  -64.168  25.687 0.4000000060
8403  -43.595  -64.701  25.402 0.3000000119
109466  -40.736  -61.937  30.056 0.3000000119
9696  -40.791  -62.013  29.323 0.3000000119
10439  -40.307  -61.355  29.740 0.3000000119
11202  -40.143  -60.842  30.194 0.3000000119
11201  -39.841  -60.580  29.469 0.3000000119
11908  -39.595  -59.815  29.626 0.3000000119
11907  -39.248  -59.141  29.290 0.2000000030
117137  -39.147  -58.270  29.200 0.1000000015
101697  -39.594  -57.764  29.555 0.1000000015
99335  -39.930  -56.993  29.538 0.1000000015
13181  -38.589  -57.170  28.459 0.1000000015
13808  -39.317  -56.532  28.898 0.1000000015
13807  -38.607  -56.264  28.318 0.1000000015
14560  -38.708  -55.381  28.177 0.1000000015
14574  -37.580  -55.298  27.406 0.1000000015
15330  -36.212  -54.662  26.241 0.2000000030
15331  -36.809  -54.081  26.672 0.2000000030
16083  -36.188  -53.803  26.115 0.2000000030
100497  -35.347  -52.817  25.255 0.1000000015
16106  -36.104  -52.849  25.896 0.1000000015
16937  -35.219  -52.025  24.966 0.1000000015
16948  -34.622  -52.304  23.855 0.1000000015
17763  -35.157  -51.255  24.569 0.1000000015
17772  -34.663  -51.341  23.772 0.1000000015
112642  -34.805  -49.953  23.371 0.1000000015
18653  -35.048  -50.391  24.039 0.1000000015
19566  -34.901  -49.334  22.996 0.1000000015
20348  -35.201  -48.634  22.423 0.1000000015
20385  -34.920  -48.732  20.894 0.1000000015
21186  -35.538  -47.386  20.678 0.1000000015
21187  -36.036  -47.027  21.050 0.1000000015
22010  -35.782  -46.765  20.230 0.1000000015
22011  -36.696  -46.401  20.789 0.1000000015
22023  -36.368  -46.028  19.934 0.1000000015
22798  -37.208  -45.804  20.230 0.1000000015
22818  -37.475  -44.944  19.077 0.1000000015
22807  -36.828  -45.444  19.535 0.1000000015
23581  -37.826  -44.373  18.401 0.1000000015
10503  -40.884  -61.236  21.337 0.2000000030
10519  -41.455  -61.140  20.444 0.2000000030
9780  -40.357  -61.735  22.083 0.2000000030
9768  -41.739  -62.622  22.659 0.3000000119
9082  -40.259  -63.246  23.199 0.2000000030
9084  -42.214  -63.573  23.095 0.3000000119
9712  -42.517  -63.186  27.202 0.3000000119
107232  -43.181  -63.335  26.566 0.3000000119
8416  -43.080  -65.096  24.558 0.3000000119
9012  -41.848  -63.793  28.801 0.3000000119
9704  -41.571  -62.866  28.418 0.3000000119
9023  -42.083  -63.523  27.981 0.3000000119
9038  -43.001  -64.194  26.780 0.3000000119
8392  -43.420  -64.594  26.035 0.3000000119
9697  -41.237  -62.878  30.148 0.3000000119
9005  -41.697  -63.964  29.754 0.3000000119
8391  -42.781  -65.078  26.397 0.3000000119
8402  -43.026  -65.222  25.666 0.3000000119
7758  -42.575  -65.408  24.802 0.2000000030
9688  -41.358  -63.123  31.076 0.2000000030
9687  -40.961  -62.165  30.714 0.3000000119
10433  -40.533  -61.403  30.472 0.3000000119
11196  -39.974  -60.088  30.322 0.3000000119
11895  -39.781  -59.225  30.108 0.2000000030
12555  -39.662  -58.428  29.824 0.1000000015
11896  -40.309  -59.401  30.797 0.2000000030
12541  -40.377  -58.430  30.560 0.1000000015
13148  -40.171  -57.704  30.016 0.1000000015
13793  -40.692  -56.371  29.578 0.1000000015
13795  -42.377  -56.054  29.564 0.1000000015
13809  -43.232  -55.682  29.192 0.1000000015
14553  -40.573  -55.789  29.162 0.1000000015
14563  -41.232  -55.263  28.953 0.1000000015
15313  -42.845  -54.968  28.677 0.1000000015
110231  -43.497  -54.584  28.187 0.1000000015
15324  -45.104  -54.471  27.738 0.1000000015
14561  -39.528  -55.236  28.528 0.1000000015
15310  -40.040  -54.589  28.427 0.1000000015
15320  -40.617  -53.996  28.125 0.1000000015
15322  -42.525  -54.298  28.108 0.1000000015
16077  -43.219  -53.843  27.471 0.1000000015
15332  -44.001  -53.746  27.119 0.1000000015
14575  -38.354  -54.654  27.749 0.1000000015
103875  -38.992  -54.065  27.830 0.1000000015
15318  -37.542  -54.344  27.223 0.1000000015
16084  -37.485  -53.510  26.924 0.2000000030
104736  -36.803  -53.257  26.458 0.1000000015
16898  -36.952  -52.481  26.287 0.1000000015
17746  -35.783  -51.465  25.168 0.1000000015
18654  -35.849  -50.543  24.738 0.1000000015
19526  -35.672  -49.875  24.249 0.1000000015
19541  -35.308  -49.574  23.688 0.1000000015
21152  -35.714  -47.891  22.082 0.1000000015
21153  -36.456  -47.615  22.452 0.1000000015
21169  -36.218  -47.342  21.737 0.1000000015
21992  -36.637  -46.870  21.437 0.1000000015
22012  -37.715  -46.167  20.854 0.1000000015
8413  -39.621  -64.925  24.493 0.2000000030
9074  -40.710  -64.079  23.616 0.2000000030
9076  -42.641  -64.339  23.590 0.3000000119
8430  -42.930  -64.836  24.093 0.3000000119
8401  -39.362  -65.478  25.178 0.2000000030
8426  -39.387  -64.208  24.030 0.2000000030
8428  -41.174  -64.788  23.985 0.2000000030
8429  -42.073  -64.924  23.967 0.3000000119
8357  -41.992  -64.602  28.109 0.3000000119
8372  -41.719  -65.368  27.618 0.3000000119
7722  -42.043  -65.459  26.731 0.3000000119
8343  -41.702  -64.770  29.186 0.3000000119
7721  -41.313  -65.773  27.128 0.3000000119
7732  -42.289  -65.560  25.941 0.3000000119
8327  -41.380  -64.891  31.523 0.2000000030
8997  -41.576  -64.087  30.734 0.3000000119
7744  -42.446  -65.545  25.264 0.2000000030
7757  -41.833  -65.597  24.907 0.2000000030
8989  -41.648  -64.013  31.559 0.2000000030
9676  -41.301  -62.286  31.358 0.2000000030
9677  -41.845  -63.122  31.930 0.2000000030
10425  -40.938  -61.474  31.197 0.3000000119
11197  -40.469  -60.636  30.911 0.3000000119
117427  -40.335  -59.985  30.894 0.2000000030
11180  -41.192  -60.771  31.510 0.3000000119
11881  -40.876  -59.872  31.296 0.2000000030
11897  -41.081  -58.882  31.158 0.2000000030
13163  -41.832  -57.167  30.399 0.1000000015
16074  -40.255  -53.442  27.639 0.1000000015
16075  -41.177  -53.510  27.584 0.1000000015
16088  -41.693  -53.030  26.954 0.1000000015
16089  -42.650  -53.201  26.856 0.1000000015
16073  -39.354  -53.462  27.596 0.1000000015
16086  -39.871  -52.906  27.185 0.1000000015
16902  -41.174  -52.385  26.342 0.1000000015
16085  -38.077  -52.901  26.963 0.1000000015
16895  -38.965  -52.881  27.174 0.1000000015
17736  -39.199  -51.748  26.243 0.1000000015
17737  -40.213  -51.879  26.129 0.1000000015
114039  -40.426  -51.321  25.528 0.1000000015
17735  -38.274  -51.725  26.229 0.1000000015
17749  -38.781  -51.168  25.793 0.1000000015
18635  -38.341  -50.560  25.378 0.1000000015
17734  -37.392  -51.791  26.085 0.1000000015
108426  -37.122  -51.273  25.698 0.1000000015
18634  -37.408  -50.643  25.382 0.1000000015
18656  -37.830  -49.875  24.902 0.1000000015
18655  -36.792  -50.174  24.959 0.1000000015
19527  -36.270  -49.826  24.525 0.1000000015
19542  -36.148  -49.195  24.030 0.1000000015
20349  -35.945  -48.141  22.860 0.1000000015
21170  -36.977  -47.115  22.040 0.1000000015
9052  -37.102  -64.238  25.445 0.3000000119
7740  -39.078  -65.782  25.969 0.3000000119
7755  -40.313  -65.583  24.945 0.2000000030
7756  -41.119  -65.548  24.805 0.2000000030
8414  -41.574  -65.276  24.408 0.2000000030
110412  -39.708  -66.196  26.571 0.3000000119
7730  -40.415  -66.056  26.100 0.3000000119
7742  -40.927  -65.825  25.411 0.3000000119
8415  -42.356  -65.259  24.441 0.2000000030
117080  -41.262  -65.418  29.490 0.3000000119
7707  -40.817  -65.904  29.135 0.3000000119
7027  -40.661  -66.061  27.494 0.3000000119
7046  -40.974  -65.968  26.116 0.3000000119
7664  -41.063  -65.489  31.878 0.2000000030
7692  -40.872  -65.739  30.159 0.3000000119
7001  -40.309  -66.145  29.936 0.3000000119
103598  -41.339  -65.072  32.431 0.2000000030
8980  -41.820  -64.371  32.452 0.2000000030
10426  -41.692  -61.777  31.802 0.2000000030
11181  -41.966  -60.850  31.992 0.2000000030
105948  -41.571  -60.151  31.692 0.2000000030
18657  -38.851  -50.003  24.924 0.1000000015
110911  -37.878  -49.108  24.328 0.1000000015
19543  -37.110  -48.767  23.973 0.1000000015
20328  -36.429  -48.458  23.477 0.1000000015
9051  -36.660  -63.589  25.020 0.1000000015
9036  -36.198  -63.830  26.018 0.2000000030
105324  -37.608  -64.866  25.869 0.3000000119
8389  -37.286  -65.116  26.749 0.3000000119
7718  -37.885  -65.712  27.223 0.3000000119
7017  -39.878  -66.367  28.735 0.3000000119
7025  -39.413  -66.413  28.107 0.3000000119
115313  -40.094  -66.339  31.176 0.3000000119
7000  -39.933  -66.402  30.471 0.3000000119
7011  -39.836  -66.403  29.616 0.3000000119
7010  -39.294  -66.525  29.151 0.3000000119
7653  -40.437  -65.844  32.333 0.2000000030
109177  -41.715  -64.782  33.039 0.1000000015
10406  -42.385  -62.618  32.432 0.2000000030
8310  -41.847  -64.642  33.630 0.1000000015
9665  -42.420  -63.604  32.818 0.2000000030
104018  -42.901  -63.106  33.008 0.2000000030
10427  -42.488  -61.676  32.358 0.3000000119
8371  -37.067  -65.278  27.677 0.3000000119
7705  -37.736  -65.859  28.175 0.3000000119
7706  -38.529  -66.335  28.661 0.3000000119
7662  -38.933  -66.166  31.272 0.3000000119
6999  -39.348  -66.529  30.063 0.3000000119
7691  -38.531  -66.393  29.619 0.3000000119
115031  -39.757  -66.180  31.792 0.2000000030
8318  -39.722  -65.506  32.740 0.2000000030
8308  -40.295  -65.001  33.500 0.1000000015
8300  -41.511  -64.637  34.070 0.1000000015
8951  -42.023  -64.252  34.349 0.1000000015
8973  -42.638  -64.018  34.048 0.1000000015
9667  -43.351  -62.834  33.545 0.1000000015
8370  -36.361  -64.745  28.123 0.3000000119
113269  -35.881  -64.232  28.445 0.2000000030
8356  -36.965  -65.331  28.649 0.3000000119
7690  -37.680  -65.969  29.154 0.3000000119
8342  -37.061  -65.292  29.598 0.3000000119
8326  -38.659  -65.508  31.950 0.2000000030
8333  -38.119  -65.734  30.981 0.3000000119
7675  -37.787  -65.948  30.094 0.3000000119
8317  -38.782  -64.788  32.673 0.2000000030
8988  -38.039  -64.385  32.184 0.2000000030
9648  -38.654  -62.916  33.533 0.1000000015
8970  -39.097  -63.706  33.550 0.1000000015
10381  -38.222  -61.886  33.512 0.1000000015
9649  -39.398  -63.243  34.100 0.1000000015
8949  -40.296  -63.692  34.489 0.1000000015
8950  -41.258  -64.106  34.575 0.1000000015
113154  -41.784  -63.735  34.910 0.1000000015
8952  -42.490  -63.630  34.719 0.1000000015
8355  -36.316  -64.582  29.097 0.2000000030
9004  -36.666  -64.523  30.029 0.2000000030
8987  -37.363  -63.866  31.597 0.2000000030
8332  -37.331  -65.134  30.496 0.2000000030
8977  -37.691  -63.383  32.280 0.1000000015
9664  -37.931  -62.725  32.906 0.1000000015
10382  -38.997  -62.296  34.203 0.1000000015
9625  -39.835  -62.702  34.733 0.1000000015
10359  -41.124  -62.303  35.553 0.1000000015
9627  -41.984  -62.981  35.403 0.1000000015
10356  -38.759  -61.321  34.263 0.1000000015
10357  -39.491  -61.706  34.824 0.1000000015
11140  -39.960  -61.235  35.298 0.1000000015
10358  -40.299  -62.065  35.280 0.1000000015
11148  -38.555  -60.399  34.226 0.1000000015
11139  -39.335  -60.647  34.928 0.1000000015
12616  -46.354  -58.830  23.191 0.4000000060
12611  -45.180  -59.164  23.904 0.5000000000
12610  -44.250  -59.054  24.092 0.5000000000
11964  -46.025  -59.380  23.659 0.4000000060
12614  -44.654  -58.362  23.536 0.5000000000
12615  -45.640  -58.555  23.391 0.6000000238
11971  -47.194  -59.694  21.954 0.5000000000
11253  -46.700  -60.463  23.206 0.4000000060
11259  -46.961  -60.320  22.413 0.4000000060
12619  -46.893  -58.740  22.546 0.5000000000
10540  -46.505  -60.761  18.979 0.5000000000
11968  -47.297  -59.067  21.876 0.6000000238
11271  -47.593  -59.533  18.590 0.5000000000
10558  -47.091  -60.826  16.302 0.3000000119
10578  -46.796  -61.164  14.306 0.5000000000
11260  -47.224  -59.823  20.532 0.5000000000
9831  -44.757  -62.686  16.414 0.5000000000
11266  -47.433  -59.697  19.555 0.5000000000
11277  -47.395  -60.066  16.771 0.4000000060
11991  -44.571  -59.274  17.504 0.4000000060
106403  -43.891  -59.815  16.171 0.4000000060
13251  -42.597  -57.456  18.841 0.3000000119
13252  -43.403  -57.417  19.187 0.4000000060
11243  -45.847  -60.771  24.238 0.5000000000
11965  -46.691  -59.579  23.223 0.4000000060
13219  -44.510  -57.704  23.020 0.4000000060
13226  -46.610  -57.748  22.089 0.6000000238
104876  -38.963  -58.961  25.225 0.3000000119
12605  -40.021  -58.448  24.268 0.4000000060
100506  -43.159  -57.532  23.074 0.5000000000
13225  -45.654  -57.271  22.178 0.6000000238
12627  -47.399  -58.141  20.118 0.6000000238
12625  -47.598  -58.648  20.529 0.6000000238
12622  -47.467  -58.652  21.235 0.6000000238
11972  -47.444  -59.302  21.131 0.6000000238
11976  -47.704  -59.157  19.305 0.5000000000
11982  -47.526  -59.731  17.632 0.5000000000
13845  -41.678  -57.179  22.929 0.4000000060
104924  -44.072  -56.700  22.055 0.5000000000
13237  -46.054  -57.076  20.856 0.6000000238
13863  -45.445  -56.844  21.332 0.5000000000
12639  -47.137  -58.596  18.484 0.5000000000
12648  -46.888  -58.870  17.661 0.5000000000
12640  -47.615  -58.838  18.811 0.5000000000
13214  -39.629  -57.902  23.822 0.4000000060
13847  -43.330  -56.886  22.421 0.5000000000
116389  -45.146  -56.760  20.783 0.5000000000
13242  -45.890  -57.539  19.786 0.4000000060
105033  -46.208  -57.363  20.283 0.5000000000
13843  -39.720  -57.313  23.309 0.4000000060
117853  -39.079  -57.128  23.331 0.3000000119
13854  -42.012  -56.551  22.255 0.5000000000
14620  -43.324  -56.370  21.673 0.5000000000
112424  -43.968  -56.312  21.163 0.5000000000
13241  -44.826  -57.279  19.802 0.4000000060
14640  -44.008  -56.402  20.610 0.4000000060
13253  -44.449  -57.737  19.310 0.4000000060
13240  -43.876  -56.963  19.675 0.4000000060
14639  -43.372  -56.158  20.468 0.4000000060
10468  -45.280  -61.809  24.818 0.5000000000
11252  -46.251  -61.031  23.887 0.4000000060
106623  -46.846  -60.261  19.803 0.5000000000
12594  -38.075  -58.725  25.702 0.3000000119
13201  -37.711  -58.113  25.402 0.3000000119
13200  -37.146  -57.739  25.876 0.3000000119
13833  -37.003  -56.919  24.765 0.3000000119
13842  -38.536  -56.990  23.473 0.3000000119
14605  -39.099  -56.623  22.896 0.3000000119
14618  -41.493  -56.005  21.744 0.3000000119
14603  -37.225  -56.010  23.418 0.2000000030
14616  -39.585  -55.929  22.240 0.3000000119
14629  -40.960  -55.408  21.300 0.3000000119
15373  -39.115  -55.264  21.773 0.2000000030
15384  -41.305  -55.004  20.585 0.3000000119
14637  -41.991  -55.278  20.331 0.4000000060
14647  -42.419  -55.748  19.712 0.4000000060
105848  -40.135  -54.084  20.359 0.2000000030
15387  -40.870  -54.520  20.280 0.3000000119
15394  -41.233  -54.715  19.565 0.2000000030
17818  -36.174  -51.656  20.383 0.1000000015
9727  -45.052  -62.546  25.060 0.4000000060
9726  -44.458  -62.726  25.472 0.4000000060
9741  -45.644  -62.325  24.188 0.5000000000
10509  -46.609  -60.865  22.050 0.5000000000
10459  -42.221  -61.620  26.045 0.5000000000
11921  -38.595  -59.503  27.671 0.3000000119
12577  -37.832  -58.394  27.288 0.2000000030
12554  -38.832  -58.727  28.710 0.1000000015
13819  -36.755  -56.448  26.599 0.2000000030
13827  -35.933  -55.785  25.447 0.2000000030
14602  -36.320  -55.588  23.780 0.2000000030
14596  -36.694  -56.267  24.296 0.2000000030
14594  -35.468  -55.174  24.952 0.2000000030
15372  -38.238  -55.130  22.017 0.2000000030
15355  -35.221  -54.332  23.530 0.1000000015
15370  -35.760  -54.282  22.721 0.1000000015
15371  -37.393  -54.896  22.246 0.2000000030
15380  -37.893  -54.534  21.657 0.2000000030
16139  -35.646  -53.684  22.246 0.1000000015
113176  -34.615  -52.784  23.243 0.1000000015
16144  -36.311  -53.558  21.618 0.1000000015
16140  -37.081  -54.145  21.693 0.1000000015
16970  -37.151  -53.272  20.942 0.1000000015
16965  -34.953  -52.469  21.940 0.1000000015
16974  -37.661  -52.573  20.283 0.1000000015
17817  -35.147  -51.194  20.960 0.1000000015
18708  -35.082  -50.177  20.616 0.1000000015
10521  -43.365  -61.092  20.622 0.3000000119
9769  -42.798  -62.714  22.657 0.3000000119
10505  -42.835  -61.346  21.477 0.3000000119
9770  -43.921  -62.766  22.819 0.3000000119
10506  -43.908  -61.337  21.543 0.3000000119
9771  -45.008  -62.766  23.212 0.3000000119
9754  -45.210  -62.948  23.901 0.3000000119
9086  -44.260  -63.487  23.479 0.3000000119
10494  -45.563  -61.885  22.646 0.3000000119
9053  -44.182  -63.537  25.637 0.4000000060
9066  -44.572  -63.699  24.775 0.4000000060
9703  -41.040  -62.197  28.028 0.4000000060
13161  -39.173  -57.451  29.073 0.1000000015
13817  -38.056  -55.886  27.802 0.1000000015
116727  -38.176  -55.294  27.793 0.1000000015
15317  -36.832  -54.965  26.836 0.2000000030
15329  -35.760  -54.336  25.769 0.1000000015
15343  -35.332  -54.427  25.217 0.1000000015
15347  -34.811  -53.857  24.032 0.1000000015
16936  -34.880  -52.634  24.568 0.1000000015
17762  -34.841  -51.899  24.388 0.1000000015
16964  -34.513  -51.976  23.114 0.1000000015
18668  -34.663  -50.560  23.346 0.1000000015
18688  -34.540  -50.114  22.549 0.1000000015
18701  -34.651  -50.278  21.469 0.1000000015
19584  -34.647  -49.625  21.835 0.1000000015
20370  -35.183  -48.288  21.530 0.1000000015
21168  -35.601  -47.632  21.311 0.1000000015
9781  -41.293  -61.780  22.143 0.2000000030
9077  -43.593  -64.194  23.799 0.3000000119
9024  -42.469  -64.121  27.492 0.3000000119
106003  -41.406  -62.946  29.221 0.3000000119
13792  -40.029  -56.283  29.248 0.1000000015
102770  -39.173  -55.831  28.590 0.1000000015
14552  -39.803  -55.805  28.896 0.1000000015
16082  -35.556  -53.642  25.552 0.1000000015
16916  -35.746  -52.192  25.444 0.1000000015
17747  -36.480  -51.847  25.748 0.1000000015
9766  -39.885  -62.416  22.665 0.2000000030
9767  -40.774  -62.518  22.689 0.2000000030
9083  -41.206  -63.442  23.153 0.2000000030
8373  -42.390  -64.861  27.186 0.3000000119
13149  -40.859  -57.618  30.465 0.1000000015
13162  -40.789  -56.996  30.070 0.1000000015
13794  -41.592  -56.467  29.870 0.1000000015
14554  -41.440  -55.865  29.391 0.1000000015
14564  -42.172  -55.422  29.070 0.1000000015
14562  -40.340  -55.214  28.774 0.1000000015
15311  -40.948  -54.633  28.528 0.1000000015
15312  -41.887  -54.778  28.580 0.1000000015
15323  -44.183  -54.268  27.676 0.1000000015
112445  -44.487  -54.989  28.373 0.1000000015
15333  -44.760  -53.891  27.165 0.1000000015
15309  -39.207  -54.632  28.175 0.1000000015
15319  -39.738  -53.985  28.043 0.1000000015
15321  -41.557  -54.108  28.112 0.1000000015
16076  -42.142  -53.638  27.533 0.1000000015
16091  -44.362  -53.402  26.630 0.1000000015
16072  -38.376  -53.664  27.407 0.1000000015
18633  -36.538  -50.972  25.328 0.1000000015
20327  -35.581  -48.825  23.298 0.1000000015
115425  -38.776  -64.945  24.851 0.2000000030
8427  -40.240  -64.527  24.035 0.2000000030
113245  -38.480  -65.220  25.490 0.3000000119
102367  -40.703  -65.163  24.428 0.2000000030
107828  -41.450  -65.394  28.591 0.3000000119
7731  -41.536  -65.775  26.310 0.3000000119
8334  -41.447  -65.030  30.288 0.3000000119
7019  -41.040  -65.804  28.061 0.3000000119
7037  -40.953  -65.996  26.749 0.3000000119
7743  -41.669  -65.754  25.585 0.3000000119
7678  -40.952  -65.582  31.101 0.3000000119
109136  -41.455  -57.997  30.866 0.1000000015
12536  -42.185  -58.504  31.216 0.2000000030
16087  -40.761  -52.949  27.073 0.1000000015
16904  -43.117  -52.759  26.207 0.1000000015
16901  -39.538  -52.360  26.697 0.1000000015
110409  -40.322  -52.492  26.689 0.1000000015
16900  -38.631  -52.309  26.674 0.1000000015
17748  -37.884  -51.171  25.793 0.1000000015
19528  -36.994  -49.447  24.504 0.1000000015
8400  -37.976  -64.622  25.033 0.3000000119
8390  -38.160  -65.472  26.330 0.3000000119
7729  -38.784  -66.013  26.832 0.3000000119
7036  -40.365  -66.187  26.868 0.3000000119
7035  -39.793  -66.346  27.339 0.3000000119
7018  -40.411  -66.130  28.411 0.3000000119
104100  -40.216  -66.210  29.182 0.3000000119
7026  -40.078  -66.313  27.817 0.3000000119
7663  -40.568  -65.970  31.695 0.3000000119
7654  -40.964  -65.575  32.405 0.2000000030
7677  -40.408  -66.062  30.819 0.3000000119
102530  -42.425  -59.974  31.894 0.2000000030
9739  -36.291  -62.905  24.586 0.1000000015
110832  -36.111  -64.212  26.808 0.2000000030
9037  -36.777  -64.498  26.334 0.3000000119
7720  -39.316  -66.317  27.312 0.3000000119
7719  -38.608  -66.177  27.711 0.3000000119
7676  -39.532  -66.423  30.899 0.3000000119
8320  -41.355  -65.138  33.002 0.2000000030
8981  -42.216  -64.273  33.354 0.1000000015
9666  -42.833  -63.619  33.543 0.2000000030
110907  -38.691  -66.315  30.504 0.3000000119
8319  -40.745  -65.427  32.930 0.2000000030
8309  -41.184  -65.005  33.558 0.1000000015
8972  -40.764  -64.564  34.105 0.1000000015
8971  -39.822  -64.168  33.902 0.1000000015
8979  -39.324  -64.522  33.261 0.1000000015
8325  -37.699  -64.841  31.372 0.2000000030
8978  -38.440  -63.777  32.949 0.1000000015
9626  -40.902  -63.157  35.126 0.1000000015
8995  -36.540  -63.809  30.380 0.2000000030
8996  -37.007  -64.253  30.841 0.2000000030
9663  -37.366  -62.533  32.227 0.1000000015
111315  -46.317  -61.919  14.139 0.3000000119
102330  -44.931  -63.233  12.976 0.3000000119
9848  -45.640  -62.658  13.105 0.3000000119
7209  -41.407  -66.850  10.385 0.2000000030
5926  -39.744  -68.761  10.506 0.2000000030
117805  -43.980  -63.907  12.285 0.4000000060
7889  -42.832  -64.725  11.708 0.3000000119
9849  -46.210  -61.782  12.748 0.4000000060
102862  -43.456  -64.246  12.011 0.3000000119
7206  -42.281  -65.385  11.123 0.3000000119
10593  -46.598  -61.119  13.371 0.4000000060
9150  -44.806  -63.394  12.104 0.4000000060
9856  -45.733  -62.478  12.219 0.4000000060
8528  -43.905  -64.487  10.329 0.4000000060
11306  -46.589  -59.652  14.657 0.4000000060
8529  -44.467  -63.905  10.720 0.4000000060
7893  -42.611  -65.635  10.382 0.3000000119
98482  -41.894  -66.851  9.986 0.3000000119
11357  -46.376  -60.774  12.391 0.4000000060
9153  -44.997  -63.264  11.106 0.4000000060
113954  -42.299  -66.212  10.007 0.4000000060
11323  -45.783  -59.584  13.794 0.4000000060
9872  -45.506  -62.327  10.676 0.4000000060
7901  -42.797  -65.760  9.553 0.3000000119
10610  -45.990  -60.723  11.534 0.4000000060
9862  -45.893  -61.715  11.259 0.4000000060
9161  -45.097  -62.989  10.029 0.4000000060
11305  -45.414  -59.372  14.773 0.4000000060
113500  -45.620  -61.583  10.544 0.4000000060
8536  -44.104  -64.190  9.214 0.3000000119
12014  -45.013  -59.403  15.686 0.4000000060
11370  -45.337  -60.194  11.688 0.4000000060
10636  -45.696  -61.099  10.872 0.4000000060
9173  -44.708  -63.198  9.142 0.4000000060
11338  -45.372  -59.723  12.937 0.4000000060
11355  -44.863  -59.860  12.282 0.4000000060
10635  -45.258  -60.636  11.056 0.4000000060
109641  -45.421  -61.934  9.894 0.4000000060
9172  -44.374  -63.403  8.472 0.3000000119
109077  -44.630  -59.525  14.266 0.4000000060
10634  -44.363  -60.682  10.649 0.4000000060
10680  -44.952  -61.602  9.375 0.4000000060
9189  -44.534  -62.671  8.482 0.3000000119
7923  -43.464  -64.513  7.630 0.2000000030
11304  -44.325  -59.639  15.152 0.3000000119
11337  -44.325  -59.713  13.051 0.4000000060
11322  -43.913  -59.778  13.855 0.4000000060
101736  -43.759  -60.017  12.512 0.4000000060
10658  -44.355  -61.154  9.784 0.4000000060
9188  -44.054  -63.122  7.783 0.2000000030
9905  -44.040  -62.430  8.090 0.2000000030
115364  -42.753  -64.410  6.465 0.3000000119
103703  -43.646  -59.904  14.691 0.3000000119
11336  -43.290  -60.105  13.389 0.3000000119
10678  -43.313  -61.434  9.451 0.3000000119
9920  -43.606  -62.794  7.523 0.2000000030
10692  -43.784  -61.868  8.562 0.2000000030
8563  -42.988  -63.621  6.732 0.2000000030
7934  -42.020  -65.303  5.796 0.2000000030
11990  -43.007  -59.354  17.883 0.3000000119
115526  -43.477  -60.017  15.450 0.3000000119
11354  -43.230  -60.418  12.069 0.4000000060
12004  -42.962  -60.052  17.002 0.3000000119
11303  -42.800  -60.288  15.169 0.3000000119
10592  -42.715  -60.479  12.844 0.2000000030
10633  -42.335  -61.146  11.113 0.2000000030
9219  -42.640  -63.403  6.556 0.1000000015
7946  -41.597  -64.952  5.097 0.2000000030
10577  -41.322  -60.986  14.095 0.2000000030
10591  -41.712  -60.950  13.154 0.2000000030
112174  -41.641  -61.525  10.886 0.1000000015
9886  -42.607  -61.854  8.749 0.1000000015
9933  -42.356  -62.979  6.570 0.1000000015
9232  -42.118  -63.806  5.938 0.1000000015
11981  -42.178  -59.057  18.224 0.2000000030
104243  -42.128  -60.506  15.699 0.3000000119
11320  -41.927  -60.628  14.820 0.3000000119
101510  -42.241  -56.745  18.858 0.2000000030
11276  -42.100  -59.815  17.548 0.3000000119
11302  -41.285  -60.685  15.750 0.2000000030
10632  -41.419  -61.439  11.626 0.1000000015
116436  -41.847  -62.033  8.731 0.1000000015
9932  -41.640  -62.860  6.411 0.1000000015
9231  -41.537  -63.787  5.526 0.1000000015
11275  -41.165  -60.071  17.345 0.2000000030
10676  -40.595  -62.137  9.697 0.1000000015
104325  -41.379  -62.349  7.857 0.1000000015
9218  -41.282  -63.253  5.760 0.1000000015
8584  -40.692  -64.715  4.482 0.1000000015
11319  -40.857  -60.943  14.959 0.2000000030
10576  -40.403  -61.228  14.282 0.1000000015
104673  -40.434  -61.700  11.886 0.1000000015
10655  -40.518  -61.985  10.502 0.1000000015
9902  -40.555  -62.392  8.076 0.1000000015
8571  -40.582  -64.214  4.751 0.1000000015
7956  -39.779  -65.389  3.997 0.1000000015
100297  -39.983  -61.626  12.888 0.1000000015
105761  -39.943  -62.128  10.308 0.1000000015
9884  -40.093  -62.341  8.900 0.1000000015
9228  -39.490  -63.744  5.503 0.1000000015
8582  -39.470  -64.865  4.536 0.1000000015
9901  -39.641  -62.491  8.078 0.1000000015
11159  -43.264  -61.631  32.684 0.2000000030
13883  -41.767  -56.115  18.811 0.2000000030
13250  -41.483  -56.975  18.560 0.1000000015
11980  -41.375  -58.854  18.315 0.1000000015
11988  -40.772  -59.496  17.910 0.1000000015
10566  -39.944  -61.089  15.010 0.1000000015
11274  -40.095  -60.028  17.283 0.1000000015
102764  -39.993  -61.449  13.730 0.1000000015
9229  -40.262  -63.690  5.189 0.1000000015
9217  -40.524  -63.248  5.659 0.1000000015
112790  -40.245  -62.510  7.620 0.1000000015
10631  -39.881  -61.972  11.082 0.1000000015
7210  -41.958  -66.136  10.466 0.3000000119
7894  -43.108  -65.026  10.839 0.3000000119
8523  -44.232  -63.932  11.619 0.3000000119
10611  -46.184  -61.452  11.980 0.4000000060
7902  -43.346  -65.086  9.886 0.3000000119
11339  -46.298  -60.074  13.000 0.4000000060
8537  -44.537  -63.799  9.876 0.4000000060
11369  -44.317  -60.205  11.591 0.4000000060
9887  -44.557  -62.000  8.709 0.2000000030
8553  -43.246  -63.991  6.858 0.2000000030
110002  -43.328  -61.033  10.410 0.2000000030
8562  -42.677  -63.883  6.383 0.2000000030
11287  -42.835  -60.263  16.041 0.3000000119
11321  -42.953  -60.237  14.289 0.3000000119
9904  -43.148  -62.336  7.822 0.1000000015
11368  -43.278  -60.668  11.304 0.4000000060
11335  -42.295  -60.574  13.777 0.2000000030
109589  -42.234  -60.945  12.113 0.2000000030
10677  -42.223  -61.645  9.603 0.1000000015
8572  -41.146  -64.359  4.933 0.1000000015
10656  -41.377  -61.801  10.223 0.1000000015
107760  -42.157  -62.561  7.211 0.1000000015
11286  -41.889  -60.380  16.609 0.3000000119
10609  -41.078  -61.355  12.540 0.1000000015
9885  -41.138  -62.188  8.697 0.1000000015
9918  -40.951  -62.540  7.186 0.1000000015
12633  -41.159  -57.948  18.485 0.1000000015
11285  -40.729  -60.503  16.564 0.1000000015
10590  -40.743  -61.299  13.462 0.1000000015
99950  -40.867  -61.772  11.062 0.1000000015
8583  -40.214  -64.737  4.361 0.1000000015
11284  -39.763  -60.492  16.435 0.1000000015
8500  -42.575  -64.630  15.613 0.3000000119
8507  -43.016  -64.221  14.633 0.2000000030
8506  -42.364  -64.677  14.788 0.3000000119
9120  -43.762  -63.071  17.417 0.4000000060
9125  -43.454  -63.730  16.571 0.2000000030
9126  -43.958  -63.160  16.853 0.4000000060
114901  -43.458  -63.864  15.518 0.3000000119
109359  -42.569  -64.451  13.955 0.2000000030
7874  -41.509  -64.895  13.500 0.1000000015
7875  -42.148  -64.634  13.291 0.2000000030
108938  -41.164  -65.115  12.646 0.1000000015
9139  -44.508  -63.251  14.979 0.3000000119
8511  -42.784  -64.343  13.058 0.2000000030
7198  -40.736  -65.541  11.905 0.1000000015
7884  -41.839  -64.931  12.408 0.1000000015
7888  -41.420  -65.422  11.731 0.1000000015
7203  -39.514  -66.472  11.355 0.1000000015
100072  -40.334  -66.094  11.401 0.1000000015
6540  -38.913  -67.267  11.102 0.1000000015
9839  -45.119  -62.688  15.498 0.3000000119
8512  -43.388  -64.005  13.587 0.2000000030
7885  -42.435  -64.627  12.437 0.2000000030
100420  -41.882  -65.300  11.582 0.2000000030
6541  -39.698  -67.392  10.933 0.1000000015
5912  -38.315  -68.106  11.019 0.1000000015
9843  -45.516  -62.624  14.529 0.2000000030
102035  -43.399  -64.090  12.711 0.2000000030
6542  -40.404  -66.917  10.877 0.1000000015
103155  -37.318  -68.399  11.079 0.1000000015
9143  -44.971  -63.117  13.887 0.3000000119
113175  -42.935  -64.377  12.389 0.3000000119
108501  -46.701  -61.375  15.942 0.2000000030
7205  -41.572  -65.943  10.958 0.2000000030
7208  -41.063  -66.716  10.696 0.1000000015
5924  -38.026  -69.136  10.843 0.1000000015
5913  -39.341  -68.151  10.861 0.1000000015
6545  -40.829  -67.609  10.423 0.1000000015
5346  -37.693  -69.927  10.598 0.1000000015
5927  -40.377  -68.445  10.301 0.1000000015
5928  -40.850  -68.185  10.102 0.1000000015
5347  -38.565  -69.749  10.458 0.1000000015
5348  -39.347  -69.462  10.283 0.1000000015
10567  -46.773  -61.341  15.192 0.2000000030
6546  -41.371  -67.621  9.957 0.1000000015
5934  -40.558  -68.726  9.920 0.1000000015
5935  -41.037  -68.309  9.575 0.1000000015
4818  -36.942  -71.104  10.148 0.1000000015
5354  -38.902  -70.126  9.975 0.1000000015
5355  -39.585  -69.703  9.777 0.1000000015
5944  -40.648  -68.801  9.346 0.1000000015
7219  -42.293  -66.496  9.284 0.3000000119
4826  -39.111  -70.279  9.285 0.1000000015
9832  -45.860  -62.075  15.963 0.3000000119
9134  -44.159  -63.229  16.002 0.3000000119
112282  -44.228  -63.580  13.547 0.3000000119
6544  -40.129  -67.975  10.669 0.1000000015
5925  -38.958  -68.989  10.728 0.1000000015
104946  -42.232  -64.970  11.834 0.2000000030
9138  -43.894  -63.678  14.357 0.2000000030
7204  -40.971  -66.076  11.181 0.1000000015
4803  -37.323  -70.614  10.363 0.1000000015
4804  -38.125  -70.441  10.191 0.1000000015
5356  -40.175  -69.247  9.565 0.1000000015
4802  -36.511  -70.726  10.456 0.1000000015
7218  -41.829  -67.213  9.463 0.2000000030
5957  -40.388  -68.766  7.799 0.1000000015
4841  -39.228  -69.868  7.196 0.1000000015
5973  -40.359  -68.389  6.860 0.2000000030
118194  -39.029  -69.857  6.460 0.1000000015
6564  -41.456  -67.529  8.107 0.2000000030
6574  -40.915  -68.009  7.486 0.2000000030
99502  -39.446  -69.343  6.226 0.2000000030
4840  -38.924  -69.834  5.841 0.1000000015
102953  -39.969  -68.730  6.295 0.2000000030
6585  -40.859  -67.681  6.494 0.1000000015
7229  -41.948  -67.037  8.675 0.2000000030
107137  -41.945  -66.679  7.669 0.1000000015
5986  -40.368  -68.135  5.939 0.1000000015
103712  -42.782  -65.829  8.790 0.2000000030
7230  -42.404  -66.236  8.296 0.2000000030
106186  -41.404  -67.173  7.054 0.1000000015
6597  -40.803  -67.408  5.549 0.1000000015
7257  -41.918  -66.148  6.514 0.1000000015
7910  -43.402  -65.029  8.739 0.2000000030
7909  -42.932  -65.403  7.967 0.2000000030
7245  -42.458  -65.774  7.313 0.2000000030
7269  -41.617  -65.953  5.429 0.1000000015
8545  -44.009  -64.016  8.112 0.2000000030
7258  -42.470  -65.159  6.428 0.1000000015
6598  -41.136  -66.648  5.042 0.1000000015
6554  -41.512  -67.759  9.097 0.1000000015
6563  -40.950  -68.377  8.608 0.1000000015
110892  -43.429  -63.541  17.192 0.2000000030
10520  -42.406  -61.118  20.543 0.2000000030
9801  -41.769  -62.343  19.022 0.1000000015
8412  -38.550  -64.251  24.326 0.1000000015
10517  -39.572  -61.221  20.396 0.1000000015
9073  -39.770  -63.789  23.652 0.1000000015
10502  -39.941  -61.239  21.288 0.1000000015
9071  -37.857  -63.498  23.945 0.2000000030
9072  -38.746  -63.490  23.657 0.1000000015
10516  -38.171  -61.335  20.798 0.1000000015
116047  -39.138  -62.314  22.649 0.1000000015
9779  -39.478  -61.746  22.049 0.1000000015
10501  -38.972  -61.364  21.246 0.1000000015
102525  -37.522  -63.938  24.601 0.2000000030
10535  -42.069  -61.525  19.705 0.1000000015
115567  -38.802  -61.313  20.356 0.1000000015
9081  -39.351  -62.981  23.192 0.1000000015
9765  -38.441  -62.571  22.943 0.1000000015
8483  -42.940  -64.141  17.161 0.1000000015
8491  -42.890  -64.349  16.363 0.1000000015
101703  -35.723  -63.807  28.975 0.1000000015
106154  -35.492  -63.767  28.331 0.1000000015
9021  -35.184  -63.431  27.796 0.1000000015
9035  -35.561  -63.680  26.919 0.1000000015
9738  -35.531  -62.429  25.037 0.1000000015
9022  -35.807  -64.147  27.658 0.1000000015
9709  -34.615  -62.699  28.043 0.1000000015
9708  -34.162  -62.221  27.469 0.1000000015
10455  -34.444  -62.180  26.532 0.1000000015
10464  -34.518  -61.059  25.151 0.1000000015
9702  -35.204  -63.085  28.686 0.1000000015
9715  -34.882  -62.931  27.009 0.1000000015
10465  -34.818  -61.896  25.576 0.1000000015
10473  -35.151  -61.647  24.628 0.1000000015
9695  -35.730  -63.116  29.496 0.1000000015
11218  -33.416  -60.629  26.483 0.1000000015
10442  -34.133  -61.949  28.288 0.1000000015
10454  -33.849  -61.772  26.978 0.1000000015
11219  -34.063  -61.335  26.186 0.1000000015
101067  -34.740  -62.240  28.726 0.1000000015
11241  -34.046  -60.384  24.628 0.1000000015
9685  -36.233  -63.142  30.254 0.1000000015
11213  -33.166  -60.718  27.336 0.1000000015
10449  -33.586  -61.464  27.725 0.1000000015
10448  -33.505  -61.270  26.958 0.1000000015
117313  -34.446  -61.600  28.793 0.1000000015
10437  -35.915  -62.376  30.048 0.1000000015
9686  -36.779  -63.280  31.040 0.1000000015
11182  -43.156  -60.784  32.278 0.1000000015
11898  -43.951  -58.956  31.295 0.1000000015
10436  -35.612  -61.618  29.862 0.1000000015
10407  -43.017  -62.383  32.827 0.1000000015
11882  -41.772  -59.370  31.550 0.1000000015
11160  -44.052  -61.200  32.716 0.1000000015
13152  -44.549  -57.653  30.382 0.1000000015
12542  -43.309  -58.333  31.034 0.1000000015
13151  -43.644  -57.692  30.551 0.1000000015
13150  -42.595  -57.763  30.752 0.1000000015
9725  -35.880  -63.139  25.467 0.1000000015
9003  -36.134  -63.858  29.724 0.1000000015
11883  -42.883  -59.091  31.524 0.1000000015
9716  -35.504  -63.281  26.265 0.1000000015
9694  -35.335  -62.362  29.340 0.1000000015
10443  -35.000  -61.627  29.245 0.1000000015
110246  -43.588  -59.759  31.814 0.1000000015
14646  -41.730  -55.274  19.422 0.1000000015
14654  -41.481  -55.378  18.967 0.1000000015
7137  -41.156  -66.365  16.329 0.1000000015
7155  -41.467  -65.912  15.854 0.1000000015
7136  -40.715  -66.825  16.477 0.1000000015
7154  -40.742  -66.647  15.881 0.1000000015
7171  -40.301  -66.458  15.231 0.1000000015
6508  -40.241  -67.280  16.222 0.1000000015
7839  -41.580  -65.863  16.582 0.1000000015
6507  -39.644  -67.725  16.046 0.1000000015
6491  -39.812  -67.727  16.596 0.1000000015
5864  -39.290  -68.125  16.391 0.1000000015
6492  -40.319  -67.246  16.638 0.1000000015
4655  -35.203  -70.812  23.662 0.1000000015
4656  -35.742  -70.505  23.559 0.1000000015
4691  -35.388  -70.875  20.107 0.1000000015
103522  -34.385  -70.648  19.815 0.1000000015
4703  -35.147  -70.953  19.102 0.1000000015
106105  -35.421  -70.970  17.583 0.1000000015
7840  -42.097  -65.274  16.240 0.1000000015
103817  -34.612  -70.922  17.103 0.1000000015
4738  -36.069  -70.869  17.619 0.1000000015
5880  -38.930  -68.091  15.988 0.1000000015
5863  -38.724  -68.686  16.502 0.1000000015
7863  -41.864  -64.902  14.388 0.1000000015
4749  -34.815  -70.725  16.387 0.1000000015
109823  -35.487  -70.536  16.418 0.1000000015
5290  -36.786  -69.570  16.291 0.1000000015
107781  -38.174  -68.517  15.998 0.1000000015
5862  -37.999  -69.165  16.451 0.1000000015
4748  -33.949  -70.665  16.305 0.1000000015
98536  -35.347  -69.440  15.786 0.1000000015
114595  -37.398  -69.532  16.489 0.1000000015
5283  -38.359  -69.264  16.872 0.1000000015
4669  -35.422  -70.975  22.911 0.1000000015
4681  -35.066  -70.994  21.898 0.1000000015
109163  -35.679  -70.842  21.124 0.1000000015
7832  -41.487  -65.685  17.142 0.1000000015
7833  -42.042  -65.301  16.985 0.1000000015
8490  -42.481  -64.794  16.786 0.1000000015
4725  -35.820  -70.978  18.474 0.1000000015
4704  -35.847  -70.912  19.440 0.1000000015
7848  -41.960  -65.183  15.354 0.1000000015
4750  -36.293  -70.551  16.933 0.1000000015
104735  -36.940  -70.018  16.671 0.1000000015
5857  -39.272  -68.323  16.895 0.1000000015
4751  -37.172  -70.219  17.229 0.1000000015
5282  -37.764  -69.747  16.909 0.1000000015
5856  -38.773  -68.924  17.251 0.1000000015
4670  -36.179  -70.533  22.824 0.1000000015
5806  -35.841  -69.297  23.642 0.1000000015
5792  -35.381  -69.422  24.229 0.1000000015
8481  -41.786  -65.018  17.492 0.1000000015
4682  -35.934  -70.805  22.068 0.1000000015
4671  -36.481  -70.391  22.118 0.1000000015
7129  -41.117  -66.318  16.815 0.1000000015
4683  -36.405  -70.475  21.365 0.1000000015
7128  -40.545  -66.840  17.035 0.1000000015
4692  -36.270  -70.625  20.295 0.1000000015
4705  -36.450  -70.647  19.260 0.1000000015
4726  -36.595  -70.666  18.390 0.1000000015
4739  -36.799  -70.531  17.694 0.1000000015
4727  -37.208  -70.281  18.336 0.1000000015
5275  -38.277  -69.481  17.485 0.1000000015
114557  -37.351  -70.212  17.818 0.1000000015
5274  -37.765  -69.912  17.627 0.1000000015
5805  -34.989  -68.689  23.734 0.1000000015
5220  -36.208  -69.947  23.366 0.1000000015
5221  -36.339  -69.267  22.909 0.1000000015
6438  -34.542  -68.068  22.798 0.1000000015
6430  -34.012  -68.133  23.473 0.1000000015
7825  -40.460  -65.623  17.716 0.1000000015
7826  -41.165  -65.343  17.599 0.1000000015
8476  -42.081  -64.437  17.856 0.1000000015
5229  -36.637  -69.932  22.593 0.1000000015
6485  -40.117  -67.410  16.951 0.1000000015
118253  -42.503  -64.800  16.286 0.1000000015
5240  -36.915  -70.107  20.789 0.1000000015
5234  -36.961  -69.840  21.665 0.1000000015
6483  -39.027  -68.283  17.610 0.1000000015
6484  -39.614  -67.785  17.196 0.1000000015
5268  -38.084  -69.619  18.124 0.1000000015
4706  -37.096  -70.272  19.045 0.1000000015
103033  -37.525  -69.928  18.837 0.1000000015
5815  -35.567  -68.599  22.921 0.1000000015
7123  -40.169  -66.372  17.559 0.1000000015
9119  -43.197  -63.547  17.586 0.1000000015
5851  -38.512  -68.997  18.296 0.1000000015
6479  -39.238  -67.502  17.784 0.1000000015
5253  -37.549  -69.786  19.495 0.1000000015
4693  -37.014  -70.217  19.911 0.1000000015
7824  -39.591  -65.834  17.997 0.1000000015
106135  -40.719  -64.962  17.954 0.1000000015
106130  -38.939  -66.342  18.241 0.1000000015
100098  -36.771  -69.314  22.286 0.1000000015
6472  -38.340  -68.423  19.121 0.1000000015
6478  -38.705  -67.975  18.367 0.1000000015
7121  -38.821  -67.077  18.352 0.1000000015
5254  -37.937  -69.500  18.901 0.1000000015
5843  -38.199  -69.050  19.252 0.1000000015
5241  -37.444  -69.648  20.361 0.1000000015
5842  -37.920  -69.314  19.759 0.1000000015
113775  -40.053  -65.193  18.008 0.1000000015
109731  -40.099  -64.523  18.238 0.1000000015
7818  -38.303  -66.419  18.768 0.1000000015
5816  -36.248  -68.543  22.154 0.1000000015
6460  -38.051  -67.943  19.666 0.1000000015
7115  -38.360  -67.480  18.983 0.1000000015
5830  -38.110  -68.757  19.828 0.1000000015
5235  -37.354  -69.337  21.049 0.1000000015
9110  -40.194  -63.672  18.437 0.1000000015
7823  -38.755  -65.643  18.393 0.1000000015
6439  -35.148  -67.959  22.084 0.1000000015
5829  -37.806  -69.056  20.451 0.1000000015
5822  -37.072  -68.969  21.720 0.1000000015
114425  -39.140  -63.906  18.384 0.1000000015
7058  -32.246  -66.963  23.832 0.1000000015
6428  -32.768  -67.180  23.122 0.1000000015
6437  -33.521  -67.540  22.716 0.1000000015
117899  -33.293  -67.745  23.447 0.1000000015
4690  -34.692  -70.785  20.871 0.1000000015
4737  -35.448  -70.880  16.936 0.1000000015
5281  -36.146  -70.116  16.392 0.1000000015
5879  -37.420  -68.977  16.155 0.1000000015
6505  -37.359  -68.079  15.612 0.1000000015
7122  -39.423  -66.701  17.866 0.1000000015
108056  -37.750  -68.325  20.315 0.1000000015
103363  -39.372  -65.006  18.279 0.1000000015
100198  -32.819  -67.612  23.982 0.1000000015
109655  -31.287  -75.381  3.361 0.1000000015
2200  -31.032  -75.694  4.104 0.1000000015
2247  -31.842  -75.305  -1.177 0.1000000015
2237  -31.677  -75.602  -0.409 0.1000000015
2227  -32.263  -74.999  0.628 0.1000000015
1825  -31.034  -76.075  2.275 0.1000000015
2746  -32.517  -74.443  -1.470 0.1000000015
2756  -32.396  -73.981  -2.591 0.1000000015
3264  -32.589  -72.881  -2.976 0.1000000015
107742  -31.513  -74.900  3.950 0.1000000015
2698  -31.242  -75.190  4.908 0.1000000015
2175  -31.051  -75.587  5.711 0.1000000015
2703  -31.750  -74.874  3.040 0.1000000015
2215  -32.096  -75.046  1.419 0.1000000015
2208  -31.924  -74.995  2.194 0.1000000015
2207  -31.372  -75.478  2.607 0.1000000015
2190  -30.773  -76.123  5.115 0.1000000015
2238  -32.282  -74.964  -0.360 0.1000000015
2214  -31.478  -75.603  1.683 0.1000000015
1838  -31.322  -75.890  0.854 0.1000000015
2737  -32.846  -74.272  -0.667 0.1000000015
3251  -32.951  -73.486  -2.069 0.1000000015
3778  -32.761  -72.144  -2.756 0.1000000015
3639  -32.359  -72.349  9.469 0.1000000015
3151  -31.725  -73.792  8.597 0.1000000015
2699  -31.909  -74.349  4.794 0.1000000015
2691  -31.457  -74.876  5.827 0.1000000015
2677  -31.615  -74.804  6.956 0.1000000015
2661  -31.303  -74.724  7.762 0.1000000015
2648  -31.126  -74.348  8.229 0.1000000015
2676  -30.884  -75.234  7.280 0.1000000015
2704  -32.168  -74.347  3.615 0.1000000015
2157  -31.026  -75.460  6.517 0.1000000015
102544  -32.430  -74.659  1.845 0.1000000015
3240  -33.082  -73.830  -1.262 0.1000000015
4221  -33.115  -72.151  9.670 0.1000000015
3655  -32.117  -73.075  9.086 0.1000000015
115447  -32.503  -71.690  9.730 0.1000000015
2662  -31.869  -74.440  7.663 0.1000000015
3166  -31.660  -74.289  8.125 0.1000000015
2692  -32.109  -74.230  6.000 0.1000000015
2720  -32.637  -74.573  1.168 0.1000000015
2731  -32.887  -74.345  0.251 0.1000000015
3638  -31.497  -72.350  9.276 0.1000000015
3152  -32.674  -73.506  8.768 0.1000000015
2710  -32.444  -74.413  2.603 0.1000000015
3654  -31.192  -73.061  8.883 0.1000000015
117875  -32.715  -73.872  4.153 0.1000000015
3637  -30.614  -72.273  9.067 0.1000000015
3204  -33.446  -73.529  3.641 0.1000000015
100053  -34.003  -73.248  4.037 0.1000000015
3699  -34.756  -72.843  4.062 0.1000000015
2678  -32.369  -74.221  7.050 0.1000000015
3180  -32.883  -73.808  6.224 0.1000000015
3190  -32.705  -73.809  5.187 0.1000000015
3191  -33.529  -73.509  5.478 0.1000000015
3196  -33.410  -73.506  4.538 0.1000000015
3197  -34.168  -73.218  4.809 0.1000000015
3167  -32.420  -74.062  8.070 0.1000000015
107815  -33.127  -73.863  7.260 0.1000000015
3181  -33.742  -73.571  6.460 0.1000000015
3205  -34.247  -73.125  3.156 0.1000000015
5267  -37.683  -69.923  18.281 0.1000000015
5933  -39.996  -69.102  10.113 0.1000000015
5972  -39.842  -69.083  7.076 0.1000000015
6586  -41.316  -66.862  6.010 0.1000000015
7127  -39.894  -67.141  17.406 0.1000000015
7741  -39.999  -65.928  25.654 0.3000000119
7745  -43.128  -65.232  25.055 0.2000000030
7831  -40.876  -66.052  17.335 0.1000000015
7935  -42.206  -64.457  5.870 0.2000000030
7945  -38.616  -65.102  5.033 0.1000000015
8388  -36.522  -64.687  27.213 0.2000000030
8417  -43.680  -64.707  24.847 0.3000000119
8432  -44.153  -64.184  24.656 0.3000000119
8482  -42.333  -64.635  17.373 0.1000000015
8519  -44.102  -63.725  12.876 0.4000000060
8522  -43.664  -64.453  11.249 0.3000000119
8570  -39.902  -64.180  4.807 0.1000000015
8573  -41.686  -64.226  5.444 0.2000000030
9075  -41.664  -64.282  23.558 0.2000000030
9200  -37.789  -63.266  7.574 0.2000000030
9202  -39.247  -62.879  6.863 0.2000000030
9203  -43.347  -63.342  7.132 0.2000000030
9216  -39.878  -62.972  6.272 0.2000000030
9230  -40.932  -63.746  5.223 0.1000000015
9724  -35.143  -62.681  25.962 0.1000000015
9728  -45.419  -62.280  24.637 0.5000000000
9840  -46.119  -62.048  14.948 0.2000000030
9844  -46.007  -62.299  13.626 0.3000000119
9861  -45.492  -62.680  11.459 0.4000000060
9888  -45.011  -62.332  9.173 0.4000000060
9903  -42.075  -62.193  8.148 0.1000000015
9919  -42.980  -62.874  7.058 0.1000000015
9931  -40.720  -62.832  6.309 0.1000000015
10474  -45.789  -61.608  24.366 0.4000000060
10482  -46.343  -61.311  23.387 0.4000000060
10496  -46.668  -60.936  22.804 0.5000000000
10579  -47.076  -60.386  14.685 0.5000000000
10649  -33.844  -61.062  10.482 0.1000000015
10657  -42.339  -61.407  10.289 0.1000000015
10659  -45.235  -61.162  10.222 0.4000000060
10675  -39.592  -62.282  9.697 0.1000000015
10679  -44.301  -61.569  9.116 0.4000000060
11265  -46.186  -60.645  19.882 0.5000000000
11270  -47.254  -60.371  18.300 0.5000000000
11288  -47.314  -59.997  15.832 0.5000000000
11301  -40.315  -60.791  15.733 0.1000000015
11353  -35.074  -61.008  12.872 0.1000000015
11356  -45.818  -60.096  12.236 0.4000000060
11412  -32.594  -60.282  6.585 0.1000000015
11967  -47.033  -59.675  22.573 0.4000000060
11989  -41.507  -59.482  17.898 0.1000000015
12006  -46.498  -59.415  15.991 0.5000000000
12096  -32.854  -59.663  6.216 0.1000000015
12624  -47.353  -58.104  20.905 0.6000000238
12628  -47.638  -58.695  19.662 0.5000000000
12646  -44.866  -58.891  18.058 0.4000000060
12687  -31.718  -58.018  10.246 0.1000000015
12697  -31.572  -58.534  9.738 0.1000000015
13206  -37.322  -57.521  25.137 0.4000000060
13232  -46.833  -57.595  21.291 0.6000000238
13238  -46.890  -57.607  20.547 0.6000000238
13254  -45.501  -57.950  19.249 0.5000000000
13281  -33.033  -57.329  12.441 0.1000000015
13316  -31.691  -57.742  8.754 0.1000000015
13317  -31.934  -57.277  8.255 0.1000000015
13318  -37.807  -57.018  7.954 0.1000000015
13340  -32.616  -57.160  6.358 0.1000000015
13341  -38.640  -57.642  6.581 0.1000000015
13349  -32.866  -57.362  5.743 0.1000000015
13352  -40.880  -58.050  4.981 0.1000000015
13910  -33.470  -56.828  12.128 0.1000000015
13946  -36.543  -56.349  10.237 0.1000000015
13951  -42.144  -56.690  10.315 0.1000000015
13960  -33.314  -56.323  9.623 0.1000000015
13966  -40.438  -56.970  9.922 0.1000000015
13983  -36.887  -56.624  8.403 0.1000000015
14630  -43.106  -55.961  20.904 0.4000000060
14704  -44.306  -55.737  9.915 0.1000000015
14716  -44.870  -55.760  8.808 0.1000000015
15388  -41.426  -54.747  20.001 0.3000000119
16899  -37.764  -52.339  26.525 0.1000000015
17795  -34.594  -51.829  22.329 0.1000000015
17809  -34.894  -51.797  21.614 0.1000000015
20347  -34.768  -49.319  22.310 0.1000000015
98424  -39.723  -58.108  6.503 0.1000000015
101273  -41.973  -63.344  6.066 0.1000000015
101349  -31.789  -75.408  0.976 0.1000000015
102246  -47.306  -58.335  19.318 0.6000000238
103633  -38.201  -60.998  33.717 0.1000000015
103669  -44.813  -59.546  13.536 0.4000000060
105205  -47.252  -60.473  17.565 0.5000000000
105615  -33.769  -56.082  8.880 0.1000000015
108083  -43.715  -63.734  7.416 0.2000000030
108213  -32.002  -57.628  7.549 0.1000000015
108302  -47.207  -60.211  19.042 0.5000000000
108896  -36.541  -54.617  22.489 0.2000000030
110776  -36.041  -61.393  12.144 0.1000000015
111332  -41.602  -61.928  9.300 0.1000000015
111900  -32.239  -57.779  11.415 0.1000000015
112737  -39.469  -56.782  10.146 0.1000000015
112972  -37.154  -69.707  20.970 0.1000000015
114011  -47.481  -59.063  17.938 0.5000000000
114475  -41.932  -57.433  18.609 0.2000000030
114748  -35.806  -55.611  3.582 0.1000000015
115379  -37.397  -52.893  26.657 0.2000000030
115797  -32.556  -62.888  9.414 0.1000000015
116706  -43.469  -56.495  19.902 0.4000000060
117464  -33.580  -62.517  9.664 0.1000000015
117761  -34.652  -52.456  22.617 0.1000000015
