#!ascii label  , from subject sub-v2s0x29012_ses-1 vox2ras=TkReg
1202
111741  -27.214  -15.936  3.211 0.4285714328
49347  -27.731  -14.865  2.441 0.2857142985
104002  -27.772  -15.525  3.100 0.4285714328
49348  -28.519  -14.527  2.536 0.4285714328
49349  -29.622  -14.164  2.844 0.4285714328
49371  -28.173  -14.178  1.934 0.2857142985
98549  -29.084  -14.008  2.299 0.4285714328
50111  -29.572  -13.431  1.788 0.4285714328
50890  -28.915  -12.785  0.405 0.4285714328
113120  -30.033  -12.640  0.795 0.4285714328
50903  -29.717  -12.027  -0.176 0.4285714328
50904  -30.342  -11.729  -0.293 0.4285714328
52741  -29.297  -10.887  -0.536 0.5714285970
51806  -29.879  -11.421  -0.487 0.5714285970
51793  -30.975  -11.667  -0.122 0.4285714328
51807  -31.477  -11.275  -0.542 0.2857142985
52756  -30.683  -10.627  -1.035 0.7142857313
52757  -31.339  -10.918  -1.203 0.7142857313
52767  -31.768  -10.942  -2.782 0.7142857313
52759  -32.601  -10.603  -1.986 0.4285714328
52758  -31.874  -10.832  -1.700 0.5714285970
53624  -32.962  -10.531  -3.458 0.5714285970
52773  -31.882  -10.938  -3.669 0.5714285970
53630  -32.509  -10.491  -4.327 0.5714285970
53631  -33.968  -10.043  -4.150 0.5714285970
53623  -31.525  -10.587  -3.524 0.5714285970
53637  -33.687  -9.695  -5.146 0.5714285970
99701  -36.020  -9.191  -5.529 0.5714285970
53635  -31.751  -9.482  -4.742 0.7142857313
53638  -34.937  -9.340  -5.418 0.7142857313
110928  -35.289  -8.875  -6.222 0.7142857313
54574  -36.424  -8.779  -6.439 0.5714285970
53636  -32.391  -9.882  -4.975 0.5714285970
100847  -32.000  -8.803  -3.022 0.5714285970
54567  -32.706  -8.350  -5.904 0.8571428657
104631  -37.128  -8.902  -6.227 0.5714285970
55486  -32.303  -8.028  -5.553 0.7142857313
55482  -32.575  -7.741  -4.625 0.5714285970
55499  -36.790  -7.245  -7.086 0.7142857313
109066  -37.789  -7.744  -6.650 0.5714285970
55489  -33.306  -7.792  -6.642 0.7142857313
55493  -36.445  -7.949  -7.034 0.7142857313
56370  -37.446  -6.558  -6.858 0.5714285970
55492  -34.460  -7.520  -7.134 0.7142857313
57161  -37.923  -6.403  -6.694 0.5714285970
55491  -33.443  -6.902  -6.945 0.5714285970
56359  -34.157  -6.501  -7.423 0.7142857313
56368  -36.373  -6.637  -7.438 0.7142857313
114112  -37.596  -5.044  -6.894 0.7142857313
57168  -37.454  -5.964  -6.919 0.7142857313
57165  -34.420  -5.639  -7.630 0.7142857313
57166  -35.775  -6.039  -7.774 0.7142857313
109902  -36.134  -5.629  -7.722 0.7142857313
117730  -36.864  -3.336  -7.481 0.7142857313
118189  -37.570  -4.180  -6.937 0.5714285970
57952  -35.254  -5.288  -7.823 0.7142857313
57158  -33.506  -5.328  -5.748 0.5714285970
59537  -37.122  -2.642  -7.651 0.5714285970
114490  -38.174  -2.224  -7.319 0.5714285970
58721  -34.475  -4.045  -7.258 0.8571428657
57951  -34.386  -4.740  -7.325 0.8571428657
60330  -36.384  -2.267  -8.294 0.7142857313
59540  -35.292  -2.699  -8.769 0.7142857313
58722  -35.051  -4.355  -7.828 0.8571428657
58726  -35.030  -3.309  -8.254 0.7142857313
61111  -34.152  -1.381  -10.213 0.8571428657
60337  -36.751  -1.344  -8.552 0.5714285970
60335  -34.564  -2.198  -9.554 0.8571428657
107726  -33.861  -2.238  -9.386 0.8571428657
58725  -34.697  -3.439  -7.837 0.8571428657
59539  -34.567  -2.623  -8.921 0.8571428657
61997  -32.463  0.029  -10.207 0.8571428657
62838  -32.911  1.107  -10.137 0.8571428657
110189  -33.054  3.102  -9.411 0.8571428657
60334  -33.324  -1.867  -10.025 0.8571428657
62832  -32.667  1.103  -9.807 0.8571428657
108810  -33.691  2.209  -7.639 1.0000000000
62823  -33.014  1.651  -8.767 1.0000000000
61110  -32.119  -0.901  -10.133 0.8571428657
63635  -33.359  2.751  -8.416 1.0000000000
62818  -33.787  1.462  -7.524 1.0000000000
108990  -34.362  3.965  -6.848 1.0000000000
66127  -35.942  5.660  -4.144 0.7142857313
64417  -33.890  3.450  -7.496 1.0000000000
64411  -35.053  3.532  -5.594 1.0000000000
66139  -35.270  4.842  -5.691 1.0000000000
99932  -36.691  8.872  -4.508 1.0000000000
68465  -36.316  8.868  -2.924 0.8571428657
108638  -35.941  11.037  -3.532 0.8571428657
70017  -36.398  10.332  -3.683 1.0000000000
72157  -35.048  13.669  -5.302 0.8571428657
71465  -34.870  12.579  -4.228 0.8571428657
71455  -35.247  12.088  -3.858 1.0000000000
72840  -35.026  15.053  -6.637 0.8571428657
72829  -35.485  14.334  -6.091 0.8571428657
73567  -34.813  15.965  -7.421 0.7142857313
72855  -32.793  14.496  -7.279 0.5714285970
73579  -34.598  16.825  -8.057 0.7142857313
73580  -35.692  16.683  -8.158 0.5714285970
74344  -30.833  16.511  -7.377 0.5714285970
107329  -31.865  15.337  -7.832 0.5714285970
75103  -30.573  17.217  -6.856 0.4285714328
76449  -31.954  19.734  -7.224 0.4285714328
76450  -32.742  19.357  -7.210 0.4285714328
75090  -30.331  18.024  -5.504 0.2857142985
75091  -30.713  17.451  -4.806 0.2857142985
74329  -31.026  16.428  -4.205 0.2857142985
118497  -33.075  -10.159  -4.741 0.5714285970
55494  -37.156  -8.098  -6.767 0.5714285970
60331  -37.484  -1.738  -7.856 0.5714285970
58723  -35.620  -4.107  -7.839 0.7142857313
59536  -36.027  -3.256  -7.945 0.7142857313
61112  -35.523  -1.417  -9.468 0.8571428657
61995  -35.452  -0.298  -9.757 0.8571428657
106817  -33.403  0.680  -10.282 0.8571428657
108071  -33.056  2.004  -9.962 0.8571428657
106493  -36.115  6.395  -4.764 0.8571428657
73527  -31.490  15.633  -1.665 0.1428571492
49370  -27.277  -14.417  1.667 0.2857142985
49383  -27.752  -13.760  1.094 0.2857142985
50110  -28.735  -13.611  1.463 0.2857142985
50126  -29.362  -13.054  0.958 0.4285714328
50877  -30.698  -12.485  1.088 0.4285714328
50135  -28.149  -12.708  0.196 0.2857142985
50125  -28.460  -13.221  0.742 0.4285714328
50893  -31.226  -11.977  0.642 0.4285714328
51805  -29.015  -11.624  -0.326 0.5714285970
51813  -30.687  -11.245  -0.682 0.5714285970
112121  -31.980  -10.992  -0.934 0.4285714328
105398  -30.171  -10.195  -0.902 0.2857142985
52766  -31.701  -10.603  -1.858 0.7142857313
53622  -31.601  -10.442  -2.568 0.5714285970
108800  -36.287  -8.549  -3.924 0.4285714328
54547  -31.569  -9.842  -2.956 0.7142857313
54556  -31.399  -9.809  -3.983 0.7142857313
110717  -34.769  -9.607  -4.698 0.7142857313
54562  -35.685  -9.161  -4.676 0.4285714328
54572  -34.517  -8.317  -6.683 0.7142857313
54573  -35.556  -8.219  -6.947 0.7142857313
55478  -32.717  -7.676  -3.125 0.5714285970
55485  -32.059  -8.657  -4.998 0.5714285970
57162  -38.348  -6.219  -6.592 0.5714285970
56352  -32.639  -6.985  -5.586 0.5714285970
104303  -38.297  -7.248  -6.597 0.5714285970
56367  -35.331  -6.457  -7.721 0.7142857313
56360  -35.700  -7.255  -7.451 0.7142857313
112528  -38.334  -5.170  -6.640 0.5714285970
56356  -33.116  -6.021  -6.413 0.8571428657
57953  -35.906  -4.953  -7.835 0.7142857313
105083  -36.476  -0.646  -8.941 0.5714285970
117768  -33.157  -1.846  -9.792 1.0000000000
64424  -33.363  3.626  -8.665 1.0000000000
62819  -34.556  1.342  -6.344 1.0000000000
66126  -35.627  4.848  -4.618 0.8571428657
67710  -36.190  7.458  -2.690 0.7142857313
66967  -35.808  6.454  -5.812 1.0000000000
108921  -36.478  8.079  -3.166 0.7142857313
109995  -36.299  7.034  -5.208 1.0000000000
67709  -35.590  7.808  -2.145 0.7142857313
104495  -36.566  9.384  -3.671 0.8571428657
71477  -34.476  13.076  -4.792 0.8571428657
70729  -36.371  11.193  -4.069 1.0000000000
70027  -36.592  10.604  -4.414 1.0000000000
118039  -34.249  14.687  -6.421 0.7142857313
103657  -31.249  18.184  -7.020 0.7142857313
72856  -32.858  15.308  -7.533 0.5714285970
73577  -32.735  16.161  -7.714 0.7142857313
99876  -33.618  16.861  -7.849 0.7142857313
74343  -30.342  16.042  -7.311 0.4285714328
75798  -30.412  18.921  -5.466 0.2857142985
76446  -31.311  19.948  -6.845 0.4285714328
74347  -34.360  17.492  -8.067 0.4285714328
77047  -32.263  20.169  -7.096 0.4285714328
75795  -31.091  18.202  -4.063 0.2857142985
77040  -30.614  20.916  -5.875 0.4285714328
109097  -30.989  -9.117  -1.339 0.4285714328
75802  -30.925  19.094  -6.629 0.4285714328
112834  -32.088  17.773  -7.367 0.7142857313
75801  -30.479  19.054  -6.067 0.2857142985
106470  -30.592  18.613  -4.819 0.2857142985
48599  -26.972  -15.492  2.641 0.4285714328
48600  -28.480  -15.039  3.044 0.4285714328
48617  -26.932  -14.924  2.090 0.2857142985
48601  -29.103  -14.539  2.953 0.4285714328
50902  -28.957  -12.314  -0.007 0.2857142985
50891  -29.570  -12.510  0.338 0.4285714328
50892  -30.378  -12.178  0.265 0.4285714328
52755  -29.522  -10.188  -0.728 0.2857142985
101524  -31.121  -10.500  -1.420 0.5714285970
53614  -31.255  -10.060  -1.690 0.5714285970
53629  -31.723  -10.309  -4.245 0.5714285970
53632  -35.321  -9.178  -3.940 0.4285714328
53643  -33.896  -8.847  -5.994 0.7142857313
54568  -36.845  -9.018  -5.516 0.5714285970
54560  -32.244  -8.928  -5.261 0.7142857313
54536  -31.821  -8.596  -2.034 0.7142857313
104144  -32.509  -7.574  -6.166 0.5714285970
56361  -37.396  -7.167  -6.835 0.5714285970
57167  -36.811  -6.173  -7.326 0.7142857313
112148  -32.822  -6.416  -5.938 0.7142857313
57160  -33.525  -5.532  -6.809 0.8571428657
100251  -36.720  -4.243  -7.400 0.7142857313
57947  -33.731  -4.844  -6.502 0.8571428657
60336  -35.674  -2.053  -9.020 0.8571428657
112359  -32.605  -1.543  -10.123 0.8571428657
61113  -32.715  -1.167  -10.333 0.8571428657
59535  -34.303  -2.794  -7.928 0.8571428657
61985  -32.895  0.700  -8.711 1.0000000000
103476  -35.340  4.128  -5.194 1.0000000000
66949  -36.123  6.568  -2.897 0.8571428657
72828  -34.566  14.302  -5.941 0.8571428657
72839  -33.876  15.120  -7.007 0.7142857313
73578  -33.748  16.064  -7.596 0.5714285970
74346  -32.597  17.067  -7.651 0.5714285970
74345  -31.736  16.311  -7.683 0.5714285970
105562  -30.063  16.491  -6.750 0.4285714328
75806  -32.212  18.656  -7.299 0.4285714328
73546  -30.726  15.789  -3.763 0.2857142985
75097  -30.186  17.484  -6.203 0.2857142985
74322  -31.556  16.583  -3.285 0.2857142985
73540  -31.517  16.003  -2.584 0.1428571492
100621  -27.771  -13.240  0.537 0.2857142985
53613  -30.640  -9.854  -1.190 0.2857142985
67723  -36.424  7.293  -3.459 1.0000000000
75107  -32.926  17.899  -7.529 0.5714285970
75796  -34.910  18.647  -4.472 0.2857142985
75790  -34.783  18.417  -3.535 0.1428571492
76443  -33.776  20.120  -5.315 0.2857142985
75797  -35.528  18.314  -5.137 0.2857142985
76438  -34.393  19.187  -3.942 0.1428571492
75779  -34.615  18.139  -2.590 0.1428571492
77642  -30.693  21.761  -3.917 0.1428571492
77042  -33.109  21.224  -5.386 0.2857142985
77628  -32.313  21.360  -3.025 0.1428571492
75098  -36.327  18.047  -6.027 0.2857142985
75799  -34.890  18.736  -5.520 0.2857142985
72832  -39.082  14.630  -5.991 0.2857142985
74338  -38.223  16.782  -6.628 0.2857142985
75789  -34.131  18.760  -3.179 0.1428571492
76448  -33.337  19.479  -6.846 0.2857142985
73582  -37.786  16.143  -8.051 0.2857142985
76444  -34.313  19.202  -5.885 0.2857142985
98279  -38.337  14.071  -7.436 0.1428571492
73570  -38.381  16.027  -7.459 0.2857142985
75100  -37.744  17.436  -7.008 0.2857142985
77017  -33.314  20.356  -3.215 0.1428571492
75110  -35.791  17.917  -8.243 0.2857142985
106584  -34.749  18.684  -6.458 0.2857142985
70066  -39.559  10.744  -7.782 0.1428571492
71497  -39.298  12.287  -7.486 0.1428571492
72843  -38.140  15.083  -7.605 0.4285714328
74349  -36.355  17.245  -8.394 0.2857142985
70767  -37.273  12.007  -7.671 0.2857142985
72831  -37.040  13.919  -7.120 0.4285714328
73581  -36.892  16.291  -8.219 0.2857142985
75108  -33.848  18.062  -7.737 0.2857142985
69302  -37.439  10.140  -10.534 0.1428571492
71495  -37.929  12.779  -7.939 0.2857142985
73569  -36.824  15.478  -7.788 0.4285714328
71487  -36.901  13.227  -6.725 0.5714285970
72841  -36.153  14.985  -6.935 0.7142857313
69307  -36.690  9.853  -11.253 0.1428571492
69279  -36.912  10.735  -8.216 0.1428571492
72830  -36.304  14.229  -6.562 0.7142857313
73568  -35.913  15.757  -7.522 0.4285714328
70757  -36.853  11.949  -6.593 0.4285714328
68528  -35.235  8.706  -12.280 0.2857142985
68511  -36.239  9.184  -9.419 0.7142857313
72147  -36.334  13.463  -6.044 0.7142857313
69240  -36.683  9.862  -4.443 0.8571428657
69266  -36.614  10.275  -7.219 0.8571428657
70756  -36.566  11.918  -5.564 0.5714285970
67015  -34.422  6.934  -11.956 0.2857142985
67023  -34.973  7.749  -12.584 0.2857142985
70042  -36.629  11.190  -5.883 0.7142857313
71476  -33.584  12.839  -5.177 0.5714285970
70742  -36.258  11.913  -4.608 0.8571428657
66195  -34.189  6.279  -11.328 0.1428571492
67764  -35.788  8.377  -8.901 0.7142857313
66188  -34.848  5.485  -10.892 0.1428571492
62778  -35.597  1.560  -2.423 0.5714285970
63624  -34.994  2.822  -5.564 0.8571428657
64400  -35.451  3.380  -4.742 0.8571428657
63603  -35.743  3.095  -3.159 0.4285714328
65215  -35.716  4.487  -3.686 0.5714285970
101309  -36.547  7.911  -5.093 0.8571428657
66984  -34.847  6.208  -7.869 0.8571428657
98729  -36.445  8.250  -6.169 0.8571428657
67755  -35.165  6.963  -8.245 0.8571428657
68493  -36.278  8.622  -7.207 0.8571428657
100353  -36.568  11.210  -4.898 0.8571428657
66174  -36.292  5.096  -9.754 0.4285714328
66996  -34.479  6.548  -9.574 0.7142857313
67763  -35.177  7.555  -9.173 0.7142857313
61924  -34.693  0.902  -1.242 0.2857142985
108141  -35.029  1.969  -5.475 0.5714285970
62788  -35.748  2.196  -3.503 0.5714285970
63629  -33.964  2.801  -7.243 0.8571428657
66152  -34.730  5.575  -7.249 0.8571428657
66975  -35.313  6.278  -6.799 0.8571428657
67749  -35.454  6.880  -7.282 0.8571428657
66976  -35.768  6.903  -6.540 0.8571428657
65265  -33.635  4.507  -10.591 0.4285714328
66172  -33.580  5.264  -9.999 0.8571428657
116996  -34.699  6.369  -8.649 0.8571428657
65266  -34.961  4.429  -10.477 0.4285714328
106366  -35.131  -4.009  -2.834 0.7142857313
59470  -34.801  -2.702  -1.978 0.4285714328
58708  -34.797  -4.069  -4.633 0.7142857313
59523  -34.561  -2.974  -6.052 0.8571428657
60291  -35.603  -2.023  -4.238 0.5714285970
61054  -35.205  -0.309  -1.890 0.5714285970
109851  -33.797  -0.090  -1.276 0.4285714328
112163  -34.782  -1.524  -6.048 0.8571428657
61063  -35.698  -0.368  -3.596 0.5714285970
61936  -35.628  0.758  -2.733 0.5714285970
61106  -32.682  -0.542  -9.013 0.8571428657
112430  -34.794  0.627  -6.083 0.7142857313
100234  -35.522  0.912  -4.528 0.5714285970
62839  -33.820  1.730  -10.242 0.7142857313
63651  -33.462  2.844  -10.304 0.7142857313
65250  -33.463  4.373  -8.950 0.7142857313
66162  -33.788  5.072  -9.079 0.8571428657
63645  -37.122  2.568  -8.615 0.2857142985
63644  -36.132  2.761  -9.596 0.4285714328
64439  -35.134  3.420  -10.296 0.5714285970
56350  -33.461  -6.475  -4.322 0.4285714328
57154  -34.280  -5.623  -3.599 0.4285714328
58667  -33.708  -3.432  -1.614 0.4285714328
59522  -34.377  -3.577  -6.014 0.7142857313
59531  -34.368  -3.429  -6.916 0.7142857313
106431  -33.627  -1.569  -8.202 0.8571428657
61998  -34.701  0.762  -10.117 0.7142857313
110150  -36.713  1.852  -9.023 0.2857142985
102147  -36.179  0.920  -9.388 0.5714285970
55479  -33.237  -6.969  -3.524 0.4285714328
57125  -32.650  -5.719  -1.732 0.5714285970
57156  -33.886  -5.479  -4.729 0.5714285970
57941  -34.652  -4.846  -4.115 0.5714285970
58717  -34.187  -4.168  -6.383 0.7142857313
104195  -37.860  -1.063  -8.029 0.4285714328
61986  -37.803  0.533  -8.108 0.4285714328
62824  -37.847  1.259  -7.880 0.4285714328
55495  -38.269  -7.859  -6.532 0.4285714328
56363  -38.417  -6.637  -6.583 0.4285714328
59533  -39.805  -2.621  -6.594 0.4285714328
58724  -37.649  -3.321  -7.097 0.4285714328
60323  -40.092  -1.834  -6.460 0.4285714328
60332  -38.467  -1.352  -7.539 0.4285714328
51794  -31.741  -11.491  0.235 0.1428571492
57949  -39.093  -4.778  -6.508 0.4285714328
58719  -39.472  -3.648  -6.552 0.4285714328
58720  -40.241  -3.275  -6.330 0.4285714328
51808  -32.246  -11.136  -0.165 0.1428571492
52743  -33.317  -10.491  -0.348 0.1428571492
111197  -35.036  -9.108  -3.090 0.2857142985
53648  -39.237  -9.036  -6.058 0.2857142985
56358  -41.256  -7.051  -5.502 0.2857142985
55497  -39.923  -7.612  -6.241 0.2857142985
99084  -37.395  -8.701  -4.742 0.4285714328
57159  -40.967  -6.084  -5.592 0.2857142985
56365  -39.516  -6.974  -6.376 0.2857142985
54577  -38.656  -8.399  -6.335 0.2857142985
111682  -41.044  -5.248  -5.488 0.2857142985
57946  -40.453  -5.408  -6.065 0.4285714328
52723  -33.065  -10.776  0.302 0.1428571492
106654  -32.666  -10.860  -0.488 0.1428571492
53599  -34.481  -9.597  -0.678 0.2857142985
53615  -33.766  -9.963  -2.045 0.2857142985
118355  -38.307  -7.909  -2.918 0.2857142985
54565  -39.246  -9.298  -4.395 0.2857142985
54564  -38.332  -8.734  -4.589 0.2857142985
99572  -37.029  -8.290  -4.058 0.2857142985
53640  -38.772  -9.233  -5.170 0.2857142985
107146  -33.748  -10.330  0.367 0.1428571492
54522  -36.774  -8.366  -0.828 0.2857142985
52744  -34.080  -9.956  -0.061 0.2857142985
54538  -36.672  -8.164  -1.684 0.2857142985
53616  -35.074  -9.105  -1.138 0.2857142985
53598  -33.557  -10.288  -1.050 0.2857142985
54549  -36.622  -8.058  -2.459 0.2857142985
50091  -29.910  -13.727  2.472 0.2857142985
50878  -31.487  -12.242  1.521 0.1428571492
50112  -30.142  -12.978  1.428 0.2857142985
51780  -32.007  -11.684  1.095 0.1428571492
48580  -27.743  -16.142  3.621 0.2857142985
46919  -27.608  -16.748  4.181 0.2857142985
46937  -26.936  -16.533  3.559 0.2857142985
50113  -30.888  -12.837  2.012 0.2857142985
47786  -28.352  -16.286  4.197 0.1428571492
46936  -26.312  -16.980  3.620 0.2857142985
46918  -26.812  -17.303  4.156 0.1428571492
109680  -35.298  -9.089  -0.256 0.2857142985
54550  -37.571  -7.922  -2.111 0.2857142985
53646  -39.879  -9.697  -5.745 0.2857142985
98921  -37.866  -8.149  -3.862 0.2857142985
54579  -40.625  -8.338  -6.043 0.2857142985
54576  -38.022  -8.451  -6.338 0.4285714328
56364  -38.795  -6.960  -6.525 0.4285714328
56357  -40.160  -6.361  -6.176 0.2857142985
57945  -40.991  -4.359  -5.669 0.2857142985
59483  -35.347  -2.740  -2.737 0.7142857313
58716  -40.768  -3.399  -5.988 0.4285714328
61966  -35.275  0.271  -5.188 0.5714285970
59532  -38.806  -2.901  -6.848 0.4285714328
62825  -38.336  0.862  -7.450 0.2857142985
102672  -37.537  1.922  -8.154 0.2857142985
70727  -35.166  11.352  -3.398 0.7142857313
68486  -36.620  8.780  -5.492 0.8571428657
72169  -33.563  14.215  -6.394 0.4285714328
72156  -34.027  13.634  -5.488 0.5714285970
72146  -35.691  13.191  -5.194 0.7142857313
64431  -36.009  3.682  -9.760 0.2857142985
69265  -36.558  9.353  -6.450 0.8571428657
71466  -35.627  12.475  -4.474 0.8571428657
67774  -34.440  7.381  -10.602 0.5714285970
70065  -37.524  11.615  -8.504 0.4285714328
99637  -33.367  18.612  -2.860 0.1428571492
72180  -38.451  13.379  -7.584 0.1428571492
114279  -37.149  17.676  -6.240 0.2857142985
48581  -28.452  -15.651  3.635 0.1428571492
49350  -30.319  -14.049  3.191 0.1428571492
51795  -32.506  -11.219  0.673 0.1428571492
52724  -33.768  -10.554  1.017 0.1428571492
53588  -34.983  -9.479  0.295 0.1428571492
53625  -34.926  -9.052  -2.134 0.2857142985
100646  -37.096  -7.923  -3.213 0.2857142985
53641  -39.733  -9.867  -5.052 0.2857142985
53649  -40.133  -9.078  -6.053 0.2857142985
57153  -33.763  -6.252  -3.126 0.5714285970
54563  -36.556  -8.830  -4.671 0.2857142985
57908  -33.374  -4.231  -1.662 0.2857142985
57943  -41.242  -4.863  -4.821 0.2857142985
58709  -41.075  -3.380  -5.306 0.2857142985
58692  -35.274  -3.442  -4.123 0.7142857313
58714  -34.415  -3.940  -5.496 0.5714285970
60267  -33.643  -1.326  -1.438 0.4285714328
60281  -35.208  -2.004  -2.299 0.5714285970
62769  -34.236  1.524  -0.955 0.2857142985
61935  -35.284  0.661  -1.889 0.5714285970
59534  -40.483  -2.587  -6.185 0.2857142985
58718  -38.349  -4.145  -6.709 0.4285714328
99046  -35.598  -1.066  -4.419 0.7142857313
63593  -35.366  2.171  -1.745 0.2857142985
60311  -40.174  -1.278  -5.986 0.1428571492
61979  -39.378  -0.114  -6.505 0.4285714328
61108  -38.509  -0.663  -7.685 0.4285714328
61967  -39.081  0.654  -6.234 0.1428571492
65251  -34.122  4.933  -7.958 0.8571428657
62820  -38.644  1.163  -6.717 0.1428571492
62833  -35.439  1.789  -9.861 0.5714285970
66995  -33.824  5.727  -10.360 0.7142857313
66175  -37.406  5.367  -8.969 0.2857142985
66189  -36.568  5.514  -10.100 0.1428571492
77038  -30.388  20.807  -5.027 0.2857142985
67007  -33.922  6.346  -10.824 0.4285714328
67016  -35.152  6.470  -11.997 0.1428571492
69291  -36.827  10.126  -8.945 0.5714285970
100814  -36.113  6.539  -12.888 0.1428571492
68529  -35.813  9.464  -11.800 0.1428571492
69308  -37.176  9.846  -11.765 0.1428571492
77016  -32.816  20.681  -2.949 0.1428571492
70057  -36.892  11.108  -7.510 0.5714285970
69310  -36.472  10.029  -12.549 0.1428571492
69292  -37.505  11.060  -9.110 0.1428571492
72170  -37.693  13.497  -7.501 0.2857142985
70779  -37.871  12.193  -8.342 0.2857142985
70791  -38.245  11.809  -8.670 0.1428571492
70792  -39.029  11.515  -8.432 0.1428571492
70780  -38.624  12.229  -8.141 0.1428571492
73571  -38.730  15.263  -6.798 0.2857142985
72159  -39.276  13.939  -6.260 0.2857142985
72160  -39.413  13.276  -6.502 0.1428571492
48583  -30.142  -14.654  3.865 0.1428571492
51781  -32.813  -11.353  1.542 0.1428571492
54570  -41.629  -8.729  -5.735 0.2857142985
63636  -37.697  2.831  -7.707 0.2857142985
70768  -39.624  11.731  -6.532 0.1428571492
72148  -39.229  13.942  -5.172 0.2857142985
47798  -26.662  -16.043  3.042 0.2857142985
48582  -29.253  -15.068  3.634 0.1428571492
99060  -29.680  -14.483  3.308 0.1428571492
50092  -30.626  -13.442  2.636 0.1428571492
100320  -32.657  -10.741  -1.136 0.2857142985
52768  -32.347  -10.930  -2.935 0.4285714328
116768  -34.158  -9.827  -3.005 0.2857142985
54569  -37.424  -8.952  -5.646 0.4285714328
57944  -34.142  -4.645  -5.331 0.5714285970
56353  -33.180  -6.054  -5.410 0.4285714328
60333  -39.271  -1.798  -7.053 0.4285714328
60321  -34.034  -2.329  -7.863 0.7142857313
64437  -33.325  3.763  -10.219 0.7142857313
63630  -34.364  2.280  -6.546 0.8571428657
61976  -34.021  0.430  -7.390 0.8571428657
65243  -33.924  4.206  -7.732 0.8571428657
66140  -35.671  5.637  -5.213 0.8571428657
72158  -35.775  13.786  -5.744 0.7142857313
74348  -35.320  17.454  -8.360 0.2857142985
75807  -34.301  18.315  -7.531 0.2857142985
61996  -36.865  0.221  -8.807 0.4285714328
54546  -31.510  -9.444  -1.883 0.5714285970
54557  -36.022  -8.433  -3.134 0.2857142985
100058  -39.486  -5.448  -6.389 0.4285714328
62811  -35.164  1.143  -5.339 0.5714285970
67750  -35.964  7.596  -6.929 0.8571428657
100186  -36.656  10.453  -5.175 0.8571428657
99527  -31.827  21.517  -6.447 0.2857142985
75109  -34.836  17.972  -8.096 0.2857142985
77046  -33.078  20.435  -6.351 0.2857142985
78212  -31.392  23.028  -5.356 0.2857142985
108041  -34.281  -2.690  -6.968 0.8571428657
76441  -34.403  19.308  -4.845 0.2857142985
76440  -33.971  20.094  -4.196 0.2857142985
77039  -33.579  21.077  -4.371 0.2857142985
77035  -33.578  20.861  -3.602 0.1428571492
78195  -32.530  22.651  -3.978 0.1428571492
75800  -35.437  18.436  -6.402 0.2857142985
74337  -37.597  17.223  -5.793 0.2857142985
74342  -38.016  16.840  -7.830 0.2857142985
76422  -33.536  19.393  -3.173 0.1428571492
74350  -37.314  16.971  -8.251 0.2857142985
72857  -37.487  15.572  -8.026 0.2857142985
75805  -35.042  18.291  -7.466 0.2857142985
75105  -37.069  17.922  -7.237 0.2857142985
99504  -37.767  14.272  -7.602 0.2857142985
109016  -38.981  13.774  -7.119 0.1428571492
114564  -39.093  13.252  -7.269 0.1428571492
75111  -36.787  17.728  -8.133 0.2857142985
70781  -39.427  11.609  -7.610 0.1428571492
106773  -39.441  12.689  -6.932 0.1428571492
72844  -38.871  14.473  -7.019 0.1428571492
72842  -37.239  14.792  -7.548 0.5714285970
69293  -38.046  10.715  -9.615 0.1428571492
69301  -36.833  9.988  -10.092 0.1428571492
71488  -37.241  12.691  -7.188 0.4285714328
71478  -36.734  12.592  -6.231 0.5714285970
71467  -36.244  12.675  -5.371 0.7142857313
68510  -35.423  8.352  -9.922 0.5714285970
68500  -36.214  9.004  -8.301 0.7142857313
69278  -36.505  9.703  -7.688 0.7142857313
70056  -36.628  10.448  -6.321 0.7142857313
101487  -34.111  6.861  -11.321 0.5714285970
66187  -33.805  5.695  -10.842 0.4285714328
67756  -35.809  7.886  -8.002 0.8571428657
100549  -35.713  1.117  -3.573 0.5714285970
63613  -35.478  2.492  -4.635 0.5714285970
102182  -35.659  3.875  -2.996 0.4285714328
63594  -35.632  2.550  -2.416 0.4285714328
66163  -34.356  5.515  -8.204 0.8571428657
66173  -34.240  5.786  -9.112 0.8571428657
66186  -33.692  5.160  -10.499 0.4285714328
65256  -33.347  4.570  -10.042 0.7142857313
57921  -34.234  -4.686  -2.061 0.5714285970
58678  -35.045  -3.408  -2.407 0.4285714328
58715  -34.840  -3.326  -5.143 0.7142857313
59497  -35.334  -2.801  -4.461 0.7142857313
60303  -35.235  -1.664  -5.212 0.7142857313
100868  -35.165  -1.190  -1.975 0.4285714328
61055  -35.565  -0.754  -2.656 0.5714285970
61945  -35.690  0.389  -3.325 0.5714285970
61042  -34.376  -0.756  -1.471 0.4285714328
61041  -33.326  -0.671  -1.373 0.2857142985
61084  -35.158  -0.772  -5.476 0.7142857313
61095  -33.964  -0.582  -7.554 0.8571428657
63652  -34.620  2.696  -10.293 0.5714285970
64438  -34.036  3.629  -10.509 0.7142857313
57126  -33.484  -5.179  -1.908 0.5714285970
61987  -38.462  0.063  -7.661 0.4285714328
63637  -38.147  1.827  -7.268 0.2857142985
55496  -38.926  -7.597  -6.482 0.2857142985
102630  -39.169  -6.516  -6.439 0.4285714328
115312  -39.089  -0.999  -7.284 0.4285714328
57950  -40.206  -4.330  -6.286 0.4285714328
54548  -35.861  -8.512  -2.289 0.2857142985
54578  -39.524  -8.351  -6.272 0.2857142985
53645  -38.419  -9.046  -5.902 0.2857142985
116181  -40.733  -6.607  -5.847 0.2857142985
53644  -37.812  -8.939  -5.939 0.2857142985
53639  -37.968  -8.912  -5.305 0.2857142985
51796  -33.169  -10.937  1.083 0.1428571492
111378  -38.875  -8.489  -3.632 0.2857142985
54537  -35.868  -8.559  -1.385 0.2857142985
54539  -37.395  -8.221  -1.281 0.2857142985
47787  -29.067  -15.785  4.268 0.1428571492
61978  -38.889  0.373  -7.007 0.2857142985
76421  -32.811  19.610  -3.011 0.1428571492
76420  -31.961  19.434  -3.263 0.1428571492
70740  -33.572  11.799  -3.999 0.5714285970
113191  -33.563  10.471  -3.236 0.4285714328
111904  -33.304  11.123  -3.742 0.4285714328
70010  -34.142  9.884  -2.680 0.4285714328
70726  -34.110  11.273  -3.435 0.5714285970
70741  -34.501  11.996  -3.783 0.4285714328
67699  -35.089  7.047  -1.764 0.4285714328
68456  -35.112  8.576  -2.167 0.4285714328
68455  -34.248  8.538  -2.107 0.4285714328
69224  -34.655  9.260  -2.382 0.5714285970
70011  -34.938  9.938  -2.621 0.5714285970
70016  -34.600  10.600  -2.961 0.5714285970
66108  -35.818  5.281  -3.294 0.5714285970
56351  -41.741  -6.629  -4.070 0.1428571492
57157  -41.288  -5.647  -5.065 0.1428571492
52754  -28.699  -10.271  -0.623 0.2857142985
55498  -40.763  -7.561  -5.955 0.1428571492
98459  -41.897  -7.325  -2.336 0.1428571492
55483  -42.198  -7.484  -3.997 0.1428571492
57127  -41.448  -5.977  -1.613 0.1428571492
101445  -41.911  -6.962  -3.221 0.1428571492
57117  -41.386  -5.441  -0.923 0.1428571492
111291  -28.478  -11.016  -0.440 0.2857142985
52781  -41.495  -10.293  -5.568 0.1428571492
53642  -42.923  -9.599  -4.980 0.1428571492
53647  -41.648  -9.522  -5.708 0.1428571492
55484  -42.646  -8.177  -4.074 0.1428571492
117871  -41.549  -6.977  -1.055 0.1428571492
55480  -42.424  -7.958  -3.213 0.1428571492
56311  -40.943  -6.045  2.194 0.1428571492
56319  -41.375  -6.617  0.132 0.1428571492
57100  -40.980  -5.393  1.723 0.1428571492
116448  -28.360  -11.519  -0.329 0.2857142985
111172  -27.628  -11.366  -0.375 0.2857142985
54552  -39.129  -8.573  -2.687 0.1428571492
54558  -39.538  -9.287  -3.393 0.1428571492
53633  -39.885  -10.160  -4.163 0.1428571492
52780  -40.581  -10.352  -5.448 0.1428571492
110101  -43.425  -10.295  -3.770 0.1428571492
51826  -42.325  -11.383  -4.959 0.1428571492
54553  -42.214  -8.207  -2.202 0.1428571492
52779  -43.062  -10.477  -4.852 0.1428571492
55458  -41.676  -8.079  -0.549 0.1428571492
102362  -41.289  -6.797  0.979 0.1428571492
108216  -28.246  -12.007  -0.194 0.2857142985
50901  -27.237  -12.282  -0.125 0.2857142985
50133  -26.582  -12.907  0.172 0.2857142985
54523  -37.673  -8.665  -0.657 0.1428571492
53617  -39.004  -9.035  -1.831 0.1428571492
53626  -39.482  -9.369  -2.600 0.1428571492
52774  -39.865  -10.257  -3.168 0.1428571492
52776  -43.246  -10.783  -3.242 0.1428571492
52775  -40.400  -11.032  -4.023 0.1428571492
53603  -42.151  -9.384  -1.247 0.1428571492
55452  -41.507  -7.606  0.388 0.1428571492
54524  -41.859  -8.873  -0.631 0.1428571492
104439  -40.666  -5.941  3.019 0.1428571492
53600  -35.996  -8.691  -0.451 0.1428571492
53602  -38.427  -9.204  -0.941 0.1428571492
52745  -37.918  -9.499  0.008 0.1428571492
52769  -39.797  -10.932  -2.700 0.1428571492
106279  -38.977  -9.882  -1.377 0.1428571492
51820  -42.061  -12.154  -3.201 0.1428571492
52771  -42.892  -10.711  -2.511 0.1428571492
51819  -40.983  -11.951  -3.921 0.1428571492
53619  -42.596  -9.922  -2.063 0.1428571492
55447  -41.347  -7.565  1.411 0.1428571492
118559  -41.979  -9.675  -0.196 0.1428571492
108499  -40.848  -6.747  2.669 0.1428571492
55436  -41.087  -7.533  2.288 0.1428571492
53590  -37.063  -9.341  0.565 0.1428571492
51814  -38.974  -11.491  -1.655 0.1428571492
52760  -38.814  -10.639  -1.073 0.1428571492
52761  -39.270  -10.738  -1.888 0.1428571492
110644  -42.190  -12.291  -2.320 0.1428571492
110543  -41.185  -12.476  -3.466 0.1428571492
52762  -42.340  -10.952  -1.207 0.1428571492
52763  -42.535  -10.611  -1.802 0.1428571492
54511  -41.569  -8.365  1.037 0.1428571492
52748  -42.297  -10.170  -1.165 0.1428571492
103252  -38.660  -12.248  -1.424 0.1428571492
51798  -38.252  -11.225  0.106 0.1428571492
52729  -38.045  -10.390  0.370 0.1428571492
50915  -39.843  -12.500  -2.853 0.1428571492
50911  -39.163  -12.342  -2.272 0.1428571492
50917  -41.654  -12.720  -2.835 0.1428571492
50916  -40.728  -12.840  -3.094 0.1428571492
54516  -41.698  -9.202  0.798 0.1428571492
51810  -42.045  -11.195  -0.460 0.1428571492
51815  -39.523  -11.627  -2.463 0.1428571492
53618  -39.472  -9.992  -2.203 0.1428571492
51823  -42.199  -11.867  -4.087 0.1428571492
108072  -40.562  -6.650  3.539 0.1428571492
56282  -40.387  -5.794  3.903 0.1428571492
56298  -41.166  -6.793  1.841 0.1428571492
55471  -41.726  -7.590  -1.372 0.1428571492
55490  -41.945  -7.691  -5.191 0.1428571492
57143  -41.467  -5.939  -3.246 0.1428571492
50134  -27.372  -12.947  0.236 0.2857142985
54499  -41.300  -8.308  1.871 0.1428571492
57049  -40.312  -4.885  4.238 0.1428571492
66927  -35.354  6.359  -1.833 0.4285714328
57066  -40.487  -5.083  3.315 0.1428571492
56312  -41.117  -6.096  1.392 0.1428571492
57087  -40.753  -5.290  2.483 0.1428571492
57112  -41.315  -5.640  0.015 0.1428571492
114345  -40.857  -4.772  2.005 0.1428571492
103246  -41.221  -4.991  -3.709 0.1428571492
57942  -41.238  -4.006  -4.942 0.1428571492
70755  -33.161  12.048  -4.908 0.4285714328
71486  -33.069  13.293  -6.045 0.4285714328
72140  -39.277  13.202  -4.417 0.1428571492
71464  -34.030  12.453  -4.384 0.4285714328
72821  -38.882  14.558  -4.739 0.1428571492
56354  -41.504  -6.383  -4.898 0.1428571492
54551  -38.528  -8.267  -2.125 0.1428571492
53601  -36.985  -8.757  0.002 0.1428571492
53589  -36.081  -9.149  0.420 0.1428571492
54540  -38.173  -8.471  -1.416 0.1428571492
59524  -40.860  -2.646  -5.643 0.1428571492
60324  -40.605  -1.961  -5.893 0.1428571492
54571  -42.257  -8.343  -5.307 0.1428571492
55487  -41.884  -7.199  -4.707 0.1428571492
57155  -41.408  -5.748  -4.331 0.1428571492
56349  -41.614  -6.443  -2.383 0.1428571492
56338  -41.597  -6.773  -1.582 0.1428571492
55488  -42.391  -7.933  -4.673 0.1428571492
102086  -41.433  -6.370  -0.784 0.1428571492
116017  -41.427  -5.707  -2.319 0.1428571492
57902  -41.375  -4.634  -1.084 0.1428571492
51825  -41.352  -11.016  -5.332 0.1428571492
52778  -42.190  -10.733  -5.395 0.1428571492
109008  -42.413  -9.155  -5.412 0.1428571492
54559  -42.997  -8.774  -3.740 0.1428571492
56325  -41.527  -7.202  -0.529 0.1428571492
54554  -42.803  -8.807  -2.862 0.1428571492
57101  -41.138  -5.434  0.923 0.1428571492
51824  -43.107  -11.205  -4.070 0.1428571492
114083  -42.917  -9.472  -2.655 0.1428571492
51822  -41.223  -11.548  -4.676 0.1428571492
54541  -41.953  -8.541  -1.351 0.1428571492
54542  -42.441  -9.049  -2.067 0.1428571492
52770  -40.231  -11.220  -3.409 0.1428571492
110992  -43.179  -10.110  -2.904 0.1428571492
51821  -42.841  -11.476  -3.164 0.1428571492
106694  -41.717  -8.635  0.157 0.1428571492
110856  -38.556  -9.895  -0.670 0.1428571492
51816  -42.551  -11.467  -2.164 0.1428571492
51818  -40.268  -11.931  -3.205 0.1428571492
108698  -42.075  -11.905  -1.327 0.1428571492
112620  -42.142  -10.504  -0.560 0.1428571492
52747  -41.952  -10.579  0.150 0.1428571492
104516  -24.962  -17.499  3.370 0.1428571492
47784  -24.192  -16.683  2.975 0.1428571492
46935  -25.606  -17.091  3.383 0.1428571492
47785  -26.165  -16.484  3.168 0.1428571492
47797  -25.425  -16.397  2.855 0.1428571492
105475  -25.693  -15.196  1.872 0.1428571492
49369  -26.349  -14.692  1.502 0.1428571492
49368  -25.364  -14.497  1.198 0.1428571492
49380  -25.485  -13.900  0.754 0.1428571492
49381  -26.023  -14.225  0.906 0.1428571492
50124  -27.071  -13.462  0.538 0.1428571492
49367  -24.447  -14.252  1.337 0.1428571492
50122  -25.174  -13.252  0.525 0.1428571492
50123  -26.101  -13.572  0.512 0.1428571492
50898  -24.577  -11.792  0.173 0.1428571492
51803  -24.996  -11.291  -0.132 0.1428571492
52738  -25.639  -10.814  -0.472 0.1428571492
51804  -26.484  -11.507  -0.348 0.1428571492
52739  -26.738  -10.682  -0.609 0.2857142985
52740  -27.782  -10.460  -0.598 0.1428571492
52753  -27.016  -9.848  -0.916 0.2857142985
53612  -29.836  -9.532  -0.880 0.2857142985
56334  -31.262  -6.572  -1.369 0.4285714328
56336  -32.771  -6.694  -2.269 0.4285714328
65197  -35.320  4.691  -2.044 0.2857142985
66926  -34.734  6.257  -1.540 0.2857142985
66091  -35.864  5.853  -2.840 0.2857142985
69238  -31.308  9.526  -4.415 0.2857142985
70025  -32.185  10.595  -4.500 0.2857142985
70026  -32.714  11.257  -4.522 0.2857142985
70754  -32.369  11.518  -5.655 0.4285714328
52752  -25.973  -10.015  -0.860 0.1428571492
53611  -28.972  -9.522  -0.805 0.1428571492
48615  -24.832  -15.020  1.771 0.1428571492
49379  -24.797  -13.749  0.841 0.1428571492
50889  -24.817  -12.502  0.342 0.1428571492
52751  -25.233  -10.099  -0.687 0.1428571492
53609  -26.239  -9.128  -1.244 0.2857142985
53610  -27.402  -9.057  -1.161 0.2857142985
109924  -28.363  -8.937  -1.036 0.2857142985
54535  -30.262  -8.886  -1.024 0.2857142985
103807  -31.312  -8.360  -1.433 0.4285714328
55468  -30.760  -7.427  -1.187 0.4285714328
110372  -30.356  -6.472  -1.394 0.2857142985
64377  -35.518  3.388  -2.327 0.2857142985
65195  -34.040  4.643  -1.241 0.2857142985
66076  -35.217  5.549  -1.772 0.2857142985
66925  -33.777  6.158  -1.460 0.2857142985
67698  -34.202  7.013  -1.631 0.2857142985
67708  -34.690  7.820  -1.838 0.2857142985
69229  -32.528  9.273  -3.278 0.2857142985
68463  -31.159  8.690  -3.997 0.2857142985
69239  -32.138  9.915  -4.027 0.2857142985
54534  -29.289  -8.685  -1.005 0.2857142985
108025  -34.495  4.054  -1.327 0.2857142985
66074  -33.451  5.294  -1.391 0.2857142985
65194  -33.132  4.469  -1.395 0.2857142985
66937  -33.068  6.904  -1.910 0.2857142985
67722  -32.070  7.898  -2.935 0.2857142985
67707  -33.735  7.793  -1.911 0.2857142985
67706  -32.822  7.807  -2.380 0.2857142985
68464  -31.922  8.565  -3.380 0.2857142985
69222  -33.102  9.048  -2.698 0.2857142985
66936  -32.207  6.303  -2.353 0.2857142985
66935  -31.594  6.534  -2.817 0.2857142985
67705  -32.104  7.150  -2.643 0.2857142985
55469  -31.681  -7.506  -1.503 0.4285714328
55470  -32.286  -7.634  -2.153 0.4285714328
49382  -26.769  -14.080  0.966 0.1428571492
116201  -30.703  -8.312  -1.122 0.4285714328
48616  -26.392  -15.224  2.131 0.1428571492
48597  -25.177  -15.734  2.308 0.1428571492
101373  -32.861  9.982  -3.454 0.2857142985
68453  -32.616  8.528  -2.795 0.2857142985
110984  -28.048  -9.660  -0.800 0.1428571492
115046  -25.632  -11.566  -0.221 0.1428571492
50899  -25.223  -12.015  0.045 0.1428571492
46943  -24.842  -16.904  3.085 0.1428571492
50888  -24.220  -12.306  0.435 0.1428571492
50132  -25.621  -12.756  0.230 0.1428571492
69228  -31.809  9.188  -3.814 0.2857142985
108161  -29.967  -7.977  -1.041 0.4285714328
107422  -31.353  7.095  -3.134 0.2857142985
57140  -31.150  -5.023  -1.706 0.2857142985
57124  -31.681  -5.767  -1.510 0.2857142985
74305  -38.003  15.966  -0.948 0.1428571492
102314  -37.901  15.191  -1.185 0.1428571492
73541  -37.410  15.445  -2.476 0.1428571492
73555  -38.176  15.836  -4.796 0.1428571492
73556  -38.333  15.082  -4.200 0.1428571492
114133  -38.482  16.606  -0.807 0.1428571492
73548  -37.691  15.532  -3.648 0.1428571492
75093  -36.314  17.058  -4.137 0.1428571492
75061  -36.141  17.862  -1.808 0.1428571492
116919  -32.775  -4.816  -1.644 0.2857142985
107349  -32.260  -4.041  -1.684 0.2857142985
72814  -38.571  14.372  -3.521 0.1428571492
72797  -38.283  14.577  -1.285 0.1428571492
73562  -38.750  15.290  -5.462 0.1428571492
72813  -38.015  14.914  -2.984 0.1428571492
73561  -38.524  16.025  -6.117 0.1428571492
74330  -37.135  16.848  -4.678 0.1428571492
74315  -36.602  16.520  -2.584 0.1428571492
75076  -36.339  17.135  -2.129 0.1428571492
75086  -36.121  16.935  -3.081 0.1428571492
75085  -35.718  17.453  -3.577 0.1428571492
75791  -35.368  18.067  -4.032 0.1428571492
75092  -36.017  17.734  -4.624 0.1428571492
74331  -37.940  16.567  -5.317 0.1428571492
56335  -32.144  -6.639  -1.604 0.2857142985
73530  -37.450  15.615  -1.517 0.1428571492
74304  -37.306  16.427  -1.393 0.1428571492
72796  -37.716  14.859  -1.846 0.1428571492
74324  -37.396  16.163  -4.216 0.1428571492
74316  -37.065  15.986  -3.093 0.1428571492
74323  -36.692  16.504  -3.647 0.1428571492
72806  -38.314  14.162  -2.252 0.1428571492
114135  -31.553  5.052  -2.629 0.1428571492
66073  -32.607  5.071  -1.740 0.1428571492
66089  -32.130  5.497  -2.253 0.1428571492
67721  -31.351  7.853  -3.442 0.1428571492
104648  -28.801  8.187  -4.768 0.1428571492
107963  -29.601  8.390  -4.648 0.1428571492
108512  -33.773  3.855  -1.166 0.1428571492
68462  -30.693  8.036  -3.923 0.1428571492
69251  -29.251  9.552  -5.415 0.1428571492
101222  -29.031  10.100  -5.766 0.2857142985
60268  -34.405  -1.834  -1.634 0.2857142985
60266  -32.840  -1.280  -1.529 0.1428571492
63582  -32.481  1.988  -1.365 0.1428571492
105738  -32.849  2.769  -1.179 0.1428571492
64375  -31.884  3.659  -2.022 0.1428571492
65257  -36.616  4.372  -9.360 0.1428571492
66107  -30.941  5.317  -3.142 0.1428571492
69237  -30.667  9.182  -4.601 0.1428571492
70040  -31.105  10.462  -5.963 0.1428571492
99219  -29.764  9.963  -5.683 0.1428571492
70038  -29.503  10.419  -6.462 0.2857142985
70765  -31.216  11.464  -7.138 0.2857142985
72838  -29.275  14.153  -7.213 0.2857142985
72819  -28.761  13.932  -5.670 0.2857142985
73566  -29.874  15.564  -7.146 0.2857142985
77032  -30.727  20.668  -4.211 0.1428571492
72805  -29.983  15.169  -2.401 0.1428571492
70055  -30.796  10.729  -6.950 0.2857142985
71484  -31.495  12.287  -7.365 0.2857142985
72168  -32.547  13.635  -7.068 0.2857142985
72177  -30.435  13.065  -8.156 0.2857142985
72167  -29.193  13.290  -7.321 0.2857142985
115025  -32.192  14.662  -7.759 0.2857142985
72176  -29.793  13.605  -7.847 0.2857142985
72155  -28.840  13.711  -6.610 0.2857142985
73576  -31.014  15.749  -7.751 0.2857142985
74336  -29.954  16.623  -6.091 0.1428571492
72811  -28.742  14.188  -4.662 0.2857142985
75083  -31.372  17.213  -3.835 0.1428571492
74313  -32.205  16.670  -2.567 0.1428571492
72144  -28.226  13.426  -4.983 0.1428571492
71463  -27.754  12.669  -4.881 0.1428571492
72827  -29.135  14.420  -6.327 0.2857142985
73560  -29.923  15.821  -5.678 0.1428571492
73559  -29.487  15.129  -6.019 0.2857142985
73554  -30.434  15.773  -4.699 0.1428571492
73545  -30.088  15.294  -4.027 0.1428571492
69249  -27.722  9.752  -5.066 0.2857142985
72131  -27.907  14.213  -3.206 0.1428571492
72795  -30.193  15.149  -1.624 0.1428571492
72804  -28.518  14.508  -2.663 0.1428571492
68461  -26.526  8.816  -4.165 0.1428571492
118572  -37.246  4.904  -8.800 0.1428571492
62768  -33.292  1.495  -0.972 0.1428571492
63591  -31.557  3.068  -2.333 0.1428571492
65258  -37.487  4.333  -8.280 0.1428571492
64386  -31.302  3.679  -2.682 0.1428571492
66106  -30.314  5.620  -3.571 0.1428571492
66959  -29.229  6.190  -4.276 0.1428571492
66947  -29.920  6.417  -3.838 0.1428571492
67733  -28.665  7.406  -4.578 0.1428571492
68477  -30.365  8.542  -4.412 0.1428571492
69250  -28.551  9.584  -5.323 0.1428571492
70037  -28.346  10.302  -5.469 0.2857142985
70764  -30.474  11.408  -7.442 0.1428571492
70763  -29.666  11.684  -7.443 0.1428571492
70777  -30.378  12.263  -7.757 0.2857142985
71483  -29.079  12.456  -7.228 0.1428571492
111267  -29.750  12.700  -7.743 0.1428571492
72803  -27.985  14.116  -2.266 0.1428571492
103125  -28.605  14.458  -3.663 0.1428571492
108655  -29.424  14.932  -3.152 0.1428571492
103855  -30.415  16.523  -5.267 0.1428571492
72794  -29.268  14.811  -1.917 0.1428571492
73538  -30.302  15.437  -3.092 0.1428571492
109401  -37.054  3.464  -8.712 0.1428571492
64425  -37.646  3.702  -7.778 0.1428571492
72179  -31.995  13.928  -7.834 0.2857142985
107440  -31.105  15.012  -7.964 0.2857142985
73539  -30.923  15.766  -3.013 0.1428571492
74335  -29.673  15.823  -6.515 0.2857142985
75072  -31.876  17.122  -3.174 0.1428571492
71475  -32.753  12.341  -5.874 0.2857142985
61923  -33.738  0.714  -1.084 0.1428571492
61934  -31.951  0.552  -1.761 0.1428571492
64366  -33.597  3.091  -0.977 0.1428571492
62812  -38.858  1.351  -6.002 0.1428571492
71485  -32.248  12.745  -6.806 0.2857142985
70024  -31.476  10.268  -4.865 0.1428571492
70041  -31.877  10.870  -5.317 0.1428571492
70753  -31.575  11.060  -6.377 0.1428571492
65204  -31.673  4.345  -2.397 0.1428571492
66948  -30.873  6.296  -3.253 0.1428571492
67720  -30.564  7.253  -3.655 0.1428571492
65213  -30.315  4.670  -3.620 0.1428571492
65214  -31.077  4.449  -2.996 0.1428571492
111560  -29.834  7.213  -4.063 0.1428571492
67735  -30.088  7.836  -4.205 0.1428571492
68476  -29.021  8.923  -5.123 0.1428571492
69236  -29.889  9.229  -4.985 0.1428571492
69252  -30.616  9.887  -5.248 0.1428571492
63592  -32.121  2.882  -1.728 0.1428571492
70039  -30.298  10.299  -6.371 0.2857142985
70054  -29.965  10.753  -7.168 0.2857142985
70778  -30.886  12.021  -7.560 0.2857142985
70766  -31.979  11.826  -6.602 0.2857142985
99535  -29.418  15.023  -6.914 0.2857142985
73575  -30.444  15.243  -7.705 0.2857142985
72820  -29.282  14.558  -5.351 0.2857142985
71493  -31.027  12.671  -8.033 0.2857142985
71494  -31.734  13.108  -7.727 0.2857142985
110222  -30.389  13.831  -8.173 0.2857142985
72178  -31.150  13.573  -8.241 0.2857142985
72154  -28.434  13.222  -6.075 0.1428571492
72853  -30.730  14.436  -8.122 0.2857142985
75073  -32.449  17.426  -2.892 0.1428571492
72812  -29.400  14.741  -4.321 0.2857142985
70752  -29.167  11.014  -6.955 0.1428571492
53607  -25.020  -8.886  -1.058 0.1428571492
54532  -26.935  -8.273  -1.571 0.1428571492
55465  -25.056  -7.641  -1.577 0.1428571492
55475  -25.337  -7.041  -1.964 0.1428571492
56344  -25.774  -6.546  -2.385 0.1428571492
55476  -26.234  -7.613  -1.868 0.1428571492
57136  -26.392  -5.991  -2.753 0.1428571492
55466  -27.062  -7.467  -1.926 0.1428571492
110705  -29.031  -7.778  -1.304 0.1428571492
56346  -27.387  -5.999  -2.605 0.1428571492
56347  -28.344  -6.230  -2.226 0.1428571492
56333  -29.680  -7.029  -1.362 0.1428571492
56348  -29.198  -6.337  -1.833 0.1428571492
116659  -29.760  -6.392  -1.563 0.1428571492
57150  -26.237  -5.270  -3.127 0.1428571492
57152  -27.679  -5.135  -3.063 0.1428571492
57122  -29.811  -5.764  -1.786 0.1428571492
108290  -30.709  -4.458  -2.045 0.1428571492
58676  -31.451  -3.513  -1.997 0.1428571492
58666  -32.835  -3.384  -1.613 0.1428571492
55467  -27.975  -7.734  -1.601 0.1428571492
54528  -24.755  -7.985  -1.237 0.1428571492
54545  -25.512  -7.658  -1.730 0.1428571492
72138  -27.977  14.041  -4.018 0.1428571492
110642  -33.265  -2.840  -1.573 0.1428571492
57123  -30.771  -5.748  -1.532 0.1428571492
54531  -25.870  -8.302  -1.554 0.1428571492
104491  -25.461  -8.803  -1.260 0.1428571492
107177  -28.517  -8.308  -1.235 0.1428571492
57139  -30.302  -5.003  -1.950 0.1428571492
54530  -25.248  -8.256  -1.401 0.1428571492
56331  -24.794  -6.501  -1.945 0.1428571492
106592  -25.813  -7.136  -2.062 0.1428571492
56345  -26.589  -6.808  -2.282 0.1428571492
55477  -27.676  -6.876  -2.101 0.1428571492
57137  -28.185  -5.567  -2.636 0.1428571492
57151  -26.909  -5.401  -3.036 0.1428571492
56332  -28.659  -6.991  -1.741 0.1428571492
100537  -28.935  -5.622  -2.315 0.1428571492
105622  -25.250  -5.637  -2.641 0.1428571492
54521  -24.687  -8.853  -0.870 0.1428571492
48598  -26.072  -15.820  2.552 0.2857142985
50900  -26.111  -12.209  -0.102 0.1428571492
52742  -30.053  -10.793  -0.739 0.2857142985
52746  -38.435  -10.487  -0.273 0.1428571492
52777  -40.486  -10.766  -4.814 0.1428571492
52782  -42.371  -10.000  -5.418 0.1428571492
52783  -40.778  -9.722  -5.763 0.1428571492
53627  -43.241  -9.494  -3.345 0.1428571492
53634  -43.261  -9.559  -4.251 0.1428571492
54529  -24.934  -8.321  -1.225 0.1428571492
54533  -27.855  -8.459  -1.323 0.1428571492
54561  -32.875  -9.187  -5.529 0.7142857313
54566  -42.843  -8.771  -4.681 0.1428571492
54575  -37.570  -8.642  -6.377 0.4285714328
55481  -31.937  -8.798  -4.247 0.5714285970
56337  -33.382  -5.989  -2.366 0.5714285970
56355  -32.728  -6.872  -6.403 0.7142857313
56362  -37.873  -6.933  -6.699 0.5714285970
56366  -40.407  -6.999  -6.074 0.2857142985
56369  -37.027  -6.711  -7.038 0.7142857313
57141  -34.098  -5.459  -2.605 0.4285714328
57142  -34.864  -4.813  -2.928 0.5714285970
57163  -38.890  -6.149  -6.480 0.4285714328
57164  -39.610  -6.012  -6.347 0.4285714328
57907  -31.994  -4.931  -1.545 0.2857142985
57909  -34.140  -3.976  -1.800 0.4285714328
57922  -34.694  -4.062  -2.266 0.4285714328
57948  -38.038  -5.833  -6.688 0.7142857313
57954  -36.788  -5.405  -7.356 0.7142857313
58668  -34.456  -3.397  -1.842 0.4285714328
58677  -32.080  -3.236  -1.778 0.1428571492
58679  -35.367  -3.441  -3.201 0.7142857313
58691  -35.136  -4.140  -3.626 0.7142857313
59469  -34.035  -2.726  -1.575 0.1428571492
59484  -35.530  -2.762  -3.659 0.7142857313
59511  -35.086  -2.486  -5.178 0.8571428657
59538  -34.395  -2.711  -8.630 0.8571428657
60280  -31.971  -1.134  -1.844 0.1428571492
60282  -35.575  -2.049  -3.175 0.5714285970
60310  -34.718  -2.221  -6.062 0.8571428657
60322  -34.319  -1.953  -6.989 0.8571428657
60329  -33.607  -2.313  -8.950 0.8571428657
61096  -34.484  -1.092  -6.752 0.8571428657
61097  -39.061  -0.382  -7.178 0.4285714328
61098  -39.659  -0.967  -6.713 0.4285714328
61107  -37.624  -0.396  -8.274 0.4285714328
61922  -32.806  0.092  -1.383 0.1428571492
61956  -35.644  0.343  -4.118 0.5714285970
61977  -34.691  -0.162  -6.367 0.8571428657
61993  -32.343  0.156  -9.809 1.0000000000
61994  -33.702  -0.282  -10.369 0.8571428657
62767  -32.628  1.020  -1.316 0.1428571492
62777  -35.103  1.515  -1.468 0.5714285970
62799  -35.521  1.647  -4.505 0.5714285970
62834  -37.245  1.131  -8.550 0.4285714328
63583  -33.591  2.274  -0.892 0.1428571492
63584  -34.690  2.341  -1.104 0.2857142985
63643  -32.944  2.261  -9.547 0.8571428657
63650  -33.108  2.984  -9.935 0.8571428657
64367  -34.515  3.275  -1.139 0.1428571492
64368  -35.097  3.856  -1.722 0.2857142985
64376  -32.764  3.587  -1.418 0.1428571492
64387  -35.733  3.642  -3.835 0.8571428657
64418  -34.498  3.276  -6.431 0.8571428657
64430  -33.091  3.760  -9.719 0.7142857313
65196  -34.822  4.703  -1.541 0.2857142985
65205  -32.309  4.340  -1.832 0.1428571492
65206  -35.637  4.616  -2.762 0.2857142985
65226  -35.608  4.096  -4.420 0.5714285970
65236  -34.880  4.085  -6.071 1.0000000000
65244  -34.626  4.767  -6.776 1.0000000000
66075  -34.398  5.436  -1.386 0.2857142985
66088  -31.528  5.833  -2.736 0.2857142985
66090  -35.621  5.343  -2.454 0.5714285970
66109  -36.031  5.967  -3.383 0.8571428657
66924  -32.840  5.893  -1.748 0.2857142985
66938  -35.736  6.886  -2.203 0.4285714328
66960  -36.268  6.492  -3.814 0.8571428657
66966  -35.254  5.598  -6.243 0.8571428657
67734  -29.393  7.651  -4.434 0.1428571492
67736  -36.441  7.179  -4.377 1.0000000000
67741  -36.191  7.347  -5.953 1.0000000000
67781  -34.563  7.614  -11.648 0.2857142985
68454  -33.386  8.494  -2.341 0.4285714328
68457  -35.783  8.573  -2.438 0.4285714328
68478  -36.598  8.645  -3.623 1.0000000000
68521  -35.107  8.468  -11.127 0.5714285970
68522  -36.008  9.261  -10.580 0.1428571492
69223  -33.804  9.165  -2.469 0.2857142985
69225  -35.565  9.353  -2.590 0.8571428657
69230  -33.326  9.650  -2.932 0.2857142985
69231  -35.608  10.373  -3.027 0.5714285970
69232  -36.196  9.694  -3.085 0.5714285970
69253  -36.660  9.598  -5.362 0.8571428657
70015  -32.756  10.594  -3.858 0.4285714328
70036  -27.817  10.515  -5.119 0.1428571492
70043  -36.790  11.343  -6.830 0.5714285970
70077  -38.008  11.413  -8.990 0.1428571492
70078  -38.554  11.255  -8.986 0.1428571492
70728  -35.835  11.739  -3.886 1.0000000000
71482  -28.453  12.408  -6.527 0.1428571492
71496  -38.808  12.836  -7.688 0.1428571492
72145  -35.160  13.035  -4.714 0.8571428657
72166  -28.730  13.038  -6.798 0.1428571492
72852  -29.915  14.579  -7.661 0.2857142985
72854  -31.513  14.438  -8.049 0.2857142985
73526  -30.786  15.465  -2.253 0.1428571492
73547  -31.172  16.131  -3.369 0.1428571492
73553  -29.914  15.118  -5.048 0.2857142985
75099  -36.795  17.484  -5.176 0.1428571492
75104  -36.130  18.199  -7.460 0.2857142985
75106  -31.466  17.166  -7.348 0.7142857313
75112  -37.499  17.442  -7.851 0.2857142985
75803  -33.582  18.711  -7.274 0.4285714328
75804  -34.144  18.850  -6.848 0.2857142985
76435  -31.066  19.341  -4.180 0.1428571492
76437  -33.793  19.776  -3.604 0.1428571492
76439  -30.571  19.730  -4.885 0.2857142985
76442  -30.459  19.900  -5.601 0.2857142985
76445  -30.760  19.977  -6.325 0.2857142985
76447  -32.731  20.080  -6.932 0.4285714328
77015  -32.140  20.401  -3.121 0.1428571492
77034  -33.125  21.341  -3.155 0.1428571492
77041  -32.402  21.446  -6.136 0.2857142985
77043  -31.129  20.839  -6.491 0.4285714328
77044  -31.740  20.685  -6.856 0.4285714328
77045  -32.305  20.771  -6.761 0.4285714328
77643  -31.583  22.108  -3.447 0.1428571492
77644  -32.555  22.195  -3.389 0.1428571492
77645  -33.164  21.891  -3.787 0.1428571492
77653  -30.525  22.229  -4.584 0.2857142985
77654  -32.598  22.557  -4.568 0.1428571492
77655  -32.520  22.156  -5.372 0.2857142985
77656  -31.008  21.730  -6.057 0.4285714328
77657  -31.451  22.110  -6.027 0.2857142985
77658  -31.890  22.295  -5.915 0.2857142985
78193  -31.080  22.701  -4.203 0.1428571492
78194  -31.950  22.909  -3.960 0.1428571492
78205  -30.853  22.876  -5.074 0.2857142985
78206  -31.586  23.218  -4.767 0.2857142985
78207  -32.139  23.071  -4.508 0.1428571492
78211  -31.083  22.535  -5.649 0.2857142985
78213  -31.975  22.996  -5.275 0.2857142985
78214  -31.517  22.709  -5.658 0.2857142985
99855  -35.135  6.948  -12.573 0.1428571492
99884  -33.092  18.506  -7.399 0.2857142985
99888  -35.539  -0.307  -4.548 0.5714285970
101514  -35.575  0.066  -2.639 0.5714285970
101633  -33.731  19.587  -6.273 0.2857142985
101755  -41.473  -7.942  -5.645 0.1428571492
102329  -30.222  -13.270  2.077 0.2857142985
102571  -35.697  -1.284  -3.465 0.5714285970
102572  -33.927  5.128  -10.788 0.4285714328
104090  -30.552  18.208  -6.409 0.2857142985
104663  -39.138  -9.454  -5.594 0.2857142985
105154  -38.665  -5.686  -6.537 0.5714285970
105568  -40.788  -2.064  -5.255 0.1428571492
105934  -30.278  17.260  -5.644 0.2857142985
106251  -32.720  -1.548  -9.658 1.0000000000
106462  -30.287  18.330  -5.932 0.2857142985
107125  -30.516  21.918  -5.327 0.2857142985
107623  -36.623  7.992  -4.007 0.8571428657
108682  -35.246  2.927  -1.651 0.4285714328
108768  -36.409  9.952  -13.597 0.1428571492
109473  -34.601  0.180  -1.382 0.4285714328
109797  -35.674  6.095  -2.298 0.2857142985
110630  -37.408  10.566  -9.702 0.1428571492
110917  -35.776  2.958  -3.987 0.4285714328
110952  -35.436  4.074  -2.339 0.4285714328
111198  -36.143  8.168  -2.625 0.7142857313
112285  -32.621  0.895  -9.437 0.8571428657
112715  -33.236  -6.687  -2.827 0.4285714328
113097  -35.604  7.330  -7.564 0.8571428657
113359  -35.500  -1.456  -2.685 0.4285714328
113981  -41.238  -6.112  0.690 0.1428571492
114224  -31.444  21.429  -6.414 0.2857142985
114787  -33.097  21.865  -4.652 0.1428571492
115194  -30.411  21.524  -4.553 0.2857142985
115572  -40.968  -9.096  -5.928 0.2857142985
115644  -31.705  7.495  -3.033 0.2857142985
116119  -31.483  19.145  -7.063 0.4285714328
116125  -32.045  4.864  -2.188 0.1428571492
116546  -36.553  13.021  -6.030 0.5714285970
116961  -30.339  16.577  -7.074 0.4285714328
117369  -33.516  17.467  -7.782 0.5714285970
117458  -35.764  5.071  -3.933 0.5714285970
117616  -34.128  2.744  -0.897 0.1428571492
