#!ascii label  , from subject sub-v2s0x29012_ses-1 vox2ras=TkReg
704
14620  23.618  -51.697  -0.759 0.6000000238
15271  25.348  -50.618  7.966 0.6999999881
113058  25.753  -50.736  6.705 0.6999999881
14530  26.807  -50.827  4.735 0.8999999762
14549  26.018  -50.638  3.656 0.8000000119
14567  24.692  -50.752  2.011 0.8000000119
113813  23.242  -51.438  -0.036 0.6000000238
106644  23.168  -51.606  -1.559 0.6999999881
15351  22.867  -51.247  -3.043 0.6999999881
16009  24.907  -49.658  7.330 0.6999999881
15265  24.947  -50.624  8.849 0.6999999881
15276  25.316  -50.264  6.913 0.6999999881
15281  24.999  -50.007  5.886 0.6000000238
117401  25.218  -50.144  5.241 0.6999999881
15285  25.598  -50.390  4.960 0.6999999881
15302  23.801  -50.112  2.446 0.8000000119
14550  25.098  -50.497  3.087 0.8000000119
15309  24.032  -50.568  2.016 0.8000000119
15317  23.303  -51.064  0.734 0.6000000238
15327  22.622  -51.052  -1.058 0.6000000238
16087  22.438  -50.610  -3.156 0.6999999881
16092  23.717  -50.403  -3.816 0.6999999881
16005  24.883  -49.879  8.181 0.5000000000
15994  24.515  -49.875  9.214 0.6000000238
16742  24.750  -48.799  6.362 0.4000000060
16013  24.862  -49.545  6.527 0.6000000238
16019  24.726  -49.334  5.668 0.5000000000
15286  24.856  -49.761  5.000 0.6000000238
16031  24.535  -49.704  4.014 0.8000000119
15294  24.255  -50.016  3.201 0.6999999881
16045  23.272  -49.912  1.811 0.6999999881
16055  22.572  -49.941  0.388 0.6999999881
16817  22.157  -49.233  -1.604 0.5000000000
16076  22.103  -50.109  -2.500 0.6000000238
16835  22.465  -49.505  -4.065 0.6000000238
16093  22.996  -50.032  -4.111 0.6000000238
16834  24.316  -49.466  -4.214 0.5000000000
17458  25.057  -47.569  7.754 0.5000000000
114812  24.606  -48.768  8.569 0.6000000238
15995  24.021  -49.403  9.927 0.6000000238
16734  24.865  -48.336  7.207 0.5000000000
16025  24.243  -48.967  3.983 0.5000000000
16769  23.863  -48.531  3.352 0.6000000238
16776  23.333  -48.262  2.186 0.6000000238
16793  22.654  -48.790  0.538 0.6000000238
117155  22.532  -48.562  -0.123 0.5000000000
113823  22.271  -48.085  -1.746 0.5000000000
16829  22.048  -48.994  -2.710 0.6000000238
98289  22.170  -48.777  -3.684 0.6000000238
105645  23.409  -48.405  -4.730 0.5000000000
17565  24.335  -48.062  -4.848 0.5000000000
17557  25.309  -47.972  -4.001 0.5000000000
17558  24.732  -48.518  -4.480 0.5000000000
100628  24.504  -48.247  9.040 0.5000000000
16711  23.994  -48.426  9.898 0.5000000000
105357  24.881  -48.002  6.316 0.5000000000
17470  24.920  -47.561  5.555 0.4000000060
18252  24.666  -46.414  4.249 0.3000000119
17475  24.372  -47.237  4.142 0.4000000060
99639  23.751  -46.719  2.780 0.3000000119
18267  24.149  -46.594  3.547 0.3000000119
17487  23.879  -47.532  3.329 0.5000000000
17502  23.540  -47.491  2.479 0.5000000000
18291  23.007  -47.137  0.797 0.5000000000
17526  22.690  -47.839  0.102 0.5000000000
17538  22.565  -47.413  -0.801 0.5000000000
17553  22.174  -47.708  -2.930 0.6000000238
112242  22.873  -47.871  -4.568 0.5000000000
17566  23.615  -47.526  -4.810 0.5000000000
17564  25.149  -47.607  -4.691 0.5000000000
17450  24.763  -47.413  8.747 0.5000000000
17457  25.346  -46.990  7.227 0.5000000000
18235  25.552  -46.541  6.531 0.5000000000
18243  25.280  -46.790  5.675 0.4000000060
19021  24.969  -45.620  4.188 0.4000000060
18266  24.428  -45.930  3.707 0.3000000119
98050  23.810  -45.287  2.192 0.3000000119
18290  23.318  -46.547  1.442 0.4000000060
18299  22.882  -46.865  -0.032 0.5000000000
18308  22.745  -46.591  -0.775 0.4000000060
17567  22.797  -46.969  -4.401 0.5000000000
19112  22.979  -45.424  -4.137 0.5000000000
18338  23.638  -46.622  -4.769 0.5000000000
18336  25.549  -46.705  -4.754 0.5000000000
18337  24.653  -47.056  -4.920 0.5000000000
18221  24.777  -46.428  9.067 0.5000000000
18228  25.672  -46.103  7.511 0.5000000000
18997  25.913  -45.787  6.553 0.5000000000
18242  25.644  -46.179  5.860 0.4000000060
19020  25.619  -45.213  4.781 0.4000000060
97610  24.675  -44.502  3.278 0.3000000119
19047  24.238  -44.938  2.789 0.3000000119
19063  23.443  -45.477  1.319 0.4000000060
19074  23.203  -45.535  0.391 0.4000000060
19084  23.115  -45.230  -0.351 0.4000000060
18298  23.139  -46.255  0.630 0.4000000060
19075  23.000  -46.045  -0.209 0.4000000060
19085  22.817  -45.841  -1.188 0.5000000000
19098  22.527  -45.976  -2.223 0.5000000000
18325  22.327  -46.660  -2.735 0.6000000238
19111  23.613  -45.770  -4.631 0.4000000060
111944  24.361  -46.228  -4.910 0.5000000000
114801  26.148  -45.287  7.326 0.4000000060
19768  26.227  -44.661  5.438 0.4000000060
19754  26.366  -44.982  6.409 0.4000000060
19785  25.773  -44.459  4.644 0.4000000060
118253  25.066  -44.056  3.604 0.4000000060
19808  24.380  -44.274  2.722 0.4000000060
20605  23.913  -43.696  1.639 0.4000000060
116792  23.700  -44.937  1.760 0.4000000060
19832  23.347  -44.705  0.497 0.4000000060
19843  23.031  -44.894  -1.233 0.5000000000
19853  22.875  -44.638  -2.126 0.5000000000
19862  22.740  -44.547  -2.986 0.6000000238
19868  23.084  -44.506  -3.726 0.5000000000
19875  23.584  -44.908  -4.431 0.4000000060
110961  26.179  -44.808  7.860 0.4000000060
117893  26.580  -44.495  6.047 0.4000000060
18990  26.482  -44.569  7.283 0.4000000060
20549  26.205  -43.742  4.963 0.4000000060
20576  24.715  -43.773  3.062 0.4000000060
99577  23.573  -43.885  0.880 0.4000000060
99869  23.427  -43.957  0.179 0.4000000060
19842  23.246  -44.373  -0.453 0.4000000060
19852  23.223  -43.930  -1.441 0.5000000000
20647  23.061  -43.910  -2.503 0.4000000060
20654  23.043  -43.928  -3.186 0.6000000238
20517  26.640  -43.785  7.335 0.4000000060
20548  26.727  -43.158  5.730 0.4000000060
20566  26.331  -42.786  4.943 0.4000000060
19796  25.531  -43.911  4.168 0.4000000060
21433  24.772  -42.802  2.778 0.4000000060
21452  24.378  -42.383  2.092 0.4000000060
21469  24.074  -42.542  1.440 0.5000000000
117205  24.018  -43.118  1.541 0.4000000060
21483  23.824  -42.578  0.637 0.3000000119
21497  23.655  -42.612  -0.276 0.3000000119
113618  23.438  -43.526  -0.461 0.4000000060
20646  23.388  -43.173  -2.124 0.4000000060
21515  23.468  -42.620  -2.651 0.4000000060
98052  23.221  -43.243  -2.952 0.5000000000
19747  26.238  -44.149  7.934 0.4000000060
20567  25.747  -43.111  4.291 0.4000000060
21432  25.418  -42.500  3.695 0.4000000060
106800  24.675  -41.921  2.427 0.3000000119
22375  24.346  -41.659  1.722 0.3000000119
22376  24.022  -41.853  0.917 0.3000000119
104989  23.851  -41.983  0.221 0.3000000119
112292  23.673  -42.257  -1.041 0.3000000119
98996  23.642  -42.289  -1.890 0.4000000060
22424  23.698  -41.924  -2.719 0.4000000060
21397  26.806  -42.607  6.543 0.3000000119
21419  26.311  -41.961  4.895 0.3000000119
21420  25.909  -42.388  4.371 0.3000000119
22342  25.769  -41.584  4.067 0.3000000119
22353  25.145  -41.760  3.112 0.3000000119
22364  24.817  -41.021  2.416 0.3000000119
22388  24.204  -41.188  1.078 0.4000000060
23245  24.279  -40.502  0.803 0.4000000060
22389  24.077  -41.215  0.285 0.3000000119
101972  23.972  -40.921  -0.453 0.3000000119
22416  23.749  -41.716  -1.334 0.3000000119
99075  23.791  -41.292  -2.054 0.4000000060
101968  23.862  -41.216  -2.818 0.4000000060
23287  24.134  -40.714  -3.195 0.4000000060
23233  24.475  -40.753  1.573 0.4000000060
24109  24.330  -39.597  0.475 0.4000000060
23246  24.156  -40.364  -0.030 0.4000000060
23256  23.895  -40.292  -0.832 0.3000000119
23266  23.815  -40.285  -1.752 0.4000000060
24135  23.876  -39.410  -1.978 0.4000000060
24145  24.070  -39.299  -2.613 0.4000000060
116980  23.929  -39.894  -2.391 0.4000000060
106829  24.122  -39.956  -2.875 0.4000000060
24110  24.085  -39.621  -0.424 0.4000000060
107717  24.006  -39.013  -0.802 0.5000000000
108720  23.921  -38.801  -1.471 0.4000000060
24927  23.958  -38.654  -2.255 0.4000000060
115399  24.339  -39.979  -3.257 0.3000000119
24934  24.153  -38.615  -2.865 0.3000000119
103707  23.916  -51.576  0.290 0.6999999881
15292  25.394  -50.390  4.053 0.8000000119
110578  22.462  -50.363  -0.475 0.6000000238
15310  23.520  -50.539  1.562 0.6999999881
15311  22.929  -50.383  1.029 0.6999999881
16098  23.611  -49.628  -4.317 0.6000000238
16751  24.665  -48.480  5.432 0.4000000060
16761  24.225  -48.115  4.020 0.4000000060
16032  23.936  -49.463  3.179 0.6999999881
16039  23.209  -49.117  1.998 0.6999999881
16805  22.398  -49.361  -0.468 0.6999999881
18236  25.187  -47.257  6.374 0.5000000000
17515  22.865  -47.930  0.927 0.5000000000
113423  23.500  -46.866  2.095 0.4000000060
18316  22.452  -46.874  -1.750 0.6000000238
18339  22.589  -46.081  -3.923 0.5000000000
19104  22.643  -45.278  -3.472 0.6000000238
111543  24.219  -43.032  1.993 0.3000000119
21506  23.506  -42.969  -1.201 0.4000000060
21378  26.653  -42.919  7.329 0.4000000060
22403  23.825  -41.680  -0.530 0.3000000119
99863  23.804  -41.029  -1.157 0.3000000119
24122  23.882  -39.565  -1.210 0.3000000119
24154  24.271  -39.316  -3.093 0.3000000119
113482  28.229  -55.389  3.929 0.6000000238
11552  28.722  -55.236  3.495 0.6000000238
11590  29.891  -55.372  1.515 0.6000000238
117257  30.663  -55.157  1.631 0.6000000238
11574  25.921  -56.244  2.432 0.5000000000
104372  27.535  -55.631  3.899 0.6000000238
12374  28.125  -54.944  5.421 0.6999999881
11533  28.023  -55.316  4.696 0.6999999881
11554  27.220  -55.819  3.093 0.6000000238
109521  29.968  -53.941  4.128 0.6000000238
11551  29.205  -55.131  3.054 0.6000000238
118411  30.650  -53.737  3.375 0.6000000238
12391  30.729  -54.242  2.890 0.6000000238
113053  30.306  -55.040  2.290 0.6000000238
12390  31.427  -53.768  2.404 0.6000000238
13105  32.351  -52.995  1.153 0.6999999881
11535  25.979  -55.896  4.522 0.6000000238
12363  27.060  -55.117  6.197 0.6999999881
11555  25.760  -56.165  3.452 0.5000000000
11514  27.471  -55.284  5.445 0.6999999881
11534  27.059  -55.664  4.647 0.6999999881
13082  29.269  -53.327  5.141 0.6999999881
12372  29.377  -54.183  4.669 0.6999999881
13089  30.437  -53.295  3.822 0.5000000000
13810  31.483  -52.797  2.390 0.6000000238
13828  31.185  -51.907  2.061 0.6000000238
13827  31.765  -52.486  1.615 0.6999999881
14596  30.593  -51.442  0.514 0.6999999881
14595  31.415  -51.818  0.309 0.6999999881
14613  30.764  -51.565  -0.492 0.6999999881
16105  30.567  -49.835  -5.412 0.4000000060
14646  29.170  -51.405  -4.012 0.5000000000
107937  29.054  -51.272  -3.243 0.6000000238
14642  29.281  -51.423  -2.644 0.6000000238
101682  29.946  -51.420  -1.042 0.6999999881
11538  22.862  -55.553  4.815 0.5000000000
11517  24.645  -55.534  5.459 0.5000000000
11498  25.228  -55.222  6.190 0.6000000238
11536  24.348  -56.093  4.115 0.5000000000
12344  27.401  -54.428  6.693 0.6999999881
11516  25.601  -55.598  5.450 0.5000000000
11515  26.575  -55.528  5.445 0.6000000238
117020  28.105  -53.328  6.433 0.6999999881
13073  28.653  -53.475  5.837 0.6999999881
13789  28.906  -52.554  5.417 0.6999999881
13081  29.857  -53.235  4.517 0.6999999881
13811  30.923  -52.220  2.863 0.6000000238
14561  30.415  -51.509  2.422 0.6000000238
14597  29.592  -51.186  0.738 0.6999999881
14614  29.837  -51.323  -0.247 0.6999999881
99350  29.071  -51.350  -1.101 0.6999999881
14631  29.580  -51.476  -1.855 0.6000000238
98709  28.854  -51.270  -2.029 0.6000000238
12349  22.988  -54.676  6.922 0.5000000000
99090  21.111  -55.877  5.231 0.4000000060
12347  24.885  -54.791  6.879 0.5000000000
11500  23.300  -55.009  6.162 0.5000000000
11518  23.634  -55.438  5.349 0.5000000000
108874  25.507  -54.402  7.486 0.6000000238
12346  25.787  -54.827  6.856 0.6000000238
14500  27.280  -51.821  6.368 0.6999999881
12324  26.877  -54.018  7.356 0.6000000238
13769  27.547  -52.668  6.737 0.6999999881
13074  28.286  -52.631  6.026 0.6999999881
13788  29.483  -52.452  4.795 0.6999999881
14545  29.574  -51.435  3.716 0.6999999881
14544  30.300  -51.751  3.301 0.6999999881
14580  29.671  -51.145  1.825 0.6999999881
109330  28.953  -51.057  1.289 0.6999999881
14598  28.480  -51.212  0.393 0.8000000119
104086  29.060  -51.218  -0.174 0.6999999881
15349  28.879  -50.842  -2.969 0.5000000000
15337  28.448  -50.903  -2.175 0.6000000238
98308  28.108  -51.282  -1.527 0.6000000238
11502  21.628  -55.369  6.640 0.4000000060
12327  23.595  -54.326  7.615 0.6000000238
12348  23.924  -54.702  6.878 0.6000000238
13028  25.869  -53.318  8.254 0.6000000238
13048  26.562  -53.332  7.800 0.6000000238
14501  26.892  -51.907  6.916 0.6000000238
14514  27.136  -51.281  5.734 0.6999999881
14513  27.749  -51.937  5.962 0.6999999881
116863  27.548  -50.970  4.495 0.6999999881
14528  28.988  -51.763  4.924 0.6999999881
14565  26.491  -50.795  2.839 0.8000000119
14564  27.477  -50.833  2.997 0.8000000119
99669  27.878  -50.970  2.160 0.6000000238
14581  28.158  -51.114  1.301 0.6000000238
114210  27.750  -51.405  -0.258 0.8000000119
14615  28.312  -51.370  -0.656 0.6999999881
16826  28.904  -49.265  -2.139 0.5000000000
109094  28.719  -50.225  -2.487 0.6000000238
15338  27.544  -50.991  -1.703 0.6999999881
13051  23.160  -53.935  8.259 0.5000000000
12328  21.883  -54.688  7.922 0.4000000060
111571  20.602  -55.402  8.705 0.4000000060
13050  24.242  -53.776  8.323 0.5000000000
110114  22.667  -54.413  7.677 0.5000000000
13747  25.606  -52.615  8.560 0.6000000238
14489  26.321  -51.822  7.649 0.6000000238
14502  26.242  -51.153  6.650 0.6000000238
14515  26.322  -50.813  5.566 0.6999999881
14529  27.684  -51.269  5.249 0.8000000119
14548  27.025  -50.810  3.779 0.8000000119
114523  26.125  -50.889  2.018 0.6000000238
14583  26.303  -51.215  1.163 0.6000000238
14599  27.566  -51.313  0.479 0.6999999881
14617  26.956  -51.547  -0.366 0.6999999881
15339  26.573  -51.208  -1.581 0.6999999881
104318  27.876  -50.384  -1.806 0.6000000238
16073  26.913  -50.508  -1.679 0.6000000238
16815  26.413  -49.515  -1.418 0.6000000238
16072  28.239  -49.658  -1.768 0.6000000238
16814  27.373  -49.387  -1.321 0.6000000238
116244  24.395  -52.076  9.422 0.5000000000
13031  22.624  -53.601  8.825 0.5000000000
12310  21.541  -54.403  8.631 0.5000000000
12311  20.802  -54.737  9.037 0.5000000000
15264  25.307  -51.205  8.633 0.5000000000
13030  24.351  -53.119  8.934 0.5000000000
14490  25.730  -51.438  8.156 0.6000000238
14584  25.432  -51.057  1.555 0.6999999881
14618  25.355  -51.730  -0.368 0.6000000238
14634  25.210  -51.741  -1.361 0.6000000238
111327  26.047  -51.533  -1.403 0.6999999881
15340  24.847  -51.738  -2.160 0.6000000238
108699  25.627  -51.394  -1.793 0.6000000238
16074  26.101  -50.738  -1.875 0.6999999881
16813  28.374  -48.873  -1.329 0.5000000000
16803  26.841  -48.534  -0.624 0.4000000060
114059  23.933  -51.647  9.780 0.5000000000
101722  23.011  -52.165  9.831 0.5000000000
13732  22.067  -52.545  9.805 0.5000000000
13011  20.221  -53.449  9.964 0.5000000000
13012  19.398  -53.584  9.978 0.5000000000
13013  18.646  -53.931  9.749 0.5000000000
15342  23.359  -51.665  -2.511 0.6000000238
15341  24.143  -51.778  -2.705 0.6000000238
115222  24.759  -51.410  -2.683 0.4000000060
16075  25.436  -51.111  -2.305 0.5000000000
16816  25.651  -49.738  -1.845 0.4000000060
16804  26.051  -48.600  -0.921 0.4000000060
111290  24.084  -50.165  9.954 0.6000000238
14468  23.031  -51.352  10.196 0.5000000000
14454  22.240  -50.949  10.443 0.5000000000
13733  20.269  -52.474  10.184 0.5000000000
13734  19.551  -52.138  9.977 0.5000000000
13735  18.896  -52.902  9.778 0.5000000000
13748  18.330  -52.626  9.094 0.4000000060
116215  17.681  -52.929  7.948 0.5000000000
13065  17.062  -52.910  7.403 0.4000000060
13772  16.651  -52.538  6.711 0.4000000060
14493  14.887  -51.762  7.283 0.4000000060
16085  24.313  -51.080  -3.236 0.6000000238
16828  24.585  -50.024  -3.441 0.4000000060
16827  25.135  -49.340  -2.549 0.4000000060
17544  25.540  -48.501  -1.603 0.4000000060
15243  23.380  -49.937  10.375 0.5000000000
15245  21.502  -50.479  10.518 0.4000000060
15246  20.760  -50.695  10.404 0.4000000060
14470  19.570  -51.251  9.781 0.5000000000
15257  19.577  -50.419  9.382 0.4000000060
14482  18.645  -51.965  8.543 0.5000000000
14491  19.074  -51.329  7.963 0.4000000060
14503  19.197  -51.476  6.929 0.5000000000
13760  17.720  -52.759  7.211 0.5000000000
13770  18.178  -52.557  6.038 0.3000000119
13782  16.809  -52.407  5.786 0.3000000119
14518  15.946  -51.789  5.452 0.3000000119
16833  24.883  -48.935  -3.646 0.4000000060
15986  22.760  -49.417  10.606 0.5000000000
15987  22.005  -49.322  10.685 0.5000000000
103508  20.870  -50.008  10.440 0.4000000060
17436  24.265  -47.613  9.560 0.4000000060
17422  23.195  -48.116  10.459 0.4000000060
16695  21.684  -48.593  10.584 0.4000000060
17425  20.864  -47.830  9.920 0.4000000060
17437  23.888  -46.985  9.924 0.4000000060
18192  23.003  -47.135  10.343 0.4000000060
18193  21.955  -47.109  10.292 0.4000000060
110231  24.217  -45.828  9.494 0.4000000060
18210  21.535  -46.511  9.782 0.4000000060
18211  20.944  -46.777  9.450 0.4000000060
18223  20.520  -46.813  8.861 0.4000000060
18209  22.420  -46.331  10.051 0.4000000060
18974  24.833  -45.627  9.103 0.3000000119
18977  21.858  -45.728  9.587 0.4000000060
18222  21.014  -46.067  9.099 0.4000000060
18230  20.366  -46.129  8.195 0.4000000060
18982  25.267  -45.106  8.799 0.4000000060
18231  19.926  -46.570  7.401 0.4000000060
111216  19.754  -46.211  6.793 0.4000000060
19739  25.041  -44.303  8.778 0.3000000119
108781  24.302  -43.996  8.926 0.4000000060
19740  23.488  -44.099  9.054 0.4000000060
19741  22.565  -44.249  9.005 0.4000000060
19743  21.042  -44.830  8.316 0.4000000060
18985  20.496  -45.283  7.852 0.4000000060
19748  21.330  -44.106  8.040 0.3000000119
14602  24.737  -51.672  0.181 0.6000000238
14479  25.429  -51.894  8.736 0.5000000000
15350  23.524  -51.284  -3.210 0.6000000238
11570  29.346  -55.305  2.295 0.6000000238
15354  28.974  -50.695  -4.408 0.5000000000
16083  29.207  -49.619  -3.009 0.5000000000
106627  29.432  -51.536  -3.285 0.5000000000
113285  28.827  -51.003  -3.694 0.4000000060
14643  28.925  -51.160  -2.638 0.6000000238
11519  22.694  -55.307  5.542 0.5000000000
14563  28.643  -50.947  3.162 0.6999999881
104887  28.845  -50.955  2.113 0.6999999881
11483  21.446  -55.251  7.518 0.4000000060
99088  26.907  -50.942  2.071 0.6000000238
14582  27.262  -51.136  1.281 0.6000000238
14633  26.756  -51.532  -1.191 0.6999999881
14616  27.517  -51.503  -0.996 0.6999999881
14632  27.298  -51.315  -1.431 0.6999999881
14601  25.427  -51.483  0.612 0.6999999881
107596  26.173  -51.596  0.096 0.6999999881
105190  26.096  -51.669  -0.840 0.6999999881
13009  22.857  -52.931  9.344 0.5000000000
13010  21.963  -53.303  9.346 0.5000000000
12294  20.248  -54.315  9.626 0.4000000060
14635  24.101  -51.893  -1.773 0.6000000238
13762  15.258  -52.431  7.890 0.3000000119
16084  25.016  -50.522  -2.699 0.5000000000
14471  18.991  -52.007  9.475 0.5000000000
13771  17.420  -52.691  6.341 0.4000000060
113486  15.244  -51.559  6.340 0.4000000060
19733  24.281  -44.877  9.259 0.4000000060
19734  23.164  -44.825  9.431 0.4000000060
6727  37.762  -63.782  -1.824 0.3000000119
7365  39.039  -61.855  -2.235 0.3000000119
11688  31.914  -55.488  -5.075 0.4000000060
115680  33.840  -54.674  -5.621 0.4000000060
10900  33.084  -56.668  -5.676 0.4000000060
10899  34.150  -56.207  -5.551 0.4000000060
114741  32.833  -53.959  -4.404 0.4000000060
11677  32.026  -55.518  -4.047 0.4000000060
12421  32.686  -54.414  -3.564 0.4000000060
12418  32.844  -54.377  -2.539 0.5000000000
111779  32.148  -55.835  -2.199 0.5000000000
11647  32.484  -55.246  -1.633 0.5000000000
13126  33.635  -53.510  -5.288 0.4000000060
100020  32.608  -54.902  -5.253 0.5000000000
12424  32.449  -54.711  -4.722 0.5000000000
11648  31.806  -55.846  -1.426 0.5000000000
12427  33.306  -54.605  -5.465 0.5000000000
13128  34.158  -53.155  -5.427 0.5000000000
11691  33.689  -55.421  -5.717 0.4000000060
11690  34.682  -55.288  -5.590 0.4000000060
10885  34.458  -56.599  -4.995 0.4000000060
10068  34.452  -57.478  -3.666 0.3000000119
101458  35.381  -59.125  -3.291 0.4000000060
13870  32.559  -52.192  -4.806 0.4000000060
13865  32.557  -52.642  -4.010 0.4000000060
13866  31.722  -52.025  -4.185 0.4000000060
13875  32.425  -51.611  -5.261 0.4000000060
13120  32.829  -53.433  -3.751 0.4000000060
13861  32.748  -52.888  -3.059 0.5000000000
13114  33.102  -54.014  -2.064 0.5000000000
13874  33.099  -52.162  -5.197 0.4000000060
13127  33.292  -52.895  -5.048 0.4000000060
12428  33.073  -53.999  -5.037 0.4000000060
106790  32.598  -52.617  -2.267 0.5000000000
13115  33.093  -53.356  -1.847 0.5000000000
97677  32.915  -54.557  -0.937 0.5000000000
101678  33.032  -54.066  -0.073 0.6000000238
116670  33.063  -53.478  -0.124 0.6000000238
11627  31.713  -55.465  -0.481 0.6000000238
14612  31.579  -51.913  -0.388 0.6000000238
13842  32.109  -52.276  0.075 0.6000000238
11609  31.533  -55.215  0.428 0.5000000000
10898  34.885  -55.832  -5.214 0.4000000060
12401  31.822  -54.245  1.710 0.5000000000
10867  34.562  -56.801  -4.259 0.4000000060
10866  35.048  -56.597  -3.475 0.4000000060
10067  34.988  -57.470  -2.994 0.4000000060
13867  30.609  -51.726  -4.322 0.4000000060
13863  31.102  -51.918  -3.272 0.5000000000
112157  31.919  -52.092  -2.501 0.5000000000
14640  31.218  -51.844  -2.128 0.5000000000
13858  32.818  -52.714  -1.241 0.5000000000
13850  32.820  -52.850  -0.223 0.6000000238
14630  30.492  -51.621  -1.547 0.6000000238
14629  31.394  -51.852  -1.151 0.6000000238
6711  37.600  -63.580  -1.103 0.3000000119
8008  39.545  -60.701  -2.094 0.3000000119
10053  37.234  -57.923  -1.657 0.3000000119
14657  31.641  -51.068  -5.407 0.4000000060
15363  31.016  -50.511  -5.462 0.4000000060
14658  30.649  -51.035  -5.255 0.4000000060
97803  29.769  -51.523  -4.415 0.4000000060
14645  29.919  -51.732  -3.705 0.5000000000
14641  30.090  -51.684  -2.655 0.5000000000
113741  32.457  -52.756  0.497 0.6000000238
12408  32.093  -54.586  0.922 0.5000000000
14649  30.199  -51.343  -4.895 0.4000000060
11626  32.308  -55.217  -0.881 0.5000000000
10054  36.282  -57.532  -1.937 0.3000000119
13871  31.378  -51.497  -4.905 0.4000000060
13862  32.187  -52.304  -3.218 0.5000000000
13859  32.085  -52.161  -1.665 0.6000000238
6741  38.494  -62.950  -2.061 0.3000000119
10884  34.987  -56.164  -4.524 0.4000000060
11471  21.194  -55.049  8.304 0.4000000060
11484  20.809  -55.713  8.028 0.4000000060
11497  26.177  -55.260  6.229 0.6000000238
11499  24.256  -55.116  6.149 0.5000000000
11501  22.404  -55.063  6.311 0.5000000000
11503  20.972  -55.851  7.131 0.4000000060
11521  21.078  -55.901  6.180 0.4000000060
11532  28.788  -54.990  4.282 0.6000000238
11537  23.565  -55.775  4.497 0.5000000000
11539  22.241  -55.494  5.037 0.5000000000
11553  28.013  -55.550  3.239 0.6000000238
11556  24.864  -56.268  3.458 0.6000000238
11608  32.400  -54.812  -0.025 0.6000000238
11663  32.509  -55.209  -2.669 0.5000000000
11694  34.428  -54.633  -5.662 0.4000000060
12293  21.133  -53.880  9.385 0.4000000060
12309  22.294  -54.153  8.340 0.4000000060
12325  26.107  -53.942  7.814 0.6000000238
12326  24.587  -54.354  7.593 0.6000000238
12343  28.124  -54.035  6.386 0.6999999881
12345  26.618  -54.712  6.829 0.6000000238
12350  22.146  -54.851  7.126 0.5000000000
12361  28.445  -54.360  5.724 0.6999999881
12362  27.815  -54.748  6.034 0.6999999881
12373  28.652  -54.680  5.042 0.6999999881
12381  30.262  -54.155  3.550 0.6000000238
12382  29.482  -54.681  3.754 0.6000000238
12400  32.374  -53.817  1.176 0.5000000000
12402  31.105  -54.652  2.103 0.6000000238
12407  32.641  -54.180  0.558 0.5000000000
12411  33.193  -54.047  -1.484 0.5000000000
12415  32.879  -54.579  -1.853 0.5000000000
12430  34.126  -53.957  -5.557 0.5000000000
13029  25.081  -53.233  8.626 0.6000000238
13032  21.907  -53.862  8.872 0.5000000000
13047  27.157  -53.284  7.348 0.6000000238
13049  25.281  -53.882  8.100 0.6000000238
13052  17.814  -53.084  8.578 0.4000000060
13053  17.247  -53.281  8.305 0.5000000000
13064  27.613  -53.658  6.916 0.6999999881
13088  31.011  -53.221  3.122 0.6000000238
13106  31.957  -53.357  1.808 0.5000000000
13109  32.760  -53.446  0.468 0.6000000238
13111  33.214  -53.574  -0.807 0.5000000000
13117  32.929  -53.627  -2.727 0.5000000000
13122  33.022  -53.166  -4.580 0.4000000060
13715  21.202  -52.087  10.230 0.5000000000
13730  24.840  -52.457  9.063 0.5000000000
13731  23.876  -52.566  9.378 0.5000000000
13758  26.838  -52.620  7.490 0.6000000238
13759  26.266  -52.642  8.113 0.6000000238
13761  16.252  -52.751  7.727 0.3000000119
13773  15.767  -52.098  7.059 0.4000000060
13798  30.624  -52.520  3.498 0.6999999881
13799  30.112  -52.272  4.124 0.6999999881
13851  32.173  -52.254  -0.749 0.6000000238
14453  22.973  -50.642  10.398 0.5000000000
14455  21.338  -51.244  10.427 0.4000000060
14456  20.308  -51.436  10.260 0.4000000060
14469  22.163  -51.752  10.215 0.5000000000
14480  24.808  -51.538  9.238 0.5000000000
14481  19.082  -51.199  9.064 0.4000000060
14492  18.711  -52.095  7.395 0.5000000000
14494  14.068  -51.652  7.350 0.4000000060
14504  18.787  -52.183  6.408 0.3000000119
14512  28.379  -51.858  5.455 0.6999999881
14527  29.481  -51.761  4.414 0.6999999881
14531  26.001  -50.581  4.587 0.8000000119
14546  28.881  -51.235  4.199 0.6999999881
14547  27.988  -50.922  3.917 0.6999999881
14562  29.622  -51.185  2.793 0.6999999881
14566  25.596  -50.738  2.515 0.8000000119
14578  31.303  -51.794  1.175 0.6999999881
14579  30.498  -51.412  1.485 0.6999999881
14585  23.940  -51.055  1.305 0.6000000238
14600  26.847  -51.384  0.526 0.6999999881
14619  24.472  -51.814  -0.671 0.6000000238
14650  29.462  -51.188  -4.780 0.4000000060
15244  22.363  -50.096  10.570 0.4000000060
15254  24.390  -50.782  9.602 0.5000000000
15255  23.687  -50.776  10.136 0.6000000238
15256  20.136  -50.390  10.104 0.4000000060
15266  19.346  -50.520  8.401 0.4000000060
15280  25.632  -50.494  5.975 0.6999999881
15293  24.769  -50.196  3.584 0.8000000119
15301  24.398  -50.363  2.728 0.8000000119
15318  22.793  -50.897  0.034 0.6000000238
15326  23.031  -51.422  -0.667 0.6000000238
15343  22.558  -51.101  -2.252 0.6999999881
15988  21.185  -49.289  10.514 0.4000000060
16024  24.531  -49.176  4.791 0.5000000000
16046  22.847  -49.479  1.258 0.6999999881
16064  22.261  -50.290  -1.407 0.5000000000
16086  22.947  -50.709  -3.560 0.6999999881
16091  28.901  -50.390  -3.493 0.4000000060
16094  22.543  -50.169  -3.688 0.6000000238
16693  23.375  -49.001  10.425 0.5000000000
16694  22.560  -48.716  10.648 0.4000000060
16710  24.373  -49.005  9.219 0.6000000238
16725  24.756  -49.038  7.852 0.5000000000
16760  24.596  -47.831  4.754 0.4000000060
16785  23.224  -47.518  1.628 0.5000000000
16786  22.987  -48.506  1.444 0.6999999881
16840  23.967  -48.934  -4.677 0.6000000238
16841  23.126  -49.239  -4.506 0.5000000000
16842  22.626  -48.624  -4.357 0.6000000238
17423  22.295  -47.894  10.558 0.4000000060
17424  21.441  -47.853  10.320 0.4000000060
17438  21.208  -47.229  9.908 0.4000000060
17439  20.665  -47.389  9.417 0.4000000060
17451  20.259  -47.587  8.762 0.4000000060
17463  25.094  -47.637  6.976 0.5000000000
17559  22.344  -47.796  -4.039 0.6000000238
18207  24.189  -46.475  9.620 0.4000000060
18208  23.459  -46.222  9.908 0.4000000060
18220  25.351  -45.913  8.517 0.4000000060
18229  25.238  -46.754  8.171 0.5000000000
18280  23.614  -46.107  2.147 0.4000000060
18330  22.325  -46.845  -3.588 0.6000000238
18975  23.592  -45.450  9.603 0.4000000060
18976  22.784  -45.551  9.737 0.4000000060
18983  22.228  -44.970  9.325 0.4000000060
18984  21.414  -45.234  8.972 0.4000000060
18991  25.831  -45.331  8.124 0.4000000060
18992  20.040  -45.788  7.320 0.4000000060
18998  20.203  -45.029  7.054 0.4000000060
19004  25.354  -46.136  4.989 0.4000000060
19034  24.572  -45.255  3.487 0.3000000119
19035  24.022  -45.817  2.977 0.3000000119
19092  22.748  -45.315  -1.878 0.5000000000
19738  25.758  -44.587  8.372 0.4000000060
19742  21.740  -44.501  8.721 0.4000000060
19753  26.720  -44.245  6.587 0.4000000060
19767  26.710  -44.001  5.843 0.4000000060
19786  25.187  -44.725  3.998 0.4000000060
19809  23.981  -44.475  2.126 0.4000000060
19824  23.624  -44.523  1.384 0.4000000060
20509  25.648  -43.791  8.403 0.3000000119
20530  26.851  -43.465  6.588 0.4000000060
20575  25.204  -43.359  3.591 0.4000000060
20590  24.325  -43.675  2.383 0.3000000119
20620  23.618  -43.294  0.353 0.4000000060
21411  26.654  -42.312  5.683 0.3000000119
23277  23.921  -40.554  -2.556 0.4000000060
97940  25.211  -56.330  2.858 0.5000000000
98742  24.783  -48.231  8.187 0.5000000000
99377  22.187  -55.629  4.305 0.5000000000
99650  24.420  -46.983  9.415 0.5000000000
99723  21.145  -52.964  9.862 0.5000000000
101540  24.912  -47.010  4.861 0.3000000119
101542  23.823  -43.185  1.093 0.4000000060
101641  23.547  -48.865  2.682 0.6999999881
101657  31.956  -52.301  0.840 0.6999999881
102053  25.798  -51.013  7.343 0.6999999881
102152  22.417  -45.990  -3.141 0.6000000238
102242  25.907  -45.523  5.648 0.4000000060
102573  23.532  -53.354  8.874 0.5000000000
102716  23.602  -48.131  2.820 0.6000000238
104351  26.673  -55.915  3.776 0.6000000238
104400  22.415  -48.388  -0.749 0.5000000000
104828  22.174  -49.773  -3.392 0.6000000238
105862  28.280  -51.258  4.748 0.6999999881
106176  18.126  -52.622  7.903 0.5000000000
106887  19.839  -47.345  7.358 0.4000000060
106955  26.797  -51.367  6.278 0.6999999881
107756  19.599  -52.884  10.086 0.5000000000
108199  24.640  -51.326  1.014 0.6999999881
108709  24.638  -49.310  8.599 0.6000000238
109449  25.009  -56.432  2.117 0.5000000000
110094  28.970  -54.044  5.344 0.6999999881
110183  18.176  -53.364  9.345 0.5000000000
110385  21.699  -55.626  4.894 0.4000000060
110604  24.989  -55.914  4.764 0.5000000000
111728  18.248  -54.569  9.560 0.5000000000
112032  25.044  -50.120  4.464 0.8000000119
112419  33.766  -52.583  -5.358 0.5000000000
112592  23.544  -49.542  2.432 0.6999999881
112983  22.572  -45.264  -2.660 0.5000000000
113214  25.183  -56.118  4.072 0.6000000238
113269  26.482  -56.049  3.016 0.6000000238
114136  21.559  -49.839  10.576 0.5000000000
114361  16.101  -52.020  6.257 0.4000000060
114419  23.715  -47.638  10.120 0.4000000060
114745  20.829  -45.489  8.515 0.4000000060
116064  32.922  -53.071  -2.455 0.5000000000
116155  24.772  -49.077  7.043 0.4000000060
116203  29.899  -51.030  -5.177 0.4000000060
116894  25.935  -52.082  8.319 0.6000000238
116982  25.090  -50.107  7.579 0.6999999881
117138  26.214  -54.412  7.325 0.6000000238
117343  24.228  -55.769  4.837 0.5000000000
117567  18.326  -52.520  6.916 0.4000000060
117752  24.439  -48.544  4.587 0.4000000060
118099  17.611  -53.563  8.974 0.4000000060
118395  23.014  -46.151  -4.414 0.5000000000
