#!ascii label  , from subject sub-v2s0x29028_ses-1 vox2ras=TkReg
1433
75119  -46.088  -7.850  54.242 0.0000000000
72447  -58.316  -10.062  42.096 0.0000000000
138738  -55.340  2.513  53.896 0.0000000000
76035  -51.548  -5.784  51.245 0.0000000000
73228  -51.229  -9.392  61.333 0.0000000000
126061  -51.717  -4.804  45.102 0.0000000000
82353  -52.209  1.898  44.340 0.0000000000
87310  -45.304  7.123  38.074 0.0000000000
70339  -46.420  -12.387  63.545 0.0000000000
74228  -49.073  -7.592  52.451 0.0000000000
74288  -52.040  -8.406  48.171 0.0000000000
77826  -47.862  -4.614  49.205 0.0000000000
86475  -53.759  6.838  47.142 0.0000000000
119516  -56.595  3.158  46.357 0.0000000000
86535  -54.206  6.891  41.053 0.0000000000
83263  -49.749  2.711  38.603 0.0000000000
86598  -48.928  7.178  34.549 0.0000000000
128312  -56.046  -8.384  39.551 0.0000000000
118478  -49.535  -5.274  56.684 0.0000000000
80766  -47.513  -0.429  53.758 0.0000000000
77773  -55.262  -4.085  56.304 0.0000000000
74204  -53.304  -8.136  55.783 0.0000000000
130739  -50.857  -11.455  55.825 0.0000000000
71345  -48.296  -11.369  60.762 0.0000000000
132593  -54.994  -7.911  42.147 0.0000000000
78703  -56.689  -2.465  40.008 0.0000000000
80801  -51.360  -0.285  48.369 0.0000000000
80104  -55.806  -0.817  43.651 0.0000000000
79427  -51.945  -2.025  42.244 0.0000000000
81565  -47.899  0.183  42.088 0.0000000000
134867  -47.073  3.082  40.862 0.0000000000
74226  -47.585  -8.301  52.896 0.0000000000
75169  -48.129  -7.220  50.630 0.0000000000
76030  -45.960  -5.855  51.645 0.0000000000
138910  -52.513  9.137  43.135 0.0000000000
87998  -55.303  8.747  44.326 0.0000000000
88045  -53.472  8.333  39.445 0.0000000000
85772  -52.336  6.573  37.093 0.0000000000
140030  -58.015  -9.409  40.404 0.0000000000
79317  -51.668  -2.917  58.632 0.0000000000
80748  -48.387  -0.373  58.273 0.0000000000
73258  -52.340  -8.873  58.587 0.0000000000
73272  -51.910  -10.046  56.285 0.0000000000
72328  -51.363  -10.198  58.478 0.0000000000
72292  -46.855  -10.767  61.941 0.0000000000
116736  -44.719  -12.564  57.584 0.0000000000
73264  -46.026  -9.835  56.912 0.0000000000
71379  -43.714  -11.322  57.613 0.0000000000
75187  -53.944  -7.934  49.841 0.0000000000
76094  -51.610  -6.416  46.224 0.0000000000
75230  -53.256  -8.474  45.771 0.0000000000
77019  -53.115  -5.875  43.526 0.0000000000
76135  -55.128  -5.994  41.213 0.0000000000
77884  -54.223  -3.932  42.402 0.0000000000
81474  -51.285  1.254  53.692 0.0000000000
80781  -49.728  -0.220  50.822 0.0000000000
81487  -52.746  0.950  51.294 0.0000000000
83217  -55.061  2.558  44.517 0.0000000000
81537  -56.279  1.019  44.833 0.0000000000
81557  -54.837  0.932  42.856 0.0000000000
80854  -54.687  -0.312  41.231 0.0000000000
81555  -51.856  0.320  43.782 0.0000000000
80112  -49.848  -1.258  43.789 0.0000000000
81553  -50.081  0.757  44.094 0.0000000000
86553  -48.159  6.198  38.873 0.0000000000
84119  -48.454  3.139  38.823 0.0000000000
85739  -47.049  6.065  40.957 0.0000000000
85726  -45.858  5.776  42.754 0.0000000000
87295  -44.196  7.214  40.376 0.0000000000
76033  -50.455  -6.199  52.076 0.0000000000
74254  -51.530  -8.179  50.267 0.0000000000
74252  -49.632  -8.075  50.016 0.0000000000
76073  -49.529  -6.537  48.243 0.0000000000
77841  -50.158  -4.429  47.002 0.0000000000
117040  -55.406  4.376  50.884 0.0000000000
82305  -56.048  2.302  50.628 0.0000000000
85688  -56.281  5.846  48.067 0.0000000000
85711  -54.887  6.058  44.782 0.0000000000
133819  -52.356  4.459  44.203 0.0000000000
83232  -49.946  2.885  42.915 0.0000000000
84949  -51.574  4.761  40.028 0.0000000000
86572  -49.962  6.012  37.459 0.0000000000
86576  -46.402  7.127  36.319 0.0000000000
75283  -53.723  -6.994  39.755 0.0000000000
75994  -47.534  -6.750  55.889 0.0000000000
77789  -45.285  -4.649  53.891 0.0000000000
121331  -46.914  -2.810  55.900 0.0000000000
82280  -49.131  1.630  56.177 0.0000000000
83948  -53.246  3.714  56.745 0.0000000000
86411  -53.574  6.735  57.655 0.0000000000
127471  -54.981  5.655  54.517 0.0000000000
136685  -53.337  -4.731  53.669 0.0000000000
75113  -54.111  -6.738  56.087 0.0000000000
75133  -52.124  -6.740  53.713 0.0000000000
74210  -51.781  -8.804  54.068 0.0000000000
73284  -50.637  -10.116  53.942 0.0000000000
74137  -50.115  -8.886  63.287 0.0000000000
121787  -47.951  -11.049  64.717 0.0000000000
72286  -48.138  -10.176  62.645 0.0000000000
72305  -50.326  -10.540  60.644 0.0000000000
71374  -49.836  -12.116  58.063 0.0000000000
118246  -47.339  -10.345  55.224 0.0000000000
118448  -57.275  -9.561  44.606 0.0000000000
74290  -53.521  -9.035  47.690 0.0000000000
73356  -55.061  -9.450  45.073 0.0000000000
74349  -57.245  -8.827  42.143 0.0000000000
75276  -57.896  -7.017  40.292 0.0000000000
77064  -57.474  -4.591  37.854 0.0000000000
77915  -54.522  -3.933  38.470 0.0000000000
79339  -47.098  -2.628  51.357 0.0000000000
79363  -49.243  -2.797  48.387 0.0000000000
79380  -51.388  -2.464  46.109 0.0000000000
115875  -54.498  1.337  47.986 0.0000000000
80822  -53.841  -0.645  45.345 0.0000000000
79399  -53.606  -2.397  44.264 0.0000000000
79429  -55.931  -2.101  42.204 0.0000000000
79447  -54.769  -1.847  39.541 0.0000000000
78700  -51.846  -3.797  40.364 0.0000000000
123160  -48.818  1.286  40.172 0.0000000000
81592  -47.579  0.619  38.912 0.0000000000
81572  -44.886  0.700  40.252 0.0000000000
83224  -46.173  2.971  43.352 0.0000000000
85708  -44.205  5.280  44.404 0.0000000000
75129  -46.796  -8.056  53.095 0.0000000000
118412  -46.491  -7.269  52.572 0.0000000000
75137  -45.790  -6.730  52.848 0.0000000000
88017  -52.917  8.942  41.205 0.0000000000
88070  -51.609  8.176  37.351 0.0000000000
72456  -58.412  -9.740  41.370 0.0000000000
138710  -51.896  -8.953  60.094 0.0000000000
128409  -51.698  -9.511  59.000 0.0000000000
73238  -51.530  -9.444  59.942 0.0000000000
70368  -44.409  -12.578  58.814 0.0000000000
70393  -44.085  -12.125  57.718 0.0000000000
76941  -52.642  -4.925  50.996 0.0000000000
76050  -52.742  -6.468  50.370 0.0000000000
76102  -51.457  -5.493  45.750 0.0000000000
76111  -52.391  -6.348  44.798 0.0000000000
77009  -52.562  -5.676  44.217 0.0000000000
137010  -53.411  -5.234  43.089 0.0000000000
77869  -52.911  -4.229  43.794 0.0000000000
82288  -53.562  1.918  53.923 0.0000000000
81481  -52.453  1.152  52.604 0.0000000000
82295  -53.818  1.496  52.399 0.0000000000
83216  -53.845  2.581  44.437 0.0000000000
82355  -54.541  1.963  44.063 0.0000000000
82354  -53.305  1.892  44.175 0.0000000000
81556  -53.773  0.700  43.100 0.0000000000
82366  -51.566  1.253  44.232 0.0000000000
81554  -50.929  0.726  44.210 0.0000000000
82365  -50.624  1.457  44.201 0.0000000000
86560  -46.523  6.785  38.408 0.0000000000
85747  -48.020  5.867  39.771 0.0000000000
86551  -46.491  6.672  39.405 0.0000000000
86539  -45.641  6.752  40.544 0.0000000000
86558  -44.946  7.122  38.911 0.0000000000
75140  -49.338  -7.094  52.123 0.0000000000
75153  -49.897  -6.725  51.688 0.0000000000
75152  -49.292  -7.190  51.555 0.0000000000
76046  -47.378  -6.372  49.901 0.0000000000
137625  -48.360  -7.159  49.516 0.0000000000
76072  -48.718  -6.117  48.585 0.0000000000
76979  -49.871  -5.725  47.763 0.0000000000
77834  -49.138  -4.535  48.033 0.0000000000
84859  -54.812  4.451  49.335 0.0000000000
84861  -56.428  4.640  49.677 0.0000000000
86461  -55.749  6.255  47.883 0.0000000000
87280  -55.278  7.974  42.233 0.0000000000
86515  -55.342  7.623  44.234 0.0000000000
133416  -54.212  6.782  43.045 0.0000000000
85709  -53.336  5.582  44.135 0.0000000000
85728  -52.701  5.849  42.465 0.0000000000
84934  -51.488  4.715  42.649 0.0000000000
85741  -52.252  5.503  40.533 0.0000000000
86590  -50.645  6.873  34.893 0.0000000000
85770  -51.156  6.216  36.652 0.0000000000
86579  -49.693  6.753  35.455 0.0000000000
86571  -48.939  6.491  37.096 0.0000000000
86588  -47.363  7.157  35.235 0.0000000000
75284  -54.651  -7.336  39.508 0.0000000000
123892  -48.216  -6.161  56.227 0.0000000000
124074  -47.100  -4.777  55.729 0.0000000000
78578  -48.593  -3.879  56.620 0.0000000000
82254  -48.860  1.838  58.439 0.0000000000
82262  -48.378  1.252  57.854 0.0000000000
83115  -50.303  2.704  57.368 0.0000000000
83124  -51.644  2.775  56.315 0.0000000000
83939  -52.854  4.198  57.566 0.0000000000
85602  -51.820  6.581  57.255 0.0000000000
86427  -54.105  6.531  56.209 0.0000000000
85642  -52.713  5.646  53.548 0.0000000000
84824  -52.967  4.722  52.334 0.0000000000
84835  -51.532  4.209  51.820 0.0000000000
77791  -54.381  -3.881  53.393 0.0000000000
76922  -54.163  -4.412  54.725 0.0000000000
124433  -54.335  -6.648  57.431 0.0000000000
75106  -53.742  -7.578  56.304 0.0000000000
75121  -53.272  -6.913  54.785 0.0000000000
74212  -53.053  -7.849  55.017 0.0000000000
74223  -52.003  -7.781  53.848 0.0000000000
74211  -52.459  -8.360  54.527 0.0000000000
72345  -51.402  -10.795  56.033 0.0000000000
72355  -51.056  -10.633  54.649 0.0000000000
72354  -50.219  -10.893  54.360 0.0000000000
70340  -46.984  -11.993  63.953 0.0000000000
120003  -47.574  -10.545  62.189 0.0000000000
71333  -48.613  -10.712  61.654 0.0000000000
72293  -49.494  -10.408  61.798 0.0000000000
134743  -49.085  -11.244  60.827 0.0000000000
71361  -50.108  -11.264  59.238 0.0000000000
117771  -48.814  -12.131  59.480 0.0000000000
73271  -47.240  -9.818  56.132 0.0000000000
72336  -46.805  -10.236  56.290 0.0000000000
74316  -57.619  -9.465  45.492 0.0000000000
74276  -52.200  -8.690  49.080 0.0000000000
118486  -53.070  -8.715  49.235 0.0000000000
116277  -52.915  -8.809  48.416 0.0000000000
74327  -54.026  -8.335  43.901 0.0000000000
74313  -54.252  -9.231  45.590 0.0000000000
118313  -54.816  -8.922  43.586 0.0000000000
73371  -56.332  -9.379  43.543 0.0000000000
75255  -56.165  -8.370  41.914 0.0000000000
74357  -57.363  -8.256  41.504 0.0000000000
75265  -56.790  -7.523  41.066 0.0000000000
77904  -56.474  -3.671  40.238 0.0000000000
77047  -57.826  -5.018  39.239 0.0000000000
121499  -57.261  -3.425  38.576 0.0000000000
77916  -55.466  -4.067  38.144 0.0000000000
78711  -56.275  -2.661  38.589 0.0000000000
79332  -46.046  -2.428  53.607 0.0000000000
78601  -45.972  -3.220  52.392 0.0000000000
80051  -47.328  -1.291  52.789 0.0000000000
80792  -50.342  -0.423  49.634 0.0000000000
80069  -49.666  -1.193  49.585 0.0000000000
80076  -50.267  -1.426  48.365 0.0000000000
79371  -50.287  -2.662  47.251 0.0000000000
80083  -51.204  -1.270  47.270 0.0000000000
82331  -56.468  2.632  48.282 0.0000000000
82315  -55.244  1.757  49.186 0.0000000000
82330  -55.874  2.046  47.559 0.0000000000
80826  -56.214  -0.022  43.819 0.0000000000
81535  -55.256  0.111  45.126 0.0000000000
80823  -55.352  -0.456  44.431 0.0000000000
80097  -53.312  -1.514  45.124 0.0000000000
79400  -54.441  -2.020  43.894 0.0000000000
79415  -54.945  -2.324  43.140 0.0000000000
80130  -56.066  -1.582  42.706 0.0000000000
80129  -53.552  -0.630  42.030 0.0000000000
80142  -55.110  -0.586  40.532 0.0000000000
119856  -53.249  -1.858  40.996 0.0000000000
79439  -53.027  -2.465  40.572 0.0000000000
79438  -51.649  -2.812  41.712 0.0000000000
79437  -50.990  -3.263  41.896 0.0000000000
79426  -50.861  -2.559  42.698 0.0000000000
81551  -48.806  -0.059  43.524 0.0000000000
80111  -49.033  -1.552  43.674 0.0000000000
83247  -50.012  2.944  40.405 0.0000000000
83238  -49.495  2.349  41.024 0.0000000000
83246  -49.566  2.166  39.787 0.0000000000
84111  -47.502  3.596  40.347 0.0000000000
82401  -47.981  1.462  38.819 0.0000000000
83244  -46.774  2.274  40.066 0.0000000000
82387  -45.907  0.525  38.818 0.0000000000
82383  -46.155  1.789  40.499 0.0000000000
82363  -45.922  1.923  42.723 0.0000000000
140587  -46.463  3.417  42.756 0.0000000000
86522  -44.461  6.664  42.461 0.0000000000
85718  -45.498  5.400  43.477 0.0000000000
86514  -44.126  6.398  43.255 0.0000000000
85715  -42.934  6.169  44.197 0.0000000000
74227  -48.368  -7.999  52.556 0.0000000000
75151  -48.294  -7.234  51.450 0.0000000000
75138  -47.513  -7.545  52.302 0.0000000000
76032  -46.896  -6.650  51.224 0.0000000000
76949  -46.883  -5.588  50.049 0.0000000000
133032  -54.860  8.142  46.168 0.0000000000
88736  -54.274  9.397  43.684 0.0000000000
88020  -55.059  8.781  41.316 0.0000000000
86543  -54.424  7.507  39.831 0.0000000000
85757  -53.408  6.646  38.872 0.0000000000
87317  -53.038  7.273  37.932 0.0000000000
87331  -51.808  7.388  35.296 0.0000000000
73402  -57.755  -8.974  39.952 0.0000000000
77762  -50.599  -4.558  57.265 0.0000000000
78579  -49.280  -3.466  57.063 0.0000000000
80038  -50.371  -2.101  58.179 0.0000000000
74188  -52.874  -8.723  57.013 0.0000000000
124043  -52.369  -9.454  55.714 0.0000000000
73267  -51.931  -9.812  57.209 0.0000000000
72338  -51.469  -10.514  56.952 0.0000000000
72344  -50.972  -11.276  56.731 0.0000000000
71313  -46.562  -11.293  63.366 0.0000000000
121856  -46.837  -11.078  61.286 0.0000000000
136180  -45.658  -12.975  57.261 0.0000000000
71382  -45.927  -11.415  56.561 0.0000000000
71381  -45.313  -12.034  56.949 0.0000000000
72333  -44.344  -10.620  57.157 0.0000000000
75210  -51.550  -7.568  47.553 0.0000000000
75222  -52.529  -7.948  46.465 0.0000000000
76095  -52.110  -7.051  45.921 0.0000000000
75237  -52.717  -7.127  44.792 0.0000000000
75246  -53.809  -7.610  43.403 0.0000000000
75254  -54.915  -6.960  41.681 0.0000000000
76128  -54.383  -6.138  41.975 0.0000000000
77030  -54.665  -5.156  41.634 0.0000000000
121645  -55.339  -4.097  41.189 0.0000000000
81472  -49.167  0.620  53.557 0.0000000000
80772  -48.487  -0.285  52.536 0.0000000000
81479  -50.203  0.549  52.599 0.0000000000
80779  -50.939  0.359  50.944 0.0000000000
81503  -52.443  0.617  49.503 0.0000000000
84088  -56.074  3.171  45.339 0.0000000000
82345  -56.355  1.737  45.348 0.0000000000
82357  -56.228  1.568  44.385 0.0000000000
82370  -56.121  1.155  43.559 0.0000000000
81558  -56.241  0.388  42.676 0.0000000000
80847  -56.260  0.085  42.018 0.0000000000
81566  -54.424  0.489  42.483 0.0000000000
80836  -53.627  0.111  42.622 0.0000000000
80128  -52.367  -1.183  42.667 0.0000000000
80127  -51.351  -1.603  43.139 0.0000000000
130587  -51.607  -0.686  43.477 0.0000000000
129068  -49.629  0.023  43.961 0.0000000000
81552  -49.128  0.822  43.451 0.0000000000
84961  -49.763  3.908  38.307 0.0000000000
84124  -49.319  2.889  38.487 0.0000000000
84954  -48.617  4.404  39.354 0.0000000000
84948  -48.126  4.760  40.126 0.0000000000
84105  -47.220  4.082  41.318 0.0000000000
84941  -46.831  4.569  42.177 0.0000000000
86534  -46.563  6.028  41.627 0.0000000000
86532  -44.762  6.806  41.666 0.0000000000
86531  -43.964  7.105  41.793 0.0000000000
76034  -50.920  -5.929  51.690 0.0000000000
75173  -52.055  -7.435  50.523 0.0000000000
75172  -50.591  -7.314  50.858 0.0000000000
74253  -50.506  -8.207  50.166 0.0000000000
74274  -50.775  -8.417  49.122 0.0000000000
75170  -48.870  -7.426  50.796 0.0000000000
75185  -49.355  -7.830  49.429 0.0000000000
75199  -50.393  -7.880  48.587 0.0000000000
76082  -50.390  -6.337  47.614 0.0000000000
76980  -50.769  -5.845  46.972 0.0000000000
77848  -51.189  -4.330  45.698 0.0000000000
83986  -56.509  3.546  53.336 0.0000000000
82301  -55.552  2.202  52.534 0.0000000000
84011  -57.001  3.615  51.475 0.0000000000
84043  -57.002  3.547  49.617 0.0000000000
84071  -56.772  4.003  47.078 0.0000000000
87250  -55.501  7.452  46.544 0.0000000000
85703  -56.165  6.086  46.085 0.0000000000
84077  -56.144  4.060  45.854 0.0000000000
84086  -54.693  4.223  45.065 0.0000000000
121385  -53.658  4.109  44.720 0.0000000000
133625  -51.685  3.266  44.331 0.0000000000
83227  -51.099  2.910  44.199 0.0000000000
84100  -50.993  4.053  43.089 0.0000000000
84107  -50.898  4.216  42.043 0.0000000000
84113  -50.865  3.935  39.489 0.0000000000
84957  -52.143  5.525  38.735 0.0000000000
84968  -50.740  5.017  38.167 0.0000000000
84962  -50.232  3.929  38.348 0.0000000000
86563  -49.235  6.080  37.872 0.0000000000
136591  -47.398  6.754  37.352 0.0000000000
86575  -45.958  7.149  36.934 0.0000000000
76007  -45.933  -7.103  54.782 0.0000000000
76006  -45.413  -6.363  54.173 0.0000000000
76913  -46.246  -5.341  55.220 0.0000000000
78590  -46.156  -3.688  55.033 0.0000000000
80045  -46.319  -1.638  54.980 0.0000000000
79319  -47.944  -2.102  57.145 0.0000000000
80755  -46.951  -0.426  56.106 0.0000000000
81467  -47.907  0.407  54.658 0.0000000000
81468  -49.713  1.386  54.772 0.0000000000
82284  -52.279  2.129  54.848 0.0000000000
83140  -54.891  3.029  55.179 0.0000000000
84780  -53.036  5.017  58.461 0.0000000000
84782  -54.590  5.676  57.526 0.0000000000
84790  -55.298  5.004  56.359 0.0000000000
84807  -55.851  4.437  54.901 0.0000000000
135435  -55.539  4.731  53.210 0.0000000000
123341  -54.222  4.124  50.971 0.0000000000
117947  -53.183  4.421  48.041 0.0000000000
77796  -53.446  -4.361  52.287 0.0000000000
76933  -52.103  -5.247  52.520 0.0000000000
75991  -54.662  -5.992  57.672 0.0000000000
76908  -54.782  -4.977  56.524 0.0000000000
76915  -53.953  -5.283  55.105 0.0000000000
76018  -52.913  -5.418  53.790 0.0000000000
137526  -51.541  -5.878  53.027 0.0000000000
75132  -51.314  -6.938  53.357 0.0000000000
75131  -50.508  -7.190  53.027 0.0000000000
74221  -50.292  -8.274  53.196 0.0000000000
73286  -52.189  -9.301  54.811 0.0000000000
73294  -50.966  -9.151  53.662 0.0000000000
74220  -49.269  -8.444  52.937 0.0000000000
73292  -48.986  -9.591  53.340 0.0000000000
72255  -48.545  -10.501  65.110 0.0000000000
72278  -47.140  -10.643  63.424 0.0000000000
72279  -47.798  -10.097  63.516 0.0000000000
73214  -48.388  -9.615  63.978 0.0000000000
73219  -49.485  -9.420  63.031 0.0000000000
73226  -49.897  -9.934  62.209 0.0000000000
73237  -50.782  -9.959  61.021 0.0000000000
72315  -50.505  -10.651  59.757 0.0000000000
71375  -50.352  -11.443  58.368 0.0000000000
71383  -49.797  -12.426  57.144 0.0000000000
73282  -47.151  -9.502  54.673 0.0000000000
73277  -46.987  -8.918  55.183 0.0000000000
74202  -48.154  -8.181  56.281 0.0000000000
124753  -48.769  -8.123  56.800 0.0000000000
75098  -49.609  -7.253  57.362 0.0000000000
74317  -58.098  -9.370  46.105 0.0000000000
73372  -57.766  -9.791  44.129 0.0000000000
73381  -57.935  -9.698  42.981 0.0000000000
75174  -53.097  -7.743  50.247 0.0000000000
74266  -53.919  -8.552  49.345 0.0000000000
74302  -53.267  -8.820  46.805 0.0000000000
74304  -54.510  -9.382  46.655 0.0000000000
73348  -55.376  -9.451  45.988 0.0000000000
73358  -56.516  -9.499  44.390 0.0000000000
74329  -57.182  -9.525  43.775 0.0000000000
73389  -57.921  -9.309  42.295 0.0000000000
74350  -58.499  -9.147  41.494 0.0000000000
74369  -58.770  -8.360  40.029 0.0000000000
75288  -58.942  -7.360  39.031 0.0000000000
76137  -56.783  -6.503  40.452 0.0000000000
76161  -58.869  -5.917  39.014 0.0000000000
75294  -56.547  -6.949  38.579 0.0000000000
76170  -55.252  -5.779  38.482 0.0000000000
77053  -53.476  -5.228  39.027 0.0000000000
77052  -52.746  -5.043  39.351 0.0000000000
76931  -45.352  -5.252  52.635 0.0000000000
77802  -45.948  -4.642  51.367 0.0000000000
78624  -46.986  -3.827  50.355 0.0000000000
80055  -48.461  -1.365  51.116 0.0000000000
136380  -48.552  -2.299  49.799 0.0000000000
78632  -48.251  -3.786  49.010 0.0000000000
78639  -49.377  -3.612  47.857 0.0000000000
78647  -50.387  -3.498  46.746 0.0000000000
78657  -51.522  -3.287  45.502 0.0000000000
81494  -54.220  1.380  50.958 0.0000000000
81504  -53.550  1.083  49.284 0.0000000000
81520  -53.088  0.498  47.625 0.0000000000
81531  -55.641  1.215  46.016 0.0000000000
81529  -54.233  0.475  46.307 0.0000000000
80815  -52.750  -0.392  46.477 0.0000000000
79381  -52.268  -1.741  45.743 0.0000000000
79387  -52.629  -2.293  45.087 0.0000000000
78662  -52.641  -3.596  44.299 0.0000000000
78670  -53.420  -3.490  43.578 0.0000000000
127584  -56.536  -1.915  40.560 0.0000000000
80856  -56.207  -0.222  41.349 0.0000000000
80154  -56.298  -1.190  40.107 0.0000000000
79448  -55.987  -1.520  39.464 0.0000000000
78702  -53.893  -2.843  39.305 0.0000000000
77903  -52.337  -4.136  39.741 0.0000000000
125443  -50.108  -2.341  43.335 0.0000000000
83225  -49.667  2.230  43.165 0.0000000000
82377  -49.158  1.686  42.808 0.0000000000
118928  -48.215  0.590  41.161 0.0000000000
82397  -48.953  1.467  38.884 0.0000000000
81582  -48.237  0.693  39.106 0.0000000000
81573  -47.787  0.128  40.532 0.0000000000
80871  -46.097  -0.496  38.718 0.0000000000
80869  -44.729  -0.364  38.978 0.0000000000
81571  -44.351  0.158  40.894 0.0000000000
84926  -46.290  3.958  43.332 0.0000000000
84916  -45.360  4.240  44.489 0.0000000000
87314  -44.757  7.611  37.263 0.0000000000
87309  -44.029  7.794  38.090 0.0000000000
87302  -43.542  7.679  39.089 0.0000000000
87293  -42.805  7.782  40.451 0.0000000000
87287  -42.529  7.690  41.427 0.0000000000
74217  -46.508  -8.385  53.809 0.0000000000
75128  -46.005  -7.528  53.470 0.0000000000
74146  -51.691  -8.783  61.674 0.0000000000
119757  -51.747  -8.996  60.718 0.0000000000
139122  -51.259  -9.577  60.647 0.0000000000
76940  -52.072  -5.269  51.587 0.0000000000
76950  -52.233  -5.608  50.798 0.0000000000
76049  -51.898  -6.333  50.731 0.0000000000
77001  -52.027  -5.557  44.930 0.0000000000
77864  -52.327  -4.685  44.388 0.0000000000
77018  -52.921  -5.006  43.669 0.0000000000
135488  -54.642  2.181  53.773 0.0000000000
82291  -53.789  1.695  53.183 0.0000000000
83215  -52.758  2.558  44.445 0.0000000000
82367  -52.770  1.102  43.835 0.0000000000
82352  -51.243  2.080  44.373 0.0000000000
86559  -45.747  6.912  38.670 0.0000000000
86550  -45.668  6.852  39.627 0.0000000000
75130  -49.754  -7.469  52.667 0.0000000000
76960  -47.547  -5.552  49.464 0.0000000000
76058  -48.097  -6.488  49.299 0.0000000000
76961  -48.213  -5.428  48.896 0.0000000000
76971  -48.756  -5.216  48.415 0.0000000000
77833  -48.486  -4.527  48.632 0.0000000000
85671  -54.860  5.557  48.106 0.0000000000
85686  -54.838  6.584  47.535 0.0000000000
86526  -54.783  7.500  41.557 0.0000000000
123609  -54.785  7.357  42.665 0.0000000000
86525  -54.209  6.865  42.118 0.0000000000
85729  -53.499  6.356  42.772 0.0000000000
85734  -53.387  6.375  41.754 0.0000000000
85733  -52.549  5.796  41.494 0.0000000000
85742  -53.289  6.310  40.590 0.0000000000
86599  -50.002  7.190  34.404 0.0000000000
86589  -48.364  6.963  35.301 0.0000000000
86597  -47.982  7.209  34.678 0.0000000000
74367  -55.394  -8.906  40.179 0.0000000000
74373  -54.983  -8.167  39.859 0.0000000000
75285  -55.678  -7.583  39.237 0.0000000000
76905  -48.889  -5.640  56.463 0.0000000000
76904  -47.973  -5.207  56.194 0.0000000000
77771  -48.749  -4.770  56.502 0.0000000000
83107  -49.742  2.672  58.413 0.0000000000
83937  -50.757  3.234  57.939 0.0000000000
83116  -51.215  3.065  57.070 0.0000000000
83938  -51.752  3.637  57.658 0.0000000000
85641  -51.648  5.571  53.646 0.0000000000
85650  -51.806  5.253  52.995 0.0000000000
77779  -55.225  -3.752  55.517 0.0000000000
77785  -54.697  -3.878  54.990 0.0000000000
75112  -53.590  -7.300  55.533 0.0000000000
74203  -52.747  -8.692  55.308 0.0000000000
72348  -51.174  -10.933  55.334 0.0000000000
121553  -50.620  -11.326  55.043 0.0000000000
71398  -50.157  -11.960  55.555 0.0000000000
71332  -47.588  -10.959  61.398 0.0000000000
71346  -48.931  -11.680  60.138 0.0000000000
72342  -46.641  -11.368  56.150 0.0000000000
72343  -47.062  -10.815  55.731 0.0000000000
123614  -56.285  -9.118  46.554 0.0000000000
139749  -51.484  -8.550  48.927 0.0000000000
128317  -54.428  -8.167  43.011 0.0000000000
74337  -55.322  -8.693  42.748 0.0000000000
77905  -57.333  -3.906  39.265 0.0000000000
78704  -56.980  -2.935  39.295 0.0000000000
78718  -56.841  -3.272  38.292 0.0000000000
78712  -56.815  -2.694  38.812 0.0000000000
80047  -46.455  -1.512  54.093 0.0000000000
80050  -46.686  -1.766  53.114 0.0000000000
80793  -51.318  0.133  49.303 0.0000000000
80800  -50.697  -0.694  48.781 0.0000000000
80077  -50.881  -0.993  47.991 0.0000000000
124109  -51.462  -0.621  47.684 0.0000000000
119576  -56.728  3.191  47.167 0.0000000000
119962  -56.445  2.610  47.281 0.0000000000
80103  -54.866  -1.273  44.104 0.0000000000
80114  -55.416  -1.565  43.469 0.0000000000
80115  -56.176  -1.060  43.047 0.0000000000
79428  -52.913  -1.519  41.702 0.0000000000
124108  -52.489  -2.314  41.359 0.0000000000
80844  -48.054  -0.251  43.113 0.0000000000
80832  -48.455  -0.823  43.532 0.0000000000
80843  -47.407  -0.513  42.494 0.0000000000
80853  -47.253  -0.363  41.262 0.0000000000
83257  -49.993  2.580  39.164 0.0000000000
83245  -47.361  2.726  39.743 0.0000000000
83237  -46.559  2.511  41.302 0.0000000000
84104  -46.789  3.456  41.975 0.0000000000
76022  -46.280  -6.496  51.951 0.0000000000
76023  -46.968  -6.985  51.919 0.0000000000
76031  -46.393  -6.063  51.143 0.0000000000
76045  -46.849  -6.232  50.514 0.0000000000
76939  -46.090  -5.393  51.147 0.0000000000
136607  -53.990  9.121  45.071 0.0000000000
88735  -53.149  9.277  43.492 0.0000000000
88032  -53.306  8.727  40.348 0.0000000000
88018  -54.007  9.021  40.988 0.0000000000
88033  -54.255  8.518  40.211 0.0000000000
88034  -54.803  8.412  40.568 0.0000000000
88061  -54.074  7.795  39.333 0.0000000000
137158  -53.799  7.410  38.973 0.0000000000
88072  -52.943  7.655  38.061 0.0000000000
127637  -51.284  8.289  36.419 0.0000000000
119818  -52.058  7.849  36.584 0.0000000000
87342  -51.335  7.621  34.584 0.0000000000
72461  -57.742  -9.961  40.766 0.0000000000
78571  -51.110  -4.084  57.608 0.0000000000
127025  -50.943  -3.389  57.724 0.0000000000
79321  -51.171  -2.745  58.220 0.0000000000
74165  -53.060  -8.060  58.736 0.0000000000
74180  -52.902  -8.495  57.840 0.0000000000
124230  -52.404  -9.156  57.569 0.0000000000
134964  -51.549  -10.219  57.713 0.0000000000
72337  -51.008  -10.891  57.791 0.0000000000
70388  -45.974  -13.318  58.322 0.0000000000
69499  -45.893  -13.331  57.739 0.0000000000
71380  -44.508  -11.653  57.245 0.0000000000
75221  -51.862  -7.213  46.740 0.0000000000
76112  -52.876  -6.564  44.133 0.0000000000
75238  -53.329  -7.535  44.195 0.0000000000
76119  -53.440  -6.785  43.407 0.0000000000
76120  -54.150  -7.114  42.571 0.0000000000
76127  -53.721  -5.961  42.709 0.0000000000
77029  -53.949  -4.937  42.393 0.0000000000
77885  -54.582  -4.337  41.865 0.0000000000
81473  -50.253  0.866  53.415 0.0000000000
81478  -49.620  0.489  52.923 0.0000000000
116838  -51.037  0.853  52.918 0.0000000000
81482  -52.985  1.190  52.084 0.0000000000
116265  -52.152  0.862  51.847 0.0000000000
81491  -51.809  0.580  50.951 0.0000000000
81502  -51.834  0.469  50.098 0.0000000000
81492  -52.555  0.768  50.465 0.0000000000
121896  -55.391  3.281  45.035 0.0000000000
83219  -56.324  2.342  45.090 0.0000000000
83218  -55.978  2.395  44.720 0.0000000000
82369  -55.274  1.409  43.419 0.0000000000
126667  -55.849  0.854  42.897 0.0000000000
136843  -56.260  0.670  43.166 0.0000000000
81567  -55.431  0.527  42.207 0.0000000000
130289  -52.938  0.341  43.321 0.0000000000
80835  -52.683  -0.340  43.050 0.0000000000
80834  -50.662  -0.094  44.043 0.0000000000
84955  -49.237  4.721  38.746 0.0000000000
84960  -49.095  3.709  38.570 0.0000000000
85748  -48.674  5.415  39.314 0.0000000000
85731  -47.738  5.429  40.520 0.0000000000
84947  -47.652  4.548  40.672 0.0000000000
84942  -47.178  5.230  41.451 0.0000000000
86538  -44.894  6.931  40.845 0.0000000000
86533  -45.681  6.540  41.478 0.0000000000
133497  -44.261  7.119  41.129 0.0000000000
75154  -50.549  -6.435  51.514 0.0000000000
75171  -49.709  -7.502  50.805 0.0000000000
74263  -50.458  -8.352  49.662 0.0000000000
76059  -48.819  -7.176  49.038 0.0000000000
75198  -49.653  -7.565  48.760 0.0000000000
125663  -50.139  -7.141  48.172 0.0000000000
75209  -50.807  -7.274  47.863 0.0000000000
77840  -49.732  -4.964  47.591 0.0000000000
127507  -50.296  -5.386  47.243 0.0000000000
76990  -50.786  -5.081  46.483 0.0000000000
77847  -50.625  -4.167  46.368 0.0000000000
138519  -56.595  4.010  52.480 0.0000000000
83997  -56.726  3.630  52.393 0.0000000000
124047  -56.412  4.312  51.158 0.0000000000
84880  -56.448  5.102  48.966 0.0000000000
84862  -56.796  4.381  49.509 0.0000000000
84881  -56.763  4.706  48.676 0.0000000000
84056  -56.965  3.791  48.810 0.0000000000
84894  -56.700  5.007  47.842 0.0000000000
87991  -55.005  8.920  44.923 0.0000000000
87982  -55.221  7.997  46.048 0.0000000000
87992  -55.279  8.400  45.285 0.0000000000
86506  -55.410  6.884  44.826 0.0000000000
117212  -55.766  6.932  45.597 0.0000000000
85712  -55.614  6.072  45.373 0.0000000000
84909  -56.330  4.985  46.253 0.0000000000
84908  -55.890  5.109  45.714 0.0000000000
84087  -55.618  4.167  45.429 0.0000000000
84920  -55.144  5.160  45.222 0.0000000000
84917  -52.533  5.120  43.870 0.0000000000
84918  -53.058  4.749  44.428 0.0000000000
84084  -52.739  3.934  44.493 0.0000000000
84083  -51.977  3.863  44.273 0.0000000000
84093  -51.317  3.659  43.885 0.0000000000
84927  -51.759  4.501  43.633 0.0000000000
136937  -51.587  4.936  40.921 0.0000000000
84943  -51.002  4.291  40.856 0.0000000000
84112  -50.530  3.595  40.317 0.0000000000
85765  -53.188  6.767  38.287 0.0000000000
85756  -52.729  6.195  38.440 0.0000000000
85764  -52.553  6.381  37.817 0.0000000000
85761  -50.718  5.753  37.464 0.0000000000
85762  -51.262  5.791  37.473 0.0000000000
84967  -50.293  4.931  38.185 0.0000000000
85755  -49.718  5.256  38.228 0.0000000000
123238  -47.859  6.770  36.702 0.0000000000
86570  -47.003  6.905  36.694 0.0000000000
86569  -46.588  6.912  37.332 0.0000000000
75274  -53.138  -7.498  40.344 0.0000000000
76145  -52.766  -6.570  39.907 0.0000000000
120137  -46.853  -7.373  55.475 0.0000000000
137677  -45.789  -6.147  54.850 0.0000000000
76000  -46.507  -6.404  55.376 0.0000000000
78583  -46.914  -3.772  55.714 0.0000000000
77778  -46.414  -4.410  55.287 0.0000000000
133139  -46.453  -3.063  55.365 0.0000000000
137915  -46.170  -2.208  54.899 0.0000000000
134231  -46.516  -1.583  55.625 0.0000000000
80031  -49.044  -1.241  58.262 0.0000000000
80036  -48.520  -1.674  57.660 0.0000000000
128785  -48.205  -0.926  57.854 0.0000000000
82271  -48.602  1.475  57.000 0.0000000000
81456  -47.593  0.294  57.285 0.0000000000
81459  -47.523  0.419  56.426 0.0000000000
81462  -47.348  0.121  55.445 0.0000000000
121231  -48.071  0.782  55.455 0.0000000000
123999  -48.830  0.910  54.527 0.0000000000
82281  -49.686  1.663  55.488 0.0000000000
83125  -52.645  2.992  56.165 0.0000000000
83137  -52.017  2.479  55.583 0.0000000000
83138  -52.999  2.628  55.421 0.0000000000
83139  -54.006  2.779  55.326 0.0000000000
83126  -53.682  3.250  56.045 0.0000000000
123837  -52.762  6.943  57.963 0.0000000000
85596  -53.357  6.507  58.921 0.0000000000
85597  -53.958  6.319  58.350 0.0000000000
122855  -53.778  5.075  57.915 0.0000000000
86412  -54.106  6.462  57.911 0.0000000000
86433  -54.688  6.244  55.739 0.0000000000
85612  -55.028  5.710  56.771 0.0000000000
127071  -55.184  5.763  55.273 0.0000000000
84798  -55.536  4.725  55.698 0.0000000000
85634  -55.596  5.060  54.695 0.0000000000
138500  -55.957  4.503  54.440 0.0000000000
85644  -55.190  5.227  53.870 0.0000000000
84836  -52.514  4.240  51.691 0.0000000000
84837  -53.563  4.288  51.630 0.0000000000
84846  -53.191  3.829  50.747 0.0000000000
84042  -53.676  3.889  49.251 0.0000000000
84041  -52.726  3.501  49.313 0.0000000000
78610  -55.064  -3.675  51.956 0.0000000000
77790  -53.650  -4.312  53.173 0.0000000000
77797  -54.239  -3.957  52.556 0.0000000000
76934  -52.683  -4.783  51.956 0.0000000000
116127  -52.834  -4.803  52.995 0.0000000000
75107  -54.136  -7.066  56.865 0.0000000000
75996  -54.527  -6.112  56.775 0.0000000000
76002  -54.349  -5.698  55.890 0.0000000000
76001  -53.802  -6.335  55.332 0.0000000000
76008  -52.798  -6.405  54.120 0.0000000000
76009  -53.379  -5.885  54.583 0.0000000000
76017  -52.333  -5.943  53.556 0.0000000000
76928  -52.313  -5.420  53.191 0.0000000000
74222  -51.188  -8.053  53.502 0.0000000000
73279  -51.723  -10.205  55.269 0.0000000000
73285  -51.459  -9.778  54.348 0.0000000000
73293  -50.012  -9.382  53.412 0.0000000000
73220  -50.361  -9.348  62.573 0.0000000000
70328  -48.064  -12.025  64.844 0.0000000000
71292  -48.528  -11.499  65.277 0.0000000000
71321  -46.242  -10.990  62.545 0.0000000000
72285  -46.899  -10.662  62.731 0.0000000000
116324  -47.462  -10.357  62.896 0.0000000000
72269  -48.003  -10.204  64.379 0.0000000000
73218  -48.586  -9.716  63.245 0.0000000000
72304  -49.612  -10.794  61.117 0.0000000000
72294  -50.169  -10.298  61.452 0.0000000000
73227  -50.613  -9.710  61.788 0.0000000000
72306  -50.929  -10.045  60.228 0.0000000000
135132  -49.795  -11.785  58.777 0.0000000000
71384  -50.433  -11.729  57.426 0.0000000000
139553  -47.456  -11.139  55.189 0.0000000000
72351  -47.700  -10.845  54.653 0.0000000000
134428  -47.468  -10.164  54.521 0.0000000000
73278  -47.247  -9.542  55.591 0.0000000000
74193  -47.641  -9.179  56.272 0.0000000000
74201  -47.692  -8.852  55.932 0.0000000000
72335  -46.256  -10.560  56.535 0.0000000000
122459  -46.666  -9.837  56.722 0.0000000000
75091  -48.502  -7.810  57.865 0.0000000000
75097  -49.030  -7.803  57.333 0.0000000000
75092  -49.251  -7.375  57.905 0.0000000000
75985  -49.848  -6.827  57.904 0.0000000000
74306  -57.696  -8.953  46.527 0.0000000000
138031  -51.341  -7.480  50.626 0.0000000000
74255  -52.497  -8.222  50.179 0.0000000000
74277  -53.771  -8.894  48.558 0.0000000000
74328  -54.493  -9.066  44.512 0.0000000000
73357  -55.914  -9.454  45.103 0.0000000000
74338  -56.256  -9.054  42.729 0.0000000000
74339  -57.143  -9.299  42.925 0.0000000000
74340  -57.638  -9.584  43.170 0.0000000000
74358  -58.161  -8.669  41.484 0.0000000000
75266  -58.131  -7.899  40.853 0.0000000000
75277  -58.725  -7.458  40.044 0.0000000000
137949  -58.854  -7.913  39.551 0.0000000000
76149  -58.956  -6.975  39.270 0.0000000000
75264  -55.754  -6.779  41.000 0.0000000000
76136  -56.066  -5.812  40.584 0.0000000000
77912  -57.987  -4.642  38.030 0.0000000000
77065  -58.178  -5.416  37.992 0.0000000000
76173  -58.470  -6.223  38.202 0.0000000000
137822  -57.366  -5.340  37.833 0.0000000000
76171  -56.415  -5.992  38.202 0.0000000000
77063  -56.316  -4.863  37.937 0.0000000000
77061  -54.326  -4.653  38.552 0.0000000000
77910  -53.552  -4.325  38.906 0.0000000000
76920  -45.235  -5.542  53.868 0.0000000000
76927  -45.216  -5.192  53.346 0.0000000000
77795  -45.227  -4.509  53.005 0.0000000000
79338  -46.506  -2.883  51.875 0.0000000000
78608  -45.999  -3.770  51.758 0.0000000000
78609  -46.683  -3.340  51.140 0.0000000000
78616  -46.359  -4.077  50.991 0.0000000000
79344  -47.351  -2.925  50.683 0.0000000000
80777  -49.496  -0.087  51.404 0.0000000000
80776  -48.674  -0.666  51.678 0.0000000000
80058  -49.147  -0.892  50.824 0.0000000000
80075  -49.558  -1.819  48.856 0.0000000000
80068  -49.063  -1.768  49.639 0.0000000000
79357  -48.875  -2.455  49.176 0.0000000000
79356  -48.221  -3.034  49.531 0.0000000000
79362  -48.665  -3.135  48.884 0.0000000000
78633  -48.816  -3.704  48.414 0.0000000000
79372  -50.937  -2.064  46.879 0.0000000000
79379  -50.751  -2.800  46.609 0.0000000000
78648  -50.909  -3.413  46.130 0.0000000000
83162  -56.614  2.697  51.391 0.0000000000
120618  -55.774  2.182  51.609 0.0000000000
82300  -55.096  1.798  50.921 0.0000000000
82322  -55.199  1.693  48.266 0.0000000000
81505  -54.501  1.464  49.650 0.0000000000
81513  -53.737  1.002  48.250 0.0000000000
81512  -52.799  0.595  48.534 0.0000000000
81532  -56.090  1.343  45.490 0.0000000000
81536  -55.798  0.763  45.291 0.0000000000
80817  -54.423  0.014  45.571 0.0000000000
80816  -53.556  -0.159  46.004 0.0000000000
80809  -53.358  0.269  46.775 0.0000000000
80091  -52.276  -1.038  46.291 0.0000000000
80092  -52.960  -0.896  45.791 0.0000000000
136638  -53.270  -2.147  44.715 0.0000000000
79398  -52.877  -2.733  44.533 0.0000000000
78658  -52.192  -3.063  44.936 0.0000000000
78663  -53.242  -2.975  44.059 0.0000000000
79414  -53.918  -2.691  43.693 0.0000000000
78686  -54.819  -2.997  42.485 0.0000000000
79442  -56.536  -1.423  41.081 0.0000000000
80846  -55.491  0.140  41.468 0.0000000000
80855  -55.555  -0.167  40.910 0.0000000000
80152  -54.665  -1.199  40.208 0.0000000000
80153  -55.575  -1.040  40.004 0.0000000000
79454  -55.643  -2.145  38.922 0.0000000000
78695  -52.192  -3.044  40.847 0.0000000000
78701  -52.851  -3.230  39.971 0.0000000000
77896  -51.095  -4.261  40.764 0.0000000000
80113  -50.643  -1.018  43.708 0.0000000000
80126  -50.444  -1.799  43.453 0.0000000000
80110  -48.061  -1.580  43.503 0.0000000000
79411  -48.539  -2.344  43.544 0.0000000000
84092  -50.611  3.286  43.484 0.0000000000
83226  -50.350  2.379  43.831 0.0000000000
122463  -49.215  1.793  40.331 0.0000000000
82385  -48.977  1.690  41.450 0.0000000000
82376  -48.501  1.012  42.264 0.0000000000
82384  -48.564  1.040  41.003 0.0000000000
83262  -49.152  2.074  38.720 0.0000000000
83255  -48.599  2.165  38.695 0.0000000000
82396  -48.425  1.070  38.853 0.0000000000
81581  -47.732  0.214  39.383 0.0000000000
80862  -47.171  -0.393  39.852 0.0000000000
80872  -46.948  -0.192  38.956 0.0000000000
82382  -45.592  1.064  39.666 0.0000000000
81580  -45.049  0.364  39.209 0.0000000000
81579  -44.344  -0.115  39.721 0.0000000000
81564  -45.021  0.888  41.469 0.0000000000
117204  -45.793  2.219  43.755 0.0000000000
126697  -45.843  2.966  44.149 0.0000000000
85727  -46.520  5.452  42.237 0.0000000000
84098  -46.584  4.069  42.687 0.0000000000
84933  -46.301  4.878  43.000 0.0000000000
85717  -44.625  5.731  43.745 0.0000000000
84925  -45.787  4.566  43.797 0.0000000000
84924  -45.066  5.018  44.184 0.0000000000
84915  -44.615  4.569  44.782 0.0000000000
87308  -43.184  8.142  38.551 0.0000000000
88040  -42.364  8.285  39.904 0.0000000000
76021  -45.645  -5.971  52.323 0.0000000000
88749  -52.913  9.220  42.655 0.0000000000
116995  -52.596  8.565  39.836 0.0000000000
88059  -52.961  8.068  38.509 0.0000000000
88058  -51.966  8.196  38.257 0.0000000000
88069  -50.708  8.465  37.254 0.0000000000
138982  -50.525  8.578  36.480 0.0000000000
72462  -58.468  -9.439  40.816 0.0000000000
128593  -51.762  -2.331  59.119 0.0000000000
138084  -51.618  -2.370  58.746 0.0000000000
74157  -52.326  -8.484  60.190 0.0000000000
73239  -52.036  -8.936  59.527 0.0000000000
72316  -51.141  -10.102  59.377 0.0000000000
70387  -45.052  -13.105  58.038 0.0000000000
70386  -44.193  -12.534  58.068 0.0000000000
77813  -53.244  -4.714  50.525 0.0000000000
76951  -52.913  -5.335  50.325 0.0000000000
76060  -53.701  -6.845  49.937 0.0000000000
76103  -51.965  -6.291  45.473 0.0000000000
77870  -53.489  -4.346  43.115 0.0000000000
82287  -52.400  1.668  54.004 0.0000000000
81475  -51.953  1.187  53.164 0.0000000000
82290  -52.891  1.471  53.286 0.0000000000
82294  -53.178  1.381  52.732 0.0000000000
81488  -53.633  1.282  51.568 0.0000000000
82368  -54.060  1.353  43.539 0.0000000000
86552  -47.335  6.454  39.175 0.0000000000
86541  -47.277  6.243  40.122 0.0000000000
86540  -46.439  6.550  40.321 0.0000000000
138246  -46.318  6.427  41.030 0.0000000000
86549  -44.896  7.029  39.944 0.0000000000
75141  -50.116  -6.747  52.370 0.0000000000
75168  -47.454  -6.809  50.578 0.0000000000
76047  -47.964  -7.059  49.923 0.0000000000
76972  -49.286  -5.510  48.079 0.0000000000
84860  -55.655  4.507  49.983 0.0000000000
84848  -56.411  4.408  50.447 0.0000000000
84879  -55.980  5.071  49.207 0.0000000000
134765  -55.918  5.607  48.568 0.0000000000
85687  -56.017  6.182  47.923 0.0000000000
138823  -55.403  8.157  42.912 0.0000000000
87272  -55.397  8.326  43.621 0.0000000000
87271  -55.253  7.726  43.234 0.0000000000
86505  -54.795  6.866  43.861 0.0000000000
85710  -54.102  6.052  44.321 0.0000000000
85720  -53.780  6.250  43.636 0.0000000000
85719  -52.943  5.775  43.377 0.0000000000
84928  -52.163  5.265  43.081 0.0000000000
84935  -51.992  5.300  42.157 0.0000000000
85732  -51.918  5.269  41.383 0.0000000000
86581  -51.670  6.591  36.021 0.0000000000
85771  -51.755  6.337  36.854 0.0000000000
86580  -50.899  6.569  35.705 0.0000000000
85769  -50.384  6.340  36.516 0.0000000000
125604  -49.546  6.509  36.509 0.0000000000
86578  -48.680  6.718  36.151 0.0000000000
137323  -47.814  6.894  35.849 0.0000000000
86577  -47.097  7.029  36.001 0.0000000000
75275  -54.018  -7.874  40.134 0.0000000000
76914  -47.233  -5.749  55.798 0.0000000000
77770  -47.824  -4.288  56.198 0.0000000000
78577  -47.652  -3.374  56.328 0.0000000000
81453  -48.532  0.216  58.665 0.0000000000
81457  -48.027  0.460  58.003 0.0000000000
82263  -48.904  1.765  57.545 0.0000000000
82272  -49.352  1.935  56.850 0.0000000000
82273  -50.059  2.081  56.069 0.0000000000
83123  -50.710  2.561  56.538 0.0000000000
83947  -52.211  3.382  56.887 0.0000000000
86418  -52.469  6.453  56.102 0.0000000000
86420  -54.227  6.552  57.167 0.0000000000
86426  -53.182  6.535  55.667 0.0000000000
86432  -53.846  6.459  55.261 0.0000000000
85632  -53.394  6.144  54.420 0.0000000000
85643  -54.093  5.658  53.874 0.0000000000
85651  -52.541  5.156  52.852 0.0000000000
84823  -52.026  4.759  52.390 0.0000000000
78602  -54.881  -3.653  52.816 0.0000000000
77784  -54.576  -3.840  54.229 0.0000000000
77783  -53.881  -4.301  53.955 0.0000000000
75120  -52.661  -7.392  54.312 0.0000000000
72361  -49.660  -10.304  53.775 0.0000000000
72287  -49.047  -10.100  62.469 0.0000000000
72314  -49.746  -11.186  60.196 0.0000000000
71360  -49.442  -11.747  59.444 0.0000000000
70373  -49.188  -12.337  58.738 0.0000000000
70400  -47.855  -12.487  55.695 0.0000000000
71390  -47.330  -11.721  55.588 0.0000000000
74305  -57.111  -8.981  46.209 0.0000000000
74315  -56.866  -9.408  45.250 0.0000000000
74265  -52.336  -8.526  49.745 0.0000000000
74312  -53.680  -8.460  44.812 0.0000000000
73370  -55.490  -9.398  44.203 0.0000000000
132347  -55.599  -9.200  43.337 0.0000000000
77038  -55.676  -4.946  40.825 0.0000000000
77046  -56.731  -4.817  40.033 0.0000000000
77918  -57.390  -3.993  38.107 0.0000000000
77917  -56.720  -3.885  37.914 0.0000000000
78717  -56.045  -3.295  38.197 0.0000000000
78716  -55.146  -3.453  38.339 0.0000000000
79331  -45.659  -3.140  53.698 0.0000000000
78600  -45.390  -3.786  53.419 0.0000000000
79334  -45.728  -3.129  53.057 0.0000000000
79335  -46.304  -2.541  52.682 0.0000000000
79336  -47.179  -1.929  52.077 0.0000000000
80782  -50.276  0.055  50.502 0.0000000000
80059  -49.712  -0.682  50.244 0.0000000000
120949  -50.098  -1.130  49.037 0.0000000000
79364  -49.907  -2.197  48.002 0.0000000000
80082  -50.557  -1.753  47.608 0.0000000000
80090  -51.623  -1.524  46.525 0.0000000000
82324  -56.513  2.627  49.198 0.0000000000
82316  -55.941  2.239  49.632 0.0000000000
82323  -55.883  2.202  48.685 0.0000000000
81522  -55.052  1.446  47.402 0.0000000000
81544  -56.361  0.660  44.079 0.0000000000
81543  -55.949  0.350  44.568 0.0000000000
132672  -54.668  -0.428  45.055 0.0000000000
80098  -54.320  -1.004  44.734 0.0000000000
79388  -53.976  -1.757  44.510 0.0000000000
80141  -53.986  -1.089  40.955 0.0000000000
79440  -53.866  -1.790  40.332 0.0000000000
79446  -53.663  -2.441  39.929 0.0000000000
78694  -51.391  -3.518  41.160 0.0000000000
121000  -49.295  -0.702  43.774 0.0000000000
83239  -49.876  3.020  41.785 0.0000000000
84118  -47.790  3.157  39.443 0.0000000000
83254  -47.893  2.359  38.878 0.0000000000
83253  -47.293  1.806  39.075 0.0000000000
82395  -46.953  0.935  38.847 0.0000000000
126422  -46.508  0.134  38.788 0.0000000000
82388  -46.476  1.348  39.297 0.0000000000
130778  -45.597  1.411  41.897 0.0000000000
82375  -46.065  1.907  41.682 0.0000000000
83230  -46.383  2.658  42.343 0.0000000000
86523  -45.337  6.381  42.290 0.0000000000
85725  -45.014  6.122  43.038 0.0000000000
85716  -43.755  5.964  43.968 0.0000000000
86513  -43.255  6.565  43.477 0.0000000000
75139  -48.495  -7.384  52.085 0.0000000000
138644  -47.985  -7.329  51.860 0.0000000000
75150  -47.612  -7.086  51.451 0.0000000000
77825  -47.177  -4.697  49.818 0.0000000000
87249  -54.699  7.809  46.584 0.0000000000
87971  -54.271  8.328  46.163 0.0000000000
88724  -54.501  9.212  44.618 0.0000000000
87997  -54.985  9.188  43.974 0.0000000000
88750  -53.980  9.435  42.692 0.0000000000
88751  -54.848  9.278  42.914 0.0000000000
88005  -55.180  8.994  42.248 0.0000000000
88021  -55.279  8.536  41.852 0.0000000000
86536  -54.651  7.549  40.552 0.0000000000
86542  -54.190  6.934  40.067 0.0000000000
85750  -53.497  6.502  39.578 0.0000000000
86554  -53.992  7.064  39.368 0.0000000000
86564  -53.773  6.755  38.838 0.0000000000
86573  -52.881  6.917  37.580 0.0000000000
88071  -52.535  7.567  37.284 0.0000000000
87323  -52.406  7.336  36.665 0.0000000000
86592  -52.083  6.953  35.799 0.0000000000
86591  -51.451  6.983  35.106 0.0000000000
86600  -50.836  7.354  34.363 0.0000000000
87339  -49.381  7.539  33.780 0.0000000000
74374  -57.316  -8.427  39.416 0.0000000000
76907  -50.346  -5.420  57.064 0.0000000000
77772  -49.680  -4.437  56.868 0.0000000000
78570  -50.293  -3.716  57.318 0.0000000000
122803  -50.200  -2.832  57.684 0.0000000000
133000  -49.766  -1.683  58.223 0.0000000000
80750  -51.123  -1.236  59.083 0.0000000000
80032  -50.185  -1.325  58.581 0.0000000000
80749  -49.261  -0.432  58.828 0.0000000000
74189  -53.275  -8.247  57.276 0.0000000000
74195  -52.874  -8.797  56.159 0.0000000000
73273  -52.422  -9.356  56.648 0.0000000000
73257  -51.874  -9.620  58.095 0.0000000000
70348  -45.885  -11.736  63.011 0.0000000000
71331  -46.172  -10.999  61.706 0.0000000000
71389  -46.146  -12.275  56.556 0.0000000000
72334  -45.301  -10.831  56.813 0.0000000000
136717  -52.154  -7.907  47.263 0.0000000000
75229  -52.637  -7.543  45.519 0.0000000000
137269  -52.343  -6.867  45.291 0.0000000000
118434  -53.099  -7.816  45.009 0.0000000000
138197  -54.128  -5.557  42.176 0.0000000000
125393  -56.003  -2.989  40.911 0.0000000000
80767  -48.301  0.043  53.359 0.0000000000
80771  -47.757  -0.657  53.009 0.0000000000
80768  -48.991  0.243  52.883 0.0000000000
80773  -49.334  0.168  52.225 0.0000000000
80774  -50.038  0.320  51.937 0.0000000000
81480  -51.619  0.840  52.409 0.0000000000
81485  -50.778  0.552  52.159 0.0000000000
80778  -50.343  0.283  51.334 0.0000000000
80783  -51.033  0.287  50.218 0.0000000000
80794  -51.974  0.247  48.702 0.0000000000
84078  -56.390  3.126  45.748 0.0000000000
83200  -56.462  2.503  46.307 0.0000000000
83208  -56.426  2.413  45.578 0.0000000000
136451  -56.402  1.832  44.930 0.0000000000
82358  -56.338  1.253  44.515 0.0000000000
82356  -55.711  1.798  44.088 0.0000000000
82371  -56.359  0.893  43.770 0.0000000000
81559  -56.342  0.383  43.354 0.0000000000
80837  -56.386  -0.248  42.941 0.0000000000
80845  -54.508  0.105  41.928 0.0000000000
80833  -50.007  -0.624  44.001 0.0000000000
133924  -48.401  0.407  43.029 0.0000000000
84125  -49.879  3.209  38.357 0.0000000000
85740  -48.324  5.183  39.929 0.0000000000
84953  -47.987  3.967  39.773 0.0000000000
86524  -46.066  6.089  42.138 0.0000000000
76048  -51.194  -6.590  50.966 0.0000000000
74264  -51.321  -8.484  49.589 0.0000000000
130313  -48.831  -7.248  51.683 0.0000000000
75184  -48.688  -7.566  49.886 0.0000000000
75186  -50.021  -8.194  49.321 0.0000000000
74275  -51.164  -8.115  48.380 0.0000000000
76083  -51.189  -6.612  47.067 0.0000000000
76991  -51.155  -5.883  46.486 0.0000000000
83152  -56.218  3.266  54.104 0.0000000000
82297  -55.410  2.349  53.377 0.0000000000
83159  -56.623  3.141  52.779 0.0000000000
83163  -56.902  3.158  51.910 0.0000000000
135691  -56.798  2.780  50.718 0.0000000000
128915  -56.707  4.264  50.121 0.0000000000
130864  -57.001  3.908  50.277 0.0000000000
83179  -56.927  2.979  49.631 0.0000000000
83186  -56.896  3.062  48.935 0.0000000000
83193  -56.849  3.143  48.069 0.0000000000
87236  -55.109  7.432  46.926 0.0000000000
87237  -55.457  7.180  46.990 0.0000000000
86487  -55.809  6.927  47.072 0.0000000000
125152  -55.553  7.508  45.056 0.0000000000
86496  -55.859  6.955  46.359 0.0000000000
86488  -56.197  6.410  46.919 0.0000000000
85704  -56.425  5.672  46.691 0.0000000000
120854  -56.492  4.003  46.374 0.0000000000
84919  -54.073  5.170  44.739 0.0000000000
122009  -54.328  3.331  44.764 0.0000000000
84085  -53.248  3.271  44.575 0.0000000000
83214  -51.856  2.649  44.441 0.0000000000
84099  -50.400  3.563  42.479 0.0000000000
84106  -50.411  3.643  41.333 0.0000000000
130753  -50.355  3.203  39.525 0.0000000000
84120  -50.324  3.210  38.787 0.0000000000
127927  -52.829  5.954  39.832 0.0000000000
84950  -52.206  5.394  39.502 0.0000000000
85763  -51.863  6.060  37.586 0.0000000000
128959  -51.480  5.140  38.489 0.0000000000
84956  -51.483  4.791  39.061 0.0000000000
84127  -50.732  4.259  38.559 0.0000000000
84126  -50.135  3.331  38.437 0.0000000000
85754  -48.959  5.779  38.541 0.0000000000
86562  -48.301  6.474  37.852 0.0000000000
86561  -47.379  6.642  38.187 0.0000000000
86568  -45.867  7.035  37.734 0.0000000000
75118  -45.622  -7.200  54.073 0.0000000000
75999  -45.501  -5.437  54.477 0.0000000000
76912  -45.785  -4.516  54.691 0.0000000000
78589  -45.673  -3.624  54.234 0.0000000000
123653  -46.089  -2.221  54.438 0.0000000000
80765  -46.933  -0.814  54.149 0.0000000000
79325  -48.323  -2.986  56.849 0.0000000000
79324  -47.418  -2.473  56.526 0.0000000000
80753  -47.746  -0.276  57.650 0.0000000000
80041  -47.037  -0.858  56.658 0.0000000000
80040  -46.734  -1.188  56.135 0.0000000000
80757  -46.640  -1.032  55.516 0.0000000000
80758  -46.920  -0.503  55.322 0.0000000000
80763  -47.860  0.068  54.056 0.0000000000
115959  -49.716  1.054  54.064 0.0000000000
81469  -50.519  1.338  54.234 0.0000000000
83136  -51.076  2.309  55.759 0.0000000000
82283  -51.485  2.063  55.136 0.0000000000
116325  -51.440  1.686  54.487 0.0000000000
83148  -53.273  2.256  54.660 0.0000000000
83149  -54.305  2.441  54.568 0.0000000000
83141  -55.490  3.327  55.012 0.0000000000
83940  -53.773  4.417  57.260 0.0000000000
86413  -54.584  6.184  57.361 0.0000000000
84789  -54.944  5.247  56.997 0.0000000000
83949  -54.302  4.143  56.663 0.0000000000
83961  -54.591  3.547  55.871 0.0000000000
83963  -55.763  3.953  55.187 0.0000000000
83151  -55.891  3.280  54.545 0.0000000000
84808  -56.286  4.027  54.083 0.0000000000
138872  -56.107  4.411  53.266 0.0000000000
84826  -55.136  4.610  52.458 0.0000000000
84825  -54.022  4.683  52.380 0.0000000000
84838  -54.693  4.373  51.679 0.0000000000
84847  -54.308  4.053  50.119 0.0000000000
84878  -54.066  4.495  48.518 0.0000000000
84893  -53.775  4.970  47.861 0.0000000000
84877  -52.347  4.123  47.969 0.0000000000
77804  -54.140  -4.038  51.609 0.0000000000
77803  -53.323  -4.457  51.290 0.0000000000
76921  -53.547  -4.957  54.339 0.0000000000
76932  -51.424  -5.530  52.077 0.0000000000
76024  -50.958  -5.906  52.319 0.0000000000
76016  -50.786  -6.393  52.688 0.0000000000
74219  -48.228  -8.855  53.083 0.0000000000
74218  -47.244  -8.930  53.496 0.0000000000
74209  -46.889  -9.065  54.084 0.0000000000
73221  -51.071  -9.129  62.137 0.0000000000
71293  -48.998  -11.117  65.643 0.0000000000
71314  -47.080  -11.197  63.851 0.0000000000
72268  -47.476  -10.715  64.082 0.0000000000
139997  -48.521  -9.806  64.613 0.0000000000
73208  -48.908  -9.257  64.468 0.0000000000
73215  -49.026  -9.242  63.766 0.0000000000
72327  -50.745  -10.748  58.836 0.0000000000
71392  -50.371  -11.994  56.450 0.0000000000
70372  -48.357  -12.623  59.050 0.0000000000
70390  -49.195  -12.733  57.821 0.0000000000
71391  -49.527  -12.585  56.172 0.0000000000
74208  -46.635  -8.631  54.428 0.0000000000
75111  -46.482  -8.077  54.969 0.0000000000
133848  -47.336  -8.236  55.668 0.0000000000
75104  -47.770  -7.594  55.967 0.0000000000
75105  -48.673  -7.300  56.442 0.0000000000
121926  -49.078  -6.448  56.536 0.0000000000
137978  -49.268  -7.587  56.946 0.0000000000
76906  -49.698  -6.064  56.758 0.0000000000
75990  -50.097  -6.425  57.306 0.0000000000
76899  -50.571  -5.797  57.610 0.0000000000
77764  -51.361  -4.177  58.114 0.0000000000
76891  -49.247  -6.782  58.432 0.0000000000
76893  -50.565  -5.611  58.332 0.0000000000
77756  -51.405  -4.156  58.714 0.0000000000
73359  -58.109  -9.777  45.224 0.0000000000
73373  -58.207  -10.120  44.366 0.0000000000
73382  -58.130  -9.967  43.361 0.0000000000
128804  -53.189  -8.392  49.857 0.0000000000
74289  -52.725  -8.551  47.452 0.0000000000
74303  -53.806  -9.178  46.387 0.0000000000
116524  -55.377  -9.209  47.048 0.0000000000
74314  -56.344  -9.339  45.803 0.0000000000
119923  -58.254  -9.668  42.307 0.0000000000
73390  -58.449  -9.512  41.538 0.0000000000
73395  -58.668  -9.202  41.000 0.0000000000
136505  -58.617  -8.864  40.533 0.0000000000
74359  -58.648  -8.462  40.603 0.0000000000
73403  -58.503  -8.874  40.249 0.0000000000
74375  -58.524  -8.259  39.570 0.0000000000
75286  -56.822  -7.757  38.998 0.0000000000
139211  -55.648  -7.562  41.533 0.0000000000
76146  -56.984  -5.652  40.036 0.0000000000
76147  -57.756  -6.084  39.763 0.0000000000
76148  -58.568  -6.579  39.528 0.0000000000
75297  -58.800  -6.589  38.554 0.0000000000
75295  -57.487  -7.166  38.526 0.0000000000
76159  -55.416  -6.733  38.829 0.0000000000
76158  -54.422  -6.438  39.144 0.0000000000
77062  -55.086  -4.958  38.323 0.0000000000
77054  -54.274  -5.540  38.779 0.0000000000
76157  -53.531  -6.107  39.333 0.0000000000
76156  -52.870  -5.742  39.465 0.0000000000
75127  -45.554  -6.810  53.589 0.0000000000
76015  -45.355  -6.013  53.259 0.0000000000
78607  -45.514  -3.794  52.613 0.0000000000
77801  -45.506  -4.526  52.166 0.0000000000
76938  -45.658  -5.280  51.830 0.0000000000
77812  -46.486  -4.832  50.558 0.0000000000
80052  -47.911  -1.036  52.276 0.0000000000
80054  -48.017  -1.423  51.636 0.0000000000
79340  -47.848  -2.104  51.092 0.0000000000
80057  -48.608  -1.734  50.399 0.0000000000
79355  -47.625  -3.224  50.066 0.0000000000
78625  -47.642  -3.842  49.616 0.0000000000
136675  -49.640  -4.229  47.523 0.0000000000
79370  -49.717  -2.935  47.731 0.0000000000
78640  -49.889  -3.553  47.306 0.0000000000
77854  -51.849  -3.953  44.924 0.0000000000
82299  -54.687  1.693  51.853 0.0000000000
82304  -55.245  1.837  50.065 0.0000000000
129056  -53.878  1.268  50.188 0.0000000000
119253  -53.135  0.998  50.054 0.0000000000
80802  -52.121  0.031  47.841 0.0000000000
82338  -56.143  1.877  46.345 0.0000000000
81523  -55.584  1.548  46.768 0.0000000000
137406  -54.946  1.071  46.577 0.0000000000
81530  -55.078  0.603  45.807 0.0000000000
81521  -54.123  0.887  47.272 0.0000000000
80808  -52.585  0.031  47.108 0.0000000000
80084  -51.928  -0.621  46.982 0.0000000000
79386  -51.960  -2.551  45.453 0.0000000000
78685  -53.944  -3.541  42.937 0.0000000000
78671  -54.137  -2.987  43.158 0.0000000000
80131  -56.502  -0.683  42.261 0.0000000000
79430  -56.574  -1.048  41.641 0.0000000000
80143  -56.083  -0.572  40.621 0.0000000000
79449  -56.499  -1.790  39.712 0.0000000000
79450  -56.736  -2.279  39.336 0.0000000000
78710  -55.374  -2.858  38.518 0.0000000000
78709  -54.312  -3.360  38.722 0.0000000000
78708  -53.220  -3.734  39.245 0.0000000000
77909  -52.755  -4.440  39.380 0.0000000000
79413  -49.769  -1.869  43.606 0.0000000000
79412  -49.413  -2.378  43.504 0.0000000000
82364  -49.785  1.582  43.671 0.0000000000
83231  -49.471  2.351  42.252 0.0000000000
83256  -49.457  2.018  38.941 0.0000000000
82390  -49.162  1.550  39.398 0.0000000000
82402  -48.664  1.569  38.764 0.0000000000
82389  -48.716  1.024  39.215 0.0000000000
81574  -48.346  0.645  39.951 0.0000000000
80861  -46.342  -0.807  39.328 0.0000000000
81591  -45.821  -0.112  38.662 0.0000000000
80870  -45.352  -0.531  38.703 0.0000000000
80151  -45.420  -1.045  38.941 0.0000000000
128330  -44.741  -0.924  38.922 0.0000000000
130931  -45.374  1.128  42.480 0.0000000000
132768  -45.605  1.500  43.275 0.0000000000
84091  -45.916  3.710  44.029 0.0000000000
134410  -43.378  5.501  44.629 0.0000000000
130496  -47.988  7.828  33.236 0.0000000000
87322  -46.179  7.335  35.774 0.0000000000
87321  -45.786  7.330  36.359 0.0000000000
87315  -45.380  7.298  37.250 0.0000000000
88066  -44.166  8.136  37.193 0.0000000000
121444  -44.770  7.367  38.021 0.0000000000
116211  -44.281  7.434  38.709 0.0000000000
87303  -44.205  7.311  39.484 0.0000000000
87294  -43.526  7.527  40.001 0.0000000000
87301  -42.871  8.062  39.231 0.0000000000
116604  -42.996  7.836  39.715 0.0000000000
87288  -43.498  7.410  40.991 0.0000000000
75278  -58.854  -7.783  39.685 0.0000000000
75287  -58.047  -7.721  38.917 0.0000000000
75296  -58.133  -7.169  38.332 0.0000000000
75995  -49.528  -6.924  56.849 0.0000000000
76160  -58.472  -5.789  39.122 0.0000000000
76162  -58.949  -6.595  38.784 0.0000000000
76172  -57.686  -6.263  38.065 0.0000000000
76892  -49.869  -6.244  58.450 0.0000000000
76948  -46.492  -5.636  50.627 0.0000000000
77055  -58.368  -5.338  38.462 0.0000000000
77056  -58.749  -6.020  38.402 0.0000000000
77755  -51.096  -4.792  58.540 0.0000000000
77763  -50.926  -4.942  57.715 0.0000000000
77911  -57.808  -4.317  38.470 0.0000000000
78568  -51.557  -3.546  58.588 0.0000000000
78572  -51.425  -3.498  58.095 0.0000000000
79316  -51.169  -1.939  58.622 0.0000000000
79320  -49.062  -2.614  57.383 0.0000000000
79323  -46.740  -1.958  56.090 0.0000000000
79328  -46.368  -2.264  55.391 0.0000000000
79329  -45.827  -2.829  54.172 0.0000000000
79345  -48.036  -2.551  50.261 0.0000000000
79453  -54.780  -2.549  38.895 0.0000000000
79455  -56.430  -2.089  39.121 0.0000000000
80033  -51.664  -1.805  59.148 0.0000000000
80035  -47.605  -1.085  57.282 0.0000000000
80037  -49.494  -2.028  57.880 0.0000000000
80048  -47.091  -1.068  53.483 0.0000000000
80752  -47.239  -0.251  56.963 0.0000000000
80761  -46.666  -0.934  54.798 0.0000000000
80762  -47.266  -0.270  54.596 0.0000000000
81454  -48.985  0.435  59.232 0.0000000000
81460  -47.969  0.886  57.177 0.0000000000
81463  -48.289  1.150  56.286 0.0000000000
81464  -48.924  1.317  55.423 0.0000000000
81471  -48.405  0.446  54.002 0.0000000000
81486  -51.287  0.564  51.629 0.0000000000
81493  -53.353  1.100  50.771 0.0000000000
81514  -54.469  1.380  48.782 0.0000000000
82253  -48.441  0.944  58.698 0.0000000000
82282  -50.577  1.793  55.113 0.0000000000
82296  -54.666  1.878  52.881 0.0000000000
83114  -49.481  2.260  57.553 0.0000000000
83122  -49.959  2.357  56.840 0.0000000000
83150  -55.279  2.740  54.448 0.0000000000
83155  -55.925  2.810  53.915 0.0000000000
83156  -56.390  3.134  53.567 0.0000000000
83158  -56.157  2.694  53.109 0.0000000000
83170  -57.075  3.169  51.131 0.0000000000
83950  -55.047  4.416  56.353 0.0000000000
83951  -55.420  4.400  55.845 0.0000000000
83962  -55.273  3.772  55.594 0.0000000000
83974  -56.130  3.729  54.470 0.0000000000
83975  -56.359  3.494  53.936 0.0000000000
84024  -53.257  3.668  49.863 0.0000000000
84025  -57.062  3.225  50.350 0.0000000000
84055  -53.018  3.862  48.548 0.0000000000
84063  -56.876  3.950  47.947 0.0000000000
84773  -53.782  5.895  58.584 0.0000000000
84781  -54.287  5.780  58.001 0.0000000000
84788  -54.470  5.031  57.376 0.0000000000
84816  -55.951  4.563  53.886 0.0000000000
84827  -56.170  4.358  52.615 0.0000000000
84828  -56.439  4.045  53.185 0.0000000000
84839  -55.838  4.413  51.763 0.0000000000
84840  -56.671  4.070  51.816 0.0000000000
84849  -56.871  4.061  50.878 0.0000000000
84901  -56.622  4.919  46.912 0.0000000000
84944  -51.456  4.777  41.690 0.0000000000
84963  -51.323  5.327  38.081 0.0000000000
84964  -52.028  5.750  38.156 0.0000000000
85603  -54.413  6.105  57.810 0.0000000000
85604  -54.729  5.836  57.344 0.0000000000
85613  -55.338  5.320  56.145 0.0000000000
85622  -55.180  5.804  56.080 0.0000000000
85623  -55.493  5.208  55.523 0.0000000000
85633  -54.443  6.130  54.830 0.0000000000
85652  -53.440  5.208  52.995 0.0000000000
85653  -54.551  5.070  53.116 0.0000000000
85672  -56.192  5.687  48.384 0.0000000000
85673  -56.468  5.374  48.510 0.0000000000
85685  -53.855  5.818  47.560 0.0000000000
85695  -56.433  5.780  47.378 0.0000000000
85749  -52.825  6.051  39.107 0.0000000000
86419  -53.444  6.672  56.660 0.0000000000
86428  -54.744  6.237  56.632 0.0000000000
86476  -55.389  6.959  47.274 0.0000000000
86477  -55.759  6.634  47.465 0.0000000000
86478  -56.076  6.409  47.595 0.0000000000
86555  -54.113  7.477  39.358 0.0000000000
86582  -52.478  6.967  36.594 0.0000000000
86583  -52.744  6.992  37.176 0.0000000000
86587  -46.645  7.267  35.538 0.0000000000
87235  -54.772  7.320  47.057 0.0000000000
87257  -55.552  7.697  45.718 0.0000000000
87264  -55.448  8.113  44.734 0.0000000000
87289  -55.116  8.145  41.086 0.0000000000
87296  -54.738  7.964  40.221 0.0000000000
87304  -54.407  7.799  39.738 0.0000000000
87311  -53.509  7.534  38.666 0.0000000000
87316  -52.748  7.357  37.454 0.0000000000
87332  -52.179  7.222  35.951 0.0000000000
87338  -48.236  7.459  33.882 0.0000000000
87341  -50.840  7.892  34.010 0.0000000000
87972  -55.171  7.662  46.577 0.0000000000
87980  -53.877  8.776  45.628 0.0000000000
87981  -54.930  8.500  45.636 0.0000000000
88006  -55.380  8.544  42.663 0.0000000000
88019  -54.667  8.806  40.921 0.0000000000
88046  -54.117  8.143  39.541 0.0000000000
88047  -54.490  8.110  39.918 0.0000000000
88060  -53.575  8.277  38.974 0.0000000000
88079  -49.879  8.840  36.029 0.0000000000
88080  -50.835  8.528  35.605 0.0000000000
88082  -51.959  7.610  35.756 0.0000000000
88102  -51.148  8.027  34.340 0.0000000000
88713  -54.553  8.894  45.341 0.0000000000
88723  -53.641  9.259  44.404 0.0000000000
88734  -52.177  9.020  43.581 0.0000000000
88737  -55.284  8.977  43.278 0.0000000000
88760  -52.447  9.014  42.018 0.0000000000
88761  -53.525  9.241  41.852 0.0000000000
116701  -52.344  7.956  37.724 0.0000000000
116793  -52.681  6.688  57.033 0.0000000000
117560  -55.204  5.021  48.781 0.0000000000
120067  -46.063  -2.817  54.781 0.0000000000
120728  -52.343  3.240  44.480 0.0000000000
121685  -52.129  6.709  36.411 0.0000000000
122007  -53.391  7.169  38.411 0.0000000000
123279  -49.231  -1.250  50.126 0.0000000000
125669  -54.570  8.543  45.830 0.0000000000
126374  -56.392  2.660  52.248 0.0000000000
127692  -56.619  2.670  50.029 0.0000000000
128815  -47.172  -1.592  56.673 0.0000000000
130804  -57.120  3.610  50.839 0.0000000000
133790  -54.585  1.532  50.362 0.0000000000
136642  -54.618  9.184  41.782 0.0000000000
137016  -52.975  6.384  54.888 0.0000000000
138516  -50.294  -0.705  59.080 0.0000000000
139874  -56.258  5.412  48.748 0.0000000000
140309  -49.725  -3.164  57.351 0.0000000000
140563  -54.781  4.725  56.877 0.0000000000
