#!ascii label  , from subject sub-v2s0x29028_ses-1 vox2ras=TkReg
527
67368  -27.350  -16.365  10.565 0.0000000000
70024  -22.672  -13.187  7.955 0.0000000000
131337  -19.530  -0.716  5.309 0.0000000000
78168  -21.865  -3.590  4.422 0.0000000000
74729  -25.525  -8.261  4.535 0.0000000000
72760  -29.507  -10.831  9.203 0.0000000000
115293  -18.147  0.919  6.803 0.0000000000
76480  -23.508  -6.675  4.416 0.0000000000
73722  -21.658  -8.376  5.561 0.0000000000
69106  -26.004  -15.161  8.363 0.0000000000
70918  -26.776  -12.627  7.009 0.0000000000
69995  -28.948  -14.225  9.885 0.0000000000
62427  -23.417  -20.785  11.870 0.0000000000
66416  -24.354  -17.262  9.258 0.0000000000
87559  -18.304  7.529  5.632 0.0000000000
86842  -20.118  6.292  4.625 0.0000000000
125716  -21.127  5.008  4.239 0.0000000000
124434  -21.953  2.167  4.688 0.0000000000
82675  -23.514  1.046  4.646 0.0000000000
134107  -20.080  -2.187  4.900 0.0000000000
81108  -24.402  -0.985  4.583 0.0000000000
131303  -25.857  -3.215  4.501 0.0000000000
128248  -27.682  -4.464  4.494 0.0000000000
76464  -28.827  -6.131  5.791 0.0000000000
71872  -24.320  -10.324  6.083 0.0000000000
73715  -28.387  -9.939  5.928 0.0000000000
115162  -19.555  -9.234  4.117 0.0000000000
73713  -21.264  -8.478  6.499 0.0000000000
68271  -26.584  -15.929  9.259 0.0000000000
69107  -27.333  -14.438  8.440 0.0000000000
68273  -28.082  -15.160  9.789 0.0000000000
59371  -24.750  -24.416  16.066 0.0000000000
132355  -24.960  -23.394  15.350 0.0000000000
132619  -25.509  -22.489  14.824 0.0000000000
67394  -22.884  -16.025  9.141 0.0000000000
66414  -21.976  -17.116  9.841 0.0000000000
136767  -21.079  5.900  4.437 0.0000000000
137988  -18.975  -0.461  6.062 0.0000000000
131289  -20.563  1.440  4.662 0.0000000000
131281  -20.790  1.177  4.555 0.0000000000
137893  -22.588  1.731  4.685 0.0000000000
131331  -21.035  0.304  4.415 0.0000000000
78957  -20.782  -3.016  4.724 0.0000000000
131903  -22.145  -1.498  4.342 0.0000000000
131288  -22.684  -2.491  4.396 0.0000000000
115291  -24.750  -2.115  4.531 0.0000000000
78959  -23.017  -3.338  4.426 0.0000000000
119620  -24.531  -7.751  4.315 0.0000000000
124389  -25.880  -5.960  4.435 0.0000000000
76482  -26.348  -6.547  4.486 0.0000000000
77352  -28.145  -5.271  4.818 0.0000000000
75616  -27.780  -7.138  4.911 0.0000000000
70913  -21.792  -12.001  7.992 0.0000000000
71860  -22.421  -10.513  6.896 0.0000000000
70927  -23.931  -11.524  6.717 0.0000000000
71844  -28.790  -12.016  7.636 0.0000000000
71866  -27.250  -11.453  6.292 0.0000000000
72774  -29.104  -10.379  7.445 0.0000000000
73716  -29.037  -9.152  6.886 0.0000000000
73694  -29.527  -9.367  9.125 0.0000000000
63426  -25.685  -20.826  13.361 0.0000000000
63451  -23.835  -20.128  11.436 0.0000000000
64413  -25.645  -19.630  12.259 0.0000000000
65402  -25.810  -18.567  11.276 0.0000000000
118319  -21.227  -5.293  4.847 0.0000000000
121238  -22.361  -5.463  4.540 0.0000000000
75626  -22.094  -7.234  4.790 0.0000000000
74725  -23.229  -8.083  4.798 0.0000000000
73735  -23.948  -8.505  4.871 0.0000000000
69116  -23.909  -14.053  8.010 0.0000000000
70916  -25.099  -12.642  7.067 0.0000000000
69119  -26.905  -13.978  7.892 0.0000000000
70017  -28.446  -13.430  8.303 0.0000000000
70890  -29.339  -12.379  9.163 0.0000000000
61371  -25.367  -21.750  13.944 0.0000000000
70014  -22.126  -13.765  8.526 0.0000000000
68284  -23.583  -15.501  8.635 0.0000000000
67396  -24.725  -16.381  8.731 0.0000000000
66418  -25.976  -17.180  9.833 0.0000000000
88337  -19.736  8.851  5.051 0.0000000000
132132  -17.763  6.617  6.625 0.0000000000
86829  -18.907  6.600  5.049 0.0000000000
127933  -21.836  7.090  5.145 0.0000000000
86057  -23.581  6.258  5.354 0.0000000000
86066  -24.116  5.616  5.331 0.0000000000
131867  -20.126  1.894  5.074 0.0000000000
84394  -21.596  3.238  4.687 0.0000000000
85245  -25.248  4.933  5.172 0.0000000000
84388  -24.374  2.813  5.323 0.0000000000
83520  -25.370  2.405  5.043 0.0000000000
82677  -25.843  1.235  4.511 0.0000000000
80390  -19.325  -1.415  5.427 0.0000000000
115330  -21.514  -0.519  4.381 0.0000000000
81854  -23.658  0.224  4.573 0.0000000000
81866  -26.258  0.509  4.280 0.0000000000
81109  -26.071  -0.601  4.435 0.0000000000
115147  -27.616  -2.331  4.166 0.0000000000
123037  -24.648  -4.636  4.448 0.0000000000
115542  -26.661  -3.678  4.442 0.0000000000
72780  -21.661  -9.550  7.008 0.0000000000
72789  -23.348  -9.341  5.850 0.0000000000
72803  -25.159  -9.467  5.350 0.0000000000
71864  -26.057  -11.389  6.326 0.0000000000
72793  -26.212  -10.482  5.727 0.0000000000
73738  -26.638  -9.337  5.170 0.0000000000
74703  -28.749  -7.919  5.917 0.0000000000
76450  -29.456  -6.780  7.460 0.0000000000
65412  -23.653  -18.168  9.901 0.0000000000
66403  -25.602  -17.781  10.217 0.0000000000
66392  -28.083  -17.104  11.966 0.0000000000
67386  -26.981  -16.133  9.871 0.0000000000
68272  -27.329  -15.512  9.482 0.0000000000
68258  -27.712  -15.761  10.186 0.0000000000
68259  -28.431  -15.420  10.515 0.0000000000
67369  -28.063  -16.024  10.915 0.0000000000
59372  -25.409  -24.361  16.443 0.0000000000
59387  -25.141  -23.833  15.836 0.0000000000
132430  -25.881  -23.667  16.179 0.0000000000
131397  -19.024  -0.852  5.852 0.0000000000
131904  -19.545  -0.403  5.377 0.0000000000
115312  -19.982  -0.061  4.943 0.0000000000
131436  -21.099  0.886  4.460 0.0000000000
131296  -20.323  -0.135  4.664 0.0000000000
134666  -20.826  -4.293  4.814 0.0000000000
78161  -20.366  -3.730  4.994 0.0000000000
78167  -21.236  -3.765  4.584 0.0000000000
78964  -21.672  -2.704  4.414 0.0000000000
78169  -22.619  -3.912  4.421 0.0000000000
74728  -24.806  -8.302  4.413 0.0000000000
75629  -25.173  -7.720  4.364 0.0000000000
75630  -25.932  -7.487  4.470 0.0000000000
76470  -27.375  -6.833  4.682 0.0000000000
74730  -26.373  -8.046  4.606 0.0000000000
123313  -22.399  -12.524  7.798 0.0000000000
71854  -22.617  -11.907  7.392 0.0000000000
70914  -23.067  -12.605  7.485 0.0000000000
139974  -29.120  -11.744  7.978 0.0000000000
71845  -29.008  -11.273  7.613 0.0000000000
72766  -29.338  -10.607  8.291 0.0000000000
73701  -29.368  -9.671  8.180 0.0000000000
127732  -29.465  -10.089  8.900 0.0000000000
118364  -29.594  -10.008  9.660 0.0000000000
63439  -26.017  -20.108  12.948 0.0000000000
115864  -20.621  -6.724  5.797 0.0000000000
76477  -21.591  -6.510  4.863 0.0000000000
75614  -21.142  -7.480  5.110 0.0000000000
73732  -20.893  -9.160  4.849 0.0000000000
74723  -21.224  -8.213  4.905 0.0000000000
73748  -22.513  -8.268  5.268 0.0000000000
73749  -23.817  -8.244  4.650 0.0000000000
73734  -22.875  -8.458  5.427 0.0000000000
69117  -24.866  -14.206  7.859 0.0000000000
69118  -25.938  -14.286  7.903 0.0000000000
69093  -28.415  -14.502  9.457 0.0000000000
69108  -28.112  -14.153  8.708 0.0000000000
70006  -28.859  -13.732  9.226 0.0000000000
70889  -29.049  -12.947  8.715 0.0000000000
70007  -29.365  -12.938  9.625 0.0000000000
69996  -29.329  -13.624  10.153 0.0000000000
59385  -23.589  -24.624  15.481 0.0000000000
58432  -23.302  -25.393  15.860 0.0000000000
61359  -25.851  -22.009  14.633 0.0000000000
62371  -26.528  -21.519  14.597 0.0000000000
129742  -22.616  -14.450  8.587 0.0000000000
67382  -23.173  -16.633  9.291 0.0000000000
67395  -23.837  -16.332  8.871 0.0000000000
66426  -24.314  -16.784  8.998 0.0000000000
67384  -25.653  -16.845  9.239 0.0000000000
66417  -25.137  -17.456  9.480 0.0000000000
133875  -17.967  8.069  6.456 0.0000000000
88331  -18.236  8.352  5.981 0.0000000000
88335  -18.708  8.168  5.383 0.0000000000
88349  -20.431  8.109  4.791 0.0000000000
87564  -19.573  7.954  4.936 0.0000000000
86828  -18.833  6.068  5.634 0.0000000000
87577  -19.625  6.734  4.756 0.0000000000
87589  -20.644  7.264  4.741 0.0000000000
86843  -20.175  6.712  4.647 0.0000000000
86856  -21.116  6.732  4.750 0.0000000000
86063  -21.127  5.084  4.280 0.0000000000
126742  -21.536  6.055  4.958 0.0000000000
86065  -22.608  5.455  5.268 0.0000000000
131845  -18.581  1.384  6.448 0.0000000000
125160  -21.123  2.175  4.544 0.0000000000
84393  -21.179  2.895  4.492 0.0000000000
84395  -22.438  3.431  5.041 0.0000000000
85244  -23.363  4.563  5.375 0.0000000000
84396  -23.996  3.657  5.422 0.0000000000
132764  -22.852  2.477  4.946 0.0000000000
82674  -22.332  1.059  4.496 0.0000000000
83519  -23.638  1.877  4.908 0.0000000000
127799  -24.587  1.649  4.893 0.0000000000
83521  -25.468  1.732  4.769 0.0000000000
82676  -24.735  1.070  4.741 0.0000000000
78946  -19.545  -2.831  5.328 0.0000000000
79675  -19.182  -2.340  5.465 0.0000000000
80391  -19.679  -1.613  5.155 0.0000000000
135220  -20.915  -0.805  4.423 0.0000000000
80403  -20.567  -1.233  4.582 0.0000000000
115320  -23.029  -1.451  4.414 0.0000000000
115304  -22.211  -0.827  4.348 0.0000000000
81865  -23.250  -0.664  4.455 0.0000000000
81100  -24.282  -0.296  4.582 0.0000000000
130670  -25.233  -0.217  4.601 0.0000000000
115296  -24.416  -2.590  4.513 0.0000000000
131292  -25.848  -1.938  4.495 0.0000000000
131287  -25.632  -2.559  4.521 0.0000000000
131257  -26.891  -1.980  4.267 0.0000000000
131893  -26.760  -2.791  4.402 0.0000000000
120677  -22.980  -5.648  4.458 0.0000000000
123755  -23.146  -4.907  4.420 0.0000000000
120676  -23.661  -5.853  4.387 0.0000000000
124640  -26.301  -5.115  4.445 0.0000000000
78170  -25.847  -4.522  4.465 0.0000000000
117443  -27.328  -4.103  4.425 0.0000000000
115143  -27.549  -3.508  4.386 0.0000000000
115652  -27.905  -3.764  4.406 0.0000000000
77344  -28.418  -5.757  5.203 0.0000000000
77337  -29.193  -5.535  6.317 0.0000000000
73707  -21.008  -9.363  7.417 0.0000000000
133285  -23.897  -10.822  6.416 0.0000000000
72782  -22.855  -10.022  6.383 0.0000000000
72790  -24.019  -9.706  5.839 0.0000000000
72801  -24.081  -9.064  5.340 0.0000000000
72791  -24.675  -9.761  5.630 0.0000000000
70917  -26.010  -12.706  6.988 0.0000000000
70929  -25.663  -11.957  6.643 0.0000000000
70930  -26.397  -12.016  6.620 0.0000000000
72784  -28.231  -10.680  6.089 0.0000000000
71876  -26.789  -10.961  6.019 0.0000000000
72794  -26.936  -10.470  5.644 0.0000000000
72805  -26.455  -9.953  5.403 0.0000000000
73726  -27.921  -9.581  5.538 0.0000000000
74696  -28.254  -8.677  5.569 0.0000000000
138463  -28.461  -9.266  5.900 0.0000000000
134839  -29.410  -8.122  7.948 0.0000000000
75596  -29.411  -7.607  7.435 0.0000000000
76441  -29.487  -7.341  8.192 0.0000000000
65394  -26.878  -18.769  12.218 0.0000000000
65415  -25.918  -18.093  10.865 0.0000000000
65403  -27.216  -18.164  12.024 0.0000000000
66391  -27.263  -17.500  11.507 0.0000000000
66379  -27.782  -17.813  12.265 0.0000000000
119345  -20.790  -7.921  5.851 0.0000000000
73721  -20.701  -8.944  4.778 0.0000000000
68287  -26.047  -15.826  8.791 0.0000000000
121788  -26.624  -14.635  8.250 0.0000000000
68288  -26.828  -15.211  8.786 0.0000000000
69092  -27.698  -14.840  9.093 0.0000000000
69081  -29.240  -14.335  10.564 0.0000000000
69069  -29.040  -15.025  10.888 0.0000000000
134514  -29.229  -15.198  11.657 0.0000000000
58433  -24.122  -24.847  15.996 0.0000000000
60383  -24.256  -22.769  14.118 0.0000000000
60368  -25.256  -22.878  15.041 0.0000000000
61342  -25.841  -22.593  15.216 0.0000000000
68270  -21.978  -15.601  9.373 0.0000000000
138433  -22.268  -16.189  9.462 0.0000000000
126601  -22.478  -16.616  9.519 0.0000000000
66415  -22.872  -17.209  9.597 0.0000000000
87558  -17.828  7.350  6.527 0.0000000000
132137  -19.223  5.292  5.796 0.0000000000
126605  -19.855  5.754  4.821 0.0000000000
86055  -19.981  4.897  5.246 0.0000000000
123587  -20.595  4.906  4.799 0.0000000000
85240  -20.657  4.106  4.728 0.0000000000
131293  -19.663  0.841  5.407 0.0000000000
115300  -19.535  0.060  5.477 0.0000000000
83523  -21.235  1.631  4.539 0.0000000000
83524  -21.933  1.429  4.526 0.0000000000
138044  -21.612  0.868  4.434 0.0000000000
81852  -21.663  0.448  4.386 0.0000000000
79683  -20.347  -2.341  4.846 0.0000000000
79693  -20.732  -1.850  4.560 0.0000000000
79694  -21.291  -2.131  4.440 0.0000000000
131318  -21.979  -1.930  4.329 0.0000000000
131258  -22.517  -1.918  4.365 0.0000000000
132365  -24.097  -1.701  4.515 0.0000000000
115311  -23.485  -2.174  4.452 0.0000000000
131875  -23.665  -2.894  4.469 0.0000000000
115309  -24.802  -3.140  4.515 0.0000000000
75628  -23.944  -7.631  4.357 0.0000000000
120675  -24.962  -6.228  4.358 0.0000000000
132845  -24.874  -7.129  4.327 0.0000000000
77361  -26.751  -5.616  4.480 0.0000000000
77363  -27.940  -4.825  4.592 0.0000000000
76483  -27.220  -6.125  4.579 0.0000000000
76471  -27.892  -6.160  4.825 0.0000000000
76463  -28.327  -6.637  5.312 0.0000000000
72772  -21.797  -10.437  7.288 0.0000000000
71853  -22.133  -11.196  7.361 0.0000000000
71861  -23.069  -11.038  6.763 0.0000000000
71862  -24.576  -11.029  6.349 0.0000000000
70919  -28.143  -12.307  7.289 0.0000000000
70931  -27.050  -12.018  6.590 0.0000000000
71855  -28.377  -11.668  7.014 0.0000000000
72773  -28.642  -10.957  6.775 0.0000000000
73708  -28.798  -10.046  6.640 0.0000000000
139910  -28.719  -9.410  6.317 0.0000000000
134568  -29.159  -9.635  7.344 0.0000000000
74691  -29.295  -8.925  7.662 0.0000000000
74683  -29.468  -8.740  8.525 0.0000000000
75588  -29.552  -7.907  8.807 0.0000000000
74677  -29.587  -8.525  9.445 0.0000000000
138378  -24.453  -21.067  12.743 0.0000000000
63437  -24.175  -20.628  12.195 0.0000000000
63438  -25.055  -20.430  12.604 0.0000000000
130287  -24.997  -19.795  11.944 0.0000000000
64425  -25.262  -19.152  11.466 0.0000000000
64439  -24.498  -19.017  10.817 0.0000000000
64426  -26.119  -18.974  11.869 0.0000000000
136615  -20.723  -5.126  5.083 0.0000000000
77360  -21.382  -4.592  4.653 0.0000000000
123698  -22.438  -4.634  4.479 0.0000000000
123149  -21.783  -5.393  4.655 0.0000000000
76478  -22.252  -6.393  4.610 0.0000000000
76479  -22.895  -6.504  4.512 0.0000000000
75624  -20.510  -8.339  4.961 0.0000000000
74724  -22.064  -7.881  4.978 0.0000000000
117403  -23.400  -7.458  4.473 0.0000000000
74726  -23.780  -8.086  4.485 0.0000000000
74727  -24.273  -8.240  4.390 0.0000000000
73751  -24.569  -8.500  4.529 0.0000000000
70025  -23.518  -13.283  7.725 0.0000000000
70026  -24.479  -13.376  7.545 0.0000000000
70027  -25.483  -13.464  7.458 0.0000000000
70028  -26.412  -13.390  7.441 0.0000000000
70016  -27.709  -13.739  8.020 0.0000000000
70030  -27.983  -13.022  7.606 0.0000000000
70903  -28.665  -12.706  7.910 0.0000000000
70904  -29.164  -12.165  8.388 0.0000000000
71836  -29.422  -11.703  9.163 0.0000000000
123549  -29.570  -11.338  9.817 0.0000000000
122077  -29.594  -12.087  9.941 0.0000000000
69986  -29.640  -13.680  11.070 0.0000000000
62407  -23.788  -21.242  12.508 0.0000000000
61370  -24.628  -22.056  13.729 0.0000000000
61385  -24.193  -21.655  13.108 0.0000000000
62386  -24.990  -21.302  13.314 0.0000000000
137667  -25.539  -21.308  13.643 0.0000000000
62388  -26.857  -20.944  14.187 0.0000000000
70015  -23.033  -13.901  8.206 0.0000000000
69104  -24.219  -14.870  8.275 0.0000000000
68285  -24.461  -15.705  8.501 0.0000000000
68286  -25.312  -15.784  8.541 0.0000000000
67398  -26.029  -16.352  9.097 0.0000000000
67385  -26.313  -16.554  9.540 0.0000000000
67367  -26.659  -16.758  10.236 0.0000000000
88332  -18.606  8.883  5.957 0.0000000000
115666  -17.397  7.150  7.420 0.0000000000
86820  -18.212  6.610  5.843 0.0000000000
87563  -19.127  7.364  5.014 0.0000000000
87578  -19.751  7.199  4.798 0.0000000000
119454  -20.121  7.400  4.756 0.0000000000
86064  -21.186  5.870  4.541 0.0000000000
86857  -22.662  6.600  5.360 0.0000000000
86858  -23.972  7.232  5.165 0.0000000000
86058  -24.499  6.450  5.148 0.0000000000
86067  -25.401  6.102  4.728 0.0000000000
84387  -20.209  2.936  5.200 0.0000000000
85242  -21.252  3.896  4.278 0.0000000000
131853  -20.399  1.983  4.848 0.0000000000
84392  -20.796  2.924  4.574 0.0000000000
138122  -21.919  4.757  4.966 0.0000000000
85243  -22.168  4.273  4.964 0.0000000000
84397  -25.833  3.658  5.149 0.0000000000
80379  -18.899  -1.542  5.768 0.0000000000
81095  -19.128  -1.008  5.582 0.0000000000
131879  -20.055  -0.734  4.862 0.0000000000
131437  -21.348  0.091  4.387 0.0000000000
81853  -22.449  0.360  4.412 0.0000000000
115391  -21.690  -1.196  4.375 0.0000000000
129782  -22.550  -0.229  4.387 0.0000000000
81855  -25.046  0.409  4.639 0.0000000000
131306  -25.280  -1.495  4.561 0.0000000000
131868  -26.527  -1.326  4.306 0.0000000000
115771  -27.466  -1.147  3.850 0.0000000000
132363  -27.838  -1.183  3.651 0.0000000000
123687  -23.519  -4.283  4.444 0.0000000000
115146  -25.313  -3.832  4.499 0.0000000000
130243  -24.625  -5.471  4.390 0.0000000000
117827  -27.503  -2.984  4.321 0.0000000000
78162  -28.368  -4.444  4.800 0.0000000000
73714  -21.581  -8.725  6.370 0.0000000000
117124  -21.887  -8.912  6.241 0.0000000000
72781  -22.226  -9.753  6.669 0.0000000000
73723  -22.497  -9.097  6.096 0.0000000000
73724  -22.761  -8.818  5.754 0.0000000000
72802  -24.623  -9.094  5.214 0.0000000000
117977  -25.504  -9.171  5.108 0.0000000000
70915  -24.014  -12.479  7.160 0.0000000000
70928  -24.790  -11.829  6.680 0.0000000000
71863  -25.352  -11.232  6.324 0.0000000000
71865  -26.652  -11.452  6.323 0.0000000000
71875  -26.307  -10.990  6.107 0.0000000000
71873  -25.045  -10.541  5.997 0.0000000000
72792  -25.449  -10.169  5.666 0.0000000000
140545  -26.067  -9.451  5.219 0.0000000000
74710  -25.995  -8.831  4.872 0.0000000000
74711  -26.964  -8.521  4.885 0.0000000000
75608  -28.203  -7.681  5.351 0.0000000000
75609  -28.802  -7.059  5.907 0.0000000000
124978  -28.868  -8.611  6.309 0.0000000000
75603  -29.193  -7.539  6.638 0.0000000000
76457  -29.214  -6.489  6.531 0.0000000000
65425  -22.953  -17.889  9.857 0.0000000000
65426  -24.353  -17.825  9.630 0.0000000000
65414  -25.207  -18.438  10.662 0.0000000000
136692  -24.947  -18.019  9.942 0.0000000000
66405  -27.046  -16.930  10.881 0.0000000000
67354  -27.696  -16.692  11.264 0.0000000000
60356  -26.252  -22.936  15.835 0.0000000000
61358  -25.069  -22.446  14.441 0.0000000000
62387  -26.066  -21.301  13.965 0.0000000000
63452  -24.517  -20.137  11.913 0.0000000000
64415  -27.169  -19.176  12.876 0.0000000000
65413  -24.380  -18.409  10.172 0.0000000000
66390  -26.536  -18.235  11.485 0.0000000000
66404  -26.429  -17.501  10.698 0.0000000000
66425  -23.711  -16.953  9.258 0.0000000000
67381  -21.702  -16.381  9.767 0.0000000000
67383  -24.951  -16.905  9.011 0.0000000000
67397  -25.465  -16.393  8.860 0.0000000000
69080  -28.735  -14.808  10.153 0.0000000000
69103  -23.343  -14.668  8.410 0.0000000000
69105  -25.143  -15.019  8.231 0.0000000000
70029  -27.226  -13.213  7.483 0.0000000000
70926  -23.310  -11.946  7.062 0.0000000000
70932  -27.688  -11.904  6.717 0.0000000000
71867  -27.962  -11.351  6.361 0.0000000000
71871  -23.594  -10.192  6.227 0.0000000000
71874  -25.762  -10.783  6.032 0.0000000000
72783  -27.462  -10.932  5.948 0.0000000000
72795  -27.696  -10.310  5.667 0.0000000000
72799  -19.455  -9.385  3.999 0.0000000000
72800  -23.472  -8.718  5.348 0.0000000000
72804  -25.805  -9.812  5.422 0.0000000000
73725  -27.157  -9.870  5.368 0.0000000000
73731  -19.668  -9.331  4.146 0.0000000000
73733  -22.100  -8.432  5.407 0.0000000000
73736  -24.380  -8.647  4.800 0.0000000000
73737  -24.888  -8.861  4.900 0.0000000000
73739  -27.422  -9.109  5.245 0.0000000000
73746  -19.960  -9.018  4.340 0.0000000000
73747  -21.145  -8.414  5.123 0.0000000000
73750  -24.153  -8.357  4.517 0.0000000000
73752  -25.153  -8.673  4.683 0.0000000000
74712  -27.704  -8.407  5.131 0.0000000000
74722  -19.709  -9.112  4.245 0.0000000000
75607  -20.918  -7.181  5.375 0.0000000000
75615  -27.152  -7.623  4.695 0.0000000000
75625  -21.759  -7.605  4.824 0.0000000000
75627  -22.814  -7.420  4.654 0.0000000000
75631  -26.739  -7.133  4.562 0.0000000000
76469  -21.071  -6.251  5.142 0.0000000000
76481  -25.519  -6.880  4.401 0.0000000000
76484  -27.760  -5.481  4.653 0.0000000000
77353  -28.478  -5.096  5.122 0.0000000000
77362  -27.458  -5.195  4.533 0.0000000000
78154  -19.912  -3.581  5.243 0.0000000000
78166  -20.673  -3.563  4.807 0.0000000000
78171  -27.092  -4.810  4.442 0.0000000000
78958  -21.308  -2.927  4.513 0.0000000000
78960  -24.098  -3.698  4.492 0.0000000000
79676  -19.522  -2.162  5.261 0.0000000000
79692  -20.194  -1.677  4.829 0.0000000000
79700  -21.713  -2.197  4.382 0.0000000000
80367  -18.330  -1.585  6.215 0.0000000000
80402  -20.086  -1.156  4.858 0.0000000000
80411  -27.844  -0.884  3.541 0.0000000000
82684  -21.255  0.846  4.453 0.0000000000
84391  -20.686  3.129  4.676 0.0000000000
85237  -20.326  3.952  5.090 0.0000000000
85241  -20.983  3.951  4.145 0.0000000000
86056  -20.725  5.801  4.553 0.0000000000
86062  -21.150  5.004  4.449 0.0000000000
86840  -19.317  5.755  5.002 0.0000000000
86841  -19.587  6.281  4.708 0.0000000000
86854  -20.667  6.197  4.593 0.0000000000
86855  -20.561  6.410  4.556 0.0000000000
88336  -19.082  8.702  5.367 0.0000000000
115137  -27.833  -1.594  3.850 0.0000000000
115163  -19.914  -8.817  4.606 0.0000000000
115164  -19.629  -8.907  3.929 0.0000000000
115305  -20.473  0.626  4.616 0.0000000000
115315  -20.866  0.419  4.436 0.0000000000
115336  -20.137  0.521  4.838 0.0000000000
115365  -21.137  -0.309  4.395 0.0000000000
115561  -21.060  1.374  4.507 0.0000000000
115569  -20.255  3.200  5.077 0.0000000000
115626  -20.498  -8.344  5.099 0.0000000000
115778  -19.381  -9.382  3.960 0.0000000000
117340  -24.238  -6.783  4.343 0.0000000000
118024  -20.909  -2.442  4.584 0.0000000000
121079  -29.301  -11.399  8.429 0.0000000000
121253  -27.591  -7.900  4.918 0.0000000000
122015  -23.641  -17.540  9.544 0.0000000000
123823  -25.374  -5.334  4.425 0.0000000000
123824  -23.947  -5.184  4.381 0.0000000000
125076  -23.436  -8.324  5.034 0.0000000000
125981  -29.286  -8.318  7.108 0.0000000000
126315  -22.013  5.085  4.988 0.0000000000
126990  -21.839  -4.519  4.532 0.0000000000
129682  -20.928  1.780  4.542 0.0000000000
130414  -19.418  -9.453  3.891 0.0000000000
130449  -21.051  -1.390  4.435 0.0000000000
131268  -19.983  0.986  4.962 0.0000000000
131276  -19.890  0.887  5.063 0.0000000000
131282  -19.962  -0.774  4.855 0.0000000000
131297  -20.764  -0.159  4.455 0.0000000000
131327  -21.830  -0.116  4.337 0.0000000000
131328  -21.280  -0.925  4.408 0.0000000000
131533  -27.968  -3.108  4.248 0.0000000000
131590  -19.914  0.261  5.026 0.0000000000
131866  -18.595  -0.458  6.364 0.0000000000
131869  -20.440  -0.668  4.610 0.0000000000
131870  -19.670  -1.120  5.154 0.0000000000
131873  -22.157  -2.844  4.370 0.0000000000
131900  -21.494  -1.588  4.400 0.0000000000
133078  -21.013  3.866  3.921 0.0000000000
134892  -26.697  -4.447  4.440 0.0000000000
135491  -24.268  -5.918  4.357 0.0000000000
135747  -27.465  -12.503  7.086 0.0000000000
138762  -22.899  7.541  5.185 0.0000000000
138829  -20.273  -5.007  5.374 0.0000000000
139397  -19.867  -2.449  5.158 0.0000000000
140368  -23.388  -7.852  4.549 0.0000000000
