#!ascii label  , from subject sub-v2s0x29022_ses-1 vox2ras=TkReg
804
14542  -36.332  -68.350  1.930 0.5000000000
15232  -35.570  -67.667  1.952 0.8000000119
15911  -34.215  -66.209  2.490 0.8000000119
15912  -34.857  -66.892  2.225 0.8000000119
15913  -35.706  -66.745  1.962 0.8000000119
14540  -36.698  -68.725  2.377 0.5000000000
107917  -35.532  -68.583  2.078 0.5000000000
111133  -33.070  -64.850  3.129 0.6999999881
16619  -34.372  -65.552  2.519 0.6999999881
16621  -35.925  -65.892  1.979 0.8000000119
14531  -36.955  -68.578  2.838 0.6000000238
14544  -37.585  -67.716  1.973 0.5000000000
15237  -37.846  -67.223  1.881 0.6000000238
18167  -32.544  -64.025  3.440 0.6999999881
15235  -36.412  -67.519  1.788 0.6000000238
15918  -38.107  -66.491  1.776 0.6000000238
17358  -34.835  -65.064  2.427 0.6999999881
15916  -36.494  -66.637  1.767 0.6000000238
16624  -37.511  -65.709  1.645 0.6000000238
111383  -35.525  -65.282  2.219 0.8000000119
16623  -36.684  -65.755  1.774 0.6999999881
15228  -37.810  -67.602  2.523 0.4000000060
15233  -37.944  -67.448  2.137 0.6000000238
19021  -32.243  -63.135  3.631 0.6999999881
15920  -39.137  -65.674  1.842 0.6000000238
19023  -33.276  -62.638  3.371 0.6999999881
116409  -33.560  -64.155  3.051 0.6999999881
17357  -34.013  -64.915  2.755 0.6999999881
109789  -35.474  -64.411  2.297 0.6999999881
114845  -36.365  -64.190  2.046 0.6000000238
17363  -37.015  -64.798  1.722 0.6999999881
19031  -38.691  -62.861  1.513 0.5000000000
18171  -34.938  -63.484  2.578 0.6000000238
18172  -35.853  -63.532  2.289 0.6000000238
18173  -36.575  -63.488  2.129 0.6000000238
19861  -37.965  -62.470  1.820 0.6000000238
127154  -36.852  -62.506  2.253 0.6000000238
19857  -37.979  -61.633  2.084 0.5000000000
15903  -38.552  -66.387  3.161 0.4000000060
15909  -38.865  -66.525  2.501 0.5000000000
19844  -31.837  -61.606  3.800 0.6999999881
15910  -39.349  -65.996  2.337 0.6000000238
16622  -39.485  -65.666  2.117 0.6000000238
19024  -34.457  -62.549  2.958 0.6999999881
17365  -38.750  -64.799  1.635 0.6000000238
120504  -39.356  -63.298  1.499 0.5000000000
19032  -39.562  -62.541  1.490 0.6000000238
19026  -35.412  -62.761  2.563 0.6999999881
19027  -36.329  -62.786  2.316 0.6000000238
19862  -38.849  -61.913  1.677 0.5000000000
19863  -39.794  -61.690  1.582 0.5000000000
19029  -37.279  -62.156  2.186 0.5000000000
121169  -29.776  -60.973  4.709 0.6000000238
117079  -30.323  -60.695  4.435 0.6000000238
113213  -37.853  -66.002  3.663 0.5000000000
106312  -39.030  -64.699  3.572 0.5000000000
19843  -30.956  -61.098  4.031 0.6999999881
114170  -30.875  -61.831  3.953 0.6999999881
15904  -39.188  -66.061  2.772 0.5000000000
122914  -39.531  -65.588  2.725 0.5000000000
17351  -40.128  -64.123  3.142 0.4000000060
19022  -32.337  -62.336  3.659 0.6999999881
17355  -40.164  -64.546  2.641 0.5000000000
19849  -32.871  -61.760  3.599 0.6999999881
19850  -33.802  -61.797  3.323 0.6999999881
18174  -40.484  -63.497  2.190 0.5000000000
19854  -34.629  -61.653  3.102 0.6999999881
125998  -35.124  -62.107  2.788 0.6000000238
19033  -40.362  -62.284  1.655 0.5000000000
111916  -36.571  -62.029  2.391 0.6000000238
19864  -40.485  -61.461  1.743 0.5000000000
20698  -36.241  -60.623  2.771 0.5000000000
19856  -37.046  -61.249  2.423 0.5000000000
20700  -38.000  -60.790  2.298 0.5000000000
20702  -39.595  -60.380  2.083 0.5000000000
20701  -38.842  -60.542  2.162 0.5000000000
21605  -40.436  -59.306  2.287 0.3000000119
121978  -38.958  -62.814  4.166 0.3000000119
125068  -29.630  -60.772  5.443 0.6000000238
123991  -29.914  -60.324  4.967 0.6000000238
111286  -39.473  -63.796  3.663 0.4000000060
18166  -39.958  -63.039  3.663 0.4000000060
20684  -31.763  -60.008  4.139 0.6000000238
18170  -40.511  -63.340  3.085 0.5000000000
20692  -32.616  -60.967  3.719 0.6999999881
117498  -33.364  -61.177  3.529 0.6999999881
19030  -40.724  -62.759  2.118 0.5000000000
19851  -34.916  -60.929  3.197 0.5000000000
19865  -40.920  -61.260  2.036 0.5000000000
126986  -35.587  -60.924  2.933 0.5000000000
118569  -41.075  -60.171  2.278 0.4000000060
20706  -40.028  -60.919  1.791 0.3000000119
127965  -41.692  -58.571  2.518 0.4000000060
21603  -39.105  -59.749  2.309 0.5000000000
21604  -39.835  -59.568  2.250 0.4000000060
127734  -29.719  -60.073  5.574 0.6000000238
21583  -29.983  -59.534  5.365 0.6000000238
20682  -30.499  -59.915  4.734 0.6000000238
21585  -31.301  -59.440  4.579 0.6000000238
21586  -32.232  -59.427  4.267 0.6000000238
19848  -40.568  -61.426  3.580 0.3000000119
19852  -41.098  -61.955  2.940 0.4000000060
20685  -32.465  -60.174  3.899 0.6000000238
19853  -41.250  -61.056  3.079 0.3000000119
20693  -33.424  -60.371  3.648 0.6000000238
114681  -34.098  -61.021  3.369 0.6999999881
21599  -41.768  -59.611  3.242 0.3000000119
19860  -41.116  -61.427  2.503 0.3000000119
20694  -34.415  -60.247  3.445 0.6000000238
22481  -42.197  -58.553  3.270 0.3000000119
21606  -41.770  -59.845  2.925 0.3000000119
128187  -34.965  -58.967  3.595 0.5000000000
20695  -35.391  -60.191  3.194 0.5000000000
23381  -42.184  -57.696  2.602 0.3000000119
21607  -41.796  -59.315  2.728 0.3000000119
20696  -36.219  -59.901  3.003 0.5000000000
21601  -37.617  -59.305  2.771 0.5000000000
22493  -41.231  -58.093  2.356 0.3000000119
21598  -36.672  -59.286  3.061 0.5000000000
117918  -40.284  -57.993  2.365 0.4000000060
22492  -40.641  -58.427  2.350 0.3000000119
108320  -29.637  -59.012  5.827 0.5000000000
22475  -30.094  -58.663  5.547 0.6000000238
126763  -30.607  -58.646  5.304 0.5000000000
119815  -32.839  -58.829  4.363 0.6000000238
24247  -41.992  -56.415  3.677 0.3000000119
116812  -33.517  -58.972  4.045 0.6000000238
25075  -42.281  -55.669  3.277 0.3000000119
23376  -42.483  -57.901  2.989 0.3000000119
21595  -33.910  -59.535  3.733 0.6000000238
21597  -35.621  -59.260  3.360 0.5000000000
22486  -37.494  -57.634  3.268 0.5000000000
111763  -39.753  -58.088  2.427 0.4000000060
23378  -39.437  -57.359  2.536 0.4000000060
116692  -29.841  -57.834  5.816 0.5000000000
22466  -30.657  -58.053  5.467 0.5000000000
127037  -31.426  -58.072  5.232 0.5000000000
22476  -31.087  -58.666  5.071 0.5000000000
23363  -32.098  -57.734  5.176 0.5000000000
25065  -40.894  -55.622  4.910 0.3000000119
25074  -41.543  -55.642  4.118 0.3000000119
111399  -33.469  -58.316  4.339 0.6000000238
22479  -34.328  -58.662  3.886 0.6000000238
22484  -35.244  -58.503  3.666 0.5000000000
23380  -40.795  -57.446  2.297 0.4000000060
25089  -40.079  -55.724  1.671 0.4000000060
23354  -30.326  -57.209  5.797 0.5000000000
23355  -31.301  -57.248  5.536 0.5000000000
24242  -32.302  -56.843  5.400 0.5000000000
25905  -40.369  -54.913  5.387 0.4000000060
26670  -40.554  -54.088  4.805 0.4000000060
22478  -32.753  -58.092  4.752 0.5000000000
24243  -33.890  -57.099  4.765 0.5000000000
25911  -41.837  -54.875  3.677 0.3000000119
110828  -33.770  -56.391  5.056 0.4000000060
25918  -42.514  -54.888  2.860 0.3000000119
115358  -34.548  -57.174  4.411 0.5000000000
23366  -35.268  -57.159  4.102 0.4000000060
107040  -35.965  -57.199  3.825 0.4000000060
24259  -39.059  -56.619  2.590 0.4000000060
123351  -30.745  -56.369  5.915 0.5000000000
24236  -31.570  -56.425  5.683 0.5000000000
24237  -32.148  -55.925  5.633 0.5000000000
26664  -39.983  -54.086  5.721 0.4000000060
107853  -33.192  -56.933  5.106 0.5000000000
122518  -32.983  -56.141  5.354 0.4000000060
109995  -40.134  -53.294  5.166 0.4000000060
26671  -40.966  -53.080  4.328 0.4000000060
24244  -34.317  -56.645  4.729 0.4000000060
26672  -41.940  -53.233  3.495 0.4000000060
24245  -34.903  -56.525  4.457 0.4000000060
24252  -35.746  -56.401  4.083 0.4000000060
124715  -37.185  -56.231  3.455 0.4000000060
24254  -37.691  -56.813  3.248 0.4000000060
116878  -37.833  -56.084  3.125 0.4000000060
25088  -39.367  -55.172  1.674 0.4000000060
25092  -40.622  -55.202  1.170 0.4000000060
25091  -39.947  -55.054  1.240 0.4000000060
25061  -30.641  -55.485  6.063 0.5000000000
117767  -31.352  -55.717  5.842 0.4000000060
125056  -39.360  -52.673  6.437 0.4000000060
124465  -39.738  -52.468  5.498 0.4000000060
25063  -31.879  -55.111  5.727 0.5000000000
25071  -32.745  -55.283  5.559 0.4000000060
25072  -34.423  -56.007  4.864 0.4000000060
27412  -40.982  -52.024  4.367 0.4000000060
25073  -35.118  -55.760  4.522 0.4000000060
25079  -35.794  -55.422  4.165 0.4000000060
25093  -41.393  -55.297  1.235 0.3000000119
115768  -38.558  -55.968  2.675 0.4000000060
25062  -31.127  -54.972  5.910 0.4000000060
25904  -32.388  -54.450  5.607 0.5000000000
26667  -32.870  -53.886  5.443 0.4000000060
27405  -39.747  -51.630  5.405 0.4000000060
114895  -33.630  -53.856  5.248 0.4000000060
114686  -33.718  -55.465  5.258 0.4000000060
110152  -34.442  -53.909  4.960 0.4000000060
118703  -34.579  -55.223  4.919 0.4000000060
124041  -35.215  -54.954  4.563 0.4000000060
25915  -35.743  -54.672  4.223 0.4000000060
25080  -36.512  -55.877  3.768 0.4000000060
25081  -37.217  -55.503  3.408 0.4000000060
25928  -40.314  -54.486  0.967 0.4000000060
25923  -38.775  -54.498  1.922 0.4000000060
25924  -39.507  -54.465  1.326 0.4000000060
26663  -32.033  -53.502  5.618 0.4000000060
26668  -33.981  -53.165  4.941 0.4000000060
120960  -35.228  -54.094  4.531 0.4000000060
116119  -36.012  -54.032  4.038 0.4000000060
26690  -41.722  -53.262  0.826 0.4000000060
116430  -36.744  -53.970  3.497 0.4000000060
25917  -37.323  -54.669  3.206 0.4000000060
26678  -36.982  -53.157  3.296 0.4000000060
111412  -38.245  -53.748  2.278 0.4000000060
26683  -39.003  -53.721  1.596 0.4000000060
27409  -32.816  -52.015  5.166 0.4000000060
107101  -33.029  -53.032  5.303 0.4000000060
27411  -34.354  -52.613  4.664 0.4000000060
124469  -35.116  -52.475  4.373 0.4000000060
26669  -34.777  -53.259  4.622 0.4000000060
27417  -35.878  -52.020  4.069 0.4000000060
26676  -35.554  -53.315  4.269 0.4000000060
27418  -36.475  -52.544  3.688 0.4000000060
27419  -37.200  -52.310  3.150 0.4000000060
106489  -40.328  -52.985  0.897 0.3000000119
27424  -38.552  -52.918  1.991 0.4000000060
26687  -39.403  -52.955  1.332 0.4000000060
26666  -32.103  -52.480  5.499 0.4000000060
28132  -32.701  -51.144  5.184 0.4000000060
27410  -33.642  -52.354  4.885 0.4000000060
28134  -34.283  -51.805  4.563 0.4000000060
28141  -36.610  -51.720  3.625 0.4000000060
28142  -37.352  -51.437  3.121 0.4000000060
28156  -42.363  -52.126  1.034 0.4000000060
111457  -41.145  -52.941  0.728 0.3000000119
27423  -38.108  -51.985  2.466 0.4000000060
27428  -39.885  -52.252  1.086 0.4000000060
116713  -38.903  -51.153  1.867 0.5000000000
29532  -32.867  -49.966  5.204 0.4000000060
29533  -33.568  -49.689  4.867 0.4000000060
114003  -33.916  -51.042  4.622 0.4000000060
28845  -34.223  -50.296  4.586 0.4000000060
118221  -34.513  -51.081  4.466 0.4000000060
28147  -37.988  -50.951  2.629 0.4000000060
123125  -39.587  -51.601  1.336 0.5000000000
29527  -33.318  -49.389  5.410 0.4000000060
30272  -33.889  -48.903  4.956 0.4000000060
114673  -34.345  -49.294  4.600 0.4000000060
30265  -33.805  -48.736  5.701 0.4000000060
30266  -34.346  -48.202  5.196 0.4000000060
30273  -34.588  -48.449  4.584 0.4000000060
28860  -39.417  -50.259  1.629 0.5000000000
31964  -34.972  -46.400  6.506 0.4000000060
30255  -33.840  -48.583  6.749 0.4000000060
31113  -34.614  -47.175  6.531 0.4000000060
31122  -34.308  -48.030  6.129 0.4000000060
31123  -34.705  -47.477  5.518 0.4000000060
31974  -35.758  -46.433  4.909 0.5000000000
31112  -34.218  -47.805  7.117 0.4000000060
126690  -37.903  -58.820  2.867 0.5000000000
23377  -38.520  -57.385  2.914 0.5000000000
23379  -40.133  -57.294  2.349 0.4000000060
118682  -36.168  -69.016  2.216 0.5000000000
15230  -33.950  -66.994  2.544 0.8000000119
15908  -33.344  -66.312  2.848 0.8000000119
16616  -32.699  -65.613  3.202 0.6999999881
14536  -36.484  -69.420  2.885 0.5000000000
17353  -31.868  -64.801  3.575 0.6999999881
14530  -36.175  -69.329  3.870 0.5000000000
17348  -31.394  -63.781  3.733 0.6999999881
15222  -37.914  -67.241  3.149 0.4000000060
15221  -37.320  -67.925  3.181 0.4000000060
125709  -31.450  -63.142  3.754 0.6999999881
19842  -30.020  -61.513  4.242 0.6999999881
113239  -37.041  -66.213  3.990 0.4000000060
16611  -37.493  -65.389  3.956 0.4000000060
19837  -29.440  -61.444  5.725 0.6000000238
18165  -38.275  -63.883  4.099 0.4000000060
21574  -29.526  -59.544  5.980 0.6000000238
21573  -29.198  -58.964  6.347 0.5000000000
22465  -29.432  -58.380  6.043 0.5000000000
24235  -29.905  -56.554  6.128 0.4000000060
113717  -30.542  -54.826  6.076 0.4000000060
25901  -30.176  -54.186  6.155 0.4000000060
26662  -30.908  -53.548  5.862 0.4000000060
115842  -31.289  -51.970  5.636 0.4000000060
28842  -32.092  -50.849  5.546 0.4000000060
28838  -32.337  -50.299  5.654 0.4000000060
29526  -32.719  -49.785  5.855 0.4000000060
116776  -32.650  -49.808  6.920 0.4000000060
31103  -34.316  -47.079  7.394 0.4000000060
15231  -34.574  -67.876  2.303 0.8000000119
16620  -35.075  -65.948  2.223 0.8000000119
14541  -37.399  -68.012  2.231 0.5000000000
16617  -33.634  -65.579  2.800 0.6999999881
15919  -38.815  -66.335  1.925 0.6000000238
116237  -37.854  -65.023  1.605 0.6999999881
17362  -36.169  -65.051  2.038 0.6999999881
17361  -40.152  -64.273  2.114 0.6000000238
18176  -38.661  -63.754  1.505 0.6000000238
18175  -37.861  -63.331  1.656 0.6000000238
113183  -31.780  -60.697  3.928 0.6999999881
18178  -40.163  -63.283  1.715 0.5000000000
20683  -31.083  -60.303  4.244 0.6000000238
108239  -38.111  -64.785  3.915 0.5000000000
127115  -39.671  -64.402  3.377 0.5000000000
19020  -40.568  -62.465  3.324 0.3000000119
21602  -38.218  -59.932  2.440 0.5000000000
22477  -31.974  -58.622  4.805 0.6000000238
22485  -36.145  -58.528  3.431 0.5000000000
108141  -39.008  -58.202  2.602 0.5000000000
24258  -38.372  -56.592  2.942 0.4000000060
24253  -36.721  -56.853  3.622 0.4000000060
24264  -40.907  -55.891  1.531 0.4000000060
25922  -38.057  -54.558  2.585 0.4000000060
25916  -36.479  -54.869  3.779 0.4000000060
27404  -31.357  -52.784  5.685 0.4000000060
26682  -37.739  -52.989  2.678 0.4000000060
31131  -34.898  -47.656  4.723 0.4000000060
9045  -27.224  -76.730  5.089 0.4000000060
9035  -27.463  -76.612  6.354 0.4000000060
10335  -28.411  -74.875  6.027 0.4000000060
120368  -27.517  -75.919  4.822 0.4000000060
9701  -27.938  -75.464  5.332 0.4000000060
10349  -28.580  -74.843  4.793 0.4000000060
11055  -30.626  -73.423  5.481 0.5000000000
9708  -27.926  -75.286  4.278 0.4000000060
10355  -29.341  -74.299  4.235 0.5000000000
10356  -30.101  -73.840  4.720 0.5000000000
11059  -30.583  -73.475  4.007 0.6000000238
10358  -26.766  -74.551  3.674 0.4000000060
9714  -27.992  -74.691  3.695 0.4000000060
10360  -28.347  -73.983  3.293 0.4000000060
15220  -36.295  -68.311  3.846 0.3000000119
15901  -36.827  -67.251  3.786 0.4000000060
17350  -37.264  -64.583  4.235 0.3000000119
11056  -31.380  -72.991  5.084 0.5000000000
13140  -36.172  -71.479  3.462 0.5000000000
11779  -26.793  -72.952  3.596 0.4000000060
10361  -29.190  -73.924  3.456 0.5000000000
10362  -29.929  -73.752  3.759 0.5000000000
11064  -26.927  -73.630  3.492 0.4000000060
10359  -27.529  -74.246  3.505 0.4000000060
11060  -31.156  -73.128  4.234 0.6000000238
11061  -31.915  -72.740  4.462 0.6000000238
11784  -32.581  -72.557  4.105 0.6999999881
13146  -36.051  -70.720  3.122 0.5000000000
11773  -32.832  -72.573  4.669 0.6999999881
11786  -34.418  -72.439  3.905 0.6999999881
13139  -35.785  -71.189  3.078 0.6999999881
11785  -33.541  -72.361  3.862 0.6999999881
12480  -34.304  -72.090  3.502 0.6999999881
11066  -29.027  -73.418  3.078 0.5000000000
123005  -29.719  -73.414  3.223 0.6000000238
11067  -30.348  -73.310  3.508 0.6000000238
11791  -31.368  -72.323  3.444 0.6000000238
113297  -27.523  -73.090  3.258 0.4000000060
11069  -28.894  -72.900  2.979 0.5000000000
11070  -29.600  -73.033  2.992 0.6000000238
123884  -30.848  -73.170  3.797 0.6000000238
11792  -32.338  -72.105  3.598 0.6000000238
11793  -33.303  -72.056  3.559 0.6000000238
11068  -31.489  -72.857  3.962 0.6000000238
13844  -36.195  -69.753  2.640 0.5000000000
13136  -28.651  -71.511  3.572 0.6000000238
120882  -28.669  -71.846  3.202 0.6000000238
12478  -29.222  -71.539  3.194 0.6999999881
114248  -30.391  -71.743  3.109 0.6000000238
12484  -31.029  -71.816  3.263 0.6000000238
12485  -31.945  -71.684  3.377 0.6000000238
12477  -28.126  -72.045  3.309 0.5000000000
110420  -32.904  -71.596  3.352 0.6000000238
12486  -33.819  -71.598  3.240 0.6999999881
13144  -34.777  -70.792  2.789 0.6999999881
12487  -34.613  -71.509  3.116 0.6999999881
13145  -35.563  -70.479  2.739 0.6000000238
13138  -29.509  -70.640  3.588 0.6000000238
12479  -30.042  -71.052  3.280 0.6999999881
12483  -29.877  -71.874  2.997 0.6999999881
13141  -31.503  -71.029  3.247 0.6000000238
13143  -33.414  -70.933  3.093 0.6999999881
13841  -34.014  -70.347  2.812 0.6999999881
13843  -35.578  -69.470  2.376 0.6000000238
14534  -31.060  -68.542  3.282 0.6999999881
15226  -32.778  -67.992  3.012 0.6999999881
13836  -30.441  -69.219  3.385 0.6999999881
13837  -31.434  -69.370  3.215 0.6000000238
127104  -32.301  -69.441  3.148 0.5000000000
13839  -30.830  -70.262  3.250 0.6999999881
13840  -31.936  -70.167  3.218 0.6000000238
109187  -33.016  -70.025  3.028 0.6999999881
14539  -34.704  -68.948  2.386 0.5000000000
13142  -32.470  -70.926  3.219 0.6000000238
112794  -33.883  -69.427  2.710 0.6999999881
13842  -34.780  -69.908  2.562 0.6000000238
112905  -31.657  -67.910  3.229 0.6999999881
15227  -33.059  -67.086  2.935 0.6999999881
15907  -32.412  -66.402  3.228 0.6999999881
15229  -33.639  -67.668  2.685 0.6999999881
13838  -36.334  -70.166  3.286 0.5000000000
14538  -33.767  -68.466  2.661 0.6000000238
9700  -27.515  -76.066  5.638 0.4000000060
10350  -29.239  -74.361  5.368 0.4000000060
10354  -28.588  -74.528  3.879 0.4000000060
11065  -28.277  -73.284  3.073 0.4000000060
109956  -27.705  -73.600  3.264 0.4000000060
127869  -34.958  -72.254  3.709 0.6999999881
12488  -35.305  -71.309  3.034 0.6999999881
11071  -30.153  -73.113  3.179 0.6000000238
11782  -28.736  -72.240  3.060 0.6999999881
11789  -29.442  -72.409  2.955 0.6000000238
122513  -30.746  -71.199  3.229 0.6000000238
14535  -32.056  -68.699  3.152 0.6000000238
13835  -29.912  -69.966  3.501 0.5000000000
12475  -28.004  -71.593  4.000 0.4000000060
13137  -29.100  -70.727  3.847 0.5000000000
109691  -29.646  -69.046  3.775 0.6000000238
12469  -27.272  -71.832  4.548 0.4000000060
12470  -28.150  -71.379  5.034 0.5000000000
13131  -28.628  -71.097  4.382 0.5000000000
13832  -29.169  -69.946  4.213 0.5000000000
123337  -29.285  -68.902  4.115 0.5000000000
14532  -29.250  -68.284  3.985 0.5000000000
13834  -29.379  -69.758  3.922 0.5000000000
116333  -30.787  -67.860  3.401 0.5000000000
15224  -30.114  -67.387  3.648 0.5000000000
15905  -29.418  -66.902  3.836 0.6000000238
126677  -30.804  -65.905  3.680 0.6000000238
12463  -28.490  -71.189  6.208 0.5000000000
13127  -29.368  -70.257  5.544 0.5000000000
119339  -29.338  -69.719  4.840 0.5000000000
15218  -28.853  -67.722  4.344 0.5000000000
112370  -29.172  -69.204  4.334 0.5000000000
15225  -31.072  -67.223  3.445 0.6000000238
16614  -29.855  -65.656  3.840 0.5000000000
117127  -30.759  -65.199  3.736 0.6000000238
125108  -29.204  -70.672  6.118 0.5000000000
13827  -29.754  -69.509  5.764 0.5000000000
14518  -29.993  -68.532  6.074 0.5000000000
110343  -28.883  -68.014  4.801 0.5000000000
15898  -28.807  -66.869  4.297 0.5000000000
16615  -31.691  -65.729  3.529 0.6000000238
15899  -29.202  -66.232  3.971 0.5000000000
17352  -30.751  -64.454  3.790 0.6000000238
13123  -29.230  -70.762  6.966 0.5000000000
13124  -29.842  -70.147  6.559 0.5000000000
14519  -30.551  -67.865  6.805 0.5000000000
15882  -29.978  -65.956  6.856 0.6000000238
15212  -29.668  -67.559  6.005 0.4000000060
116501  -29.174  -65.047  6.187 0.4000000060
16604  -29.008  -65.872  5.742 0.5000000000
15896  -28.642  -66.368  5.059 0.5000000000
15216  -28.857  -67.309  5.088 0.4000000060
115470  -29.599  -64.421  6.983 0.4000000060
17341  -29.007  -64.115  6.046 0.5000000000
123169  -28.656  -64.630  5.288 0.5000000000
18155  -29.383  -63.118  6.784 0.4000000060
117840  -28.805  -64.675  4.612 0.6000000238
17347  -29.639  -64.720  3.986 0.6000000238
116340  -30.129  -63.811  3.926 0.6000000238
18162  -30.675  -63.108  3.846 0.6000000238
18158  -29.083  -62.680  5.823 0.5000000000
18160  -28.900  -63.020  4.775 0.5000000000
17343  -28.693  -63.944  5.014 0.5000000000
113796  -29.420  -62.449  6.770 0.4000000060
19009  -29.365  -61.998  6.214 0.5000000000
17346  -29.172  -63.853  4.354 0.6000000238
18161  -29.584  -63.043  4.107 0.6000000238
19012  -29.123  -62.140  5.174 0.5000000000
21565  -29.118  -59.587  6.628 0.3000000119
20670  -29.202  -60.207  7.030 0.4000000060
19830  -29.515  -61.393  6.677 0.4000000060
19016  -29.406  -62.257  4.437 0.5000000000
110262  -30.138  -55.892  6.204 0.3000000119
24234  -29.254  -56.741  6.392 0.3000000119
121699  -29.653  -57.179  6.048 0.4000000060
22455  -28.812  -58.301  6.612 0.4000000060
25900  -29.475  -54.446  6.484 0.3000000119
27403  -30.504  -52.456  5.896 0.3000000119
114606  -30.014  -53.241  6.154 0.3000000119
28126  -30.655  -51.573  5.970 0.3000000119
28127  -31.399  -51.230  5.776 0.3000000119
28837  -31.632  -50.616  6.096 0.3000000119
29518  -31.867  -50.347  7.066 0.3000000119
126433  -32.260  -50.000  7.573 0.3000000119
30254  -33.245  -49.072  7.377 0.3000000119
20675  -29.510  -60.132  6.198 0.5000000000
25060  -29.943  -55.123  6.278 0.3000000119
13132  -29.032  -70.445  4.665 0.5000000000
112785  -28.733  -66.082  4.494 0.5000000000
13133  -36.571  -70.958  3.687 0.3000000119
112671  -35.192  -72.496  4.021 0.6000000238
11787  -35.576  -72.230  3.714 0.6000000238
108215  -35.211  -67.590  6.164 0.3000000119
15217  -35.487  -68.433  5.553 0.3000000119
14529  -35.772  -69.172  4.933 0.3000000119
15219  -35.545  -68.513  4.831 0.3000000119
14525  -35.840  -68.998  5.568 0.3000000119
11776  -36.014  -72.576  4.107 0.6000000238
121663  -36.750  -71.767  3.745 0.5000000000
15894  -34.865  -66.566  6.548 0.3000000119
15897  -34.794  -66.934  5.827 0.3000000119
15900  -35.433  -67.492  4.787 0.3000000119
116766  -36.051  -66.582  4.432 0.3000000119
13828  -36.286  -69.636  5.133 0.3000000119
13833  -36.307  -69.970  4.274 0.3000000119
12474  -27.510  -72.064  3.721 0.4000000060
16606  -34.611  -65.785  6.894 0.3000000119
15893  -34.648  -65.926  5.854 0.3000000119
16607  -35.309  -65.263  5.171 0.3000000119
16609  -35.207  -66.344  5.112 0.3000000119
11029  -29.630  -73.770  8.179 0.5000000000
11017  -30.356  -73.356  8.621 0.5000000000
9687  -27.761  -75.660  6.571 0.4000000060
10324  -28.315  -74.918  7.376 0.4000000060
10325  -29.011  -74.252  7.724 0.4000000060
10308  -29.348  -74.645  9.280 0.5000000000
11747  -32.334  -72.268  6.691 0.5000000000
11731  -31.055  -72.815  7.869 0.5000000000
11041  -29.707  -73.790  7.090 0.5000000000
11030  -30.339  -73.350  7.551 0.5000000000
119716  -29.030  -74.287  6.597 0.4000000060
11748  -33.864  -72.326  5.933 0.6000000238
11763  -32.845  -72.418  5.655 0.5000000000
11746  -31.531  -72.658  6.884 0.5000000000
11042  -30.435  -73.418  6.524 0.4000000060
11031  -30.914  -73.069  6.995 0.5000000000
109026  -35.597  -72.724  5.378 0.6000000238
11764  -33.754  -72.560  4.953 0.6000000238
11057  -32.165  -72.657  5.109 0.6000000238
11043  -31.113  -72.996  6.126 0.4000000060
11762  -31.868  -72.625  5.911 0.5000000000
11766  -36.438  -72.920  4.734 0.6000000238
13829  -37.156  -70.047  5.291 0.3000000119
13134  -37.392  -71.550  4.156 0.4000000060
11775  -34.555  -72.585  4.410 0.6000000238
14526  -36.629  -69.213  5.867 0.3000000119
14520  -35.843  -68.457  6.106 0.3000000119
13128  -36.886  -70.498  4.552 0.3000000119
11777  -36.888  -72.671  4.179 0.5000000000
11774  -33.652  -72.543  4.251 0.6000000238
106820  -35.436  -72.695  4.575 0.6000000238
11765  -34.679  -72.598  5.195 0.6000000238
13129  -37.908  -70.890  4.804 0.3000000119
11749  -34.831  -72.382  6.179 0.5000000000
11750  -35.783  -72.569  6.271 0.5000000000
121500  -36.368  -72.881  5.538 0.5000000000
11751  -36.773  -72.744  6.211 0.4000000060
11767  -37.207  -73.027  5.251 0.5000000000
11735  -36.132  -72.317  7.144 0.5000000000
11734  -35.130  -72.152  7.136 0.5000000000
11736  -37.210  -72.421  7.086 0.4000000060
11752  -37.968  -72.755  5.958 0.4000000060
12471  -38.389  -72.380  4.666 0.4000000060
124261  -37.312  -72.983  4.595 0.5000000000
124415  -33.148  -72.105  6.583 0.5000000000
11733  -33.968  -72.023  7.229 0.5000000000
8417  -32.995  -77.767  4.718 0.3000000119
8429  -33.415  -78.015  3.844 0.3000000119
8403  -33.269  -77.468  5.614 0.3000000119
8386  -33.827  -77.342  6.163 0.3000000119
8361  -33.947  -77.267  7.001 0.4000000060
8385  -32.998  -77.298  6.466 0.3000000119
126832  -32.471  -77.206  6.857 0.3000000119
9018  -34.622  -77.114  7.836 0.4000000060
9017  -33.552  -77.053  7.996 0.4000000060
8360  -32.914  -77.188  7.305 0.3000000119
8359  -32.012  -77.075  7.347 0.3000000119
8996  -35.248  -76.713  8.537 0.4000000060
8972  -34.756  -76.113  9.288 0.4000000060
8994  -33.137  -76.559  8.802 0.4000000060
9016  -32.576  -76.921  8.118 0.4000000060
9015  -31.678  -76.812  8.259 0.4000000060
8993  -32.166  -76.447  8.890 0.4000000060
9642  -36.883  -74.753  10.118 0.3000000119
9657  -35.346  -75.500  9.707 0.4000000060
9640  -35.001  -74.773  10.108 0.4000000060
9656  -34.269  -75.370  9.863 0.4000000060
9655  -33.192  -75.439  9.885 0.4000000060
8970  -32.682  -75.999  9.467 0.4000000060
8992  -31.201  -76.386  9.022 0.4000000060
118133  -36.914  -73.079  10.540 0.3000000119
10296  -35.516  -74.118  10.360 0.4000000060
10295  -33.956  -74.048  10.366 0.4000000060
127621  -34.313  -74.623  10.197 0.4000000060
9639  -33.603  -74.765  10.191 0.4000000060
10294  -33.154  -74.093  10.381 0.4000000060
9638  -32.705  -74.798  10.206 0.4000000060
9637  -31.767  -74.745  10.178 0.4000000060
8969  -31.688  -75.914  9.533 0.4000000060
8968  -30.707  -75.819  9.550 0.4000000060
11678  -35.679  -72.527  10.350 0.4000000060
10985  -34.359  -73.322  10.435 0.4000000060
123935  -32.113  -73.477  10.188 0.4000000060
10292  -31.448  -73.957  10.142 0.4000000060
9652  -30.285  -75.236  9.790 0.4000000060
9653  -31.219  -75.318  9.926 0.4000000060
8991  -30.193  -76.307  9.142 0.4000000060
11676  -33.980  -72.742  10.326 0.4000000060
11675  -33.266  -72.626  10.136 0.4000000060
11699  -31.981  -72.516  9.381 0.4000000060
119659  -30.994  -73.493  9.700 0.4000000060
10309  -30.021  -74.525  9.680 0.4000000060
11002  -30.359  -73.751  9.453 0.4000000060
109463  -34.073  -71.800  9.287 0.4000000060
11721  -33.317  -71.897  8.140 0.4000000060
11732  -31.925  -72.301  7.688 0.4000000060
12451  -35.529  -71.839  7.988 0.4000000060
12433  -34.029  -71.780  8.418 0.4000000060
11737  -38.297  -72.330  7.022 0.3000000119
12464  -39.685  -72.051  5.679 0.3000000119
11718  -30.996  -72.954  8.713 0.4000000060
12450  -34.687  -71.840  7.943 0.4000000060
12472  -39.147  -71.871  5.029 0.3000000119
111670  -32.831  -71.998  7.483 0.4000000060
8995  -34.163  -76.659  8.688 0.4000000060
8971  -33.698  -76.058  9.395 0.4000000060
10297  -36.239  -74.218  10.348 0.4000000060
9641  -35.884  -74.855  10.089 0.4000000060
115316  -36.870  -73.856  10.464 0.3000000119
11679  -36.555  -72.473  10.356 0.3000000119
10987  -36.122  -73.352  10.477 0.4000000060
117583  -34.721  -74.051  10.373 0.4000000060
10984  -33.576  -73.358  10.407 0.4000000060
12402  -35.386  -72.006  10.089 0.4000000060
11700  -32.802  -72.267  9.506 0.4000000060
10291  -30.682  -74.072  9.910 0.4000000060
11720  -32.506  -72.111  8.559 0.4000000060
12434  -34.919  -71.625  8.838 0.4000000060
8974  -36.962  -76.165  9.149 0.3000000119
9020  -36.649  -77.200  7.526 0.3000000119
121542  -35.533  -77.357  6.284 0.3000000119
9019  -35.714  -77.087  7.645 0.3000000119
8997  -36.358  -76.770  8.334 0.3000000119
8362  -35.104  -77.276  6.965 0.3000000119
8973  -35.856  -76.183  9.160 0.3000000119
9658  -36.400  -75.527  9.641 0.3000000119
12403  -36.118  -71.941  10.056 0.3000000119
12419  -36.483  -71.631  9.479 0.3000000119
12435  -35.975  -71.569  8.787 0.3000000119
12452  -36.532  -71.908  8.003 0.3000000119
12417  -34.769  -71.853  9.743 0.3000000119
8363  -36.055  -77.311  6.837 0.3000000119
9654  -32.201  -75.408  9.935 0.4000000060
10293  -32.322  -74.094  10.314 0.4000000060
10310  -30.856  -74.662  10.037 0.4000000060
10983  -32.791  -73.392  10.324 0.4000000060
10986  -35.185  -73.304  10.450 0.4000000060
11001  -29.696  -73.988  9.111 0.5000000000
11003  -31.657  -73.138  9.874 0.4000000060
11004  -32.404  -72.825  10.012 0.4000000060
11054  -29.866  -73.838  5.949 0.5000000000
11677  -34.756  -72.494  10.279 0.4000000060
11698  -31.293  -72.920  9.265 0.4000000060
11701  -34.036  -72.220  9.952 0.4000000060
11719  -31.584  -72.533  8.596 0.4000000060
11753  -39.035  -72.347  6.193 0.3000000119
11768  -38.035  -72.944  4.898 0.5000000000
11769  -38.817  -72.503  5.292 0.3000000119
11772  -26.863  -72.377  3.884 0.4000000060
11778  -37.689  -72.646  4.364 0.5000000000
11780  -27.491  -72.565  3.447 0.4000000060
11781  -28.149  -72.685  3.112 0.4000000060
11783  -30.862  -72.909  3.504 0.6000000238
11788  -36.364  -72.160  3.757 0.5000000000
11790  -30.310  -72.500  3.130 0.6000000238
12416  -33.344  -71.893  8.938 0.4000000060
12418  -35.590  -71.666  9.552 0.3000000119
12476  -37.226  -72.256  3.959 0.5000000000
12481  -35.109  -71.910  3.390 0.6999999881
12482  -35.726  -71.749  3.389 0.6999999881
13126  -28.845  -70.858  5.338 0.5000000000
14524  -29.221  -68.757  5.024 0.5000000000
14528  -29.052  -68.418  4.389 0.5000000000
14533  -30.035  -68.270  3.625 0.5000000000
14537  -32.989  -68.995  2.992 0.5000000000
14543  -37.075  -68.081  1.927 0.5000000000
15207  -30.300  -66.987  6.782 0.5000000000
15223  -29.287  -67.559  3.906 0.5000000000
15234  -38.433  -66.997  2.260 0.5000000000
15236  -37.170  -67.371  1.770 0.6000000238
15238  -38.442  -66.934  2.063 0.6000000238
15892  -29.307  -66.657  5.908 0.5000000000
15902  -37.691  -66.638  3.546 0.4000000060
15906  -31.414  -66.489  3.488 0.6000000238
15914  -38.890  -66.497  2.171 0.6000000238
15915  -39.243  -66.128  2.071 0.6000000238
15917  -37.295  -66.564  1.699 0.6000000238
16608  -28.994  -65.471  4.283 0.6000000238
16612  -38.409  -65.470  3.597 0.5000000000
16613  -39.189  -65.582  3.173 0.5000000000
16618  -39.810  -64.965  3.048 0.5000000000
16625  -38.384  -65.696  1.704 0.6000000238
17354  -34.479  -64.243  2.650 0.6999999881
17356  -40.482  -63.894  2.582 0.5000000000
17359  -37.106  -63.830  1.840 0.6000000238
17360  -39.820  -65.220  2.391 0.6000000238
17364  -37.825  -64.227  1.587 0.6999999881
17366  -39.604  -65.033  1.918 0.6000000238
18168  -33.132  -63.465  3.304 0.6999999881
18169  -33.998  -63.425  3.004 0.6999999881
18177  -39.550  -64.100  1.688 0.6000000238
19017  -30.237  -62.373  3.996 0.6999999881
19025  -40.928  -62.719  2.724 0.4000000060
19028  -37.158  -62.965  2.063 0.6000000238
19841  -29.409  -61.500  4.839 0.6000000238
19855  -36.093  -61.392  2.620 0.6000000238
19858  -38.628  -61.207  2.011 0.5000000000
19859  -40.900  -61.931  1.967 0.5000000000
20697  -41.508  -60.204  3.207 0.3000000119
20699  -37.140  -60.146  2.636 0.5000000000
20703  -41.407  -60.561  2.780 0.3000000119
20704  -41.441  -60.035  2.564 0.3000000119
20705  -39.319  -61.116  1.829 0.5000000000
20707  -40.672  -60.666  2.020 0.4000000060
20708  -41.123  -60.715  2.346 0.5000000000
21584  -30.584  -59.153  5.086 0.5000000000
21587  -33.063  -59.540  3.961 0.6000000238
21591  -41.858  -59.095  3.507 0.3000000119
21596  -34.757  -59.471  3.527 0.5000000000
21600  -42.075  -59.213  3.058 0.3000000119
21608  -40.234  -60.151  2.095 0.5000000000
21609  -40.790  -59.828  2.233 0.4000000060
21610  -41.319  -59.503  2.425 0.4000000060
22487  -42.133  -58.550  2.870 0.3000000119
22488  -37.231  -58.540  3.146 0.5000000000
22489  -38.512  -59.047  2.592 0.5000000000
22490  -39.414  -58.917  2.411 0.5000000000
22491  -40.070  -58.729  2.348 0.4000000060
23353  -29.128  -57.561  6.318 0.4000000060
23364  -32.753  -57.449  5.064 0.5000000000
23365  -34.059  -57.770  4.334 0.5000000000
23368  -42.121  -57.859  3.618 0.3000000119
23373  -34.835  -57.837  4.006 0.4000000060
23374  -35.646  -57.824  3.756 0.4000000060
23375  -36.520  -57.766  3.522 0.4000000060
23383  -41.715  -57.754  2.435 0.3000000119
24260  -39.816  -56.517  2.269 0.4000000060
24261  -40.526  -56.514  2.069 0.4000000060
25086  -37.935  -55.342  2.885 0.4000000060
25087  -38.666  -55.247  2.300 0.4000000060
25902  -30.845  -54.371  5.940 0.4000000060
25903  -31.524  -54.326  5.769 0.4000000060
25908  -33.261  -54.589  5.437 0.4000000060
25909  -34.097  -54.597  5.183 0.4000000060
25910  -41.075  -54.884  4.518 0.4000000060
25929  -41.165  -54.580  0.926 0.4000000060
25930  -41.916  -54.658  1.129 0.3000000119
26661  -29.585  -53.756  6.394 0.3000000119
26677  -36.278  -53.293  3.823 0.4000000060
26688  -39.867  -53.733  1.042 0.4000000060
26689  -40.914  -53.724  0.771 0.4000000060
27430  -41.726  -52.415  0.817 0.3000000119
27431  -42.208  -52.818  0.986 0.4000000060
28102  -38.999  -52.055  6.933 0.4000000060
28131  -32.060  -51.592  5.480 0.4000000060
28133  -33.426  -51.482  4.852 0.4000000060
28152  -39.013  -52.138  1.623 0.5000000000
28836  -30.955  -51.055  6.189 0.3000000119
28843  -32.639  -50.522  5.291 0.4000000060
28844  -33.283  -50.553  4.896 0.4000000060
29525  -32.220  -50.176  6.238 0.4000000060
30264  -33.282  -49.261  6.305 0.4000000060
31102  -33.814  -47.327  7.852 0.4000000060
31124  -35.195  -46.972  5.093 0.5000000000
31954  -34.554  -46.474  7.276 0.4000000060
107100  -35.873  -52.735  4.077 0.4000000060
107258  -39.620  -53.342  6.059 0.4000000060
108994  -30.251  -66.535  3.704 0.6000000238
109394  -32.089  -67.180  3.220 0.6999999881
110054  -32.713  -72.317  3.836 0.6000000238
110652  -30.781  -73.380  4.632 0.5000000000
111456  -31.841  -72.492  3.815 0.6000000238
111828  -39.299  -55.867  2.167 0.4000000060
113350  -29.514  -63.800  7.040 0.4000000060
114498  -31.389  -62.514  3.801 0.6999999881
115901  -41.674  -54.002  0.886 0.4000000060
115939  -35.172  -67.845  5.501 0.3000000119
116328  -42.496  -57.247  2.751 0.3000000119
116345  -37.488  -53.840  2.907 0.4000000060
117247  -35.815  -62.091  2.565 0.6999999881
117427  -42.370  -57.203  3.275 0.3000000119
118045  -41.406  -54.046  4.009 0.3000000119
118907  -29.192  -68.017  5.356 0.5000000000
119836  -29.532  -60.791  6.448 0.5000000000
121181  -28.647  -74.741  8.302 0.4000000060
121804  -34.152  -71.052  2.972 0.6999999881
121909  -34.957  -46.872  5.822 0.4000000060
122706  -33.355  -57.607  4.728 0.5000000000
122858  -28.924  -63.408  5.713 0.5000000000
123024  -38.167  -58.302  2.935 0.5000000000
123199  -35.352  -61.512  2.867 0.6000000238
123714  -40.722  -63.278  2.501 0.5000000000
124166  -28.565  -65.450  5.031 0.5000000000
124325  -29.193  -63.609  6.405 0.4000000060
124400  -30.769  -73.264  9.180 0.4000000060
124414  -37.892  -72.193  4.253 0.4000000060
124511  -33.489  -72.098  9.610 0.4000000060
124658  -41.037  -62.202  2.414 0.5000000000
125112  -41.034  -58.972  2.338 0.4000000060
125301  -38.395  -66.994  2.664 0.5000000000
126243  -40.074  -63.592  3.422 0.4000000060
126479  -34.736  -54.551  4.863 0.4000000060
127753  -32.648  -77.356  5.977 0.3000000119
