#!ascii label  , from subject sub-v2s0x29019_ses-1 vox2ras=TkReg
1061
60844  12.430  -8.294  87.817 0.0000000000
50645  5.948  -18.773  74.565 0.0000000000
55384  4.422  -13.088  90.127 0.0000000000
56457  4.300  -11.755  82.432 0.0000000000
57593  3.529  -10.712  72.662 0.0000000000
59198  8.361  -9.522  91.046 0.0000000000
115144  4.460  -6.804  87.785 0.0000000000
58376  15.933  -10.258  87.144 0.0000000000
55386  12.167  -13.071  89.259 0.0000000000
52410  7.680  -15.247  89.207 0.0000000000
60101  0.881  -9.282  80.146 0.0000000000
55485  4.009  -12.808  77.586 0.0000000000
128363  0.421  -8.502  76.258 0.0000000000
54445  2.789  -14.978  85.908 0.0000000000
54468  5.929  -14.172  83.529 0.0000000000
58384  4.486  -10.834  87.068 0.0000000000
60916  2.194  -7.499  83.457 0.0000000000
54508  9.056  -13.826  79.529 0.0000000000
120470  9.313  -14.007  73.225 0.0000000000
55642  6.710  -13.218  67.469 0.0000000000
121299  3.184  -8.429  68.417 0.0000000000
60053  10.576  -8.721  89.414 0.0000000000
126092  8.521  -6.857  88.424 0.0000000000
60057  14.152  -9.223  87.495 0.0000000000
57440  14.183  -11.027  87.977 0.0000000000
58367  12.518  -10.244  88.972 0.0000000000
57427  10.047  -11.516  90.933 0.0000000000
112156  0.620  -9.461  78.282 0.0000000000
129571  3.667  -14.817  87.963 0.0000000000
55400  5.088  -12.991  86.729 0.0000000000
56402  4.371  -11.799  88.374 0.0000000000
114036  5.378  -5.946  85.041 0.0000000000
61720  3.133  -7.176  85.699 0.0000000000
54418  6.042  -13.761  90.508 0.0000000000
52425  5.927  -15.667  88.578 0.0000000000
131217  4.415  -15.144  88.723 0.0000000000
52433  3.234  -16.047  87.013 0.0000000000
56446  7.206  -12.355  83.779 0.0000000000
54490  7.026  -14.480  81.654 0.0000000000
112888  6.664  -11.864  81.415 0.0000000000
55531  3.958  -12.076  75.160 0.0000000000
114203  6.872  -12.958  76.051 0.0000000000
56596  6.387  -11.882  72.659 0.0000000000
54618  8.411  -13.696  69.814 0.0000000000
57614  6.098  -10.981  70.097 0.0000000000
57424  6.040  -11.414  91.436 0.0000000000
59204  3.974  -9.377  90.293 0.0000000000
60833  6.408  -7.970  90.036 0.0000000000
62540  7.228  -5.981  86.651 0.0000000000
57452  18.037  -10.509  86.227 0.0000000000
55417  16.487  -12.555  84.624 0.0000000000
56415  15.296  -12.046  86.501 0.0000000000
114324  13.216  -14.165  87.181 0.0000000000
54421  9.945  -14.026  89.983 0.0000000000
55369  7.968  -13.002  91.239 0.0000000000
58434  0.940  -10.806  81.982 0.0000000000
117670  4.275  -12.586  80.092 0.0000000000
119742  1.199  -12.189  79.886 0.0000000000
125708  1.205  -12.025  77.039 0.0000000000
57585  1.967  -10.681  74.705 0.0000000000
60894  14.976  -7.741  85.494 0.0000000000
57477  21.339  -10.848  84.225 0.0000000000
59234  22.495  -9.072  85.538 0.0000000000
60071  18.371  -8.982  86.517 0.0000000000
60860  16.943  -8.521  86.399 0.0000000000
123716  1.593  -16.258  83.206 0.0000000000
131890  3.191  -15.740  82.018 0.0000000000
54470  3.921  -14.789  83.773 0.0000000000
56427  6.096  -12.398  85.679 0.0000000000
131372  4.066  -10.928  84.968 0.0000000000
60061  3.118  -8.603  88.002 0.0000000000
127132  2.379  -9.278  85.751 0.0000000000
58420  1.784  -10.049  84.132 0.0000000000
60091  1.300  -8.406  82.094 0.0000000000
53493  4.782  -15.714  80.685 0.0000000000
52529  6.171  -16.042  78.977 0.0000000000
52568  7.124  -16.808  76.507 0.0000000000
56511  7.084  -12.545  78.335 0.0000000000
128585  9.241  -13.850  76.369 0.0000000000
118189  7.773  -16.878  73.930 0.0000000000
52651  7.205  -16.182  71.771 0.0000000000
53623  5.552  -15.585  69.420 0.0000000000
61006  0.522  -7.589  74.771 0.0000000000
118403  1.414  -9.044  72.159 0.0000000000
114247  1.332  -7.984  70.109 0.0000000000
126825  3.373  -9.297  70.660 0.0000000000
58498  5.969  -10.353  67.390 0.0000000000
60837  11.784  -8.581  88.462 0.0000000000
60866  10.778  -7.428  87.681 0.0000000000
60886  11.886  -7.374  86.667 0.0000000000
60843  13.679  -8.622  87.478 0.0000000000
59207  13.171  -9.882  88.407 0.0000000000
60051  12.124  -9.155  88.683 0.0000000000
60042  11.632  -9.485  89.239 0.0000000000
49674  4.981  -19.893  73.293 0.0000000000
50661  5.526  -19.198  73.239 0.0000000000
55388  4.120  -13.762  89.567 0.0000000000
56409  4.114  -13.054  88.285 0.0000000000
56398  3.960  -12.825  89.568 0.0000000000
56454  17.778  -12.522  82.915 0.0000000000
55378  4.912  -13.528  90.268 0.0000000000
53416  5.108  -14.790  89.568 0.0000000000
54429  4.367  -14.398  89.409 0.0000000000
53429  4.052  -15.050  88.518 0.0000000000
57511  5.457  -11.513  83.240 0.0000000000
131902  6.898  -11.748  82.773 0.0000000000
57524  5.385  -11.726  82.243 0.0000000000
56583  3.613  -11.396  73.887 0.0000000000
56563  5.139  -12.257  74.333 0.0000000000
56597  5.187  -11.673  72.834 0.0000000000
125968  6.480  -11.597  71.735 0.0000000000
57601  4.529  -10.886  71.687 0.0000000000
118733  6.765  -10.368  91.260 0.0000000000
60032  5.956  -9.506  90.838 0.0000000000
60037  7.353  -8.846  90.610 0.0000000000
61683  8.268  -6.406  87.603 0.0000000000
62567  7.617  -5.817  84.642 0.0000000000
118936  16.830  -10.255  86.815 0.0000000000
57454  16.326  -11.240  86.314 0.0000000000
57443  15.619  -11.025  87.061 0.0000000000
56396  12.952  -11.778  88.848 0.0000000000
55389  13.912  -12.446  87.910 0.0000000000
55391  12.594  -13.462  88.658 0.0000000000
55387  11.429  -13.451  89.556 0.0000000000
58364  9.299  -10.753  91.266 0.0000000000
57428  9.393  -11.785  91.263 0.0000000000
57421  8.376  -11.387  91.454 0.0000000000
130860  7.245  -12.164  91.508 0.0000000000
58435  0.592  -10.404  81.335 0.0000000000
57536  1.186  -11.912  80.828 0.0000000000
126733  0.422  -11.118  79.919 0.0000000000
112471  0.512  -9.237  77.421 0.0000000000
58447  0.369  -10.667  77.531 0.0000000000
58450  0.652  -10.893  76.637 0.0000000000
56551  1.705  -11.613  75.893 0.0000000000
58453  1.028  -9.986  75.136 0.0000000000
59223  19.249  -9.344  86.299 0.0000000000
53450  2.204  -15.576  84.258 0.0000000000
53461  2.355  -15.686  83.325 0.0000000000
125888  3.319  -14.650  85.402 0.0000000000
56407  5.241  -11.933  87.099 0.0000000000
55408  5.598  -12.857  86.155 0.0000000000
57455  5.186  -11.465  86.591 0.0000000000
113153  6.030  -11.591  85.100 0.0000000000
57469  4.490  -10.820  86.287 0.0000000000
60841  4.193  -7.785  89.470 0.0000000000
59209  3.614  -9.021  89.502 0.0000000000
60848  3.583  -7.721  88.260 0.0000000000
112163  2.958  -7.079  85.117 0.0000000000
112694  2.701  -8.095  86.028 0.0000000000
60082  2.312  -8.325  85.358 0.0000000000
59241  2.045  -9.618  84.988 0.0000000000
60088  1.626  -8.646  83.853 0.0000000000
115201  1.282  -8.744  82.919 0.0000000000
60927  1.684  -7.981  82.759 0.0000000000
124137  15.452  -13.383  84.588 0.0000000000
55427  15.812  -13.754  83.442 0.0000000000
52413  8.713  -15.573  88.587 0.0000000000
52430  8.638  -16.219  87.458 0.0000000000
52423  7.464  -15.933  88.270 0.0000000000
51446  4.874  -16.021  87.897 0.0000000000
51452  5.428  -16.471  87.548 0.0000000000
53437  2.773  -15.708  86.428 0.0000000000
53442  1.865  -16.304  85.309 0.0000000000
53472  4.464  -15.183  82.261 0.0000000000
53483  3.597  -15.767  81.594 0.0000000000
54492  5.273  -14.992  82.068 0.0000000000
54500  8.045  -14.384  80.646 0.0000000000
53491  6.519  -15.313  80.314 0.0000000000
53500  7.740  -15.236  79.335 0.0000000000
52547  6.804  -16.572  77.399 0.0000000000
53509  8.480  -15.370  78.048 0.0000000000
55474  3.381  -12.862  78.967 0.0000000000
130259  5.817  -12.546  79.193 0.0000000000
56526  4.914  -12.914  77.948 0.0000000000
56578  8.226  -12.987  74.069 0.0000000000
56546  8.328  -13.210  75.931 0.0000000000
55528  9.171  -13.866  74.955 0.0000000000
53537  8.934  -15.780  75.412 0.0000000000
53566  8.688  -15.800  73.571 0.0000000000
117516  7.652  -16.453  72.630 0.0000000000
53590  8.585  -15.038  71.860 0.0000000000
133651  8.103  -13.584  69.153 0.0000000000
54607  7.297  -14.908  69.928 0.0000000000
54632  6.715  -14.351  68.460 0.0000000000
61874  0.635  -6.557  73.475 0.0000000000
117958  0.776  -8.182  73.060 0.0000000000
126692  0.717  -7.775  72.487 0.0000000000
123257  2.067  -7.473  68.668 0.0000000000
60158  1.778  -7.967  69.453 0.0000000000
59301  2.348  -8.781  70.594 0.0000000000
58481  3.352  -8.910  69.983 0.0000000000
58479  4.762  -9.790  69.429 0.0000000000
112070  4.310  -9.140  68.008 0.0000000000
60045  9.299  -8.660  90.265 0.0000000000
60831  8.165  -7.996  90.019 0.0000000000
61667  9.387  -7.890  89.338 0.0000000000
112346  15.426  -9.957  87.248 0.0000000000
122864  14.804  -10.743  87.638 0.0000000000
119295  13.793  -10.273  88.118 0.0000000000
58372  13.125  -10.497  88.621 0.0000000000
118374  12.122  -11.137  89.533 0.0000000000
56393  11.172  -12.291  90.178 0.0000000000
58369  11.395  -10.464  89.937 0.0000000000
59203  10.373  -9.546  90.249 0.0000000000
60110  2.100  -8.457  79.008 0.0000000000
60112  0.940  -9.316  79.149 0.0000000000
60121  0.985  -8.858  78.364 0.0000000000
60128  0.756  -8.612  77.773 0.0000000000
60990  0.558  -7.066  77.178 0.0000000000
54439  2.994  -14.918  86.612 0.0000000000
54444  3.591  -14.315  86.185 0.0000000000
55397  3.808  -13.876  87.728 0.0000000000
56408  4.751  -12.243  87.627 0.0000000000
57445  4.286  -10.845  87.872 0.0000000000
62543  4.949  -6.254  86.578 0.0000000000
112843  3.818  -7.109  87.226 0.0000000000
62557  4.510  -6.140  85.185 0.0000000000
61732  4.060  -6.208  84.356 0.0000000000
114804  3.380  -6.593  83.311 0.0000000000
60926  2.860  -6.919  82.935 0.0000000000
53408  6.998  -14.406  90.173 0.0000000000
52416  6.610  -15.426  88.917 0.0000000000
131477  6.068  -15.012  89.454 0.0000000000
110944  5.112  -15.597  88.515 0.0000000000
52431  4.256  -16.061  87.697 0.0000000000
51455  3.142  -16.667  86.719 0.0000000000
52419  4.239  -15.566  88.133 0.0000000000
53436  3.259  -15.327  87.196 0.0000000000
55428  7.182  -12.958  83.832 0.0000000000
54479  6.936  -14.160  82.435 0.0000000000
122280  7.607  -12.879  83.151 0.0000000000
55445  8.239  -13.287  81.739 0.0000000000
55454  8.659  -13.024  80.784 0.0000000000
114035  3.724  -12.365  76.078 0.0000000000
55498  5.329  -12.838  76.466 0.0000000000
55514  5.002  -12.628  75.682 0.0000000000
118800  6.901  -12.598  74.242 0.0000000000
56594  8.314  -12.651  73.180 0.0000000000
54595  9.080  -14.057  71.560 0.0000000000
111260  8.815  -12.573  71.172 0.0000000000
57611  8.448  -12.267  69.792 0.0000000000
57635  7.610  -11.632  68.638 0.0000000000
60165  3.038  -7.889  67.167 0.0000000000
59319  4.160  -8.999  67.102 0.0000000000
59328  3.452  -8.420  66.180 0.0000000000
56385  5.101  -12.072  90.929 0.0000000000
57433  4.395  -11.472  90.475 0.0000000000
59194  5.294  -10.098  91.053 0.0000000000
131328  5.244  -8.219  90.360 0.0000000000
61671  5.457  -7.087  89.245 0.0000000000
61669  7.736  -6.988  88.952 0.0000000000
62531  6.783  -6.361  88.027 0.0000000000
62532  5.926  -6.353  87.864 0.0000000000
62555  6.647  -5.882  85.548 0.0000000000
57466  18.371  -10.998  85.651 0.0000000000
56436  17.207  -12.180  84.570 0.0000000000
56425  17.030  -11.745  85.317 0.0000000000
56406  14.443  -11.944  87.592 0.0000000000
123848  14.239  -13.243  86.787 0.0000000000
54435  14.105  -13.903  86.119 0.0000000000
53419  9.879  -14.954  88.955 0.0000000000
53412  8.764  -14.714  89.572 0.0000000000
56394  10.440  -12.639  90.487 0.0000000000
55374  9.070  -13.122  90.971 0.0000000000
125282  8.065  -14.034  90.469 0.0000000000
55376  7.378  -13.384  91.005 0.0000000000
55372  6.067  -12.560  91.285 0.0000000000
57513  2.127  -11.306  82.755 0.0000000000
56470  3.390  -12.077  81.727 0.0000000000
56471  2.570  -12.292  81.071 0.0000000000
56500  1.978  -12.596  79.678 0.0000000000
55475  2.626  -12.702  78.568 0.0000000000
120704  0.284  -10.987  79.135 0.0000000000
56514  0.789  -12.022  78.249 0.0000000000
113934  2.279  -12.332  76.936 0.0000000000
55502  2.284  -12.107  76.350 0.0000000000
56567  2.840  -11.519  74.954 0.0000000000
56601  3.060  -10.739  73.527 0.0000000000
60884  13.788  -7.969  86.684 0.0000000000
57478  20.418  -11.056  84.408 0.0000000000
59232  24.415  -9.030  85.188 0.0000000000
59218  23.856  -8.752  85.354 0.0000000000
58394  22.983  -9.252  85.344 0.0000000000
58395  21.986  -9.329  85.541 0.0000000000
58411  20.535  -10.132  85.588 0.0000000000
57465  19.228  -10.890  85.477 0.0000000000
58382  18.111  -10.002  86.617 0.0000000000
59210  17.933  -9.362  86.625 0.0000000000
60858  18.247  -8.609  86.406 0.0000000000
60055  16.620  -9.289  86.718 0.0000000000
126110  15.916  -9.006  86.780 0.0000000000
60883  14.769  -8.245  86.667 0.0000000000
53460  3.320  -15.271  83.126 0.0000000000
54469  4.899  -14.496  83.644 0.0000000000
54443  4.211  -14.213  85.297 0.0000000000
55420  5.298  -13.733  85.157 0.0000000000
54455  5.657  -13.908  84.351 0.0000000000
56437  6.592  -12.270  85.007 0.0000000000
57496  6.151  -11.573  84.143 0.0000000000
111649  3.824  -11.092  84.334 0.0000000000
57437  3.896  -10.805  89.609 0.0000000000
58373  3.704  -10.056  89.052 0.0000000000
58385  3.824  -10.365  87.402 0.0000000000
60888  3.048  -7.858  86.854 0.0000000000
59237  2.676  -9.044  86.666 0.0000000000
58401  2.848  -9.777  86.335 0.0000000000
58414  2.554  -10.011  85.522 0.0000000000
57484  2.580  -10.720  84.235 0.0000000000
112325  2.893  -11.226  83.474 0.0000000000
57498  1.404  -10.771  82.712 0.0000000000
58430  0.736  -9.960  82.022 0.0000000000
126905  1.114  -8.704  81.409 0.0000000000
60937  2.468  -7.588  81.617 0.0000000000
60947  1.769  -8.140  81.234 0.0000000000
60099  2.204  -8.295  80.039 0.0000000000
51479  7.752  -17.384  85.849 0.0000000000
51444  6.895  -16.196  87.853 0.0000000000
54502  6.309  -15.063  81.089 0.0000000000
52515  5.039  -15.980  79.932 0.0000000000
51639  6.695  -17.698  75.398 0.0000000000
56483  5.911  -12.112  80.625 0.0000000000
56496  7.335  -12.210  79.825 0.0000000000
56495  8.501  -12.625  79.103 0.0000000000
114225  7.139  -12.903  76.901 0.0000000000
56522  8.344  -12.829  77.628 0.0000000000
54518  9.330  -13.822  77.775 0.0000000000
53529  8.668  -15.782  76.648 0.0000000000
52586  7.751  -16.750  75.668 0.0000000000
51656  6.798  -17.827  74.602 0.0000000000
51684  6.588  -17.610  72.802 0.0000000000
53606  7.595  -15.155  70.663 0.0000000000
53608  5.880  -15.860  70.203 0.0000000000
126491  0.288  -6.961  76.495 0.0000000000
61858  0.242  -6.416  75.832 0.0000000000
60137  0.434  -8.098  75.571 0.0000000000
59284  1.060  -9.295  74.487 0.0000000000
58459  1.836  -9.825  73.693 0.0000000000
117111  2.970  -10.209  72.473 0.0000000000
60145  1.106  -8.576  71.454 0.0000000000
114277  2.401  -9.519  71.896 0.0000000000
57602  3.771  -10.448  71.923 0.0000000000
117012  4.418  -10.379  71.008 0.0000000000
57626  6.091  -10.713  69.189 0.0000000000
58506  6.641  -11.602  67.026 0.0000000000
57650  6.062  -11.460  66.454 0.0000000000
60845  11.521  -7.969  87.989 0.0000000000
60864  12.384  -7.814  87.173 0.0000000000
121580  13.145  -8.603  87.726 0.0000000000
60059  12.670  -8.823  88.136 0.0000000000
49639  5.451  -19.308  74.988 0.0000000000
49673  5.565  -19.367  74.044 0.0000000000
50660  6.054  -18.661  73.671 0.0000000000
56395  4.178  -12.156  90.101 0.0000000000
56434  18.906  -11.680  84.041 0.0000000000
129724  18.398  -12.233  82.758 0.0000000000
56444  18.296  -12.120  83.469 0.0000000000
54425  4.550  -14.007  89.785 0.0000000000
127379  4.102  -11.425  83.367 0.0000000000
56599  3.800  -11.131  73.152 0.0000000000
113465  4.007  -11.446  73.494 0.0000000000
56598  4.323  -11.375  72.962 0.0000000000
56618  4.755  -11.289  72.268 0.0000000000
56619  4.044  -10.954  72.480 0.0000000000
58359  7.470  -10.344  91.261 0.0000000000
60030  7.119  -9.331  90.801 0.0000000000
60029  7.708  -9.252  90.857 0.0000000000
58375  16.829  -10.049  86.890 0.0000000000
57438  16.188  -10.423  87.026 0.0000000000
56397  12.327  -12.192  89.335 0.0000000000
55385  12.815  -12.611  88.845 0.0000000000
59197  8.887  -10.121  91.251 0.0000000000
58357  8.642  -10.794  91.384 0.0000000000
59189  8.188  -10.255  91.265 0.0000000000
120980  7.167  -10.876  91.439 0.0000000000
59264  0.500  -9.911  80.630 0.0000000000
58439  0.479  -10.796  80.581 0.0000000000
112470  0.484  -9.201  76.549 0.0000000000
112473  0.453  -9.986  76.985 0.0000000000
112472  0.693  -10.007  76.070 0.0000000000
121788  1.117  -10.706  75.709 0.0000000000
59281  0.650  -9.094  75.516 0.0000000000
129496  2.079  -15.695  84.948 0.0000000000
54458  2.662  -15.124  84.966 0.0000000000
57444  4.791  -11.486  87.430 0.0000000000
56416  5.572  -12.231  86.489 0.0000000000
132178  4.372  -7.084  88.479 0.0000000000
61678  4.044  -7.454  88.747 0.0000000000
61685  3.885  -7.217  88.016 0.0000000000
61734  2.518  -7.391  84.501 0.0000000000
60085  2.205  -7.962  84.843 0.0000000000
60086  1.921  -8.497  84.672 0.0000000000
60907  1.881  -7.962  84.165 0.0000000000
60917  1.670  -8.172  83.459 0.0000000000
53421  8.375  -15.200  89.122 0.0000000000
52414  7.993  -15.619  88.713 0.0000000000
51453  4.550  -16.502  87.386 0.0000000000
128980  4.969  -17.014  87.008 0.0000000000
53441  2.359  -15.671  85.616 0.0000000000
131552  2.319  -16.232  85.968 0.0000000000
53451  1.673  -16.062  84.512 0.0000000000
54481  5.120  -14.707  82.845 0.0000000000
54499  8.724  -13.802  80.361 0.0000000000
54509  8.354  -14.531  79.850 0.0000000000
54520  8.684  -14.732  78.905 0.0000000000
53510  7.926  -15.464  78.627 0.0000000000
55473  4.146  -12.886  78.477 0.0000000000
55545  8.909  -13.261  73.535 0.0000000000
55529  8.779  -13.424  74.487 0.0000000000
55544  9.211  -13.874  74.092 0.0000000000
53565  9.225  -15.199  74.118 0.0000000000
54566  9.138  -14.941  73.299 0.0000000000
53580  8.682  -15.395  72.690 0.0000000000
54582  9.095  -14.538  72.484 0.0000000000
55628  7.171  -13.573  68.103 0.0000000000
54631  7.545  -13.942  68.768 0.0000000000
62723  0.634  -5.787  73.467 0.0000000000
61014  0.696  -7.268  73.111 0.0000000000
61883  0.749  -6.353  72.685 0.0000000000
132921  2.452  -8.000  68.684 0.0000000000
60157  2.194  -8.138  69.310 0.0000000000
59313  2.701  -8.349  69.100 0.0000000000
113181  2.395  -8.450  69.827 0.0000000000
59312  3.232  -8.655  69.158 0.0000000000
58491  3.850  -8.986  69.051 0.0000000000
59311  3.683  -8.758  68.216 0.0000000000
60044  10.097  -8.948  89.987 0.0000000000
60829  9.757  -8.433  89.695 0.0000000000
120845  10.188  -8.216  89.075 0.0000000000
61680  10.820  -7.059  87.053 0.0000000000
59205  14.787  -9.591  87.318 0.0000000000
58370  14.573  -10.097  87.615 0.0000000000
59206  13.982  -9.763  87.798 0.0000000000
57431  12.527  -10.805  89.114 0.0000000000
58368  12.039  -10.620  89.464 0.0000000000
57432  11.640  -11.105  89.941 0.0000000000
59201  11.873  -10.041  89.377 0.0000000000
60043  10.896  -9.218  89.648 0.0000000000
60034  9.575  -9.247  90.572 0.0000000000
60120  1.442  -8.721  78.695 0.0000000000
60968  1.163  -8.123  77.958 0.0000000000
60981  0.976  -7.210  77.672 0.0000000000
116644  0.727  -7.814  77.411 0.0000000000
54438  3.409  -14.483  87.133 0.0000000000
56403  3.980  -12.579  88.937 0.0000000000
113745  5.071  -6.033  85.805 0.0000000000
61749  3.502  -6.495  83.861 0.0000000000
61748  4.114  -6.263  83.317 0.0000000000
61761  3.659  -6.625  82.631 0.0000000000
53409  6.265  -14.314  90.139 0.0000000000
53415  6.482  -14.785  89.799 0.0000000000
120324  5.796  -14.739  89.738 0.0000000000
53423  4.664  -14.975  89.100 0.0000000000
53422  5.051  -15.188  89.040 0.0000000000
52418  4.639  -15.328  88.635 0.0000000000
52426  4.580  -15.686  88.177 0.0000000000
132301  3.883  -14.634  88.489 0.0000000000
119074  3.745  -15.542  87.713 0.0000000000
56467  7.286  -11.913  82.236 0.0000000000
56455  7.918  -12.562  82.305 0.0000000000
127514  7.664  -12.114  81.482 0.0000000000
56466  8.194  -12.631  81.426 0.0000000000
56481  8.079  -12.328  80.574 0.0000000000
118532  3.661  -12.171  75.641 0.0000000000
55515  4.201  -12.349  75.631 0.0000000000
55530  4.649  -12.342  75.058 0.0000000000
56581  5.702  -12.082  73.540 0.0000000000
56562  6.099  -12.459  74.279 0.0000000000
56580  6.705  -12.281  73.561 0.0000000000
56579  7.559  -12.574  73.753 0.0000000000
56595  7.521  -12.200  72.894 0.0000000000
125420  8.406  -12.377  72.150 0.0000000000
56616  7.408  -11.876  71.973 0.0000000000
57600  6.186  -11.324  71.009 0.0000000000
57599  7.244  -11.607  71.108 0.0000000000
57613  7.065  -11.366  70.253 0.0000000000
57624  7.797  -11.663  69.542 0.0000000000
57625  6.969  -11.176  69.335 0.0000000000
61036  2.319  -7.421  67.885 0.0000000000
60173  2.632  -7.408  67.006 0.0000000000
60172  3.086  -7.823  66.157 0.0000000000
56384  5.670  -11.924  91.267 0.0000000000
57429  5.224  -11.399  91.096 0.0000000000
58362  5.234  -10.818  91.105 0.0000000000
60827  6.211  -8.491  90.390 0.0000000000
116308  5.568  -9.198  90.806 0.0000000000
60834  5.660  -7.989  90.179 0.0000000000
61666  5.333  -7.501  89.751 0.0000000000
61665  5.936  -7.492  89.740 0.0000000000
60839  8.641  -7.673  89.519 0.0000000000
61662  7.865  -7.521  89.532 0.0000000000
61668  8.377  -7.259  89.124 0.0000000000
61674  7.615  -6.540  88.213 0.0000000000
62535  6.562  -6.087  87.246 0.0000000000
62541  6.374  -5.944  86.349 0.0000000000
111458  7.093  -5.898  85.993 0.0000000000
57467  17.493  -11.140  85.772 0.0000000000
56404  15.756  -11.427  86.629 0.0000000000
56414  15.884  -11.895  86.062 0.0000000000
56399  14.803  -11.249  87.555 0.0000000000
56400  14.053  -11.661  88.007 0.0000000000
55395  13.698  -13.328  87.493 0.0000000000
55394  14.376  -12.543  87.277 0.0000000000
127192  13.748  -13.840  86.811 0.0000000000
54436  13.399  -14.408  86.412 0.0000000000
53430  12.073  -15.190  87.097 0.0000000000
54428  10.313  -14.401  89.416 0.0000000000
53420  9.091  -15.072  89.014 0.0000000000
53411  9.522  -14.549  89.495 0.0000000000
56386  10.630  -11.909  90.560 0.0000000000
56387  9.921  -12.233  90.913 0.0000000000
56389  8.578  -12.686  91.265 0.0000000000
56388  9.234  -12.466  91.177 0.0000000000
55375  8.472  -13.216  91.024 0.0000000000
54415  8.663  -13.719  90.575 0.0000000000
120186  8.032  -13.599  90.856 0.0000000000
54416  7.521  -13.985  90.534 0.0000000000
56383  6.364  -12.072  91.469 0.0000000000
55371  6.683  -12.566  91.403 0.0000000000
56390  5.443  -12.623  90.996 0.0000000000
128377  1.545  -11.297  82.216 0.0000000000
57525  2.242  -11.835  81.913 0.0000000000
57526  1.348  -11.557  81.573 0.0000000000
56487  1.856  -12.329  80.504 0.0000000000
55465  2.160  -12.615  78.997 0.0000000000
56501  1.645  -12.443  79.033 0.0000000000
112146  0.452  -10.034  79.114 0.0000000000
58444  0.331  -10.390  78.340 0.0000000000
56528  0.763  -11.836  77.535 0.0000000000
56527  1.320  -12.205  77.585 0.0000000000
55488  1.907  -12.388  77.580 0.0000000000
56537  1.752  -12.210  76.867 0.0000000000
55501  2.719  -12.219  76.396 0.0000000000
56568  2.020  -11.176  75.218 0.0000000000
56550  2.254  -11.701  75.654 0.0000000000
128128  2.472  -11.258  74.938 0.0000000000
56585  2.781  -11.011  74.276 0.0000000000
57584  2.372  -10.817  74.447 0.0000000000
113087  14.432  -7.853  86.075 0.0000000000
60896  13.544  -7.543  85.711 0.0000000000
60895  14.223  -7.605  85.340 0.0000000000
57493  20.712  -11.226  83.410 0.0000000000
60067  22.481  -8.287  85.521 0.0000000000
60066  23.376  -8.379  85.396 0.0000000000
59219  22.949  -8.768  85.445 0.0000000000
59233  23.458  -9.037  85.366 0.0000000000
58397  20.093  -9.784  85.961 0.0000000000
57464  20.084  -10.724  85.247 0.0000000000
58412  19.683  -10.335  85.814 0.0000000000
128846  18.919  -9.061  86.426 0.0000000000
58381  18.928  -9.771  86.419 0.0000000000
59224  18.447  -9.418  86.556 0.0000000000
58374  17.675  -9.749  86.712 0.0000000000
115034  18.128  -8.262  86.284 0.0000000000
60859  17.593  -8.563  86.406 0.0000000000
60072  17.628  -8.997  86.570 0.0000000000
60073  16.837  -8.795  86.496 0.0000000000
121815  16.159  -8.586  86.510 0.0000000000
131751  15.173  -7.973  86.159 0.0000000000
60882  15.657  -8.280  86.494 0.0000000000
60862  14.172  -8.467  87.130 0.0000000000
51519  1.049  -16.868  83.243 0.0000000000
54471  2.975  -15.136  83.986 0.0000000000
54482  4.207  -14.933  82.962 0.0000000000
55401  4.147  -13.666  86.884 0.0000000000
55409  4.883  -13.551  86.028 0.0000000000
110947  5.756  -13.119  85.654 0.0000000000
55419  6.328  -13.099  85.033 0.0000000000
57482  4.862  -11.115  85.001 0.0000000000
57497  5.139  -11.322  84.213 0.0000000000
58366  4.196  -10.144  90.579 0.0000000000
123062  4.078  -10.768  90.322 0.0000000000
117019  3.818  -9.942  89.846 0.0000000000
60060  3.401  -8.348  88.671 0.0000000000
131591  3.600  -9.543  89.269 0.0000000000
59213  3.336  -9.233  88.624 0.0000000000
58379  3.587  -10.022  88.085 0.0000000000
59225  3.023  -9.186  87.651 0.0000000000
61699  3.603  -6.992  86.339 0.0000000000
60887  3.424  -7.456  86.804 0.0000000000
111643  2.441  -8.648  85.890 0.0000000000
60078  2.737  -8.379  86.498 0.0000000000
58419  2.346  -10.210  84.800 0.0000000000
58423  1.928  -10.769  83.456 0.0000000000
58424  1.354  -10.134  83.190 0.0000000000
59249  1.015  -9.568  82.699 0.0000000000
59255  0.853  -9.155  81.981 0.0000000000
112364  2.325  -7.440  82.471 0.0000000000
56445  17.539  -12.417  83.720 0.0000000000
55425  16.810  -12.833  83.923 0.0000000000
51449  8.023  -16.517  87.230 0.0000000000
51461  8.140  -16.942  86.536 0.0000000000
52424  6.708  -15.834  88.410 0.0000000000
51445  6.115  -16.130  87.994 0.0000000000
52462  1.306  -16.475  83.938 0.0000000000
52502  3.959  -15.932  80.847 0.0000000000
119554  3.602  -16.412  80.365 0.0000000000
52501  4.262  -16.212  80.159 0.0000000000
54491  6.157  -14.756  81.868 0.0000000000
53501  6.780  -15.536  79.540 0.0000000000
53502  5.883  -15.778  79.735 0.0000000000
52514  5.311  -16.279  79.189 0.0000000000
119556  5.611  -16.556  78.420 0.0000000000
52546  7.534  -16.346  77.154 0.0000000000
51621  6.539  -17.429  76.146 0.0000000000
52587  7.073  -17.202  75.765 0.0000000000
56485  3.661  -12.444  80.752 0.0000000000
56469  4.505  -12.090  81.544 0.0000000000
56484  4.841  -12.325  80.713 0.0000000000
118921  6.305  -12.252  79.851 0.0000000000
56497  6.678  -12.405  79.098 0.0000000000
128839  8.113  -12.386  79.717 0.0000000000
121907  7.659  -12.385  79.075 0.0000000000
55497  5.932  -12.824  75.814 0.0000000000
56536  6.246  -12.906  76.687 0.0000000000
55496  8.943  -13.497  76.415 0.0000000000
56534  8.411  -13.107  76.847 0.0000000000
55483  8.985  -13.295  77.489 0.0000000000
55495  9.289  -13.804  76.936 0.0000000000
54527  9.339  -14.531  77.189 0.0000000000
53516  9.225  -15.204  76.588 0.0000000000
52600  8.303  -16.417  74.192 0.0000000000
52585  8.397  -16.349  75.076 0.0000000000
52601  7.800  -16.851  74.687 0.0000000000
51638  7.263  -17.313  75.062 0.0000000000
51655  7.313  -17.364  74.189 0.0000000000
51669  6.703  -17.906  73.687 0.0000000000
52614  7.317  -17.125  73.276 0.0000000000
52652  5.750  -16.888  71.405 0.0000000000
128311  9.026  -13.312  71.051 0.0000000000
54596  8.386  -14.710  71.026 0.0000000000
54606  8.083  -14.458  70.229 0.0000000000
53622  6.445  -15.273  69.678 0.0000000000
131042  4.349  -16.153  69.452 0.0000000000
62693  0.275  -5.638  75.411 0.0000000000
61867  0.384  -6.801  74.881 0.0000000000
60998  0.291  -7.260  75.694 0.0000000000
113186  0.738  -8.445  74.654 0.0000000000
119340  1.142  -8.928  72.932 0.0000000000
59286  1.401  -9.391  73.653 0.0000000000
59288  1.687  -9.433  72.924 0.0000000000
57596  2.291  -9.989  73.159 0.0000000000
58462  2.033  -9.518  72.245 0.0000000000
115230  1.149  -7.379  70.278 0.0000000000
112102  0.902  -7.228  71.221 0.0000000000
61016  0.794  -7.891  71.741 0.0000000000
60148  1.371  -8.470  70.728 0.0000000000
58482  2.874  -9.057  70.681 0.0000000000
59293  2.111  -9.125  71.380 0.0000000000
58468  3.077  -9.528  71.296 0.0000000000
57604  2.849  -9.840  71.954 0.0000000000
57616  3.292  -10.008  71.773 0.0000000000
58467  3.762  -9.783  71.081 0.0000000000
117136  5.266  -9.844  68.285 0.0000000000
58478  5.469  -10.203  69.072 0.0000000000
58490  6.102  -10.448  68.308 0.0000000000
57636  6.868  -11.055  68.414 0.0000000000
58489  6.637  -10.964  67.563 0.0000000000
60838  10.993  -8.468  88.839 0.0000000000
60846  10.652  -7.888  88.414 0.0000000000
133717  11.256  -8.256  88.458 0.0000000000
60865  11.522  -7.510  87.249 0.0000000000
61695  11.219  -6.982  86.505 0.0000000000
60842  14.232  -8.788  87.263 0.0000000000
60058  13.473  -8.926  87.750 0.0000000000
60050  12.874  -9.307  88.300 0.0000000000
59208  12.364  -9.703  88.829 0.0000000000
60052  11.351  -8.952  89.073 0.0000000000
50674  5.724  -18.658  72.764 0.0000000000
122569  3.789  -14.108  88.454 0.0000000000
55392  3.859  -13.471  89.003 0.0000000000
120661  3.978  -11.783  89.372 0.0000000000
54419  5.422  -13.710  90.370 0.0000000000
53410  5.586  -14.296  90.045 0.0000000000
54424  5.013  -14.247  89.968 0.0000000000
53417  4.643  -14.585  89.462 0.0000000000
53424  4.372  -14.796  89.084 0.0000000000
54433  3.996  -14.406  88.990 0.0000000000
57495  6.720  -11.780  83.498 0.0000000000
56456  7.375  -12.195  83.006 0.0000000000
57510  6.192  -11.594  82.779 0.0000000000
57523  6.363  -11.704  82.141 0.0000000000
56565  3.710  -11.761  74.590 0.0000000000
56564  4.316  -11.988  74.482 0.0000000000
123495  3.992  -11.659  73.998 0.0000000000
56582  4.607  -11.806  73.640 0.0000000000
56617  5.659  -11.538  72.091 0.0000000000
133951  5.912  -11.446  71.584 0.0000000000
57615  5.211  -10.954  70.846 0.0000000000
121199  6.431  -10.883  91.406 0.0000000000
59193  5.814  -10.013  91.058 0.0000000000
59192  6.351  -9.896  91.012 0.0000000000
60038  6.670  -8.918  90.570 0.0000000000
60826  6.926  -8.412  90.326 0.0000000000
62539  8.036  -6.122  86.850 0.0000000000
110964  7.851  -5.963  86.022 0.0000000000
62554  7.349  -5.876  85.408 0.0000000000
126449  7.982  -5.884  85.302 0.0000000000
57441  17.320  -10.337  86.579 0.0000000000
57453  17.046  -10.863  86.252 0.0000000000
57442  16.434  -10.758  86.676 0.0000000000
57434  13.570  -11.373  88.411 0.0000000000
56401  13.451  -12.123  88.441 0.0000000000
55390  13.287  -13.006  88.290 0.0000000000
54430  13.004  -13.864  87.983 0.0000000000
54427  11.121  -14.198  89.266 0.0000000000
54420  10.710  -13.796  89.817 0.0000000000
58363  10.015  -10.801  90.922 0.0000000000
57420  9.035  -11.349  91.405 0.0000000000
56381  8.703  -12.024  91.414 0.0000000000
124648  8.023  -11.918  91.488 0.0000000000
55370  7.304  -12.787  91.363 0.0000000000
57422  7.610  -11.435  91.500 0.0000000000
57423  6.784  -11.476  91.526 0.0000000000
57527  0.803  -11.225  81.153 0.0000000000
57537  0.729  -11.547  80.350 0.0000000000
57545  0.562  -11.695  79.552 0.0000000000
112474  0.411  -9.926  77.726 0.0000000000
57562  0.514  -11.340  77.340 0.0000000000
125705  0.889  -11.654  76.844 0.0000000000
56538  1.403  -11.886  76.483 0.0000000000
57570  1.188  -11.412  76.166 0.0000000000
57577  1.610  -11.071  75.447 0.0000000000
121479  1.526  -10.468  74.930 0.0000000000
58418  21.884  -10.317  84.844 0.0000000000
59220  22.013  -8.833  85.604 0.0000000000
58380  19.683  -9.544  86.170 0.0000000000
60070  19.608  -8.784  86.075 0.0000000000
116266  18.911  -8.583  86.269 0.0000000000
60881  16.532  -8.274  86.334 0.0000000000
53462  1.743  -15.942  83.836 0.0000000000
54457  3.599  -14.694  84.629 0.0000000000
126697  5.109  -12.441  87.078 0.0000000000
132858  5.775  -11.734  85.963 0.0000000000
57468  5.245  -11.239  85.766 0.0000000000
57470  4.287  -10.852  85.522 0.0000000000
60836  4.306  -8.285  90.077 0.0000000000
114061  3.948  -8.741  90.040 0.0000000000
60054  3.811  -8.301  89.469 0.0000000000
61700  3.085  -7.551  86.198 0.0000000000
60897  2.690  -7.688  85.412 0.0000000000
59242  2.038  -8.933  85.221 0.0000000000
59245  1.757  -9.185  84.403 0.0000000000
59247  1.417  -9.362  83.522 0.0000000000
119856  16.014  -13.258  84.102 0.0000000000
52421  9.026  -15.897  88.007 0.0000000000
52422  8.214  -16.016  88.015 0.0000000000
51443  7.587  -16.251  87.723 0.0000000000
129665  2.691  -16.461  86.379 0.0000000000
52452  1.361  -16.731  84.709 0.0000000000
53473  3.673  -15.451  82.330 0.0000000000
125388  4.055  -15.465  81.911 0.0000000000
53482  4.499  -15.484  81.511 0.0000000000
54489  7.853  -14.151  81.414 0.0000000000
54501  7.186  -14.756  80.877 0.0000000000
54510  7.443  -15.010  80.116 0.0000000000
53511  7.084  -15.775  78.776 0.0000000000
52528  6.504  -16.311  78.206 0.0000000000
53519  7.501  -15.976  77.938 0.0000000000
53518  8.229  -15.894  77.302 0.0000000000
56499  3.466  -12.721  79.811 0.0000000000
114050  4.242  -12.765  79.344 0.0000000000
111391  5.040  -12.771  78.857 0.0000000000
56512  5.955  -12.725  78.336 0.0000000000
56547  7.555  -13.016  75.491 0.0000000000
56560  8.216  -13.185  74.984 0.0000000000
55513  8.799  -13.496  75.428 0.0000000000
55512  9.184  -13.865  75.809 0.0000000000
53536  9.318  -15.189  75.811 0.0000000000
53549  9.282  -15.231  74.969 0.0000000000
53550  8.861  -15.844  74.546 0.0000000000
52613  8.017  -16.477  73.402 0.0000000000
52630  8.232  -16.003  72.886 0.0000000000
53581  8.059  -15.793  72.186 0.0000000000
129276  7.799  -14.242  69.479 0.0000000000
54619  7.031  -14.662  69.177 0.0000000000
54620  6.118  -14.950  68.959 0.0000000000
127275  0.505  -6.312  74.170 0.0000000000
112314  0.608  -7.067  74.029 0.0000000000
61013  0.710  -7.875  73.883 0.0000000000
60142  0.909  -8.437  72.291 0.0000000000
60151  1.605  -8.315  70.189 0.0000000000
59302  1.978  -8.394  70.017 0.0000000000
58480  3.994  -9.362  69.953 0.0000000000
116196  4.488  -9.378  68.778 0.0000000000
130761  4.816  -9.465  67.828 0.0000000000
60035  8.840  -8.993  90.753 0.0000000000
60036  8.098  -8.866  90.712 0.0000000000
60046  8.525  -8.479  90.397 0.0000000000
60830  8.991  -8.116  89.959 0.0000000000
126273  9.021  -7.356  88.960 0.0000000000
60847  9.756  -7.610  88.705 0.0000000000
61682  9.217  -6.716  87.632 0.0000000000
59212  16.316  -9.831  86.964 0.0000000000
58377  15.113  -10.376  87.449 0.0000000000
58378  14.335  -10.541  87.837 0.0000000000
58371  13.676  -10.797  88.307 0.0000000000
57435  13.074  -11.081  88.766 0.0000000000
57436  12.448  -11.420  89.250 0.0000000000
55380  11.686  -12.648  89.747 0.0000000000
56392  11.877  -11.779  89.824 0.0000000000
130396  11.255  -11.620  90.215 0.0000000000
57426  10.831  -11.080  90.456 0.0000000000
59202  11.156  -9.789  89.825 0.0000000000
59195  10.609  -10.247  90.418 0.0000000000
59196  9.733  -9.985  90.916 0.0000000000
133434  9.094  -9.524  91.012 0.0000000000
60111  1.489  -8.808  79.604 0.0000000000
59270  0.576  -9.771  79.799 0.0000000000
60134  0.523  -8.467  77.036 0.0000000000
55396  4.524  -13.045  87.432 0.0000000000
62537  4.973  -6.443  87.312 0.0000000000
61684  4.324  -6.666  86.888 0.0000000000
62544  4.319  -6.446  86.031 0.0000000000
61719  3.646  -6.669  85.329 0.0000000000
124950  4.891  -5.962  84.497 0.0000000000
61733  3.214  -6.741  84.502 0.0000000000
61750  2.887  -6.880  83.766 0.0000000000
53414  7.236  -14.940  89.712 0.0000000000
133318  7.093  -15.247  89.212 0.0000000000
52411  6.586  -15.114  89.359 0.0000000000
115866  6.020  -15.253  89.103 0.0000000000
52412  5.543  -15.059  89.310 0.0000000000
52417  5.498  -15.333  88.920 0.0000000000
52432  3.770  -16.096  87.394 0.0000000000
54480  6.077  -14.460  82.693 0.0000000000
54467  6.920  -13.665  83.275 0.0000000000
55437  7.506  -13.532  82.753 0.0000000000
55446  7.681  -13.827  82.149 0.0000000000
116278  7.915  -13.201  82.493 0.0000000000
55455  8.404  -13.761  81.047 0.0000000000
55463  8.985  -13.209  79.982 0.0000000000
111909  3.859  -12.584  76.768 0.0000000000
55484  4.703  -12.839  77.060 0.0000000000
55499  4.442  -12.612  76.251 0.0000000000
56549  5.567  -12.587  75.022 0.0000000000
56548  6.630  -12.768  75.061 0.0000000000
56561  7.521  -12.854  74.596 0.0000000000
133953  9.151  -13.454  72.959 0.0000000000
54581  9.210  -13.659  72.438 0.0000000000
55559  8.953  -12.979  72.686 0.0000000000
122197  9.110  -13.087  71.822 0.0000000000
56631  8.528  -12.238  70.571 0.0000000000
55600  8.875  -12.985  70.240 0.0000000000
55614  8.498  -13.005  69.318 0.0000000000
56643  8.197  -12.308  68.923 0.0000000000
56653  7.787  -12.299  68.274 0.0000000000
60166  2.579  -7.709  67.966 0.0000000000
126285  2.895  -8.109  68.153 0.0000000000
59320  3.504  -8.445  67.358 0.0000000000
59335  3.362  -8.500  65.237 0.0000000000
50626  5.780  -18.636  75.402 0.0000000000
55379  4.921  -12.802  90.609 0.0000000000
56391  4.651  -12.200  90.514 0.0000000000
57430  4.796  -11.469  90.792 0.0000000000
125239  4.891  -10.988  90.965 0.0000000000
59200  4.493  -9.609  90.795 0.0000000000
60033  5.552  -9.642  90.931 0.0000000000
114998  5.229  -9.475  90.970 0.0000000000
60048  4.468  -8.925  90.594 0.0000000000
60835  4.872  -7.847  90.041 0.0000000000
60840  4.717  -7.318  89.233 0.0000000000
61677  4.951  -6.863  88.568 0.0000000000
60825  7.714  -8.403  90.368 0.0000000000
60832  7.216  -7.882  89.955 0.0000000000
61664  6.547  -7.544  89.695 0.0000000000
123089  6.948  -6.770  88.748 0.0000000000
61670  6.261  -7.016  89.210 0.0000000000
61675  6.299  -6.594  88.513 0.0000000000
61676  5.670  -6.696  88.585 0.0000000000
62533  5.216  -6.561  87.946 0.0000000000
62536  5.657  -6.158  87.047 0.0000000000
62542  5.573  -6.007  86.293 0.0000000000
111760  6.231  -5.874  84.942 0.0000000000
57480  18.661  -11.404  84.925 0.0000000000
56435  18.079  -11.918  84.313 0.0000000000
56424  17.802  -11.537  85.114 0.0000000000
129410  16.737  -12.139  84.964 0.0000000000
56413  16.668  -11.457  85.885 0.0000000000
56426  16.309  -12.116  85.346 0.0000000000
111806  15.871  -12.802  84.910 0.0000000000
54440  14.896  -13.795  84.801 0.0000000000
57439  15.443  -10.645  87.321 0.0000000000
56405  15.023  -11.840  87.069 0.0000000000
55393  14.793  -12.556  86.665 0.0000000000
119711  14.609  -13.149  86.242 0.0000000000
55407  14.700  -13.446  85.591 0.0000000000
54441  14.231  -14.208  85.201 0.0000000000
54437  12.778  -14.840  86.770 0.0000000000
53427  10.196  -15.338  88.349 0.0000000000
53428  9.425  -15.461  88.461 0.0000000000
53413  8.031  -14.860  89.677 0.0000000000
55381  10.971  -13.059  90.050 0.0000000000
55382  10.215  -13.337  90.289 0.0000000000
55373  9.754  -12.925  90.784 0.0000000000
55383  9.463  -13.524  90.445 0.0000000000
54422  9.136  -14.150  90.031 0.0000000000
54423  8.368  -14.316  90.090 0.0000000000
53407  7.694  -14.430  90.136 0.0000000000
54417  6.789  -13.846  90.566 0.0000000000
133513  6.565  -13.121  91.091 0.0000000000
129523  5.255  -13.174  90.645 0.0000000000
57512  3.149  -11.641  82.602 0.0000000000
56472  1.788  -12.067  81.202 0.0000000000
56486  2.659  -12.601  80.224 0.0000000000
55464  2.663  -12.738  79.382 0.0000000000
116321  3.295  -12.818  78.092 0.0000000000
58442  0.403  -10.428  79.881 0.0000000000
57554  0.333  -11.351  78.149 0.0000000000
125560  0.475  -11.708  78.838 0.0000000000
56502  0.951  -12.139  79.002 0.0000000000
55476  2.048  -12.507  78.339 0.0000000000
55487  2.541  -12.525  77.644 0.0000000000
55486  3.243  -12.579  77.248 0.0000000000
112640  2.737  -12.377  76.914 0.0000000000
55516  3.233  -12.194  75.939 0.0000000000
116953  1.842  -11.941  76.246 0.0000000000
55517  2.801  -11.950  75.710 0.0000000000
132093  3.125  -11.794  75.169 0.0000000000
56566  3.269  -11.607  74.668 0.0000000000
56584  3.206  -11.224  74.113 0.0000000000
56600  3.438  -10.945  73.350 0.0000000000
60863  13.274  -8.258  87.353 0.0000000000
115162  13.014  -7.835  86.844 0.0000000000
126600  13.094  -7.630  86.310 0.0000000000
57479  19.525  -11.232  84.670 0.0000000000
58409  22.435  -9.732  85.227 0.0000000000
58410  21.471  -9.922  85.405 0.0000000000
58396  21.001  -9.536  85.710 0.0000000000
57463  20.973  -10.538  85.022 0.0000000000
58399  18.672  -10.132  86.343 0.0000000000
58383  17.363  -10.021  86.770 0.0000000000
59211  17.237  -9.610  86.716 0.0000000000
60878  19.421  -8.133  86.065 0.0000000000
60056  15.665  -9.456  86.990 0.0000000000
60074  14.949  -9.090  87.065 0.0000000000
60861  15.096  -8.661  86.796 0.0000000000
128260  2.861  -15.730  82.496 0.0000000000
54456  4.606  -14.330  84.463 0.0000000000
55429  6.581  -13.402  84.130 0.0000000000
55418  6.864  -12.615  84.412 0.0000000000
57481  6.687  -11.974  84.373 0.0000000000
126921  4.002  -11.405  90.029 0.0000000000
114629  3.982  -10.885  88.736 0.0000000000
60867  3.510  -7.571  87.442 0.0000000000
60868  3.224  -8.044  87.759 0.0000000000
60075  2.905  -8.473  87.252 0.0000000000
58386  3.171  -9.774  87.173 0.0000000000
58400  3.690  -10.344  86.731 0.0000000000
58413  3.484  -10.403  85.936 0.0000000000
57483  3.236  -10.618  85.057 0.0000000000
58429  1.030  -10.240  82.534 0.0000000000
59256  0.651  -9.709  81.424 0.0000000000
60092  0.784  -9.222  81.061 0.0000000000
60938  1.842  -7.854  82.049 0.0000000000
60100  1.340  -8.727  80.582 0.0000000000
60885  12.479  -7.504  86.452 0.0000000000
55435  17.087  -12.932  83.116 0.0000000000
114314  17.338  -12.955  82.304 0.0000000000
55426  16.379  -13.337  83.307 0.0000000000
52415  7.281  -15.551  88.809 0.0000000000
51450  7.171  -16.578  87.273 0.0000000000
51463  6.621  -17.035  86.687 0.0000000000
121019  3.165  -16.264  80.937 0.0000000000
53481  5.427  -15.284  81.284 0.0000000000
53492  5.639  -15.536  80.502 0.0000000000
119555  4.498  -16.500  79.423 0.0000000000
52531  3.935  -16.954  78.882 0.0000000000
52548  5.942  -16.811  77.648 0.0000000000
50644  6.327  -18.252  75.007 0.0000000000
56468  5.588  -11.944  81.429 0.0000000000
56498  5.188  -12.488  79.808 0.0000000000
56482  7.035  -12.027  80.630 0.0000000000
56480  8.650  -12.741  79.902 0.0000000000
56494  9.038  -13.129  79.139 0.0000000000
56525  5.620  -12.892  77.344 0.0000000000
56524  6.590  -12.794  77.544 0.0000000000
56523  7.525  -12.715  77.635 0.0000000000
56535  7.727  -13.002  76.382 0.0000000000
129266  7.860  -12.873  77.080 0.0000000000
56510  8.053  -12.554  78.346 0.0000000000
56509  8.802  -12.895  78.355 0.0000000000
55472  9.144  -13.342  78.300 0.0000000000
54519  9.275  -13.843  78.639 0.0000000000
54528  9.157  -14.625  78.020 0.0000000000
53517  8.947  -15.281  77.327 0.0000000000
52567  7.988  -16.337  76.555 0.0000000000
122260  8.969  -15.652  76.091 0.0000000000
52566  8.491  -16.160  75.925 0.0000000000
50659  6.397  -18.317  74.294 0.0000000000
51670  6.238  -18.198  73.061 0.0000000000
51685  5.894  -17.963  72.398 0.0000000000
53591  7.843  -15.463  71.408 0.0000000000
53592  7.148  -15.716  71.059 0.0000000000
53607  6.790  -15.551  70.412 0.0000000000
53593  6.340  -16.163  71.067 0.0000000000
52668  5.368  -16.514  70.666 0.0000000000
117904  0.392  -7.715  76.565 0.0000000000
58456  1.487  -9.913  74.349 0.0000000000
60140  0.981  -8.705  73.751 0.0000000000
57591  2.217  -10.261  73.850 0.0000000000
57590  2.638  -10.489  73.681 0.0000000000
57595  2.829  -10.288  72.980 0.0000000000
57594  3.217  -10.542  72.830 0.0000000000
59294  1.815  -8.683  70.710 0.0000000000
59291  1.660  -8.940  71.401 0.0000000000
58461  2.557  -9.889  72.426 0.0000000000
57603  3.390  -10.387  72.135 0.0000000000
57628  4.397  -9.904  70.341 0.0000000000
57627  5.161  -10.420  70.003 0.0000000000
57643  7.270  -11.749  67.734 0.0000000000
56663  6.808  -12.392  67.254 0.0000000000
58500  4.735  -9.489  66.945 0.0000000000
58507  5.761  -10.643  66.516 0.0000000000
131414  6.346  -10.933  66.880 0.0000000000
52488  2.700  -16.117  81.748 0.0000000000
53609  4.887  -16.149  69.884 0.0000000000
54536  9.370  -14.407  76.307 0.0000000000
54545  9.363  -14.505  75.397 0.0000000000
54554  9.331  -14.524  74.555 0.0000000000
54605  8.744  -13.873  70.621 0.0000000000
55377  5.759  -13.160  90.861 0.0000000000
55500  3.207  -12.367  76.515 0.0000000000
55532  3.385  -11.935  75.317 0.0000000000
55627  7.957  -13.079  68.544 0.0000000000
55641  7.373  -12.718  67.850 0.0000000000
56382  7.999  -12.474  91.419 0.0000000000
56513  1.464  -12.322  78.293 0.0000000000
56615  8.132  -11.965  71.247 0.0000000000
57425  5.549  -11.279  91.236 0.0000000000
57612  7.935  -11.757  70.428 0.0000000000
58358  7.943  -10.841  91.415 0.0000000000
58360  6.200  -10.375  91.222 0.0000000000
58361  5.746  -10.733  91.232 0.0000000000
58365  4.757  -10.312  90.951 0.0000000000
58469  2.588  -9.286  71.342 0.0000000000
59190  7.643  -9.764  91.053 0.0000000000
59191  6.966  -9.831  91.036 0.0000000000
59199  4.919  -9.741  91.012 0.0000000000
59300  2.805  -8.653  69.954 0.0000000000
60031  6.502  -9.407  90.769 0.0000000000
60039  6.062  -9.019  90.658 0.0000000000
60040  5.097  -8.965  90.851 0.0000000000
60041  4.854  -9.310  90.947 0.0000000000
60047  4.899  -8.454  90.488 0.0000000000
60049  13.507  -9.404  87.947 0.0000000000
60828  5.536  -8.628  90.561 0.0000000000
61018  0.989  -7.997  70.856 0.0000000000
61027  2.212  -7.752  68.699 0.0000000000
61663  7.077  -7.272  89.412 0.0000000000
61673  9.326  -7.084  88.381 0.0000000000
62556  5.880  -5.920  85.659 0.0000000000
111413  3.746  -7.884  88.941 0.0000000000
115169  2.111  -9.806  73.103 0.0000000000
118440  5.340  -11.264  71.559 0.0000000000
122876  9.522  -11.267  91.236 0.0000000000
123739  4.523  -10.859  90.721 0.0000000000
128089  9.297  -14.510  73.847 0.0000000000
128744  1.844  -10.245  74.302 0.0000000000
132784  5.425  -6.376  87.550 0.0000000000
133364  11.982  -7.901  87.584 0.0000000000
