#!ascii label  , from subject sub-v2s0x29019_ses-1 vox2ras=TkReg
875
89849  40.739  29.124  42.093 0.0000000000
87531  39.809  25.060  34.283 0.0000000000
91023  45.747  30.251  27.885 0.0000000000
84543  45.500  21.085  27.085 0.0000000000
86733  38.866  22.838  40.674 0.0000000000
114183  50.145  28.214  33.984 0.0000000000
86065  43.379  22.796  27.412 0.0000000000
126242  37.451  26.902  31.516 0.0000000000
88748  46.556  26.005  37.482 0.0000000000
86736  43.614  23.570  39.164 0.0000000000
84441  40.740  19.819  36.163 0.0000000000
111485  41.918  31.481  30.592 0.0000000000
89409  38.668  27.252  26.640 0.0000000000
89949  43.359  28.180  30.749 0.0000000000
88237  41.869  25.680  23.615 0.0000000000
90999  36.756  31.041  31.565 0.0000000000
89283  44.601  27.033  39.710 0.0000000000
89285  42.269  27.346  40.326 0.0000000000
84425  39.524  20.072  38.874 0.0000000000
90998  47.456  30.485  30.475 0.0000000000
91514  45.848  31.245  32.416 0.0000000000
91544  43.593  31.376  28.928 0.0000000000
90506  39.512  30.407  28.200 0.0000000000
91045  41.646  30.182  26.361 0.0000000000
88771  43.232  26.960  36.010 0.0000000000
89345  45.170  27.738  34.653 0.0000000000
88791  41.220  26.758  32.691 0.0000000000
86858  45.490  22.802  25.336 0.0000000000
86851  42.739  24.225  25.679 0.0000000000
85315  43.822  22.673  24.166 0.0000000000
85310  41.015  21.976  25.403 0.0000000000
84532  42.954  20.307  28.002 0.0000000000
120234  42.582  18.524  30.432 0.0000000000
89851  38.356  28.303  42.714 0.0000000000
88727  39.658  26.653  40.610 0.0000000000
89945  48.455  28.750  30.430 0.0000000000
120822  41.824  22.477  32.647 0.0000000000
86794  41.097  23.257  30.998 0.0000000000
111447  44.104  22.554  30.607 0.0000000000
86816  47.370  23.204  27.564 0.0000000000
89882  49.320  28.070  39.307 0.0000000000
89293  46.622  27.119  39.399 0.0000000000
87508  45.377  24.537  38.646 0.0000000000
88161  41.863  24.886  37.316 0.0000000000
86730  41.594  23.270  39.697 0.0000000000
85968  40.661  22.434  38.207 0.0000000000
85981  39.785  22.250  35.132 0.0000000000
84467  43.150  20.586  34.536 0.0000000000
89250  36.882  27.636  45.715 0.0000000000
111232  44.119  31.631  34.308 0.0000000000
91502  40.660  31.412  33.057 0.0000000000
91005  38.247  31.025  30.234 0.0000000000
128470  37.929  26.863  29.092 0.0000000000
86823  38.128  23.510  28.916 0.0000000000
88769  48.659  27.139  35.998 0.0000000000
112882  46.793  28.257  31.711 0.0000000000
89969  45.759  28.852  28.670 0.0000000000
87558  41.395  25.139  28.792 0.0000000000
89395  42.189  27.194  27.915 0.0000000000
89992  42.238  28.944  25.304 0.0000000000
88842  39.966  26.365  23.820 0.0000000000
86066  39.298  22.665  27.090 0.0000000000
91520  36.627  31.684  32.087 0.0000000000
113213  37.962  31.993  32.602 0.0000000000
89875  42.620  28.214  40.697 0.0000000000
89859  41.191  28.677  41.383 0.0000000000
91004  46.546  30.686  29.080 0.0000000000
91534  45.903  31.161  30.199 0.0000000000
91553  44.267  31.049  28.039 0.0000000000
91563  42.444  30.811  27.308 0.0000000000
118802  42.976  30.455  26.853 0.0000000000
88773  41.473  26.620  35.483 0.0000000000
89347  41.788  27.222  34.176 0.0000000000
88786  40.635  26.177  33.392 0.0000000000
117837  46.084  21.904  25.622 0.0000000000
86081  45.113  22.579  24.962 0.0000000000
85294  45.229  21.677  25.546 0.0000000000
84561  43.344  21.483  25.275 0.0000000000
84544  44.536  20.838  27.176 0.0000000000
83733  44.097  19.985  29.031 0.0000000000
84516  44.938  20.290  28.809 0.0000000000
88710  37.464  26.610  42.232 0.0000000000
90475  49.418  28.918  31.792 0.0000000000
89936  49.201  28.350  31.841 0.0000000000
85997  43.763  22.140  32.693 0.0000000000
86011  43.248  22.448  31.972 0.0000000000
126189  44.955  22.493  31.601 0.0000000000
86792  47.018  23.018  29.760 0.0000000000
86831  49.599  23.119  27.568 0.0000000000
86845  48.660  22.809  26.885 0.0000000000
111093  44.070  25.239  39.543 0.0000000000
112686  45.236  24.861  39.303 0.0000000000
86735  44.224  23.793  39.063 0.0000000000
116934  43.457  24.506  37.891 0.0000000000
86747  43.007  23.360  38.719 0.0000000000
87492  39.300  24.756  40.317 0.0000000000
113105  40.117  24.840  40.054 0.0000000000
127016  40.519  22.469  39.978 0.0000000000
84434  39.619  19.935  37.266 0.0000000000
85197  39.851  21.020  38.740 0.0000000000
84443  39.522  20.753  37.040 0.0000000000
85975  39.521  22.484  36.615 0.0000000000
85217  40.004  21.410  35.445 0.0000000000
85228  40.570  21.723  34.666 0.0000000000
130348  41.530  20.107  35.494 0.0000000000
83662  45.079  19.453  35.503 0.0000000000
91516  44.033  31.312  32.475 0.0000000000
91498  44.836  31.503  33.755 0.0000000000
111493  43.227  31.350  33.119 0.0000000000
91500  42.507  31.405  33.742 0.0000000000
111491  41.335  31.437  32.389 0.0000000000
91527  39.281  31.582  30.951 0.0000000000
111483  40.098  31.519  30.616 0.0000000000
90516  39.028  29.508  27.314 0.0000000000
132144  38.379  28.751  28.302 0.0000000000
123861  38.167  27.200  28.395 0.0000000000
124568  37.899  24.953  29.188 0.0000000000
88222  38.383  25.077  27.692 0.0000000000
88730  48.441  26.606  38.495 0.0000000000
88756  49.404  26.867  37.109 0.0000000000
88758  48.021  26.707  36.936 0.0000000000
89365  44.246  28.002  33.033 0.0000000000
89355  46.045  27.892  33.632 0.0000000000
113995  45.052  28.405  31.227 0.0000000000
89948  46.064  28.498  30.486 0.0000000000
89960  44.035  28.427  29.773 0.0000000000
86046  41.949  22.772  29.744 0.0000000000
120653  40.952  24.687  30.072 0.0000000000
116810  41.638  24.012  28.196 0.0000000000
87581  42.406  24.943  24.132 0.0000000000
133605  42.153  25.944  26.894 0.0000000000
88836  42.252  26.794  24.678 0.0000000000
117672  42.539  28.342  25.771 0.0000000000
89414  41.647  27.677  23.989 0.0000000000
89997  41.238  28.477  24.387 0.0000000000
88238  40.952  25.956  23.330 0.0000000000
84557  41.017  21.138  26.684 0.0000000000
86074  40.318  22.300  25.808 0.0000000000
84549  40.188  20.909  27.757 0.0000000000
85277  39.612  21.209  28.187 0.0000000000
123216  50.414  28.416  35.824 0.0000000000
89951  36.884  29.189  31.854 0.0000000000
89950  37.170  29.634  31.060 0.0000000000
89856  44.994  29.047  40.818 0.0000000000
89857  43.749  29.231  41.347 0.0000000000
89284  43.170  27.438  40.189 0.0000000000
88142  43.425  24.780  39.552 0.0000000000
85188  39.914  21.355  40.044 0.0000000000
91523  46.720  30.985  31.494 0.0000000000
126417  45.101  31.346  30.978 0.0000000000
113582  42.765  31.450  29.832 0.0000000000
111476  41.018  31.345  29.332 0.0000000000
111788  41.193  31.096  28.427 0.0000000000
91036  40.616  30.453  27.299 0.0000000000
89402  39.490  28.694  25.625 0.0000000000
88761  44.694  26.488  36.832 0.0000000000
89322  46.263  27.091  36.435 0.0000000000
117547  43.651  27.332  35.499 0.0000000000
122097  43.122  27.731  33.849 0.0000000000
89367  42.634  27.734  32.234 0.0000000000
86836  45.178  23.047  26.288 0.0000000000
111033  43.246  23.449  26.178 0.0000000000
86850  44.304  23.349  25.236 0.0000000000
86860  43.949  23.423  24.498 0.0000000000
86870  42.870  23.692  23.807 0.0000000000
86872  40.999  23.819  23.683 0.0000000000
85317  42.186  22.080  24.485 0.0000000000
85296  42.010  21.354  25.805 0.0000000000
83743  42.212  20.249  27.879 0.0000000000
82875  43.320  18.755  30.479 0.0000000000
89850  39.151  28.599  42.436 0.0000000000
89272  39.944  27.865  41.115 0.0000000000
89274  38.500  27.284  41.481 0.0000000000
127564  38.312  25.858  40.928 0.0000000000
129019  38.328  23.408  40.950 0.0000000000
132201  49.018  30.030  31.800 0.0000000000
91002  48.095  29.641  29.840 0.0000000000
90495  47.347  29.342  28.914 0.0000000000
86769  40.058  23.718  33.504 0.0000000000
87543  40.345  24.132  32.061 0.0000000000
86013  41.568  22.791  31.730 0.0000000000
86038  42.547  22.557  30.413 0.0000000000
86044  43.623  22.524  29.265 0.0000000000
86035  46.394  22.749  30.621 0.0000000000
86804  45.863  22.810  29.118 0.0000000000
86818  45.338  22.873  27.442 0.0000000000
116172  46.693  22.827  26.264 0.0000000000
86073  46.957  22.393  26.143 0.0000000000
111170  47.323  21.782  26.503 0.0000000000
84528  46.488  20.798  28.316 0.0000000000
89883  48.162  27.905  39.404 0.0000000000
88139  47.017  25.788  38.684 0.0000000000
126547  45.918  27.085  39.545 0.0000000000
88140  46.498  25.454  39.004 0.0000000000
88157  45.863  24.927  38.251 0.0000000000
88167  44.380  25.682  37.334 0.0000000000
88169  42.287  25.636  36.938 0.0000000000
88171  40.488  25.322  36.298 0.0000000000
88726  40.517  26.373  40.320 0.0000000000
88134  41.784  24.914  39.730 0.0000000000
114537  42.781  23.560  39.412 0.0000000000
85193  40.320  21.485  39.446 0.0000000000
85961  41.130  22.048  38.938 0.0000000000
121978  42.394  22.891  38.833 0.0000000000
86749  40.625  23.369  37.558 0.0000000000
87520  39.539  24.019  36.024 0.0000000000
122739  39.613  24.436  34.675 0.0000000000
133127  40.662  22.619  33.770 0.0000000000
85226  42.619  21.251  34.072 0.0000000000
85225  43.634  21.152  33.928 0.0000000000
83664  43.288  19.495  35.667 0.0000000000
84451  44.635  19.987  34.936 0.0000000000
111142  38.794  28.931  44.012 0.0000000000
89841  37.599  28.246  44.379 0.0000000000
88701  35.442  26.329  45.693 0.0000000000
92031  46.187  32.945  34.402 0.0000000000
125216  43.386  31.793  34.758 0.0000000000
91518  38.337  31.804  31.892 0.0000000000
91540  37.832  31.170  30.809 0.0000000000
89963  37.496  29.021  30.468 0.0000000000
91015  39.132  30.723  29.098 0.0000000000
89974  37.842  29.368  29.776 0.0000000000
89382  37.713  27.635  30.059 0.0000000000
113209  49.746  27.624  34.803 0.0000000000
89332  46.716  27.455  35.467 0.0000000000
111617  47.654  27.659  33.712 0.0000000000
89926  49.062  27.884  32.532 0.0000000000
89946  47.975  28.337  31.063 0.0000000000
89968  46.863  28.943  28.740 0.0000000000
90505  45.380  29.648  27.691 0.0000000000
88194  40.644  25.323  31.319 0.0000000000
88799  41.049  26.065  31.012 0.0000000000
89381  41.906  27.281  30.112 0.0000000000
114947  41.845  24.645  27.551 0.0000000000
88820  41.802  26.597  28.556 0.0000000000
89388  42.482  27.753  29.449 0.0000000000
89981  43.188  28.442  27.573 0.0000000000
126107  43.753  28.995  27.085 0.0000000000
90513  44.137  29.755  26.904 0.0000000000
90523  41.781  29.330  25.334 0.0000000000
89998  40.399  28.653  24.670 0.0000000000
88830  38.872  26.866  25.770 0.0000000000
87582  40.269  24.256  24.198 0.0000000000
114261  39.365  24.107  25.603 0.0000000000
88228  38.725  24.961  26.745 0.0000000000
86067  38.842  22.759  27.864 0.0000000000
82036  41.584  17.657  31.016 0.0000000000
91505  37.768  32.060  33.449 0.0000000000
91504  38.610  31.777  33.300 0.0000000000
90410  41.146  29.415  42.691 0.0000000000
89848  41.564  29.307  42.024 0.0000000000
133544  46.540  30.364  28.470 0.0000000000
91013  45.928  30.689  28.422 0.0000000000
91014  45.162  30.691  27.979 0.0000000000
91025  43.826  30.655  27.341 0.0000000000
91024  44.655  30.552  27.627 0.0000000000
88774  40.717  26.252  35.113 0.0000000000
88780  40.625  26.290  34.254 0.0000000000
124390  40.193  25.630  33.877 0.0000000000
85285  46.361  21.600  26.324 0.0000000000
85286  45.689  21.503  26.142 0.0000000000
84552  45.079  21.256  26.430 0.0000000000
84530  44.733  20.515  28.080 0.0000000000
84529  45.626  20.686  28.108 0.0000000000
89917  50.318  28.533  34.332 0.0000000000
89924  50.205  28.622  33.582 0.0000000000
123945  50.023  28.716  32.953 0.0000000000
89351  49.905  28.252  33.261 0.0000000000
85996  44.499  21.923  32.864 0.0000000000
86010  44.583  22.294  32.254 0.0000000000
86814  49.566  23.219  28.647 0.0000000000
86062  50.024  22.773  27.340 0.0000000000
86063  49.313  22.723  27.062 0.0000000000
88800  37.474  26.226  31.177 0.0000000000
112448  44.161  24.300  39.375 0.0000000000
122874  44.685  24.749  39.379 0.0000000000
113198  44.101  23.859  39.208 0.0000000000
86740  43.700  23.455  38.983 0.0000000000
113539  38.922  23.843  40.486 0.0000000000
87491  39.942  24.004  40.081 0.0000000000
86732  39.766  23.057  40.212 0.0000000000
84442  39.915  20.271  36.521 0.0000000000
85210  39.660  21.099  36.244 0.0000000000
84454  40.382  20.581  35.771 0.0000000000
111489  43.118  31.380  32.051 0.0000000000
111488  42.102  31.441  31.681 0.0000000000
111492  42.320  31.396  32.758 0.0000000000
111487  40.956  31.536  31.262 0.0000000000
111484  40.983  31.506  30.211 0.0000000000
89403  38.793  28.184  26.595 0.0000000000
117644  38.456  27.670  27.527 0.0000000000
121922  38.397  26.626  27.550 0.0000000000
132510  38.267  25.809  27.880 0.0000000000
114242  38.538  25.796  27.089 0.0000000000
88145  47.829  26.009  37.895 0.0000000000
88746  48.406  26.470  37.404 0.0000000000
88759  47.031  26.625  37.038 0.0000000000
89374  43.184  28.018  31.671 0.0000000000
89938  44.505  28.208  32.152 0.0000000000
89939  43.991  28.271  31.494 0.0000000000
112706  44.434  28.421  30.566 0.0000000000
86054  42.238  22.786  28.801 0.0000000000
86820  41.551  23.406  29.048 0.0000000000
127099  42.565  22.808  27.981 0.0000000000
88232  42.258  25.933  24.361 0.0000000000
88840  41.674  26.610  23.709 0.0000000000
87588  41.482  25.240  23.417 0.0000000000
83745  41.189  20.279  27.914 0.0000000000
85287  40.422  21.328  27.069 0.0000000000
84533  40.587  20.363  28.131 0.0000000000
90990  36.191  30.882  31.990 0.0000000000
90483  36.714  30.245  31.584 0.0000000000
90417  44.503  29.490  41.503 0.0000000000
88724  42.862  26.551  39.865 0.0000000000
88133  42.545  25.566  39.696 0.0000000000
90989  47.711  30.622  31.504 0.0000000000
91513  46.968  31.100  32.382 0.0000000000
91535  44.893  31.355  30.109 0.0000000000
91536  43.843  31.446  29.994 0.0000000000
114030  41.754  31.323  28.865 0.0000000000
91545  42.568  31.381  28.891 0.0000000000
91034  42.119  30.518  26.862 0.0000000000
91564  41.722  30.837  27.560 0.0000000000
91046  40.977  30.252  26.637 0.0000000000
90524  39.778  29.550  26.347 0.0000000000
88770  44.136  27.073  36.144 0.0000000000
132270  41.681  27.176  33.436 0.0000000000
119665  42.332  27.482  33.647 0.0000000000
89359  42.046  27.439  32.848 0.0000000000
89358  42.863  27.693  33.055 0.0000000000
89368  41.868  27.370  31.961 0.0000000000
86848  45.974  23.007  25.975 0.0000000000
132702  44.772  23.155  25.706 0.0000000000
86849  45.169  23.054  25.364 0.0000000000
86087  44.469  22.778  24.572 0.0000000000
86868  44.157  23.117  24.383 0.0000000000
86869  43.607  23.351  24.047 0.0000000000
86088  43.033  22.955  23.742 0.0000000000
86094  42.386  23.308  23.646 0.0000000000
85316  42.933  22.276  24.184 0.0000000000
84554  43.482  21.155  26.084 0.0000000000
84555  42.696  21.204  25.912 0.0000000000
84546  42.688  20.657  26.953 0.0000000000
118491  41.987  20.511  27.251 0.0000000000
130124  44.778  19.862  29.536 0.0000000000
83716  43.907  19.362  29.880 0.0000000000
89264  38.715  28.028  41.901 0.0000000000
88130  37.786  25.990  41.531 0.0000000000
88129  38.014  25.100  41.088 0.0000000000
87493  38.576  24.654  40.644 0.0000000000
114241  38.143  24.150  40.997 0.0000000000
90481  48.905  28.773  31.095 0.0000000000
124195  48.941  29.450  31.321 0.0000000000
90996  48.602  29.178  30.459 0.0000000000
91011  47.597  29.628  29.208 0.0000000000
90494  47.903  29.208  29.504 0.0000000000
85999  40.570  23.048  33.292 0.0000000000
86780  40.415  23.567  32.690 0.0000000000
86014  41.042  22.914  32.575 0.0000000000
86024  43.308  22.498  31.026 0.0000000000
86025  42.422  22.549  31.329 0.0000000000
86037  43.396  22.511  30.140 0.0000000000
133734  44.091  22.554  29.866 0.0000000000
114846  46.280  22.494  31.509 0.0000000000
86034  47.296  22.855  30.537 0.0000000000
86802  47.781  23.219  28.740 0.0000000000
86793  46.290  22.851  29.743 0.0000000000
86803  46.738  23.015  28.805 0.0000000000
86805  45.312  22.735  28.545 0.0000000000
86817  46.233  22.982  27.830 0.0000000000
86835  46.104  23.027  26.625 0.0000000000
117061  46.830  23.093  26.838 0.0000000000
86071  48.583  22.574  26.785 0.0000000000
86072  47.756  22.472  26.510 0.0000000000
85292  48.256  22.219  26.577 0.0000000000
122813  47.405  22.038  26.254 0.0000000000
85276  48.067  21.705  26.908 0.0000000000
84541  47.336  21.274  27.501 0.0000000000
89884  47.104  28.046  39.591 0.0000000000
89870  47.780  28.792  39.962 0.0000000000
132034  47.391  27.230  39.281 0.0000000000
89292  47.941  26.965  39.061 0.0000000000
88732  47.058  26.318  39.060 0.0000000000
89873  44.574  28.176  40.225 0.0000000000
89872  45.469  28.494  40.238 0.0000000000
89282  45.318  27.583  39.787 0.0000000000
112962  45.427  24.655  39.168 0.0000000000
88141  45.840  25.103  39.183 0.0000000000
87495  45.963  24.885  38.952 0.0000000000
88148  45.956  24.878  38.632 0.0000000000
88158  45.151  24.947  37.909 0.0000000000
88160  42.704  24.946  37.464 0.0000000000
88170  41.353  25.545  36.641 0.0000000000
129173  39.610  27.301  40.888 0.0000000000
89287  40.287  27.244  40.671 0.0000000000
87490  41.020  24.209  39.840 0.0000000000
88135  40.748  25.378  39.987 0.0000000000
87497  42.088  23.830  39.643 0.0000000000
85194  39.778  20.783  39.601 0.0000000000
85962  40.197  21.671  38.439 0.0000000000
85196  40.572  21.619  39.045 0.0000000000
127466  42.055  22.676  39.090 0.0000000000
126464  41.655  22.521  38.809 0.0000000000
86748  41.574  22.985  38.300 0.0000000000
86764  39.473  22.999  35.754 0.0000000000
86758  39.589  23.274  36.493 0.0000000000
87528  39.550  24.471  35.358 0.0000000000
85990  39.737  23.068  34.790 0.0000000000
127177  40.173  23.119  34.016 0.0000000000
85989  40.304  22.456  34.365 0.0000000000
84468  42.099  20.679  34.728 0.0000000000
85227  41.574  21.422  34.320 0.0000000000
83644  43.787  19.022  36.155 0.0000000000
84450  45.517  19.918  34.890 0.0000000000
89839  39.148  29.017  44.733 0.0000000000
117048  37.465  28.058  45.633 0.0000000000
89836  37.834  28.387  45.164 0.0000000000
89249  37.111  27.989  44.995 0.0000000000
89255  36.931  27.648  44.163 0.0000000000
122970  36.454  27.395  44.957 0.0000000000
91497  45.610  31.703  33.914 0.0000000000
91482  44.931  32.014  34.475 0.0000000000
92032  45.307  32.863  34.733 0.0000000000
132740  44.731  32.508  34.834 0.0000000000
129004  44.565  33.079  35.078 0.0000000000
92033  44.123  32.277  34.939 0.0000000000
91501  41.605  31.394  33.424 0.0000000000
128471  39.743  31.561  32.720 0.0000000000
91503  38.864  31.760  32.570 0.0000000000
91539  38.543  31.363  30.652 0.0000000000
91006  37.890  30.648  30.316 0.0000000000
90489  37.566  29.958  30.375 0.0000000000
90497  37.991  30.116  29.846 0.0000000000
91557  39.830  30.830  28.698 0.0000000000
91547  39.561  31.097  29.446 0.0000000000
89396  38.251  28.130  28.337 0.0000000000
89973  38.115  28.801  28.990 0.0000000000
89390  37.919  27.711  29.217 0.0000000000
89962  37.750  28.431  29.848 0.0000000000
88814  37.783  26.951  29.820 0.0000000000
88815  37.659  26.212  30.289 0.0000000000
124631  37.833  26.235  29.445 0.0000000000
89881  50.277  28.365  39.094 0.0000000000
89320  49.497  27.167  36.227 0.0000000000
89312  50.226  27.260  37.291 0.0000000000
89329  50.023  27.661  35.594 0.0000000000
128130  49.490  27.389  35.501 0.0000000000
89333  45.614  27.500  35.500 0.0000000000
89344  46.115  27.697  34.583 0.0000000000
89927  46.451  28.052  32.677 0.0000000000
124817  46.772  27.736  33.951 0.0000000000
89354  47.057  27.854  33.166 0.0000000000
89353  48.680  27.644  33.432 0.0000000000
126818  48.119  27.859  32.784 0.0000000000
89364  48.594  28.092  31.811 0.0000000000
127648  47.521  28.066  32.182 0.0000000000
89958  46.050  28.624  29.534 0.0000000000
89957  47.017  28.628  29.721 0.0000000000
89978  46.086  29.391  28.146 0.0000000000
111011  45.169  29.163  27.978 0.0000000000
86785  40.593  23.894  31.267 0.0000000000
88189  40.396  25.138  32.207 0.0000000000
87547  40.472  24.611  31.531 0.0000000000
87559  41.195  24.752  29.411 0.0000000000
88200  40.917  25.386  30.492 0.0000000000
88806  41.274  26.117  30.163 0.0000000000
88805  41.467  26.737  30.636 0.0000000000
88813  41.522  26.325  29.335 0.0000000000
116352  42.457  23.831  26.615 0.0000000000
86852  42.294  24.594  26.545 0.0000000000
88825  42.044  26.439  27.571 0.0000000000
89389  41.919  27.122  29.112 0.0000000000
89972  43.155  28.259  28.703 0.0000000000
89400  42.617  27.975  27.076 0.0000000000
89987  43.125  28.760  26.574 0.0000000000
89991  42.840  29.148  26.076 0.0000000000
89986  43.612  29.374  26.692 0.0000000000
90522  42.467  29.506  25.960 0.0000000000
89415  40.555  27.974  23.945 0.0000000000
88837  39.855  27.303  24.045 0.0000000000
111934  39.293  27.314  24.966 0.0000000000
88838  39.308  26.564  24.845 0.0000000000
86090  41.149  22.886  24.030 0.0000000000
86862  40.419  23.299  24.455 0.0000000000
86075  39.683  22.733  26.244 0.0000000000
125671  39.479  23.432  25.879 0.0000000000
86840  39.250  23.222  26.593 0.0000000000
86853  39.029  24.007  26.477 0.0000000000
87571  38.613  24.212  27.464 0.0000000000
86841  38.896  23.378  27.263 0.0000000000
84535  39.380  20.765  28.918 0.0000000000
85278  38.967  21.572  28.759 0.0000000000
82887  42.278  18.843  29.878 0.0000000000
82035  42.204  17.978  30.960 0.0000000000
90991  35.848  31.514  32.544 0.0000000000
91519  37.503  31.861  31.997 0.0000000000
89858  42.966  29.026  41.277 0.0000000000
118977  42.077  28.842  41.313 0.0000000000
89270  41.689  28.083  40.745 0.0000000000
91003  46.797  30.743  29.928 0.0000000000
91533  46.532  30.970  30.696 0.0000000000
91542  45.646  31.128  29.307 0.0000000000
91543  44.791  31.221  28.918 0.0000000000
91554  43.270  31.182  28.064 0.0000000000
91562  42.990  30.917  27.441 0.0000000000
91044  42.394  30.081  26.308 0.0000000000
88772  42.335  26.854  35.792 0.0000000000
89335  42.871  27.319  35.272 0.0000000000
89336  41.979  27.200  35.025 0.0000000000
88785  41.157  26.790  33.774 0.0000000000
86080  45.763  22.524  25.379 0.0000000000
85305  45.519  22.031  25.182 0.0000000000
111390  44.988  22.073  25.000 0.0000000000
85306  44.430  22.272  24.633 0.0000000000
85307  43.613  21.942  24.600 0.0000000000
85295  44.248  21.648  25.212 0.0000000000
84553  44.374  21.213  26.236 0.0000000000
84545  43.629  20.719  27.091 0.0000000000
84531  43.838  20.373  28.106 0.0000000000
89259  37.639  27.916  43.070 0.0000000000
89265  37.918  27.498  42.223 0.0000000000
89266  37.242  27.199  42.877 0.0000000000
90980  49.947  29.978  32.871 0.0000000000
90474  49.837  29.160  32.500 0.0000000000
118926  42.736  22.235  32.721 0.0000000000
86012  42.346  22.491  32.090 0.0000000000
132452  43.947  22.374  32.142 0.0000000000
113603  44.148  22.491  31.533 0.0000000000
86791  47.747  23.092  29.788 0.0000000000
86790  48.561  23.203  29.299 0.0000000000
117861  48.827  23.312  28.140 0.0000000000
86815  48.239  23.258  27.646 0.0000000000
86833  48.193  23.089  26.938 0.0000000000
86832  48.884  23.093  27.216 0.0000000000
85284  49.173  22.335  26.913 0.0000000000
89871  46.728  28.856  40.242 0.0000000000
88722  44.762  25.747  39.502 0.0000000000
127962  44.790  24.275  39.185 0.0000000000
87500  44.823  24.119  38.972 0.0000000000
87509  44.695  24.307  38.518 0.0000000000
87501  44.236  23.816  38.837 0.0000000000
86746  43.588  23.777  38.543 0.0000000000
87511  42.657  24.049  37.968 0.0000000000
88136  39.690  25.684  40.329 0.0000000000
86731  40.746  23.201  39.935 0.0000000000
83630  39.520  19.614  38.032 0.0000000000
84435  39.511  20.411  37.890 0.0000000000
85204  39.597  21.208  37.684 0.0000000000
85969  39.725  22.029  37.498 0.0000000000
85211  39.503  21.592  36.808 0.0000000000
85218  39.484  21.975  35.992 0.0000000000
84469  41.006  20.963  35.044 0.0000000000
83643  44.629  18.977  36.104 0.0000000000
83661  45.958  19.392  35.447 0.0000000000
91525  44.929  31.289  31.919 0.0000000000
124428  45.482  31.400  33.285 0.0000000000
91499  44.057  31.371  33.461 0.0000000000
113861  43.332  31.445  34.034 0.0000000000
111490  40.323  31.538  32.080 0.0000000000
91517  39.295  31.675  31.811 0.0000000000
111486  39.976  31.581  31.322 0.0000000000
91548  38.817  31.071  29.860 0.0000000000
128234  39.071  29.978  27.953 0.0000000000
89982  38.616  28.672  27.570 0.0000000000
88209  37.923  25.653  29.097 0.0000000000
88821  38.076  26.242  28.570 0.0000000000
88217  38.101  25.346  28.479 0.0000000000
114570  38.196  24.386  28.454 0.0000000000
89303  49.365  26.909  38.313 0.0000000000
88737  48.787  26.459  37.903 0.0000000000
88757  48.835  26.863  36.752 0.0000000000
131364  45.546  27.811  34.161 0.0000000000
89929  45.055  28.172  32.703 0.0000000000
129110  45.258  28.291  31.964 0.0000000000
89937  45.834  28.228  32.260 0.0000000000
127947  45.981  28.376  31.408 0.0000000000
129044  45.313  28.504  30.312 0.0000000000
89970  44.668  28.669  28.785 0.0000000000
86806  41.341  23.260  30.098 0.0000000000
86795  40.871  23.892  30.472 0.0000000000
86807  41.144  24.028  29.659 0.0000000000
86821  41.367  24.356  28.907 0.0000000000
87575  42.841  24.443  24.693 0.0000000000
126690  42.341  25.243  26.150 0.0000000000
87576  42.538  25.132  25.273 0.0000000000
88226  42.364  25.895  25.750 0.0000000000
88829  42.367  26.672  26.088 0.0000000000
89401  42.438  27.335  26.566 0.0000000000
89407  42.316  27.554  25.157 0.0000000000
89413  42.034  28.355  24.716 0.0000000000
88841  40.743  27.082  23.511 0.0000000000
85297  41.343  21.525  25.955 0.0000000000
86083  40.688  22.560  24.886 0.0000000000
85298  40.656  21.682  26.258 0.0000000000
85299  39.916  21.998  26.802 0.0000000000
85288  39.326  22.000  27.801 0.0000000000
128415  39.894  21.492  27.517 0.0000000000
84534  39.984  20.538  28.456 0.0000000000
89910  50.375  28.466  35.084 0.0000000000
89940  37.112  28.142  32.070 0.0000000000
121428  37.280  28.617  31.254 0.0000000000
132483  44.275  28.902  40.863 0.0000000000
121645  43.927  27.542  40.024 0.0000000000
89874  43.594  28.388  40.613 0.0000000000
88723  43.816  26.482  39.730 0.0000000000
88734  43.350  25.718  39.637 0.0000000000
85189  39.133  21.335  40.653 0.0000000000
115208  39.388  20.672  40.362 0.0000000000
84420  39.480  20.008  39.877 0.0000000000
83608  39.500  19.366  39.367 0.0000000000
83617  39.530  19.340  38.664 0.0000000000
83616  39.715  18.921  38.243 0.0000000000
83629  39.936  19.148  37.538 0.0000000000
83647  40.277  19.478  36.830 0.0000000000
119410  41.562  19.492  36.090 0.0000000000
91524  45.806  31.204  31.317 0.0000000000
91526  44.107  31.387  31.228 0.0000000000
111746  42.964  31.444  30.910 0.0000000000
111745  41.817  31.441  29.631 0.0000000000
91556  40.469  30.897  28.394 0.0000000000
91555  42.276  31.132  28.059 0.0000000000
91026  40.907  30.765  27.791 0.0000000000
91037  40.029  30.344  27.525 0.0000000000
90515  39.599  30.018  27.349 0.0000000000
89988  39.023  28.988  26.631 0.0000000000
88760  45.717  26.451  37.083 0.0000000000
133904  46.388  26.597  37.048 0.0000000000
89323  45.129  27.145  36.279 0.0000000000
89334  44.505  27.500  35.342 0.0000000000
133144  44.418  27.745  34.467 0.0000000000
134210  43.572  27.613  34.691 0.0000000000
89357  43.960  27.856  33.855 0.0000000000
126663  43.539  27.838  33.257 0.0000000000
89366  43.546  27.981  32.432 0.0000000000
89375  42.516  27.764  31.360 0.0000000000
86064  44.425  22.798  27.335 0.0000000000
86837  44.211  23.103  26.331 0.0000000000
112740  43.432  23.884  24.951 0.0000000000
86859  44.744  23.088  24.803 0.0000000000
86861  43.076  23.949  24.248 0.0000000000
116325  42.518  24.355  23.863 0.0000000000
87587  42.057  24.873  23.562 0.0000000000
86878  41.516  24.492  23.479 0.0000000000
86877  42.109  24.036  23.594 0.0000000000
86089  42.107  22.640  23.867 0.0000000000
86082  41.466  22.269  24.582 0.0000000000
85308  42.654  21.667  24.969 0.0000000000
85309  41.771  21.778  25.155 0.0000000000
129290  41.571  21.113  26.417 0.0000000000
84547  41.449  20.685  27.136 0.0000000000
83726  41.971  19.245  29.273 0.0000000000
131909  43.534  19.530  29.431 0.0000000000
83725  43.030  19.140  29.788 0.0000000000
118493  39.938  28.865  42.261 0.0000000000
89860  40.338  28.502  41.534 0.0000000000
89861  39.518  28.303  41.708 0.0000000000
89273  39.204  27.654  41.305 0.0000000000
88715  39.012  26.979  40.933 0.0000000000
88709  37.950  26.803  41.669 0.0000000000
88716  38.372  26.540  41.139 0.0000000000
88137  38.923  26.213  40.673 0.0000000000
114578  38.752  25.394  40.594 0.0000000000
91511  48.887  30.618  32.362 0.0000000000
90988  48.550  30.248  31.628 0.0000000000
90987  49.413  29.807  32.157 0.0000000000
90997  48.382  29.939  30.762 0.0000000000
119089  47.371  30.222  29.400 0.0000000000
91012  47.063  30.018  28.618 0.0000000000
91022  46.432  30.130  28.158 0.0000000000
87537  39.832  24.403  33.883 0.0000000000
127721  39.936  25.002  33.596 0.0000000000
111100  40.096  24.471  32.983 0.0000000000
121252  40.797  23.371  31.869 0.0000000000
125787  41.753  22.788  30.695 0.0000000000
86045  42.757  22.552  29.488 0.0000000000
86052  43.926  22.596  28.319 0.0000000000
86009  45.575  22.352  32.039 0.0000000000
86022  45.593  22.583  31.166 0.0000000000
86023  44.853  22.593  30.887 0.0000000000
86042  45.545  22.696  30.181 0.0000000000
86036  44.727  22.620  30.049 0.0000000000
86043  45.187  22.677  29.449 0.0000000000
86051  44.707  22.674  28.161 0.0000000000
86834  47.436  23.048  26.830 0.0000000000
86847  47.207  22.643  26.387 0.0000000000
86857  46.315  22.642  25.859 0.0000000000
85293  46.801  22.105  25.949 0.0000000000
84542  46.448  21.198  27.283 0.0000000000
112818  47.420  20.885  28.555 0.0000000000
89291  48.860  27.298  38.909 0.0000000000
88738  48.000  26.179  38.235 0.0000000000
88155  47.191  25.631  38.132 0.0000000000
89855  45.919  29.214  40.806 0.0000000000
133162  46.031  28.687  40.232 0.0000000000
89281  46.134  28.030  39.755 0.0000000000
89294  45.366  26.522  39.544 0.0000000000
118972  46.155  26.092  39.336 0.0000000000
88147  46.601  25.400  38.541 0.0000000000
88156  46.597  25.291  38.081 0.0000000000
88749  45.908  25.445  37.695 0.0000000000
88750  45.171  25.795  37.364 0.0000000000
88762  43.740  26.411  36.711 0.0000000000
88159  44.205  24.802  37.850 0.0000000000
88168  43.354  25.517  37.266 0.0000000000
88763  42.775  26.332  36.519 0.0000000000
88764  41.821  26.249  36.262 0.0000000000
88175  40.937  26.042  35.952 0.0000000000
88176  40.239  25.610  35.525 0.0000000000
89271  40.779  27.976  40.883 0.0000000000
89286  41.296  27.118  40.401 0.0000000000
88725  41.481  26.025  39.965 0.0000000000
128540  42.072  26.552  40.040 0.0000000000
88143  42.733  24.348  39.595 0.0000000000
86737  42.945  23.310  39.216 0.0000000000
85956  39.685  22.082  40.313 0.0000000000
85954  41.356  22.564  39.573 0.0000000000
85192  41.028  22.064  39.285 0.0000000000
86738  42.235  23.103  39.424 0.0000000000
85959  43.042  23.193  39.031 0.0000000000
114757  42.279  23.359  38.347 0.0000000000
87512  41.487  23.936  37.634 0.0000000000
86750  39.853  22.937  37.236 0.0000000000
87513  40.555  24.153  37.143 0.0000000000
87518  40.920  24.813  36.988 0.0000000000
87527  39.774  24.922  35.843 0.0000000000
88177  39.710  25.093  35.080 0.0000000000
86770  39.744  23.760  34.330 0.0000000000
85998  41.217  22.505  33.289 0.0000000000
85988  41.064  22.084  33.964 0.0000000000
85239  42.028  21.933  33.475 0.0000000000
85238  43.150  21.728  33.376 0.0000000000
85237  44.085  21.620  33.342 0.0000000000
122818  44.853  21.541  33.291 0.0000000000
83665  42.357  19.491  35.840 0.0000000000
84453  42.696  20.041  35.203 0.0000000000
83663  44.187  19.483  35.569 0.0000000000
84452  43.685  20.020  35.061 0.0000000000
84466  44.144  20.584  34.425 0.0000000000
130381  45.189  21.145  33.701 0.0000000000
89843  40.398  29.311  43.035 0.0000000000
126673  39.586  29.030  42.945 0.0000000000
112317  38.914  28.822  43.259 0.0000000000
89845  38.113  28.491  43.664 0.0000000000
89840  38.324  28.687  44.562 0.0000000000
89846  37.470  28.003  43.739 0.0000000000
89260  37.183  27.579  43.460 0.0000000000
88697  36.124  27.032  45.871 0.0000000000
88700  35.840  26.693  44.925 0.0000000000
88704  35.937  26.245  44.182 0.0000000000
92021  43.210  32.348  35.242 0.0000000000
91483  42.666  31.586  34.551 0.0000000000
91473  42.092  31.720  35.105 0.0000000000
91529  37.299  31.402  31.441 0.0000000000
126887  38.652  31.631  31.296 0.0000000000
91528  37.997  31.569  31.337 0.0000000000
90482  37.287  30.641  31.003 0.0000000000
89383  37.574  28.063  30.641 0.0000000000
91537  40.189  31.349  29.806 0.0000000000
91016  38.443  30.567  29.618 0.0000000000
91028  38.809  30.220  28.713 0.0000000000
90496  38.288  29.775  29.205 0.0000000000
88807  37.639  27.085  30.732 0.0000000000
89302  50.242  27.269  38.025 0.0000000000
89318  50.389  27.911  36.114 0.0000000000
89328  50.322  28.062  35.445 0.0000000000
89340  49.886  27.885  34.021 0.0000000000
89321  47.427  27.145  36.245 0.0000000000
89331  47.869  27.399  35.288 0.0000000000
89343  47.197  27.566  34.569 0.0000000000
89342  48.272  27.498  34.345 0.0000000000
89341  49.262  27.571  34.120 0.0000000000
89352  49.493  27.849  33.289 0.0000000000
89925  49.520  28.170  32.634 0.0000000000
111961  48.749  28.430  31.145 0.0000000000
89947  46.991  28.431  30.705 0.0000000000
89956  47.836  28.647  30.092 0.0000000000
89967  47.664  28.897  29.358 0.0000000000
90503  46.704  29.615  28.328 0.0000000000
90504  46.046  29.853  27.879 0.0000000000
88185  40.251  25.407  33.098 0.0000000000
123931  40.603  25.931  32.649 0.0000000000
88792  40.763  26.054  31.888 0.0000000000
87552  40.647  24.613  30.839 0.0000000000
88798  41.338  26.758  31.545 0.0000000000
89376  41.851  27.359  31.022 0.0000000000
89380  42.496  27.777  30.433 0.0000000000
86838  42.507  23.230  27.243 0.0000000000
86839  42.020  23.880  27.370 0.0000000000
87566  41.553  24.735  28.283 0.0000000000
88221  42.131  25.298  26.861 0.0000000000
88216  41.762  25.456  27.849 0.0000000000
88207  41.560  25.919  28.633 0.0000000000
89961  43.159  28.203  29.725 0.0000000000
89971  43.769  28.451  29.000 0.0000000000
89980  44.045  28.786  27.967 0.0000000000
89979  44.474  29.413  27.308 0.0000000000
90512  44.824  29.795  27.341 0.0000000000
91032  44.577  30.146  27.278 0.0000000000
91033  43.701  30.111  26.779 0.0000000000
91043  43.025  29.961  26.394 0.0000000000
133032  41.898  29.785  25.855 0.0000000000
89993  41.707  28.866  24.824 0.0000000000
90527  41.118  29.097  24.937 0.0000000000
89994  40.352  29.224  25.362 0.0000000000
89408  39.007  27.745  25.671 0.0000000000
88831  38.650  26.473  26.619 0.0000000000
87589  40.845  24.858  23.498 0.0000000000
88239  40.112  25.296  23.946 0.0000000000
86084  39.987  22.941  25.334 0.0000000000
86863  39.783  23.727  25.020 0.0000000000
88233  39.433  25.594  24.832 0.0000000000
87577  39.117  24.846  25.750 0.0000000000
88227  38.853  25.863  25.939 0.0000000000
86822  38.504  23.504  28.093 0.0000000000
120101  38.439  22.828  28.609 0.0000000000
128054  38.782  22.268  28.413 0.0000000000
84515  45.635  20.319  29.068 0.0000000000
82034  42.839  18.237  31.003 0.0000000000
83734  43.191  19.723  28.936 0.0000000000
84548  40.782  20.730  27.410 0.0000000000
84556  42.042  20.859  26.560 0.0000000000
85224  44.514  21.112  33.825 0.0000000000
85283  49.930  22.372  27.184 0.0000000000
85304  46.246  22.321  25.674 0.0000000000
85955  40.571  21.940  39.767 0.0000000000
86053  43.054  22.583  28.546 0.0000000000
86757  39.931  23.774  36.865 0.0000000000
86819  41.964  23.253  28.064 0.0000000000
86846  48.033  22.736  26.673 0.0000000000
86871  41.695  23.389  23.620 0.0000000000
87496  43.486  23.808  39.352 0.0000000000
87499  45.407  24.494  39.016 0.0000000000
87510  44.083  24.166  38.376 0.0000000000
87519  40.123  24.561  36.565 0.0000000000
87583  39.622  24.620  24.869 0.0000000000
88146  47.369  25.833  38.339 0.0000000000
88182  40.161  25.693  34.685 0.0000000000
88208  41.244  25.477  29.571 0.0000000000
88731  47.635  26.217  38.619 0.0000000000
88733  45.492  25.597  39.394 0.0000000000
88736  49.689  26.867  37.712 0.0000000000
88747  47.434  26.012  37.666 0.0000000000
88779  41.246  26.788  34.642 0.0000000000
88812  41.588  26.719  29.888 0.0000000000
89290  49.842  27.588  38.717 0.0000000000
89330  48.972  27.381  34.985 0.0000000000
89346  42.592  27.484  34.459 0.0000000000
89356  44.985  27.929  33.710 0.0000000000
89377  37.423  27.663  31.415 0.0000000000
89394  42.529  27.792  28.341 0.0000000000
89416  39.693  28.014  24.703 0.0000000000
89918  50.190  28.016  34.736 0.0000000000
89928  45.641  28.064  33.015 0.0000000000
89935  49.685  28.553  32.458 0.0000000000
89959  45.040  28.567  29.607 0.0000000000
90418  43.277  29.534  41.871 0.0000000000
90488  48.324  29.098  29.947 0.0000000000
90507  38.588  29.414  28.285 0.0000000000
90511  45.357  29.997  27.599 0.0000000000
90514  40.316  30.113  26.803 0.0000000000
90521  43.310  29.643  26.464 0.0000000000
91027  40.204  30.624  27.993 0.0000000000
91035  41.337  30.522  27.064 0.0000000000
91472  42.767  31.886  35.074 0.0000000000
91515  44.844  31.307  32.911 0.0000000000
91538  39.362  31.354  30.206 0.0000000000
91546  40.336  31.141  29.015 0.0000000000
112673  44.516  22.594  29.127 0.0000000000
121113  45.151  30.282  27.680 0.0000000000
125251  41.002  29.790  25.818 0.0000000000
125442  39.497  23.800  35.154 0.0000000000
126051  45.679  32.279  34.342 0.0000000000
126467  41.566  23.931  23.518 0.0000000000
130228  41.134  19.167  36.571 0.0000000000
130492  48.157  28.923  29.803 0.0000000000
